Time	Channel A	Channel B
(us)	(V)	(V)

0.00000000	1.05606200	0.61891540
0.08000000	1.05606200	0.61891540
0.16000000	1.05606200	0.61891540
0.24000000	1.03817900	0.61891540
0.32000000	1.05606200	0.61891540
0.40000000	1.05606200	0.79470200
0.48000000	1.05606200	0.79470200
0.56000000	1.03817900	0.79470200
0.64000000	1.05606200	0.79470200
0.72000000	1.03817900	0.79470200
0.80000000	1.03817900	0.79470200
0.87999999	1.05606200	0.79470200
0.95999999	1.03817900	0.79470200
1.03999999	1.03817900	0.79470200
1.11999999	1.03817900	0.79470200
1.19999999	1.03817900	0.79470200
1.27999999	1.03817900	0.79470200
1.35999999	1.03817900	0.79470200
1.43999999	1.03817900	0.79470200
1.51999999	1.03817900	0.79470200
1.59999999	1.03817900	0.79470200
1.67999999	1.03817900	0.79470200
1.75999999	1.03817900	0.96987830
1.83999999	1.03817900	0.79470200
1.91999999	1.03817900	0.79470200
1.99999999	1.03817900	0.79470200
2.07999999	1.03817900	0.79470200
2.15999999	1.03817900	0.96987830
2.23999999	1.03817900	0.79470200
2.31999999	1.03817900	0.79470200
2.39999999	1.03817900	0.96987830
2.47999998	1.03817900	0.79470200
2.55999998	1.03817900	0.79470200
2.63999998	1.02035600	0.79470200
2.71999998	1.03817900	0.96987830
2.79999998	1.03817900	0.96987830
2.87999998	1.03817900	0.96987830
2.95999998	1.03817900	0.79470200
3.03999998	1.03817900	0.96987830
3.11999998	1.03817900	0.79470200
3.19999998	1.03817900	0.79470200
3.27999998	1.02035600	0.96987830
3.35999998	1.03817900	0.79470200
3.43999998	1.03817900	0.96987830
3.51999998	1.03817900	0.96987830
3.59999998	1.03817900	0.96987830
3.67999998	1.03817900	0.96987830
3.75999998	1.03817900	0.96987830
3.83999998	1.03817900	0.79470200
3.91999998	1.03817900	0.96987830
3.99999998	1.02035600	0.96987830
4.07999998	1.03817900	0.96987830
4.15999997	1.02035600	0.96987830
4.23999997	1.03817900	0.96987830
4.31999997	1.03817900	0.96987830
4.39999997	1.03817900	0.96987830
4.47999997	1.03817900	0.96987830
4.55999997	1.02035600	0.96987830
4.63999997	1.03817900	0.96987830
4.71999997	1.03817900	0.96987830
4.79999997	1.02035600	0.96987830
4.87999997	1.03817900	0.96987830
4.95999997	1.02035600	0.96987830
5.03999997	1.03817900	0.96987830
5.11999997	1.03817900	0.96987830
5.19999997	1.03817900	0.96987830
5.27999997	1.02035600	0.96987830
5.35999997	1.03817900	0.96987830
5.43999997	1.03817900	0.96987830
5.51999997	1.02035600	0.96987830
5.59999997	1.02035600	0.96987830
5.67999997	1.03817900	0.96987830
5.75999996	1.03817900	0.96987830
5.83999996	1.02035600	0.96987830
5.91999996	1.03817900	0.96987830
5.99999996	1.02035600	0.96987830
6.07999996	1.02035600	0.96987830
6.15999996	1.02035600	0.96987830
6.23999996	1.02035600	0.96987830
6.31999996	1.02035600	0.96987830
6.39999996	1.03817900	0.96987830
6.47999996	1.03817900	0.96987830
6.55999996	1.02035600	0.96987830
6.63999996	1.02035600	0.96987830
6.71999996	1.02035600	0.96987830
6.79999996	1.02035600	0.96987830
6.87999996	1.02035600	0.96987830
6.95999996	1.02035600	0.96987830
7.03999996	1.02035600	0.96987830
7.11999996	1.03817900	0.96987830
7.19999996	1.02035600	0.96987830
7.27999996	1.03817900	0.96987830
7.35999996	1.02035600	0.96987830
7.43999995	1.02035600	0.96987830
7.51999995	1.02035600	0.96987830
7.59999995	1.02035600	0.96987830
7.67999995	1.02035600	0.96987830
7.75999995	1.02035600	0.96987830
7.83999995	1.02035600	0.96987830
7.91999995	1.03817900	0.96987830
7.99999995	1.02035600	0.96987830
8.07999995	1.02035600	1.14566500
8.15999995	1.02035600	0.96987830
8.23999995	1.02035600	0.96987830
8.31999995	1.02035600	0.96987830
8.39999995	1.02035600	0.96987830
8.47999995	1.02035600	0.96987830
8.55999995	1.02035600	0.96987830
8.63999995	1.02035600	0.96987830
8.71999995	1.02035600	1.14566500
8.79999995	1.03817900	0.96987830
8.87999995	1.02035600	0.96987830
8.95999995	1.02035600	0.96987830
9.03999995	1.02035600	0.96987830
9.11999994	1.02035600	0.96987830
9.19999994	1.02035600	0.96987830
9.27999994	1.02035600	1.14566500
9.35999994	1.02035600	0.96987830
9.43999994	1.02035600	1.14566500
9.51999994	1.02035600	0.96987830
9.59999994	1.03817900	0.96987830
9.67999994	1.02035600	0.96987830
9.75999994	1.02035600	0.96987830
9.83999994	1.02035600	1.14566500
9.91999994	1.02035600	0.96987830
9.99999994	1.02035600	0.96987830
10.07999994	1.02035600	0.96987830
10.15999994	1.02035600	0.96987830
10.23999994	1.02035600	0.96987830
10.31999994	1.02035600	1.14566500
10.39999994	1.02035600	0.96987830
10.47999994	1.02035600	0.96987830
10.55999994	1.02035600	0.96987830
10.63999994	1.02035600	0.96987830
10.71999993	1.02035600	0.96987830
10.79999993	1.02035600	0.96987830
10.87999993	1.02035600	0.96987830
10.95999993	1.02035600	0.96987830
11.03999993	1.02035600	0.96987830
11.11999993	1.02035600	0.96987830
11.19999993	1.02035600	1.14566500
11.27999993	1.02035600	0.96987830
11.35999993	1.02035600	0.96987830
11.43999993	1.02035600	1.14566500
11.51999993	1.02035600	0.96987830
11.59999993	1.02035600	0.96987830
11.67999993	1.02035600	0.96987830
11.75999993	1.02035600	0.96987830
11.83999993	1.02035600	0.96987830
11.91999993	1.02035600	0.96987830
11.99999993	1.02035600	0.96987830
12.07999993	1.02035600	0.96987830
12.15999993	1.02035600	0.96987830
12.23999993	1.02035600	0.96987830
12.31999993	1.02035600	0.96987830
12.39999992	1.02035600	0.96987830
12.47999992	1.02035600	0.96987830
12.55999992	1.02035600	0.96987830
12.63999992	1.02035600	0.96987830
12.71999992	1.02035600	0.96987830
12.79999992	1.02035600	1.14566500
12.87999992	1.02035600	0.96987830
12.95999992	1.02035600	0.96987830
13.03999992	1.02035600	0.96987830
13.11999992	1.02035600	0.96987830
13.19999992	1.02035600	0.96987830
13.27999992	1.02035600	0.96987830
13.35999992	1.02035600	0.96987830
13.43999992	1.02035600	0.96987830
13.51999992	1.02035600	0.96987830
13.59999992	1.02035600	0.96987830
13.67999992	1.02035600	0.96987830
13.75999992	1.02035600	0.96987830
13.83999992	1.02035600	0.96987830
13.91999992	1.02035600	0.96987830
13.99999991	1.02035600	0.96987830
14.07999991	1.02035600	1.14566500
14.15999991	1.02035600	12.38014000
14.23999991	0.98464920	8.34254000
14.31999991	1.02035600	5.35844000
14.39999991	1.02035600	6.58711500
14.47999991	1.00253300	5.71001300
14.55999991	1.02035600	6.23615200
14.63999991	1.02035600	6.06097600
14.71999991	1.02035600	6.23615200
14.79999991	1.02035600	6.06097600
14.87999991	1.02035600	6.06097600
14.95999991	1.02035600	6.06097600
15.03999991	1.02035600	6.06097600
15.11999991	1.02035600	6.06097600
15.19999991	1.02035600	6.06097600
15.27999991	1.02035600	6.06097600
15.35999991	1.02035600	6.06097600
15.43999991	1.02035600	6.06097600
15.51999991	1.02035600	6.06097600
15.59999991	1.00253300	6.06097600
15.67999990	1.02035600	5.88519000
15.75999990	1.02035600	5.71001300
15.83999990	1.02035600	5.88519000
15.91999990	1.02035600	6.06097600
15.99999990	1.00253300	5.88519000
16.07999990	1.02035600	5.88519000
16.15999990	1.02035600	6.06097600
16.23999990	1.02035600	6.41193900
16.31999990	1.02035600	8.34254000
16.39999990	1.00253300	7.11386400
16.47999990	1.02035600	5.53422600
16.55999990	1.02035600	6.06097600
16.63999990	1.02035600	5.53422600
16.71999990	1.02035600	5.88519000
16.79999990	1.02035600	5.71001300
16.87999990	1.02035600	5.88519000
16.95999990	1.02035600	5.71001300
17.03999990	1.02035600	5.71001300
17.11999990	1.02035600	5.71001300
17.19999990	1.03817900	5.71001300
17.27999989	1.02035600	5.53422600
17.35999989	1.02035600	5.71001300
17.43999989	1.02035600	5.53422600
17.51999989	1.02035600	5.53422600
17.59999989	1.03817900	5.53422600
17.67999989	1.03817900	5.53422600
17.75999989	1.03817900	5.53422600
17.83999989	1.03817900	5.53422600
17.91999989	1.03817900	5.35844000
17.99999989	1.03817900	5.18326400
18.07999989	1.03817900	4.30555200
18.15999989	1.03817900	4.30555200
18.23999989	1.03817900	4.12976500
18.31999989	1.03817900	4.12976500
18.39999989	1.03817900	4.30555200
18.47999989	1.03817900	4.12976500
18.55999989	1.03817900	4.12976500
18.63999989	1.03817900	4.12976500
18.71999989	1.03817900	4.12976500
18.79999989	1.03817900	4.12976500
18.87999989	1.03817900	4.12976500
18.95999988	1.03817900	4.12976500
19.03999988	1.03817900	4.12976500
19.11999988	1.03817900	4.12976500
19.19999988	1.03817900	4.12976500
19.27999988	1.03817900	4.12976500
19.35999988	1.03817900	3.95458800
19.43999988	1.03817900	4.12976500
19.51999988	1.03817900	3.95458800
19.59999988	1.03817900	3.95458800
19.67999988	1.03817900	3.95458800
19.75999988	1.03817900	3.95458800
19.83999988	1.03817900	3.95458800
19.91999988	1.03817900	3.95458800
19.99999988	1.03817900	3.95458800
20.07999988	1.03817900	3.95458800
20.15999988	1.03817900	3.95458800
20.23999988	1.03817900	3.95458800
20.31999988	1.03817900	3.95458800
20.39999988	1.03817900	3.95458800
20.47999988	1.03817900	3.95458800
20.55999988	1.03817900	3.95458800
20.63999987	1.03817900	3.95458800
20.71999987	1.03817900	3.77880200
20.79999987	1.03817900	3.77880200
20.87999987	1.03817900	3.77880200
20.95999987	1.03817900	3.77880200
21.03999987	1.03817900	3.77880200
21.11999987	1.03817900	3.77880200
21.19999987	1.03817900	3.77880200
21.27999987	1.03817900	3.77880200
21.35999987	1.03817900	3.77880200
21.43999987	1.03817900	3.77880200
21.51999987	1.03817900	3.77880200
21.59999987	1.03817900	3.77880200
21.67999987	1.02035600	3.77880200
21.75999987	1.03817900	3.77880200
21.83999987	1.03817900	3.77880200
21.91999987	1.03817900	3.77880200
21.99999987	1.03817900	3.60301500
22.07999987	1.02035600	3.60301500
22.15999987	1.02035600	3.60301500
22.23999986	1.02035600	3.60301500
22.31999986	1.03817900	3.60301500
22.39999986	1.03817900	3.60301500
22.47999986	1.03817900	3.60301500
22.55999986	1.02035600	3.60301500
22.63999986	1.02035600	3.60301500
22.71999986	1.03817900	3.60301500
22.79999986	1.03817900	3.42783900
22.87999986	1.02035600	3.60301500
22.95999986	1.02035600	3.42783900
23.03999986	1.03817900	3.60301500
23.11999986	1.02035600	3.60301500
23.19999986	1.02035600	3.42783900
23.27999986	1.02035600	3.42783900
23.35999986	1.02035600	3.42783900
23.43999986	1.02035600	3.42783900
23.51999986	1.02035600	3.42783900
23.59999986	1.02035600	3.42783900
23.67999986	1.02035600	3.60301500
23.75999986	1.02035600	3.60301500
23.83999986	1.02035600	3.42783900
23.91999985	1.02035600	3.42783900
23.99999985	1.02035600	3.42783900
24.07999985	1.02035600	3.42783900
24.15999985	1.02035600	3.42783900
24.23999985	1.02035600	3.42783900
24.31999985	1.02035600	3.42783900
24.39999985	1.02035600	3.42783900
24.47999985	1.02035600	3.42783900
24.55999985	1.02035600	3.42783900
24.63999985	1.02035600	3.42783900
24.71999985	1.02035600	3.42783900
24.79999985	1.02035600	3.42783900
24.87999985	1.02035600	3.42783900
24.95999985	1.02035600	3.42783900
25.03999985	1.02035600	3.42783900
25.11999985	1.02035600	3.42783900
25.19999985	1.02035600	3.42783900
25.27999985	1.02035600	3.42783900
25.35999985	1.02035600	3.42783900
25.43999985	1.02035600	3.42783900
25.51999984	1.02035600	3.42783900
25.59999984	1.02035600	3.42783900
25.67999984	1.02035600	3.42783900
25.75999984	1.02035600	3.42783900
25.83999984	1.02035600	3.42783900
25.91999984	1.02035600	3.42783900
25.99999984	1.02035600	3.42783900
26.07999984	1.02035600	3.42783900
26.15999984	1.02035600	3.42783900
26.23999984	1.02035600	3.42783900
26.31999984	1.02035600	3.42783900
26.39999984	1.02035600	3.42783900
26.47999984	1.02035600	3.42783900
26.55999984	1.02035600	3.42783900
26.63999984	1.02035600	3.42783900
26.71999984	1.02035600	3.42783900
26.79999984	1.02035600	3.42783900
26.87999984	1.02035600	3.42783900
26.95999984	1.02035600	3.42783900
27.03999984	1.02035600	3.42783900
27.11999984	1.02035600	3.42783900
27.19999983	1.02035600	3.42783900
27.27999983	1.02035600	3.42783900
27.35999983	1.02035600	3.42783900
27.43999983	1.02035600	3.42783900
27.51999983	1.02035600	3.42783900
27.59999983	1.02035600	3.42783900
27.67999983	1.02035600	3.25205200
27.75999983	1.02035600	3.42783900
27.83999983	1.02035600	3.42783900
27.91999983	1.02035600	3.42783900
27.99999983	1.02035600	3.42783900
28.07999983	1.02035600	3.42783900
28.15999983	1.02035600	3.42783900
28.23999983	1.02035600	3.42783900
28.31999983	1.02035600	3.42783900
28.39999983	1.02035600	3.42783900
28.47999983	1.02035600	3.42783900
28.55999983	1.02035600	3.42783900
28.63999983	1.02035600	3.42783900
28.71999983	1.02035600	3.42783900
28.79999982	1.02035600	3.42783900
28.87999982	1.02035600	3.42783900
28.95999982	1.02035600	3.42783900
29.03999982	1.02035600	3.42783900
29.11999982	1.02035600	3.42783900
29.19999982	1.02035600	3.42783900
29.27999982	1.02035600	3.42783900
29.35999982	1.02035600	3.42783900
29.43999982	1.02035600	3.42783900
29.51999982	1.02035600	3.42783900
29.59999982	1.02035600	3.42783900
29.67999982	1.02035600	3.42783900
29.75999982	1.02035600	3.42783900
29.83999982	1.02035600	3.42783900
29.91999982	1.02035600	3.42783900
29.99999982	1.02035600	3.42783900
30.07999982	1.02035600	3.42783900
30.15999982	1.02035600	3.42783900
30.23999982	1.02035600	3.42783900
30.31999982	1.02035600	3.42783900
30.39999982	1.02035600	3.42783900
30.47999981	1.03817900	3.42783900
30.55999981	1.02035600	3.42783900
30.63999981	1.02035600	3.42783900
30.71999981	1.02035600	3.42783900
30.79999981	1.02035600	3.42783900
30.87999981	1.02035600	3.42783900
30.95999981	1.02035600	3.42783900
31.03999981	1.02035600	3.42783900
31.11999981	1.02035600	3.42783900
31.19999981	1.02035600	3.42783900
31.27999981	1.02035600	3.42783900
31.35999981	1.02035600	3.42783900
31.43999981	1.02035600	3.42783900
31.51999981	1.02035600	3.42783900
31.59999981	1.02035600	3.42783900
31.67999981	1.02035600	3.42783900
31.75999981	1.02035600	3.42783900
31.83999981	1.02035600	3.42783900
31.91999981	1.03817900	3.42783900
31.99999981	1.02035600	3.42783900
32.07999981	1.02035600	3.42783900
32.15999980	1.02035600	3.42783900
32.23999980	1.02035600	3.60301500
32.31999980	1.02035600	3.42783900
32.39999980	1.03817900	3.42783900
32.47999980	1.02035600	3.60301500
32.55999980	1.02035600	3.42783900
32.63999980	1.02035600	3.60301500
32.71999980	1.03817900	3.42783900
32.79999980	1.02035600	3.42783900
32.87999980	1.03817900	3.60301500
32.95999980	1.02035600	3.60301500
33.03999980	1.02035600	3.60301500
33.11999980	1.02035600	3.60301500
33.19999980	1.02035600	3.60301500
33.27999980	1.02035600	3.60301500
33.35999980	1.02035600	3.60301500
33.43999980	1.02035600	3.60301500
33.51999980	1.03817900	3.60301500
33.59999980	1.02035600	3.60301500
33.67999980	1.03817900	3.60301500
33.75999979	1.03817900	3.60301500
33.83999979	1.02035600	3.60301500
33.91999979	1.02035600	3.60301500
33.99999979	1.02035600	3.60301500
34.07999979	1.02035600	3.77880200
34.15999979	1.02035600	3.60301500
34.23999979	1.02035600	3.60301500
34.31999979	1.03817900	3.77880200
34.39999979	1.03817900	3.60301500
34.47999979	1.03817900	3.60301500
34.55999979	1.02035600	3.77880200
34.63999979	1.02035600	3.77880200
34.71999979	1.02035600	3.77880200
34.79999979	1.02035600	3.77880200
34.87999979	1.02035600	3.77880200
34.95999979	1.02035600	3.77880200
35.03999979	1.03817900	3.77880200
35.11999979	1.03817900	3.77880200
35.19999979	1.03817900	6.41193900
35.27999979	1.03817900	9.22025200
35.35999979	1.03817900	2.72530300
35.43999978	1.03817900	4.83230100
35.51999978	1.03817900	3.77880200
35.59999978	1.03817900	1.32145100
35.67999978	1.05606200	0.09277627
35.75999978	1.03817900	0.09277627
35.83999978	1.03817900	-0.08239998
35.91999978	1.05606200	-0.60914950
35.99999978	1.05606200	-0.78432570
36.07999978	1.05606200	-0.78432570
36.15999978	1.05606200	-0.78432570
36.23999978	1.05606200	-0.78432570
36.31999978	1.07388500	-0.78432570
36.39999978	1.07388500	-0.78432570
36.47999978	1.05606200	-0.78432570
36.55999978	1.07388500	-0.78432570
36.63999978	1.07388500	-0.78432570
36.71999978	1.07388500	-0.78432570
36.79999978	1.07388500	-0.78432570
36.87999978	1.07388500	-0.78432570
36.95999978	1.07388500	-0.78432570
37.03999977	1.07388500	-0.78432570
37.11999977	1.07388500	-0.78432570
37.19999977	1.07388500	-0.78432570
37.27999977	1.07388500	-0.78432570
37.35999977	1.07388500	-0.78432570
37.43999977	1.09170800	-0.78432570
37.51999977	1.07388500	-0.78432570
37.59999977	1.09170800	-0.60914950
37.67999977	1.09170800	-0.60914950
37.75999977	1.09170800	-0.60914950
37.83999977	1.09170800	-0.78432570
37.91999977	1.09170800	-0.60914950
37.99999977	1.09170800	-0.60914950
38.07999977	1.09170800	-0.60914950
38.15999977	1.09170800	-0.60914950
38.23999977	1.09170800	-0.60914950
38.31999977	1.09170800	-0.43336280
38.39999977	1.09170800	-0.43336280
38.47999977	1.09170800	-0.43336280
38.55999977	1.09170800	-0.25818660
38.63999977	1.09170800	-0.25818660
38.71999976	1.09170800	-0.08239998
38.79999976	1.09170800	0.09277627
38.87999976	1.10953100	0.61891540
38.95999976	1.09170800	0.61891540
39.03999976	1.09170800	0.61891540
39.11999976	1.10953100	0.79470200
39.19999976	1.09170800	0.79470200
39.27999976	1.10953100	0.61891540
39.35999976	1.09170800	0.61891540
39.43999976	1.10953100	0.79470200
39.51999976	1.10953100	0.79470200
39.59999976	1.10953100	0.79470200
39.67999976	1.09170800	0.79470200
39.75999976	1.09170800	0.79470200
39.83999976	1.09170800	0.79470200
39.91999976	1.09170800	0.79470200
39.99999976	1.10953100	0.79470200
40.07999976	1.10953100	0.79470200
40.15999976	1.09170800	0.79470200
40.23999976	1.10953100	0.96987830
40.31999975	1.09170800	0.79470200
40.39999975	1.10953100	0.96987830
40.47999975	1.10953100	0.79470200
40.55999975	1.09170800	0.96987830
40.63999975	1.10953100	0.96987830
40.71999975	1.10953100	0.96987830
40.79999975	1.09170800	0.96987830
40.87999975	1.10953100	0.79470200
40.95999975	1.10953100	0.79470200
41.03999975	1.10953100	0.96987830
41.11999975	1.10953100	0.96987830
41.19999975	1.10953100	0.96987830
41.27999975	1.09170800	0.96987830
41.35999975	1.10953100	0.96987830
41.43999975	1.10953100	0.96987830
41.51999975	1.09170800	0.96987830
41.59999975	1.09170800	0.96987830
41.67999975	1.10953100	0.96987830
41.75999975	1.09170800	0.96987830
41.83999975	1.09170800	0.96987830
41.91999975	1.09170800	0.96987830
41.99999974	1.09170800	0.79470200
42.07999974	1.09170800	0.96987830
42.15999974	1.10953100	0.96987830
42.23999974	1.09170800	0.96987830
42.31999974	1.09170800	0.96987830
42.39999974	1.09170800	0.96987830
42.47999974	1.09170800	1.14566500
42.55999974	1.09170800	0.96987830
42.63999974	1.09170800	0.96987830
42.71999974	1.09170800	0.96987830
42.79999974	1.09170800	0.96987830
42.87999974	1.09170800	1.14566500
42.95999974	1.09170800	0.96987830
43.03999974	1.09170800	1.14566500
43.11999974	1.09170800	0.96987830
43.19999974	1.09170800	0.96987830
43.27999974	1.09170800	0.96987830
43.35999974	1.09170800	1.14566500
43.43999974	1.07388500	1.14566500
43.51999974	1.09170800	1.14566500
43.59999974	1.07388500	1.14566500
43.67999973	1.09170800	1.14566500
43.75999973	1.07388500	1.14566500
43.83999973	1.07388500	1.14566500
43.91999973	1.09170800	1.14566500
43.99999973	1.07388500	1.14566500
44.07999973	1.07388500	1.14566500
44.15999973	1.07388500	1.14566500
44.23999973	1.07388500	1.14566500
44.31999973	1.07388500	1.14566500
44.39999973	1.07388500	1.14566500
44.47999973	1.07388500	1.14566500
44.55999973	1.07388500	1.14566500
44.63999973	1.05606200	1.14566500
44.71999973	1.05606200	1.14566500
44.79999973	1.05606200	1.14566500
44.87999973	1.05606200	1.14566500
44.95999973	1.05606200	1.14566500
45.03999973	1.05606200	1.14566500
45.11999973	1.05606200	1.14566500
45.19999973	1.05606200	1.14566500
45.27999972	1.03817900	1.14566500
45.35999972	1.05606200	1.14566500
45.43999972	1.03817900	1.14566500
45.51999972	1.03817900	1.14566500
45.59999972	1.03817900	1.32145100
45.67999972	1.03817900	1.14566500
45.75999972	1.03817900	1.14566500
45.83999972	1.03817900	1.32145100
45.91999972	1.03817900	1.14566500
45.99999972	1.03817900	1.14566500
46.07999972	1.03817900	1.14566500
46.15999972	1.03817900	1.14566500
46.23999972	1.03817900	1.14566500
46.31999972	1.03817900	1.14566500
46.39999972	1.03817900	1.14566500
46.47999972	1.03817900	1.14566500
46.55999972	1.03817900	1.14566500
46.63999972	1.03817900	1.14566500
46.71999972	1.03817900	1.14566500
46.79999972	1.02035600	1.32145100
46.87999972	1.02035600	1.14566500
46.95999971	1.02035600	1.32145100
47.03999971	1.02035600	1.14566500
47.11999971	1.02035600	1.14566500
47.19999971	1.03817900	1.32145100
47.27999971	1.02035600	1.32145100
47.35999971	1.02035600	1.32145100
47.43999971	1.03817900	1.32145100
47.51999971	1.03817900	1.14566500
47.59999971	1.03817900	1.32145100
47.67999971	1.03817900	1.14566500
47.75999971	1.02035600	1.14566500
47.83999971	1.03817900	1.14566500
47.91999971	1.02035600	1.32145100
47.99999971	1.03817900	1.14566500
48.07999971	1.03817900	1.14566500
48.15999971	1.03817900	1.32145100
48.23999971	1.02035600	1.32145100
48.31999971	1.03817900	1.14566500
48.39999971	1.02035600	1.14566500
48.47999971	1.02035600	1.14566500
48.55999970	1.02035600	1.32145100
48.63999970	1.03817900	1.32145100
48.71999970	1.02035600	1.14566500
48.79999970	1.02035600	1.14566500
48.87999970	1.03817900	1.14566500
48.95999970	1.03817900	1.32145100
49.03999970	1.03817900	1.14566500
49.11999970	1.02035600	1.14566500
49.19999970	1.02035600	1.14566500
49.27999970	1.02035600	1.14566500
49.35999970	1.03817900	1.32145100
49.43999970	1.02035600	1.14566500
49.51999970	1.02035600	1.14566500
49.59999970	1.02035600	1.14566500
49.67999970	1.02035600	1.14566500
49.75999970	1.02035600	1.32145100
49.83999970	1.02035600	1.14566500
49.91999970	1.02035600	1.32145100
49.99999970	1.02035600	1.32145100
50.07999970	1.02035600	1.14566500
50.15999970	1.02035600	1.14566500
50.23999969	1.02035600	1.14566500
50.31999969	1.02035600	1.14566500
50.39999969	1.02035600	1.14566500
50.47999969	1.02035600	1.14566500
50.55999969	1.02035600	1.14566500
50.63999969	1.02035600	1.14566500
50.71999969	1.02035600	1.14566500
50.79999969	1.02035600	1.14566500
50.87999969	1.02035600	1.14566500
50.95999969	1.02035600	1.14566500
51.03999969	1.02035600	1.14566500
51.11999969	1.02035600	1.14566500
51.19999969	1.02035600	1.14566500
51.27999969	1.02035600	1.14566500
51.35999969	1.02035600	1.14566500
51.43999969	1.02035600	1.32145100
51.51999969	1.02035600	1.14566500
51.59999969	1.02035600	1.14566500
51.67999969	1.02035600	1.14566500
51.75999969	1.02035600	1.14566500
51.83999968	1.02035600	1.14566500
51.91999968	1.02035600	1.14566500
51.99999968	1.02035600	1.14566500
52.07999968	1.02035600	1.14566500
52.15999968	1.02035600	1.14566500
52.23999968	1.02035600	1.14566500
52.31999968	1.02035600	1.14566500
52.39999968	1.02035600	1.14566500
52.47999968	1.02035600	1.14566500
52.55999968	1.02035600	1.14566500
52.63999968	1.02035600	1.14566500
52.71999968	1.02035600	1.14566500
52.79999968	1.02035600	1.14566500
52.87999968	1.02035600	1.14566500
52.95999968	1.02035600	1.14566500
53.03999968	1.02035600	1.14566500
53.11999968	1.02035600	1.14566500
53.19999968	1.02035600	1.14566500
53.27999968	1.02035600	1.14566500
53.35999968	1.02035600	1.14566500
53.43999968	1.02035600	1.14566500
53.51999967	1.02035600	1.14566500
53.59999967	1.02035600	1.14566500
53.67999967	1.02035600	1.14566500
53.75999967	1.02035600	1.14566500
53.83999967	1.02035600	1.14566500
53.91999967	1.02035600	1.14566500
53.99999967	1.02035600	1.14566500
54.07999967	1.02035600	1.14566500
54.15999967	1.02035600	1.14566500
54.23999967	1.02035600	1.14566500
54.31999967	1.02035600	1.14566500
54.39999967	1.02035600	1.14566500
54.47999967	1.02035600	0.96987830
54.55999967	1.02035600	1.14566500
54.63999967	1.02035600	1.14566500
54.71999967	1.02035600	0.96987830
54.79999967	1.02035600	0.96987830
54.87999967	1.02035600	0.96987830
54.95999967	1.02035600	1.14566500
55.03999967	1.02035600	0.96987830
55.11999967	1.02035600	0.96987830
55.19999966	1.00253300	0.96987830
55.27999966	1.02035600	0.96987830
55.35999966	1.02035600	0.96987830
55.43999966	1.00253300	0.96987830
55.51999966	1.02035600	1.14566500
55.59999966	1.02035600	0.96987830
55.67999966	1.02035600	0.96987830
55.75999966	1.02035600	0.96987830
55.83999966	1.02035600	0.96987830
55.91999966	1.02035600	0.96987830
55.99999966	1.02035600	0.96987830
56.07999966	1.02035600	0.96987830
56.15999966	1.02035600	0.96987830
56.23999966	1.02035600	0.96987830
56.31999966	1.00253300	0.96987830
56.39999966	1.02035600	0.96987830
56.47999966	1.00253300	0.96987830
56.55999966	1.00253300	0.96987830
56.63999966	1.02035600	0.96987830
56.71999966	1.02035600	1.14566500
56.79999965	1.02035600	11.67821000
56.87999965	1.00253300	8.34254000
56.95999965	1.02035600	5.35844000
57.03999965	1.02035600	6.41193900
57.11999965	1.02035600	5.88519000
57.19999965	1.02035600	6.06097600
57.27999965	1.02035600	6.06097600
57.35999965	1.02035600	6.06097600
57.43999965	1.02035600	6.06097600
57.51999965	1.02035600	6.06097600
57.59999965	1.02035600	6.06097600
57.67999965	1.02035600	5.88519000
57.75999965	1.02035600	5.88519000
57.83999965	1.02035600	5.88519000
57.91999965	1.02035600	5.88519000
57.99999965	1.02035600	5.88519000
58.07999965	1.03817900	5.88519000
58.15999965	1.02035600	5.71001300
58.23999965	1.02035600	6.06097600
58.31999965	1.02035600	5.88519000
58.39999965	1.02035600	5.88519000
58.47999964	1.03817900	5.88519000
58.55999964	1.03817900	5.88519000
58.63999964	1.03817900	7.11386400
58.71999964	1.03817900	6.06097600
58.79999964	1.03817900	5.53422600
58.87999964	1.03817900	5.53422600
58.95999964	1.03817900	5.53422600
59.03999964	1.05606200	5.53422600
59.11999964	1.03817900	5.35844000
59.19999964	1.03817900	5.18326400
59.27999964	1.05606200	4.12976500
59.35999964	1.05606200	4.12976500
59.43999964	1.05606200	4.12976500
59.51999964	1.05606200	4.12976500
59.59999964	1.05606200	4.12976500
59.67999964	1.07388500	4.12976500
59.75999964	1.07388500	3.95458800
59.83999964	1.05606200	4.12976500
59.91999964	1.07388500	4.12976500
59.99999964	1.07388500	4.12976500
60.07999963	1.07388500	3.95458800
60.15999963	1.07388500	3.95458800
60.23999963	1.07388500	3.95458800
60.31999963	1.07388500	3.95458800
60.39999963	1.09170800	3.95458800
60.47999963	1.09170800	3.95458800
60.55999963	1.07388500	3.95458800
60.63999963	1.07388500	3.95458800
60.71999963	1.07388500	3.77880200
60.79999963	1.07388500	3.77880200
60.87999963	1.07388500	3.77880200
60.95999963	1.09170800	3.77880200
61.03999963	1.09170800	3.77880200
61.11999963	1.09170800	3.77880200
61.19999963	1.09170800	3.77880200
61.27999963	1.09170800	3.60301500
61.35999963	1.09170800	3.77880200
61.43999963	1.09170800	3.60301500
61.51999963	1.07388500	3.60301500
61.59999963	1.09170800	3.77880200
61.67999963	1.09170800	3.77880200
61.75999962	1.09170800	3.60301500
61.83999962	1.09170800	3.60301500
61.91999962	1.09170800	3.60301500
61.99999962	1.09170800	3.60301500
62.07999962	1.09170800	3.60301500
62.15999962	1.09170800	3.60301500
62.23999962	1.09170800	3.60301500
62.31999962	1.09170800	3.42783900
62.39999962	1.09170800	3.42783900
62.47999962	1.09170800	3.42783900
62.55999962	1.09170800	3.42783900
62.63999962	1.10953100	3.42783900
62.71999962	1.09170800	3.42783900
62.79999962	1.10953100	3.42783900
62.87999962	1.09170800	3.42783900
62.95999962	1.09170800	3.42783900
63.03999962	1.09170800	3.42783900
63.11999962	1.09170800	3.42783900
63.19999962	1.09170800	3.42783900
63.27999962	1.09170800	3.42783900
63.35999961	1.09170800	3.42783900
63.43999961	1.09170800	3.42783900
63.51999961	1.09170800	3.42783900
63.59999961	1.09170800	3.42783900
63.67999961	1.09170800	3.25205200
63.75999961	1.09170800	3.25205200
63.83999961	1.09170800	3.25205200
63.91999961	1.09170800	3.25205200
63.99999961	1.09170800	3.25205200
64.07999961	1.09170800	3.42783900
64.15999961	1.09170800	3.25205200
64.23999961	1.09170800	3.25205200
64.31999961	1.09170800	3.25205200
64.39999961	1.09170800	3.25205200
64.47999961	1.09170800	3.25205200
64.55999961	1.09170800	3.25205200
64.63999961	1.09170800	3.25205200
64.71999961	1.09170800	3.25205200
64.79999961	1.09170800	3.25205200
64.87999961	1.09170800	3.07687600
64.95999961	1.09170800	3.07687600
65.03999960	1.09170800	3.07687600
65.11999960	1.09170800	3.07687600
65.19999960	1.09170800	3.07687600
65.27999960	1.09170800	3.07687600
65.35999960	1.09170800	3.25205200
65.43999960	1.09170800	3.07687600
65.51999960	1.09170800	3.07687600
65.59999960	1.09170800	3.07687600
65.67999960	1.07388500	3.07687600
65.75999960	1.09170800	3.07687600
65.83999960	1.07388500	3.07687600
65.91999960	1.07388500	3.07687600
65.99999960	1.07388500	3.07687600
66.07999960	1.07388500	3.07687600
66.15999960	1.09170800	3.07687600
66.23999960	1.07388500	3.07687600
66.31999960	1.07388500	2.90108900
66.39999960	1.07388500	2.90108900
66.47999960	1.07388500	3.07687600
66.55999960	1.07388500	2.90108900
66.63999959	1.05606200	3.07687600
66.71999959	1.07388500	3.07687600
66.79999959	1.07388500	3.07687600
66.87999959	1.05606200	2.90108900
66.95999959	1.05606200	2.90108900
67.03999959	1.05606200	2.90108900
67.11999959	1.05606200	2.90108900
67.19999959	1.05606200	2.90108900
67.27999959	1.05606200	2.72530300
67.35999959	1.03817900	2.72530300
67.43999959	1.03817900	2.72530300
67.51999959	1.03817900	2.72530300
67.59999959	1.03817900	2.72530300
67.67999959	1.03817900	2.72530300
67.75999959	1.03817900	2.72530300
67.83999959	1.03817900	2.72530300
67.91999959	1.03817900	2.72530300
67.99999959	1.03817900	2.72530300
68.07999959	1.03817900	2.72530300
68.15999959	1.03817900	2.72530300
68.23999959	1.02035600	2.72530300
68.31999958	1.03817900	2.72530300
68.39999958	1.03817900	2.72530300
68.47999958	1.03817900	2.72530300
68.55999958	1.02035600	2.72530300
68.63999958	1.02035600	2.72530300
68.71999958	1.03817900	2.72530300
68.79999958	1.03817900	2.55012700
68.87999958	1.03817900	2.72530300
68.95999958	1.03817900	2.72530300
69.03999958	1.03817900	2.72530300
69.11999958	1.02035600	2.72530300
69.19999958	1.03817900	2.55012700
69.27999958	1.03817900	2.55012700
69.35999958	1.03817900	2.55012700
69.43999958	1.03817900	2.55012700
69.51999958	1.03817900	2.55012700
69.59999958	1.03817900	2.55012700
69.67999958	1.03817900	2.72530300
69.75999958	1.03817900	2.55012700
69.83999958	1.03817900	2.55012700
69.91999958	1.03817900	2.72530300
69.99999957	1.02035600	2.55012700
70.07999957	1.03817900	2.55012700
70.15999957	1.03817900	2.55012700
70.23999957	1.03817900	2.55012700
70.31999957	1.02035600	2.72530300
70.39999957	1.03817900	2.72530300
70.47999957	1.03817900	2.72530300
70.55999957	1.03817900	2.72530300
70.63999957	1.02035600	2.72530300
70.71999957	1.03817900	2.72530300
70.79999957	1.03817900	2.72530300
70.87999957	1.03817900	2.72530300
70.95999957	1.03817900	2.72530300
71.03999957	1.03817900	2.72530300
71.11999957	1.03817900	2.72530300
71.19999957	1.03817900	2.72530300
71.27999957	1.03817900	2.72530300
71.35999957	1.03817900	2.72530300
71.43999957	1.03817900	2.72530300
71.51999957	1.02035600	2.72530300
71.59999956	1.03817900	2.72530300
71.67999956	1.03817900	2.72530300
71.75999956	1.03817900	2.72530300
71.83999956	1.03817900	2.72530300
71.91999956	1.03817900	2.90108900
71.99999956	1.03817900	2.90108900
72.07999956	1.03817900	2.90108900
72.15999956	1.03817900	2.90108900
72.23999956	1.03817900	2.90108900
72.31999956	1.03817900	3.07687600
72.39999956	1.03817900	2.90108900
72.47999956	1.03817900	3.07687600
72.55999956	1.03817900	2.90108900
72.63999956	1.03817900	3.07687600
72.71999956	1.03817900	2.90108900
72.79999956	1.03817900	3.07687600
72.87999956	1.03817900	3.07687600
72.95999956	1.03817900	3.07687600
73.03999956	1.03817900	3.07687600
73.11999956	1.03817900	3.07687600
73.19999956	1.03817900	3.07687600
73.27999955	1.03817900	3.07687600
73.35999955	1.03817900	3.07687600
73.43999955	1.03817900	3.07687600
73.51999955	1.03817900	3.07687600
73.59999955	1.03817900	3.07687600
73.67999955	1.03817900	3.25205200
73.75999955	1.03817900	3.25205200
73.83999955	1.03817900	3.25205200
73.91999955	1.03817900	3.25205200
73.99999955	1.03817900	3.42783900
74.07999955	1.03817900	3.25205200
74.15999955	1.03817900	3.25205200
74.23999955	1.03817900	3.42783900
74.31999955	1.03817900	3.42783900
74.39999955	1.03817900	3.42783900
74.47999955	1.03817900	3.42783900
74.55999955	1.05606200	3.42783900
74.63999955	1.05606200	3.42783900
74.71999955	1.05606200	3.42783900
74.79999955	1.03817900	3.42783900
74.87999954	1.03817900	3.42783900
74.95999954	1.03817900	3.42783900
75.03999954	1.03817900	3.42783900
75.11999954	1.03817900	3.42783900
75.19999954	1.03817900	3.42783900
75.27999954	1.03817900	3.42783900
75.35999954	1.03817900	3.42783900
75.43999954	1.03817900	3.42783900
75.51999954	1.03817900	3.42783900
75.59999954	1.03817900	3.42783900
75.67999954	1.03817900	3.60301500
75.75999954	1.03817900	3.42783900
75.83999954	1.03817900	3.60301500
75.91999954	1.03817900	3.60301500
75.99999954	1.03817900	3.60301500
76.07999954	1.03817900	3.60301500
76.15999954	1.03817900	3.60301500
76.23999954	1.03817900	3.60301500
76.31999954	1.03817900	3.60301500
76.39999954	1.03817900	3.60301500
76.47999954	1.03817900	3.60301500
76.55999953	1.03817900	3.60301500
76.63999953	1.03817900	3.77880200
76.71999953	1.03817900	3.77880200
76.79999953	1.03817900	3.60301500
76.87999953	1.03817900	3.77880200
76.95999953	1.03817900	3.77880200
77.03999953	1.03817900	3.77880200
77.11999953	1.03817900	3.77880200
77.19999953	1.03817900	3.77880200
77.27999953	1.05606200	3.77880200
77.35999953	1.03817900	3.77880200
77.43999953	1.03817900	3.95458800
77.51999953	1.03817900	3.77880200
77.59999953	1.03817900	3.77880200
77.67999953	1.07388500	6.58711500
77.75999953	1.03817900	8.51832700
77.83999953	1.03817900	2.72530300
77.91999953	1.05606200	4.83230100
77.99999953	1.05606200	3.95458800
78.07999953	1.07388500	4.30555200
78.15999952	1.07388500	3.60301500
78.23999952	1.07388500	-0.25818660
78.31999952	1.05606200	0.26795250
78.39999952	1.07388500	0.09277627
78.47999952	1.07388500	-0.08239998
78.55999952	1.09170800	-0.78432570
78.63999952	1.09170800	-0.78432570
78.71999952	1.09170800	-0.78432570
78.79999952	1.09170800	-0.78432570
78.87999952	1.09170800	-0.78432570
78.95999952	1.09170800	-0.78432570
79.03999952	1.09170800	-0.78432570
79.11999952	1.10953100	-0.78432570
79.19999952	1.09170800	-0.78432570
79.27999952	1.10953100	-0.78432570
79.35999952	1.09170800	-0.78432570
79.43999952	1.10953100	-0.78432570
79.51999952	1.10953100	-0.60914950
79.59999952	1.10953100	-0.60914950
79.67999952	1.12741500	-0.60914950
79.75999952	1.12741500	-0.60914950
79.83999951	1.10953100	-0.60914950
79.91999951	1.12741500	-0.60914950
79.99999951	1.10953100	-0.43336280
80.07999951	1.12741500	-0.43336280
80.15999951	1.12741500	-0.43336280
80.23999951	1.12741500	-0.25818660
80.31999951	1.12741500	0.09277627
80.39999951	1.12741500	0.61891540
80.47999951	1.12741500	0.79470200
80.55999951	1.12741500	0.79470200
80.63999951	1.14523800	0.79470200
80.71999951	1.12741500	0.79470200
80.79999951	1.14523800	0.61891540
80.87999951	1.14523800	0.79470200
80.95999951	1.14523800	0.79470200
81.03999951	1.14523800	0.79470200
81.11999951	1.14523800	0.79470200
81.19999951	1.14523800	0.79470200
81.27999951	1.14523800	0.79470200
81.35999951	1.14523800	0.79470200
81.43999951	1.14523800	0.79470200
81.51999950	1.14523800	0.96987830
81.59999950	1.14523800	0.79470200
81.67999950	1.14523800	0.96987830
81.75999950	1.14523800	0.79470200
81.83999950	1.16306000	0.96987830
81.91999950	1.16306000	0.96987830
81.99999950	1.14523800	0.96987830
82.07999950	1.14523800	0.96987830
82.15999950	1.14523800	0.96987830
82.23999950	1.16306000	0.96987830
82.31999950	1.16306000	0.96987830
82.39999950	1.16306000	0.96987830
82.47999950	1.16306000	0.96987830
82.55999950	1.16306000	0.96987830
82.63999950	1.16306000	0.96987830
82.71999950	1.16306000	0.96987830
82.79999950	1.16306000	0.96987830
82.87999950	1.16306000	0.96987830
82.95999950	1.16306000	0.96987830
83.03999950	1.16306000	0.96987830
83.11999949	1.16306000	0.96987830
83.19999949	1.16306000	0.96987830
83.27999949	1.16306000	0.96987830
83.35999949	1.16306000	0.96987830
83.43999949	1.16306000	1.14566500
83.51999949	1.16306000	1.14566500
83.59999949	1.16306000	0.96987830
83.67999949	1.16306000	1.14566500
83.75999949	1.16306000	0.96987830
83.83999949	1.16306000	1.14566500
83.91999949	1.16306000	1.14566500
83.99999949	1.16306000	1.14566500
84.07999949	1.16306000	1.14566500
84.15999949	1.14523800	1.14566500
84.23999949	1.16306000	1.14566500
84.31999949	1.16306000	1.14566500
84.39999949	1.16306000	1.14566500
84.47999949	1.16306000	1.14566500
84.55999949	1.16306000	1.14566500
84.63999949	1.14523800	1.14566500
84.71999949	1.16306000	1.14566500
84.79999948	1.14523800	1.14566500
84.87999948	1.14523800	1.14566500
84.95999948	1.14523800	1.32145100
85.03999948	1.14523800	1.14566500
85.11999948	1.14523800	1.14566500
85.19999948	1.14523800	1.14566500
85.27999948	1.14523800	1.14566500
85.35999948	1.14523800	1.14566500
85.43999948	1.14523800	1.32145100
85.51999948	1.14523800	1.14566500
85.59999948	1.14523800	1.32145100
85.67999948	1.14523800	1.32145100
85.75999948	1.14523800	1.14566500
85.83999948	1.14523800	1.14566500
85.91999948	1.14523800	1.14566500
85.99999948	1.14523800	1.32145100
86.07999948	1.14523800	1.32145100
86.15999948	1.12741500	1.32145100
86.23999948	1.14523800	1.14566500
86.31999948	1.12741500	1.32145100
86.39999947	1.12741500	1.32145100
86.47999947	1.12741500	1.32145100
86.55999947	1.12741500	1.32145100
86.63999947	1.12741500	1.32145100
86.71999947	1.12741500	1.32145100
86.79999947	1.10953100	1.32145100
86.87999947	1.10953100	1.32145100
86.95999947	1.10953100	1.32145100
87.03999947	1.10953100	1.32145100
87.11999947	1.10953100	1.32145100
87.19999947	1.10953100	1.32145100
87.27999947	1.10953100	1.32145100
87.35999947	1.10953100	1.32145100
87.43999947	1.10953100	1.32145100
87.51999947	1.10953100	1.32145100
87.59999947	1.09170800	1.32145100
87.67999947	1.09170800	1.32145100
87.75999947	1.09170800	1.32145100
87.83999947	1.09170800	1.32145100
87.91999947	1.09170800	1.32145100
87.99999947	1.09170800	1.32145100
88.07999946	1.09170800	1.32145100
88.15999946	1.09170800	1.32145100
88.23999946	1.07388500	1.32145100
88.31999946	1.07388500	1.32145100
88.39999946	1.07388500	1.32145100
88.47999946	1.07388500	1.32145100
88.55999946	1.07388500	1.32145100
88.63999946	1.07388500	1.32145100
88.71999946	1.07388500	1.32145100
88.79999946	1.05606200	1.32145100
88.87999946	1.05606200	1.32145100
88.95999946	1.05606200	1.32145100
89.03999946	1.05606200	1.32145100
89.11999946	1.03817900	1.32145100
89.19999946	1.05606200	1.32145100
89.27999946	1.05606200	1.32145100
89.35999946	1.03817900	1.32145100
89.43999946	1.03817900	1.32145100
89.51999946	1.03817900	1.32145100
89.59999946	1.03817900	1.32145100
89.67999945	1.03817900	1.32145100
89.75999945	1.03817900	1.32145100
89.83999945	1.03817900	1.32145100
89.91999945	1.03817900	1.32145100
89.99999945	1.03817900	1.32145100
90.07999945	1.03817900	1.32145100
90.15999945	1.03817900	1.32145100
90.23999945	1.03817900	1.32145100
90.31999945	1.03817900	1.32145100
90.39999945	1.03817900	1.32145100
90.47999945	1.03817900	1.32145100
90.55999945	1.03817900	1.32145100
90.63999945	1.03817900	1.32145100
90.71999945	1.03817900	1.32145100
90.79999945	1.03817900	1.32145100
90.87999945	1.03817900	1.32145100
90.95999945	1.03817900	1.32145100
91.03999945	1.03817900	1.32145100
91.11999945	1.03817900	1.32145100
91.19999945	1.03817900	1.32145100
91.27999945	1.03817900	1.32145100
91.35999944	1.03817900	1.32145100
91.43999944	1.03817900	1.32145100
91.51999944	1.03817900	1.32145100
91.59999944	1.03817900	1.32145100
91.67999944	1.03817900	1.32145100
91.75999944	1.03817900	1.32145100
91.83999944	1.03817900	1.32145100
91.91999944	1.03817900	1.32145100
91.99999944	1.03817900	1.32145100
92.07999944	1.03817900	1.32145100
92.15999944	1.03817900	1.32145100
92.23999944	1.03817900	1.32145100
92.31999944	1.03817900	1.32145100
92.39999944	1.03817900	1.32145100
92.47999944	1.03817900	1.32145100
92.55999944	1.03817900	1.32145100
92.63999944	1.03817900	1.32145100
92.71999944	1.02035600	1.32145100
92.79999944	1.02035600	1.32145100
92.87999944	1.02035600	1.32145100
92.95999944	1.02035600	1.32145100
93.03999943	1.02035600	1.32145100
93.11999943	1.03817900	1.32145100
93.19999943	1.03817900	1.32145100
93.27999943	1.02035600	1.32145100
93.35999943	1.02035600	1.32145100
93.43999943	1.03817900	1.32145100
93.51999943	1.02035600	1.32145100
93.59999943	1.02035600	1.14566500
93.67999943	1.02035600	1.32145100
93.75999943	1.02035600	1.32145100
93.83999943	1.02035600	1.32145100
93.91999943	1.03817900	1.14566500
93.99999943	1.02035600	1.14566500
94.07999943	1.02035600	1.32145100
94.15999943	1.02035600	1.14566500
94.23999943	1.02035600	1.32145100
94.31999943	1.02035600	1.14566500
94.39999943	1.02035600	1.14566500
94.47999943	1.02035600	1.14566500
94.55999943	1.02035600	1.32145100
94.63999942	1.02035600	1.14566500
94.71999942	1.02035600	1.14566500
94.79999942	1.02035600	1.32145100
94.87999942	1.02035600	1.14566500
94.95999942	1.02035600	1.14566500
95.03999942	1.02035600	1.14566500
95.11999942	1.02035600	1.14566500
95.19999942	1.02035600	1.14566500
95.27999942	1.02035600	1.14566500
95.35999942	1.02035600	1.14566500
95.43999942	1.02035600	1.14566500
95.51999942	1.02035600	1.14566500
95.59999942	1.03817900	1.14566500
95.67999942	1.02035600	1.14566500
95.75999942	1.03817900	1.14566500
95.83999942	1.03817900	1.14566500
95.91999942	1.03817900	1.14566500
95.99999942	1.03817900	1.14566500
96.07999942	1.03817900	1.14566500
96.15999942	1.03817900	1.14566500
96.23999942	1.03817900	1.14566500
96.31999941	1.03817900	1.14566500
96.39999941	1.03817900	1.14566500
96.47999941	1.03817900	1.14566500
96.55999941	1.03817900	1.14566500
96.63999941	1.03817900	0.96987830
96.71999941	1.03817900	1.14566500
96.79999941	1.03817900	1.14566500
96.87999941	1.03817900	1.14566500
96.95999941	1.03817900	1.14566500
97.03999941	1.03817900	0.96987830
97.11999941	1.03817900	1.14566500
97.19999941	1.02035600	0.96987830
97.27999941	1.02035600	0.96987830
97.35999941	1.03817900	1.14566500
97.43999941	1.03817900	0.96987830
97.51999941	1.03817900	0.96987830
97.59999941	1.03817900	0.96987830
97.67999941	1.03817900	0.96987830
97.75999941	1.03817900	0.96987830
97.83999941	1.03817900	0.96987830
97.91999940	1.03817900	0.96987830
97.99999940	1.03817900	0.96987830
98.07999940	1.03817900	0.96987830
98.15999940	1.03817900	0.96987830
98.23999940	1.03817900	0.96987830
98.31999940	1.03817900	0.96987830
98.39999940	1.03817900	0.96987830
98.47999940	1.03817900	0.96987830
98.55999940	1.03817900	0.96987830
98.63999940	1.03817900	0.96987830
98.71999940	1.03817900	0.96987830
98.79999940	1.03817900	0.96987830
98.87999940	1.03817900	0.79470200
98.95999940	1.03817900	0.79470200
99.03999940	1.03817900	0.79470200
99.11999940	1.03817900	0.96987830
99.19999940	1.03817900	0.79470200
99.27999940	1.03817900	0.79470200
99.35999940	1.05606200	0.79470200
99.43999940	1.03817900	0.79470200
99.51999940	1.03817900	0.96987830
99.59999939	1.03817900	0.79470200
99.67999939	1.03817900	0.79470200
99.75999939	1.03817900	0.79470200
99.83999939	1.03817900	0.79470200
99.91999939	1.03817900	0.79470200
99.99999939	1.03817900	0.79470200
100.07999939	1.03817900	0.79470200
100.15999939	1.05606200	0.79470200
100.23999939	1.03817900	0.61891540
100.31999939	1.03817900	0.79470200
100.39999939	1.03817900	0.79470200
100.47999939	1.03817900	0.61891540
100.55999939	1.03817900	0.79470200
100.63999939	1.03817900	0.61891540
100.71999939	1.03817900	0.61891540
100.79999939	1.03817900	0.61891540
100.87999939	1.03817900	0.61891540
100.95999939	1.03817900	0.61891540
101.03999939	1.03817900	0.61891540
101.11999939	1.05606200	0.61891540
101.19999938	1.03817900	0.61891540
101.27999938	1.05606200	0.61891540
101.35999938	1.05606200	0.61891540
101.43999938	1.03817900	0.61891540
101.51999938	1.03817900	0.61891540
101.59999938	1.05606200	0.61891540
101.67999938	1.05606200	0.61891540
101.75999938	1.05606200	0.44373910
101.83999938	1.05606200	-0.43336280
101.91999938	1.05606200	-0.43336280
101.99999938	1.05606200	-0.60914950
102.07999938	1.05606200	-0.60914950
102.15999938	1.05606200	-0.60914950
102.23999938	1.05606200	-0.60914950
102.31999938	1.05606200	-0.60914950
102.39999938	1.05606200	-0.60914950
102.47999938	1.03817900	-0.60914950
102.55999938	1.03817900	-0.78432570
102.63999938	1.05606200	-0.78432570
102.71999938	1.05606200	-0.78432570
102.79999938	1.05606200	-0.78432570
102.87999937	1.05606200	-0.78432570
102.95999937	1.07388500	-0.78432570
103.03999937	1.05606200	-0.78432570
103.11999937	1.05606200	-0.78432570
103.19999937	1.05606200	-0.78432570
103.27999937	1.05606200	-0.78432570
103.35999937	1.05606200	-0.78432570
103.43999937	1.05606200	-0.78432570
103.51999937	1.05606200	-0.78432570
103.59999937	1.05606200	-0.78432570
103.67999937	1.07388500	-0.78432570
103.75999937	1.05606200	-0.78432570
103.83999937	1.05606200	-0.78432570
103.91999937	1.05606200	-0.78432570
103.99999937	1.03817900	-0.60914950
104.07999937	1.07388500	-0.78432570
104.15999937	1.03817900	-0.60914950
104.23999937	1.03817900	-0.43336280
104.31999937	1.03817900	-0.43336280
104.39999937	1.05606200	0.09277627
104.47999937	1.03817900	0.61891540
104.55999936	1.05606200	3.07687600
104.63999936	1.07388500	4.12976500
104.71999936	1.05606200	7.46482800
104.79999936	1.07388500	2.37434000
104.87999936	1.03817900	3.42783900
104.95999936	1.05606200	2.02337700
105.03999936	1.07388500	0.09277627
105.11999936	1.05606200	0.61891540
105.19999936	1.05606200	3.25205200
105.27999936	1.07388500	3.25205200
105.35999936	1.05606200	3.77880200
105.43999936	1.07388500	3.95458800
105.51999936	1.05606200	3.95458800
105.59999936	1.05606200	3.95458800
105.67999936	1.05606200	-1.48686200
105.75999936	1.09170800	0.61891540
105.83999936	1.05606200	0.96987830
105.91999936	1.03817900	6.23615200
105.99999936	1.07388500	2.37434000
106.07999936	1.07388500	10.80050000
106.15999935	1.07388500	2.02337700
106.23999935	1.05606200	5.00747700
106.31999935	1.05606200	3.60301500
106.39999935	1.07388500	3.77880200
106.47999935	1.05606200	3.07687600
106.55999935	1.05606200	2.55012700
106.63999935	1.07388500	2.55012700
106.71999935	1.07388500	2.90108900
106.79999935	1.05606200	3.25205200
106.87999935	1.05606200	3.60301500
106.95999935	1.05606200	3.77880200
107.03999935	1.05606200	3.95458800
107.11999935	1.05606200	3.95458800
107.19999935	1.05606200	3.95458800
107.27999935	1.05606200	3.95458800
107.35999935	1.03817900	3.95458800
107.43999935	1.05606200	3.95458800
107.51999935	1.05606200	3.95458800
107.59999935	1.03817900	3.95458800
107.67999935	1.03817900	3.95458800
107.75999935	1.05606200	4.12976500
107.83999934	1.03817900	3.95458800
107.91999934	1.03817900	3.95458800
107.99999934	1.05606200	3.95458800
108.07999934	1.03817900	3.95458800
108.15999934	1.05606200	3.95458800
108.23999934	1.03817900	3.95458800
108.31999934	1.03817900	3.95458800
108.39999934	1.03817900	3.77880200
108.47999934	1.03817900	3.77880200
108.55999934	1.03817900	3.95458800
108.63999934	1.03817900	3.77880200
108.71999934	1.03817900	3.95458800
108.79999934	1.03817900	3.77880200
108.87999934	1.00253300	1.67241400
108.95999934	1.03817900	0.44373910
109.03999934	1.02035600	0.61891540
109.11999934	1.03817900	0.79470200
109.19999934	1.02035600	5.35844000
109.27999934	1.03817900	2.55012700
109.35999934	1.02035600	8.16736300
109.43999933	1.03817900	5.00747700
109.51999933	1.02035600	5.35844000
109.59999933	1.03817900	3.07687600
109.67999933	1.03817900	3.42783900
109.75999933	1.03817900	2.72530300
109.83999933	1.03817900	2.55012700
109.91999933	1.03817900	2.55012700
109.99999933	1.03817900	2.55012700
110.07999933	1.03817900	2.72530300
110.15999933	1.03817900	3.07687600
110.23999933	1.03817900	3.25205200
110.31999933	1.03817900	3.42783900
110.39999933	1.03817900	3.60301500
110.47999933	1.03817900	3.77880200
110.55999933	1.03817900	3.77880200
110.63999933	1.03817900	3.77880200
110.71999933	1.03817900	3.77880200
110.79999933	1.03817900	3.95458800
110.87999933	1.03817900	3.95458800
110.95999933	1.03817900	3.95458800
111.03999933	1.03817900	3.95458800
111.11999932	1.03817900	3.95458800
111.19999932	1.02035600	3.95458800
111.27999932	1.03817900	3.95458800
111.35999932	1.03817900	3.77880200
111.43999932	1.03817900	3.95458800
111.51999932	1.03817900	3.95458800
111.59999932	1.03817900	3.95458800
111.67999932	1.03817900	3.95458800
111.75999932	1.03817900	3.95458800
111.83999932	1.03817900	3.60301500
111.91999932	1.03817900	3.77880200
111.99999932	1.03817900	3.77880200
112.07999932	1.03817900	3.77880200
112.15999932	1.03817900	3.77880200
112.23999932	1.02035600	0.44373910
112.31999932	1.07388500	-0.60914950
112.39999932	1.00253300	0.26795250
112.47999932	1.03817900	0.61891540
112.55999932	1.03817900	0.79470200
112.63999932	1.02035600	5.35844000
112.71999931	1.03817900	2.55012700
112.79999931	1.03817900	7.28965100
112.87999931	1.02035600	5.00747700
112.95999931	1.03817900	4.83230100
113.03999931	1.03817900	2.72530300
113.11999931	1.03817900	2.55012700
113.19999931	1.03817900	1.67241400
113.27999931	1.03817900	0.79470200
113.35999931	1.03817900	0.96987830
113.43999931	1.03817900	1.32145100
113.51999931	1.03817900	1.84759100
113.59999931	1.03817900	2.37434000
113.67999931	1.03817900	2.72530300
113.75999931	1.03817900	3.07687600
113.83999931	1.03817900	3.42783900
113.91999931	1.03817900	3.60301500
113.99999931	1.03817900	3.60301500
114.07999931	1.03817900	3.77880200
114.15999931	1.03817900	3.77880200
114.23999931	1.03817900	3.95458800
114.31999931	1.03817900	3.95458800
114.39999930	1.03817900	3.95458800
114.47999930	1.03817900	3.95458800
114.55999930	1.03817900	3.95458800
114.63999930	1.03817900	3.95458800
114.71999930	1.03817900	3.95458800
114.79999930	1.03817900	3.95458800
114.87999930	1.03817900	3.95458800
114.95999930	1.03817900	3.95458800
115.03999930	1.03817900	3.95458800
115.11999930	1.03817900	3.95458800
115.19999930	1.03817900	3.95458800
115.27999930	1.03817900	3.95458800
115.35999930	1.03817900	3.95458800
115.43999930	1.03817900	3.95458800
115.51999930	1.03817900	3.77880200
115.59999930	1.03817900	3.95458800
115.67999930	1.03817900	3.95458800
115.75999930	1.03817900	3.95458800
115.83999930	1.03817900	3.95458800
115.91999930	1.03817900	2.55012700
115.99999930	1.02035600	-0.08239998
116.07999929	1.05606200	0.44373910
116.15999929	1.05606200	0.79470200
116.23999929	1.03817900	2.72530300
116.31999929	1.03817900	5.71001300
116.39999929	1.03817900	3.07687600
116.47999929	1.05606200	13.25785000
116.55999929	1.03817900	2.19916400
116.63999929	1.03817900	4.83230100
116.71999929	1.03817900	3.42783900
116.79999929	1.03817900	3.77880200
116.87999929	1.03817900	3.42783900
116.95999929	1.03817900	3.07687600
117.03999929	1.03817900	3.07687600
117.11999929	1.03817900	2.02337700
117.19999929	1.05606200	1.32145100
117.27999929	1.03817900	2.72530300
117.35999929	1.03817900	3.42783900
117.43999929	1.03817900	3.77880200
117.51999929	1.03817900	3.95458800
117.59999929	1.03817900	3.95458800
117.67999928	1.03817900	4.12976500
117.75999928	1.03817900	4.12976500
117.83999928	1.03817900	4.12976500
117.91999928	1.03817900	4.12976500
117.99999928	1.03817900	4.12976500
118.07999928	1.03817900	4.12976500
118.15999928	1.03817900	4.12976500
118.23999928	1.03817900	4.12976500
118.31999928	1.03817900	4.12976500
118.39999928	1.03817900	4.12976500
118.47999928	1.03817900	4.12976500
118.55999928	1.03817900	4.12976500
118.63999928	1.03817900	4.12976500
118.71999928	1.03817900	4.12976500
118.79999928	1.03817900	3.77880200
118.87999928	1.05606200	4.12976500
118.95999928	1.03817900	4.12976500
119.03999928	1.03817900	4.12976500
119.11999928	1.03817900	4.12976500
119.19999928	1.02035600	-0.78432570
119.27999928	1.09170800	0.26795250
119.35999927	1.02035600	0.96987830
119.43999927	1.03817900	6.06097600
119.51999927	1.03817900	3.77880200
119.59999927	1.02035600	9.39603900
119.67999927	1.05606200	5.88519000
119.75999927	1.03817900	3.77880200
119.83999927	1.05606200	4.48072800
119.91999927	1.03817900	4.12976500
119.99999927	1.05606200	4.12976500
120.07999927	1.03817900	3.95458800
120.15999927	1.03817900	4.30555200
120.23999927	1.03817900	4.12976500
120.31999927	1.05606200	4.12976500
120.39999927	1.03817900	4.12976500
120.47999927	1.03817900	4.12976500
120.55999927	1.05606200	4.12976500
120.63999927	1.03817900	4.12976500
120.71999927	1.03817900	4.12976500
120.79999927	1.03817900	4.30555200
120.87999927	1.03817900	4.30555200
120.95999926	1.03817900	4.30555200
121.03999926	1.03817900	4.12976500
121.11999926	1.03817900	4.12976500
121.19999926	1.03817900	4.12976500
121.27999926	1.03817900	4.30555200
121.35999926	1.03817900	4.30555200
121.43999926	1.03817900	4.30555200
121.51999926	1.03817900	4.12976500
121.59999926	1.03817900	4.30555200
121.67999926	1.03817900	4.30555200
121.75999926	1.03817900	4.30555200
121.83999926	1.03817900	4.30555200
121.91999926	1.03817900	4.30555200
121.99999926	1.03817900	4.12976500
122.07999926	1.05606200	3.60301500
122.15999926	1.03817900	0.79470200
122.23999926	1.03817900	0.26795250
122.31999926	1.03817900	0.26795250
122.39999926	1.03817900	0.09277627
122.47999926	1.05606200	-0.60914950
122.55999926	1.03817900	-0.78432570
122.63999925	1.05606200	-0.78432570
122.71999925	1.05606200	-0.78432570
122.79999925	1.05606200	-0.78432570
122.87999925	1.03817900	-0.78432570
122.95999925	1.05606200	-0.78432570
123.03999925	1.07388500	-0.60914950
123.11999925	1.05606200	-0.78432570
123.19999925	1.07388500	-0.60914950
123.27999925	1.07388500	-0.60914950
123.35999925	1.07388500	-0.60914950
123.43999925	1.07388500	-0.60914950
123.51999925	1.05606200	-0.60914950
123.59999925	1.07388500	-0.60914950
123.67999925	1.07388500	-0.60914950
123.75999925	1.07388500	-0.60914950
123.83999925	1.07388500	-0.60914950
123.91999925	1.07388500	-0.43336280
123.99999925	1.07388500	-0.43336280
124.07999925	1.07388500	-0.43336280
124.15999925	1.07388500	-0.43336280
124.23999924	1.07388500	-0.25818660
124.31999924	1.07388500	-0.25818660
124.39999924	1.05606200	-0.08239998
124.47999924	1.07388500	0.44373910
124.55999924	1.07388500	0.61891540
124.63999924	1.07388500	0.61891540
124.71999924	1.07388500	0.61891540
124.79999924	1.07388500	0.61891540
124.87999924	1.07388500	0.61891540
124.95999924	1.07388500	0.61891540
125.03999924	1.05606200	0.61891540
125.11999924	1.05606200	0.79470200
125.19999924	1.05606200	0.79470200
125.27999924	1.03817900	9.74700200
125.35999924	1.07388500	5.88519000
125.43999924	1.03817900	5.71001300
125.51999924	1.03817900	5.88519000
125.59999924	1.03817900	5.88519000
125.67999924	1.05606200	5.53422600
125.75999924	1.03817900	5.88519000
125.83999924	1.05606200	5.71001300
125.91999923	1.03817900	5.88519000
125.99999923	1.03817900	5.88519000
126.07999923	1.03817900	5.88519000
126.15999923	1.03817900	6.23615200
126.23999923	1.03817900	7.99157700
126.31999923	1.03817900	6.06097600
126.39999923	1.03817900	6.23615200
126.47999923	1.03817900	5.88519000
126.55999923	1.03817900	6.06097600
126.63999923	1.02035600	5.88519000
126.71999923	1.03817900	6.06097600
126.79999923	1.03817900	5.88519000
126.87999923	1.03817900	6.06097600
126.95999923	1.02035600	5.88519000
127.03999923	1.02035600	6.06097600
127.11999923	1.03817900	5.88519000
127.19999923	1.03817900	6.06097600
127.27999923	1.03817900	5.88519000
127.35999923	1.03817900	5.88519000
127.43999923	1.03817900	5.88519000
127.51999923	1.03817900	5.88519000
127.59999922	1.03817900	5.88519000
127.67999922	1.03817900	6.06097600
127.75999922	1.03817900	6.06097600
127.83999922	1.03817900	5.88519000
127.91999922	1.03817900	6.06097600
127.99999922	1.03817900	6.06097600
128.07999922	1.03817900	5.88519000
128.15999922	1.03817900	5.88519000
128.23999922	1.03817900	6.06097600
128.31999922	1.02035600	5.88519000
128.39999922	1.03817900	5.88519000
128.47999922	1.03817900	5.88519000
128.55999922	1.03817900	6.06097600
128.63999922	1.03817900	5.88519000
128.71999922	1.03817900	6.06097600
128.79999922	1.03817900	5.88519000
128.87999922	1.03817900	5.88519000
128.95999922	1.03817900	5.88519000
129.03999922	1.03817900	5.88519000
129.11999922	1.03817900	5.88519000
129.19999921	1.03817900	5.88519000
129.27999921	1.03817900	6.06097600
129.35999921	1.03817900	5.88519000
129.43999921	1.02035600	6.06097600
129.51999921	1.03817900	5.88519000
129.59999921	1.03817900	6.06097600
129.67999921	1.03817900	6.06097600
129.75999921	1.02035600	6.06097600
129.83999921	1.02035600	6.06097600
129.91999921	1.03817900	6.06097600
129.99999921	1.03817900	6.06097600
130.07999921	1.03817900	6.06097600
130.15999921	1.03817900	6.06097600
130.23999921	1.03817900	5.88519000
130.31999921	1.02035600	6.06097600
130.39999921	1.02035600	6.06097600
130.47999921	1.03817900	5.88519000
130.55999921	1.02035600	5.88519000
130.63999921	1.02035600	5.88519000
130.71999921	1.03817900	5.88519000
130.79999921	1.03817900	6.06097600
130.87999920	1.03817900	5.88519000
130.95999920	1.02035600	6.06097600
131.03999920	1.03817900	6.06097600
131.11999920	1.03817900	5.88519000
131.19999920	1.03817900	6.06097600
131.27999920	1.03817900	5.88519000
131.35999920	1.02035600	5.88519000
131.43999920	1.02035600	5.88519000
131.51999920	1.03817900	5.88519000
131.59999920	1.03817900	5.88519000
131.67999920	1.03817900	5.88519000
131.75999920	1.03817900	5.88519000
131.83999920	1.02035600	5.88519000
131.91999920	1.02035600	5.88519000
131.99999920	1.03817900	5.88519000
132.07999920	1.03817900	6.06097600
132.15999920	1.03817900	5.88519000
132.23999920	1.03817900	5.88519000
132.31999920	1.03817900	5.88519000
132.39999920	1.02035600	5.88519000
132.47999919	1.03817900	5.88519000
132.55999919	1.03817900	5.88519000
132.63999919	1.03817900	5.88519000
132.71999919	1.03817900	5.88519000
132.79999919	1.03817900	5.88519000
132.87999919	1.02035600	5.88519000
132.95999919	1.03817900	5.88519000
133.03999919	1.03817900	5.88519000
133.11999919	1.03817900	5.88519000
133.19999919	1.03817900	5.88519000
133.27999919	1.03817900	5.88519000
133.35999919	1.02035600	5.88519000
133.43999919	1.02035600	5.88519000
133.51999919	1.03817900	5.88519000
133.59999919	1.02035600	6.06097600
133.67999919	1.03817900	5.88519000
133.75999919	1.03817900	5.88519000
133.83999919	1.03817900	5.88519000
133.91999919	1.02035600	5.88519000
133.99999919	1.03817900	5.88519000
134.07999919	1.02035600	5.88519000
134.15999918	1.03817900	5.88519000
134.23999918	1.03817900	5.88519000
134.31999918	1.03817900	5.88519000
134.39999918	1.03817900	5.88519000
134.47999918	1.03817900	5.88519000
134.55999918	1.02035600	5.88519000
134.63999918	1.02035600	5.88519000
134.71999918	1.02035600	5.88519000
134.79999918	1.03817900	5.88519000
134.87999918	1.02035600	5.88519000
134.95999918	1.03817900	5.88519000
135.03999918	1.02035600	5.88519000
135.11999918	1.02035600	5.88519000
135.19999918	1.02035600	5.88519000
135.27999918	1.02035600	5.88519000
135.35999918	1.03817900	5.88519000
135.43999918	1.02035600	5.88519000
135.51999918	1.03817900	5.88519000
135.59999918	1.02035600	5.88519000
135.67999918	1.02035600	5.88519000
135.75999917	1.02035600	5.88519000
135.83999917	1.03817900	5.88519000
135.91999917	1.03817900	5.88519000
135.99999917	1.02035600	5.71001300
136.07999917	1.02035600	5.88519000
136.15999917	1.03817900	5.88519000
136.23999917	1.03817900	5.88519000
136.31999917	1.02035600	5.71001300
136.39999917	1.02035600	5.71001300
136.47999917	1.02035600	5.71001300
136.55999917	1.02035600	5.88519000
136.63999917	1.03817900	5.71001300
136.71999917	1.03817900	5.71001300
136.79999917	1.03817900	5.88519000
136.87999917	1.03817900	5.71001300
136.95999917	1.03817900	5.71001300
137.03999917	1.02035600	5.71001300
137.11999917	1.03817900	5.71001300
137.19999917	1.02035600	5.71001300
137.27999917	1.03817900	5.71001300
137.35999917	1.02035600	5.71001300
137.43999916	1.02035600	5.71001300
137.51999916	1.02035600	5.71001300
137.59999916	1.02035600	5.71001300
137.67999916	1.03817900	5.71001300
137.75999916	1.03817900	5.71001300
137.83999916	1.02035600	5.71001300
137.91999916	1.02035600	5.71001300
137.99999916	1.02035600	5.71001300
138.07999916	1.03817900	5.71001300
138.15999916	1.03817900	5.71001300
138.23999916	1.02035600	5.71001300
138.31999916	1.02035600	5.71001300
138.39999916	1.03817900	5.71001300
138.47999916	1.02035600	5.71001300
138.55999916	1.03817900	5.71001300
138.63999916	1.02035600	5.53422600
138.71999916	1.03817900	5.71001300
138.79999916	1.03817900	5.71001300
138.87999916	1.02035600	5.71001300
138.95999916	1.02035600	5.71001300
139.03999915	1.02035600	5.53422600
139.11999915	1.02035600	5.71001300
139.19999915	1.02035600	5.71001300
139.27999915	1.02035600	5.53422600
139.35999915	1.02035600	5.53422600
139.43999915	1.02035600	5.53422600
139.51999915	1.02035600	5.53422600
139.59999915	1.02035600	5.53422600
139.67999915	1.02035600	5.53422600
139.75999915	1.02035600	5.53422600
139.83999915	1.02035600	5.53422600
139.91999915	1.02035600	5.53422600
139.99999915	1.02035600	5.53422600
140.07999915	1.03817900	5.53422600
140.15999915	1.02035600	5.53422600
140.23999915	1.02035600	5.53422600
140.31999915	1.02035600	5.53422600
140.39999915	1.02035600	5.35844000
140.47999915	1.02035600	5.53422600
140.55999915	1.02035600	5.35844000
140.63999915	1.03817900	4.83230100
140.71999914	1.03817900	4.48072800
140.79999914	1.03817900	4.48072800
140.87999914	1.03817900	4.48072800
140.95999914	1.02035600	4.48072800
141.03999914	1.02035600	4.48072800
141.11999914	1.02035600	4.48072800
141.19999914	1.03817900	4.48072800
141.27999914	1.03817900	4.48072800
141.35999914	1.03817900	4.48072800
141.43999914	1.03817900	4.48072800
141.51999914	1.02035600	4.48072800
141.59999914	1.02035600	4.48072800
141.67999914	1.03817900	4.48072800
141.75999914	1.02035600	4.48072800
141.83999914	1.02035600	4.48072800
141.91999914	1.03817900	4.48072800
141.99999914	1.02035600	4.48072800
142.07999914	1.03817900	4.48072800
142.15999914	1.02035600	4.48072800
142.23999914	1.03817900	4.48072800
142.31999914	1.02035600	4.48072800
142.39999913	1.02035600	4.48072800
142.47999913	1.02035600	4.48072800
142.55999913	1.03817900	4.48072800
142.63999913	1.02035600	4.48072800
142.71999913	1.02035600	4.48072800
142.79999913	1.02035600	4.48072800
142.87999913	1.03817900	4.48072800
142.95999913	1.02035600	4.48072800
143.03999913	1.02035600	4.48072800
143.11999913	1.03817900	4.48072800
143.19999913	1.02035600	4.48072800
143.27999913	1.03817900	4.48072800
143.35999913	1.02035600	4.48072800
143.43999913	1.02035600	4.48072800
143.51999913	1.02035600	4.48072800
143.59999913	1.03817900	4.48072800
143.67999913	1.03817900	4.48072800
143.75999913	1.02035600	4.48072800
143.83999913	1.02035600	4.48072800
143.91999913	1.03817900	4.48072800
143.99999912	1.03817900	4.48072800
144.07999912	1.03817900	4.48072800
144.15999912	1.02035600	4.48072800
144.23999912	1.03817900	4.48072800
144.31999912	1.03817900	4.48072800
144.39999912	1.02035600	4.48072800
144.47999912	1.02035600	4.12976500
144.55999912	1.02035600	2.55012700
144.63999912	1.03817900	0.61891540
144.71999912	1.03817900	0.61891540
144.79999912	1.03817900	0.44373910
144.87999912	1.03817900	0.26795250
144.95999912	1.03817900	0.26795250
145.03999912	1.03817900	0.09277627
145.11999912	1.03817900	0.61891540
145.19999912	1.03817900	0.61891540
145.27999912	1.03817900	0.61891540
145.35999912	1.03817900	0.61891540
145.43999912	1.03817900	0.61891540
145.51999912	1.03817900	0.61891540
145.59999912	1.03817900	0.61891540
145.67999911	1.03817900	0.79470200
145.75999911	1.03817900	0.61891540
145.83999911	1.03817900	0.61891540
145.91999911	1.03817900	0.61891540
145.99999911	1.03817900	0.79470200
146.07999911	1.03817900	0.61891540
146.15999911	1.03817900	0.79470200
146.23999911	1.03817900	0.79470200
146.31999911	1.03817900	0.79470200
146.39999911	1.03817900	0.79470200
146.47999911	1.03817900	0.79470200
146.55999911	1.03817900	0.61891540
146.63999911	1.03817900	0.79470200
146.71999911	1.03817900	0.79470200
146.79999911	1.03817900	0.79470200
146.87999911	1.03817900	0.79470200
146.95999911	1.03817900	0.61891540
147.03999911	1.03817900	0.79470200
147.11999911	1.03817900	0.79470200
147.19999911	1.03817900	0.79470200
147.27999910	1.03817900	0.79470200
147.35999910	1.03817900	0.79470200
147.43999910	1.03817900	0.79470200
147.51999910	1.03817900	0.79470200
147.59999910	1.03817900	0.79470200
147.67999910	1.03817900	0.79470200
147.75999910	1.03817900	0.79470200
147.83999910	1.03817900	0.79470200
147.91999910	1.03817900	0.79470200
147.99999910	1.03817900	0.79470200
148.07999910	1.03817900	0.79470200
148.15999910	1.03817900	0.79470200
148.23999910	1.03817900	0.79470200
148.31999910	1.03817900	0.79470200
148.39999910	1.02035600	0.79470200
148.47999910	1.02035600	0.79470200
148.55999910	1.03817900	0.79470200
148.63999910	1.03817900	0.79470200
148.71999910	1.03817900	0.79470200
148.79999910	1.03817900	0.79470200
148.87999910	1.03817900	0.79470200
148.95999909	1.03817900	0.79470200
149.03999909	1.03817900	0.79470200
149.11999909	1.03817900	0.79470200
149.19999909	1.03817900	0.79470200
149.27999909	1.03817900	0.96987830
149.35999909	1.03817900	0.79470200
149.43999909	1.03817900	0.96987830
149.51999909	1.03817900	0.79470200
149.59999909	1.03817900	0.79470200
149.67999909	1.03817900	0.79470200
149.75999909	1.03817900	0.96987830
149.83999909	1.02035600	0.96987830
149.91999909	1.03817900	0.96987830
149.99999909	1.03817900	0.79470200
150.07999909	1.03817900	0.79470200
150.15999909	1.03817900	0.79470200
150.23999909	1.03817900	0.96987830
150.31999909	1.03817900	0.79470200
150.39999909	1.03817900	0.79470200
150.47999909	1.03817900	0.96987830
150.55999908	1.03817900	0.79470200
150.63999908	1.03817900	0.96987830
150.71999908	1.03817900	0.96987830
150.79999908	1.03817900	0.96987830
150.87999908	1.03817900	0.79470200
150.95999908	1.02035600	0.79470200
151.03999908	1.03817900	0.96987830
151.11999908	1.03817900	0.96987830
151.19999908	1.02035600	0.96987830
151.27999908	1.03817900	0.96987830
151.35999908	1.03817900	0.96987830
151.43999908	1.03817900	0.79470200
151.51999908	1.03817900	0.96987830
151.59999908	1.03817900	0.96987830
151.67999908	1.03817900	0.79470200
151.75999908	1.03817900	0.96987830
151.83999908	1.03817900	0.96987830
151.91999908	1.03817900	0.79470200
151.99999908	1.03817900	0.79470200
152.07999908	1.03817900	0.96987830
152.15999908	1.03817900	0.96987830
152.23999907	1.02035600	0.79470200
152.31999907	1.03817900	0.96987830
152.39999907	1.03817900	0.96987830
152.47999907	1.03817900	0.96987830
152.55999907	1.02035600	0.96987830
152.63999907	1.03817900	0.96987830
152.71999907	1.03817900	0.96987830
152.79999907	1.02035600	0.96987830
152.87999907	1.03817900	0.79470200
152.95999907	1.03817900	0.96987830
153.03999907	1.02035600	0.96987830
153.11999907	1.02035600	0.96987830
153.19999907	1.03817900	0.96987830
153.27999907	1.03817900	0.96987830
153.35999907	1.03817900	0.96987830
153.43999907	1.03817900	0.96987830
153.51999907	1.03817900	0.96987830
153.59999907	1.02035600	0.96987830
153.67999907	1.03817900	0.96987830
153.75999907	1.03817900	0.96987830
153.83999907	1.02035600	0.96987830
153.91999906	1.03817900	0.96987830
153.99999906	1.03817900	0.96987830
154.07999906	1.02035600	0.96987830
154.15999906	1.02035600	0.96987830
154.23999906	1.03817900	0.96987830
154.31999906	1.02035600	0.96987830
154.39999906	1.03817900	0.96987830
154.47999906	1.02035600	0.96987830
154.55999906	1.03817900	0.96987830
154.63999906	1.03817900	0.96987830
154.71999906	1.02035600	0.79470200
154.79999906	1.03817900	0.96987830
154.87999906	1.03817900	0.96987830
154.95999906	1.02035600	0.96987830
155.03999906	1.03817900	0.96987830
155.11999906	1.02035600	0.96987830
155.19999906	1.03817900	0.96987830
155.27999906	1.03817900	0.96987830
155.35999906	1.02035600	0.96987830
155.43999906	1.03817900	0.96987830
155.51999905	1.03817900	0.96987830
155.59999905	1.02035600	0.96987830
155.67999905	1.02035600	0.96987830
155.75999905	1.03817900	0.96987830
155.83999905	1.02035600	0.96987830
155.91999905	1.02035600	0.96987830
155.99999905	1.02035600	0.96987830
156.07999905	1.03817900	0.96987830
156.15999905	1.02035600	0.96987830
156.23999905	1.03817900	0.96987830
156.31999905	1.02035600	0.96987830
156.39999905	1.02035600	0.96987830
156.47999905	1.02035600	0.96987830
156.55999905	1.02035600	0.96987830
156.63999905	1.03817900	0.96987830
156.71999905	1.02035600	0.96987830
156.79999905	1.02035600	0.96987830
156.87999905	1.02035600	0.96987830
156.95999905	1.02035600	0.96987830
157.03999905	1.03817900	0.96987830
157.11999905	1.02035600	0.96987830
157.19999904	1.02035600	0.96987830
157.27999904	1.02035600	0.96987830
157.35999904	1.02035600	0.96987830
157.43999904	1.02035600	0.96987830
157.51999904	1.02035600	0.96987830
157.59999904	1.02035600	0.96987830
157.67999904	1.02035600	0.96987830
157.75999904	1.02035600	0.96987830
157.83999904	1.02035600	0.96987830
157.91999904	1.02035600	0.96987830
157.99999904	1.02035600	0.96987830
158.07999904	1.03817900	0.96987830
158.15999904	1.03817900	0.96987830
158.23999904	1.02035600	0.96987830
158.31999904	1.03817900	0.96987830
158.39999904	1.02035600	0.96987830
158.47999904	1.02035600	0.96987830
158.55999904	1.02035600	0.96987830
158.63999904	1.02035600	0.96987830
158.71999904	1.02035600	0.96987830
158.79999903	1.02035600	0.96987830
158.87999903	1.02035600	0.96987830
158.95999903	1.02035600	0.96987830
159.03999903	1.02035600	0.96987830
159.11999903	1.02035600	0.96987830
159.19999903	1.02035600	0.96987830
159.27999903	1.02035600	0.96987830
159.35999903	1.02035600	0.96987830
159.43999903	1.02035600	0.96987830
159.51999903	1.02035600	0.96987830
159.59999903	1.02035600	0.96987830
159.67999903	1.03817900	0.96987830
159.75999903	1.02035600	0.96987830
159.83999903	1.02035600	0.96987830
159.91999903	1.02035600	0.79470200
159.99999903	1.02035600	0.96987830
160.07999903	1.02035600	0.96987830
160.15999903	1.02035600	0.96987830
160.23999903	1.02035600	0.79470200
160.31999903	1.02035600	0.96987830
160.39999903	1.02035600	0.96987830
160.47999902	1.02035600	0.96987830
160.55999902	1.02035600	0.96987830
160.63999902	1.02035600	0.96987830
160.71999902	1.02035600	0.96987830
160.79999902	1.02035600	0.79470200
160.87999902	1.02035600	0.96987830
160.95999902	1.02035600	0.96987830
161.03999902	1.02035600	0.79470200
161.11999902	1.02035600	0.96987830
161.19999902	1.02035600	0.96987830
161.27999902	1.02035600	0.96987830
161.35999902	1.02035600	0.96987830
161.43999902	1.02035600	0.96987830
161.51999902	1.02035600	0.96987830
161.59999902	1.02035600	0.79470200
161.67999902	1.02035600	0.79470200
161.75999902	1.02035600	0.79470200
161.83999902	1.02035600	0.79470200
161.91999902	1.02035600	0.79470200
161.99999902	1.02035600	0.79470200
162.07999901	1.02035600	0.79470200
162.15999901	1.02035600	0.79470200
162.23999901	1.02035600	0.79470200
162.31999901	1.02035600	0.79470200
162.39999901	1.02035600	0.79470200
162.47999901	1.02035600	0.79470200
162.55999901	1.02035600	0.79470200
162.63999901	1.02035600	0.79470200
162.71999901	1.02035600	0.79470200
162.79999901	1.02035600	0.79470200
162.87999901	1.02035600	0.79470200
162.95999901	1.02035600	0.96987830
163.03999901	1.02035600	0.79470200
163.11999901	1.02035600	0.79470200
163.19999901	1.02035600	0.79470200
163.27999901	1.02035600	0.79470200
163.35999901	1.02035600	0.79470200
163.43999901	1.02035600	0.79470200
163.51999901	1.02035600	0.79470200
163.59999901	1.02035600	0.79470200
163.67999901	1.02035600	0.79470200
163.75999900	1.02035600	0.79470200
163.83999900	1.02035600	0.79470200
163.91999900	1.02035600	0.79470200
163.99999900	1.02035600	0.79470200
164.07999900	1.02035600	0.79470200
164.15999900	1.02035600	0.79470200
164.23999900	1.02035600	0.79470200
164.31999900	1.02035600	0.79470200
164.39999900	1.02035600	0.79470200
164.47999900	1.02035600	0.79470200
164.55999900	1.02035600	0.79470200
164.63999900	1.02035600	0.79470200
164.71999900	1.02035600	0.79470200
164.79999900	1.02035600	0.79470200
164.87999900	1.02035600	0.79470200
164.95999900	1.02035600	0.79470200
165.03999900	1.02035600	0.96987830
165.11999900	1.03817900	8.34254000
165.19999900	1.02035600	5.71001300
165.27999900	1.00253300	6.23615200
165.35999900	1.02035600	5.71001300
165.43999899	1.02035600	5.88519000
165.51999899	1.02035600	5.88519000
165.59999899	1.00253300	5.53422600
165.67999899	1.02035600	5.88519000
165.75999899	1.00253300	5.71001300
165.83999899	1.02035600	5.71001300
165.91999899	1.02035600	5.71001300
165.99999899	1.00253300	5.88519000
166.07999899	1.00253300	6.76290200
166.15999899	1.00253300	5.53422600
166.23999899	1.02035600	5.53422600
166.31999899	1.02035600	5.53422600
166.39999899	1.03817900	5.53422600
166.47999899	1.02035600	5.35844000
166.55999899	1.03817900	5.35844000
166.63999899	1.03817900	4.12976500
166.71999899	1.03817900	4.30555200
166.79999899	1.03817900	4.30555200
166.87999899	1.03817900	4.30555200
166.95999899	1.03817900	4.30555200
167.03999898	1.03817900	4.30555200
167.11999898	1.03817900	4.12976500
167.19999898	1.03817900	4.12976500
167.27999898	1.02035600	4.12976500
167.35999898	1.03817900	4.12976500
167.43999898	1.03817900	4.12976500
167.51999898	1.03817900	4.12976500
167.59999898	1.03817900	4.12976500
167.67999898	1.03817900	4.12976500
167.75999898	1.03817900	4.12976500
167.83999898	1.03817900	4.12976500
167.91999898	1.03817900	4.12976500
167.99999898	1.03817900	3.95458800
168.07999898	1.03817900	3.95458800
168.15999898	1.03817900	3.95458800
168.23999898	1.03817900	3.95458800
168.31999898	1.03817900	3.95458800
168.39999898	1.03817900	3.95458800
168.47999898	1.03817900	3.95458800
168.55999898	1.03817900	3.95458800
168.63999898	1.03817900	3.95458800
168.71999897	1.03817900	3.95458800
168.79999897	1.03817900	3.95458800
168.87999897	1.03817900	3.77880200
168.95999897	1.03817900	3.95458800
169.03999897	1.03817900	3.95458800
169.11999897	1.03817900	3.95458800
169.19999897	1.03817900	3.95458800
169.27999897	1.03817900	3.95458800
169.35999897	1.03817900	3.77880200
169.43999897	1.03817900	3.77880200
169.51999897	1.03817900	3.77880200
169.59999897	1.03817900	3.77880200
169.67999897	1.03817900	3.77880200
169.75999897	1.03817900	3.77880200
169.83999897	1.03817900	3.77880200
169.91999897	1.03817900	3.77880200
169.99999897	1.03817900	3.77880200
170.07999897	1.03817900	3.77880200
170.15999897	1.03817900	3.77880200
170.23999897	1.03817900	3.77880200
170.31999896	1.03817900	3.77880200
170.39999896	1.03817900	3.60301500
170.47999896	1.03817900	3.60301500
170.55999896	1.02035600	3.77880200
170.63999896	1.03817900	3.60301500
170.71999896	1.02035600	3.77880200
170.79999896	1.03817900	3.77880200
170.87999896	1.03817900	3.60301500
170.95999896	1.02035600	3.60301500
171.03999896	1.02035600	3.60301500
171.11999896	1.03817900	3.60301500
171.19999896	1.03817900	3.60301500
171.27999896	1.02035600	3.60301500
171.35999896	1.03817900	3.60301500
171.43999896	1.02035600	3.60301500
171.51999896	1.02035600	3.60301500
171.59999896	1.02035600	3.60301500
171.67999896	1.02035600	3.42783900
171.75999896	1.02035600	3.60301500
171.83999896	1.02035600	3.60301500
171.91999896	1.02035600	3.60301500
171.99999895	1.02035600	3.42783900
172.07999895	1.02035600	3.60301500
172.15999895	1.02035600	3.42783900
172.23999895	1.02035600	3.42783900
172.31999895	1.02035600	3.42783900
172.39999895	1.02035600	3.42783900
172.47999895	1.02035600	3.42783900
172.55999895	1.02035600	3.42783900
172.63999895	1.02035600	3.42783900
172.71999895	1.02035600	3.42783900
172.79999895	1.02035600	3.42783900
172.87999895	1.02035600	3.42783900
172.95999895	1.02035600	3.42783900
173.03999895	1.02035600	3.42783900
173.11999895	1.02035600	3.42783900
173.19999895	1.02035600	3.42783900
173.27999895	1.02035600	3.42783900
173.35999895	1.02035600	3.42783900
173.43999895	1.02035600	3.42783900
173.51999895	1.02035600	3.42783900
173.59999894	1.02035600	3.42783900
173.67999894	1.02035600	3.42783900
173.75999894	1.02035600	3.42783900
173.83999894	1.02035600	3.42783900
173.91999894	1.02035600	3.42783900
173.99999894	1.02035600	3.42783900
174.07999894	1.02035600	3.42783900
174.15999894	1.02035600	3.42783900
174.23999894	1.02035600	3.42783900
174.31999894	1.02035600	3.42783900
174.39999894	1.02035600	3.42783900
174.47999894	1.02035600	3.42783900
174.55999894	1.02035600	3.42783900
174.63999894	1.02035600	3.42783900
174.71999894	1.02035600	3.42783900
174.79999894	1.02035600	3.42783900
174.87999894	1.02035600	3.42783900
174.95999894	1.02035600	3.42783900
175.03999894	1.02035600	3.42783900
175.11999894	1.02035600	3.42783900
175.19999894	1.02035600	3.42783900
175.27999893	1.02035600	3.42783900
175.35999893	1.03817900	3.42783900
175.43999893	1.02035600	3.42783900
175.51999893	1.02035600	3.42783900
175.59999893	1.02035600	3.42783900
175.67999893	1.02035600	3.42783900
175.75999893	1.02035600	3.42783900
175.83999893	1.02035600	3.25205200
175.91999893	1.03817900	3.25205200
175.99999893	1.02035600	3.42783900
176.07999893	1.03817900	3.42783900
176.15999893	1.02035600	3.42783900
176.23999893	1.02035600	3.25205200
176.31999893	1.02035600	3.42783900
176.39999893	1.02035600	3.42783900
176.47999893	1.02035600	3.42783900
176.55999893	1.02035600	3.42783900
176.63999893	1.02035600	3.25205200
176.71999893	1.02035600	3.42783900
176.79999893	1.02035600	3.42783900
176.87999893	1.02035600	3.42783900
176.95999892	1.02035600	3.42783900
177.03999892	1.02035600	3.42783900
177.11999892	1.02035600	3.25205200
177.19999892	1.02035600	3.42783900
177.27999892	1.02035600	3.25205200
177.35999892	1.03817900	3.42783900
177.43999892	1.03817900	3.25205200
177.51999892	1.02035600	3.42783900
177.59999892	1.03817900	3.42783900
177.67999892	1.02035600	3.42783900
177.75999892	1.02035600	3.42783900
177.83999892	1.02035600	3.42783900
177.91999892	1.02035600	3.42783900
177.99999892	1.02035600	3.42783900
178.07999892	1.02035600	3.42783900
178.15999892	1.02035600	3.42783900
178.23999892	1.02035600	3.42783900
178.31999892	1.02035600	3.42783900
178.39999892	1.02035600	3.42783900
178.47999892	1.02035600	3.42783900
178.55999891	1.03817900	3.42783900
178.63999891	1.03817900	3.42783900
178.71999891	1.02035600	3.42783900
178.79999891	1.02035600	3.42783900
178.87999891	1.03817900	3.42783900
178.95999891	1.02035600	3.42783900
179.03999891	1.02035600	3.42783900
179.11999891	1.03817900	3.42783900
179.19999891	1.02035600	3.42783900
179.27999891	1.02035600	3.42783900
179.35999891	1.03817900	3.42783900
179.43999891	1.03817900	3.42783900
179.51999891	1.02035600	3.42783900
179.59999891	1.02035600	3.42783900
179.67999891	1.02035600	3.42783900
179.75999891	1.03817900	3.42783900
179.83999891	1.02035600	3.42783900
179.91999891	1.02035600	3.42783900
179.99999891	1.02035600	3.42783900
180.07999891	1.03817900	3.42783900
180.15999891	1.03817900	3.42783900
180.23999890	1.03817900	3.42783900
180.31999890	1.02035600	3.42783900
180.39999890	1.03817900	3.42783900
180.47999890	1.03817900	3.42783900
180.55999890	1.02035600	3.42783900
180.63999890	1.02035600	3.42783900
180.71999890	1.03817900	3.42783900
180.79999890	1.03817900	3.42783900
180.87999890	1.02035600	3.42783900
180.95999890	1.03817900	3.42783900
181.03999890	1.03817900	3.42783900
181.11999890	1.03817900	3.42783900
181.19999890	1.02035600	3.42783900
181.27999890	1.03817900	3.42783900
181.35999890	1.03817900	3.42783900
181.43999890	1.03817900	3.60301500
181.51999890	1.03817900	3.42783900
181.59999890	1.02035600	3.60301500
181.67999890	1.03817900	3.60301500
181.75999890	1.03817900	3.60301500
181.83999889	1.03817900	3.60301500
181.91999889	1.03817900	3.60301500
181.99999889	1.03817900	3.60301500
182.07999889	1.03817900	3.60301500
182.15999889	1.03817900	3.60301500
182.23999889	1.03817900	3.60301500
182.31999889	1.03817900	3.60301500
182.39999889	1.03817900	3.60301500
182.47999889	1.03817900	3.60301500
182.55999889	1.03817900	3.60301500
182.63999889	1.03817900	3.60301500
182.71999889	1.03817900	3.60301500
182.79999889	1.03817900	3.77880200
182.87999889	1.03817900	3.77880200
182.95999889	1.03817900	3.60301500
183.03999889	1.03817900	3.77880200
183.11999889	1.02035600	3.77880200
183.19999889	1.03817900	3.77880200
183.27999889	1.03817900	3.77880200
183.35999889	1.03817900	3.77880200
183.43999889	1.03817900	3.60301500
183.51999888	1.03817900	3.77880200
183.59999888	1.02035600	3.77880200
183.67999888	1.03817900	3.77880200
183.75999888	1.03817900	3.77880200
183.83999888	1.03817900	3.77880200
183.91999888	1.03817900	3.77880200
183.99999888	1.03817900	3.77880200
184.07999888	1.02035600	3.95458800
184.15999888	1.03817900	3.77880200
184.23999888	1.03817900	3.95458800
184.31999888	1.02035600	3.95458800
184.39999888	1.03817900	3.77880200
184.47999888	1.03817900	3.95458800
184.55999888	1.03817900	3.95458800
184.63999888	1.03817900	3.95458800
184.71999888	1.03817900	3.95458800
184.79999888	1.03817900	3.95458800
184.87999888	1.03817900	3.95458800
184.95999888	1.03817900	3.95458800
185.03999888	1.02035600	3.95458800
185.11999887	1.03817900	3.95458800
185.19999887	1.03817900	3.95458800
185.27999887	1.03817900	3.95458800
185.35999887	1.03817900	3.95458800
185.43999887	1.03817900	4.12976500
185.51999887	1.07388500	8.69411300
185.59999887	1.03817900	2.72530300
185.67999887	1.03817900	5.18326400
185.75999887	1.03817900	3.95458800
185.83999887	1.03817900	4.48072800
185.91999887	1.03817900	4.12976500
185.99999887	1.03817900	3.60301500
186.07999887	1.02035600	0.61891540
186.15999887	1.03817900	0.26795250
186.23999887	1.05606200	0.09277627
186.31999887	1.03817900	-0.08239998
186.39999887	1.07388500	-0.60914950
186.47999887	1.07388500	-0.78432570
186.55999887	1.07388500	-0.78432570
186.63999887	1.07388500	-0.78432570
186.71999887	1.07388500	-0.60914950
186.79999886	1.07388500	-0.78432570
186.87999886	1.07388500	-0.60914950
186.95999886	1.07388500	-0.60914950
187.03999886	1.09170800	-0.78432570
187.11999886	1.09170800	-0.60914950
187.19999886	1.09170800	-0.60914950
187.27999886	1.09170800	-0.60914950
187.35999886	1.09170800	-0.60914950
187.43999886	1.09170800	-0.60914950
187.51999886	1.09170800	-0.60914950
187.59999886	1.09170800	-0.43336280
187.67999886	1.09170800	-0.43336280
187.75999886	1.09170800	-0.43336280
187.83999886	1.09170800	-0.25818660
187.91999886	1.09170800	-0.08239998
187.99999886	1.09170800	0.09277627
188.07999886	1.09170800	0.61891540
188.15999886	1.09170800	0.61891540
188.23999886	1.09170800	0.61891540
188.31999886	1.09170800	0.79470200
188.39999886	1.09170800	0.61891540
188.47999885	1.09170800	0.79470200
188.55999885	1.09170800	0.61891540
188.63999885	1.09170800	0.79470200
188.71999885	1.09170800	0.79470200
188.79999885	1.10953100	0.79470200
188.87999885	1.10953100	0.79470200
188.95999885	1.10953100	0.79470200
189.03999885	1.09170800	0.79470200
189.11999885	1.09170800	0.79470200
189.19999885	1.10953100	0.79470200
189.27999885	1.10953100	0.79470200
189.35999885	1.10953100	0.79470200
189.43999885	1.10953100	0.79470200
189.51999885	1.10953100	0.79470200
189.59999885	1.10953100	0.79470200
189.67999885	1.10953100	0.96987830
189.75999885	1.10953100	0.79470200
189.83999885	1.10953100	0.79470200
189.91999885	1.10953100	0.96987830
189.99999885	1.10953100	0.79470200
190.07999884	1.10953100	0.96987830
190.15999884	1.09170800	0.96987830
190.23999884	1.10953100	0.79470200
190.31999884	1.10953100	0.96987830
190.39999884	1.10953100	0.96987830
190.47999884	1.10953100	0.96987830
190.55999884	1.10953100	0.96987830
190.63999884	1.10953100	0.96987830
190.71999884	1.10953100	0.96987830
190.79999884	1.10953100	0.96987830
190.87999884	1.10953100	0.96987830
190.95999884	1.09170800	0.96987830
191.03999884	1.10953100	0.96987830
191.11999884	1.10953100	0.96987830
191.19999884	1.10953100	0.96987830
191.27999884	1.10953100	0.96987830
191.35999884	1.10953100	0.96987830
191.43999884	1.10953100	0.96987830
191.51999884	1.10953100	0.96987830
191.59999884	1.10953100	0.96987830
191.67999884	1.09170800	0.96987830
191.75999883	1.10953100	1.14566500
191.83999883	1.10953100	0.96987830
191.91999883	1.10953100	0.96987830
191.99999883	1.09170800	0.96987830
192.07999883	1.09170800	1.14566500
192.15999883	1.09170800	1.14566500
192.23999883	1.09170800	0.96987830
192.31999883	1.09170800	1.14566500
192.39999883	1.09170800	0.96987830
192.47999883	1.10953100	1.14566500
192.55999883	1.09170800	1.14566500
192.63999883	1.09170800	1.14566500
192.71999883	1.09170800	1.14566500
192.79999883	1.09170800	0.96987830
192.87999883	1.09170800	1.14566500
192.95999883	1.09170800	1.14566500
193.03999883	1.09170800	1.14566500
193.11999883	1.09170800	1.14566500
193.19999883	1.09170800	1.14566500
193.27999883	1.09170800	1.14566500
193.35999882	1.09170800	1.14566500
193.43999882	1.09170800	1.14566500
193.51999882	1.09170800	1.14566500
193.59999882	1.09170800	1.14566500
193.67999882	1.07388500	1.14566500
193.75999882	1.07388500	1.14566500
193.83999882	1.07388500	1.14566500
193.91999882	1.07388500	1.14566500
193.99999882	1.07388500	1.14566500
194.07999882	1.07388500	1.14566500
194.15999882	1.07388500	1.14566500
194.23999882	1.07388500	1.14566500
194.31999882	1.07388500	1.14566500
194.39999882	1.07388500	1.14566500
194.47999882	1.07388500	1.14566500
194.55999882	1.07388500	1.14566500
194.63999882	1.05606200	1.14566500
194.71999882	1.05606200	1.14566500
194.79999882	1.05606200	1.14566500
194.87999882	1.05606200	1.14566500
194.95999882	1.05606200	1.32145100
195.03999881	1.05606200	1.14566500
195.11999881	1.03817900	1.14566500
195.19999881	1.03817900	1.14566500
195.27999881	1.05606200	1.14566500
195.35999881	1.03817900	1.32145100
195.43999881	1.03817900	1.14566500
195.51999881	1.03817900	1.32145100
195.59999881	1.03817900	1.32145100
195.67999881	1.03817900	1.14566500
195.75999881	1.03817900	1.14566500
195.83999881	1.03817900	1.32145100
195.91999881	1.03817900	1.32145100
195.99999881	1.03817900	1.14566500
196.07999881	1.03817900	1.32145100
196.15999881	1.03817900	1.32145100
196.23999881	1.03817900	1.14566500
196.31999881	1.03817900	1.32145100
196.39999881	1.02035600	1.14566500
196.47999881	1.02035600	1.32145100
196.55999881	1.03817900	1.32145100
196.63999880	1.03817900	1.14566500
196.71999880	1.03817900	1.32145100
196.79999880	1.03817900	1.14566500
196.87999880	1.03817900	1.14566500
196.95999880	1.02035600	1.14566500
197.03999880	1.02035600	1.32145100
197.11999880	1.03817900	1.14566500
197.19999880	1.03817900	1.32145100
197.27999880	1.03817900	1.32145100
197.35999880	1.03817900	1.32145100
197.43999880	1.03817900	1.32145100
197.51999880	1.02035600	1.14566500
197.59999880	1.02035600	1.32145100
197.67999880	1.03817900	1.32145100
197.75999880	1.03817900	1.14566500
197.83999880	1.03817900	1.14566500
197.91999880	1.02035600	1.32145100
197.99999880	1.02035600	1.14566500
198.07999880	1.03817900	1.32145100
198.15999880	1.02035600	1.32145100
198.23999880	1.02035600	1.32145100
198.31999879	1.02035600	1.32145100
198.39999879	1.02035600	1.14566500
198.47999879	1.03817900	1.32145100
198.55999879	1.02035600	1.14566500
198.63999879	1.03817900	1.32145100
198.71999879	1.02035600	1.32145100
198.79999879	1.02035600	1.32145100
198.87999879	1.03817900	1.32145100
198.95999879	1.03817900	1.32145100
199.03999879	1.02035600	1.14566500
199.11999879	1.02035600	1.14566500
199.19999879	1.02035600	1.32145100
199.27999879	1.02035600	1.32145100
199.35999879	1.02035600	1.14566500
199.43999879	1.02035600	1.32145100
199.51999879	1.02035600	1.32145100
199.59999879	1.02035600	1.32145100
199.67999879	1.02035600	1.14566500
199.75999879	1.02035600	1.32145100
199.83999879	1.02035600	1.14566500
199.91999878	1.02035600	1.14566500
199.99999878	1.02035600	1.14566500
200.07999878	1.02035600	1.32145100
200.15999878	1.03817900	1.32145100
200.23999878	1.02035600	1.14566500
