Time	Channel A	Channel B
(us)	(V)	(V)

0.00000000	1.03817900	4.48072800
0.08000000	1.03817900	4.48072800
0.16000000	1.03817900	4.48072800
0.24000000	1.03817900	4.48072800
0.32000000	1.03817900	4.48072800
0.40000000	1.05606200	4.48072800
0.48000000	1.03817900	4.48072800
0.56000000	1.03817900	4.48072800
0.64000000	1.03817900	4.48072800
0.72000000	1.03817900	4.48072800
0.80000000	1.03817900	4.48072800
0.87999999	1.03817900	4.48072800
0.95999999	1.03817900	4.48072800
1.03999999	1.03817900	4.48072800
1.11999999	1.03817900	4.48072800
1.19999999	1.03817900	4.48072800
1.27999999	1.03817900	4.48072800
1.35999999	1.03817900	4.48072800
1.43999999	1.03817900	4.48072800
1.51999999	1.03817900	4.48072800
1.59999999	1.03817900	4.48072800
1.67999999	1.03817900	4.48072800
1.75999999	1.03817900	4.48072800
1.83999999	1.03817900	4.48072800
1.91999999	1.03817900	4.48072800
1.99999999	1.03817900	4.48072800
2.07999999	1.03817900	4.48072800
2.15999999	1.03817900	4.48072800
2.23999999	1.05606200	4.48072800
2.31999999	1.03817900	4.48072800
2.39999999	1.03817900	4.48072800
2.47999998	1.03817900	4.48072800
2.55999998	1.03817900	4.48072800
2.63999998	1.03817900	4.48072800
2.71999998	1.03817900	4.48072800
2.79999998	1.03817900	4.48072800
2.87999998	1.03817900	4.48072800
2.95999998	1.03817900	4.48072800
3.03999998	1.05606200	4.48072800
3.11999998	1.03817900	4.48072800
3.19999998	1.03817900	4.48072800
3.27999998	1.03817900	4.48072800
3.35999998	1.05606200	4.48072800
3.43999998	1.03817900	4.48072800
3.51999998	1.03817900	4.48072800
3.59999998	1.03817900	4.48072800
3.67999998	1.03817900	4.48072800
3.75999998	1.03817900	4.48072800
3.83999998	1.03817900	4.48072800
3.91999998	1.03817900	4.48072800
3.99999998	1.03817900	4.48072800
4.07999998	1.03817900	4.48072800
4.15999997	1.03817900	4.48072800
4.23999997	1.03817900	4.48072800
4.31999997	1.03817900	4.48072800
4.39999997	1.03817900	4.48072800
4.47999997	1.03817900	4.48072800
4.55999997	1.03817900	4.48072800
4.63999997	1.03817900	4.48072800
4.71999997	1.03817900	4.48072800
4.79999997	1.05606200	4.48072800
4.87999997	1.03817900	4.48072800
4.95999997	1.03817900	4.48072800
5.03999997	1.05606200	4.48072800
5.11999997	1.03817900	4.48072800
5.19999997	1.03817900	4.48072800
5.27999997	1.03817900	4.48072800
5.35999997	1.03817900	4.48072800
5.43999997	1.05606200	4.48072800
5.51999997	1.03817900	4.48072800
5.59999997	1.03817900	4.65651400
5.67999997	1.03817900	4.65651400
5.75999996	1.03817900	4.48072800
5.83999996	1.03817900	4.48072800
5.91999996	1.03817900	4.48072800
5.99999996	1.05606200	4.12976500
6.07999996	1.03817900	2.90108900
6.15999996	1.03817900	2.02337700
6.23999996	1.03817900	2.02337700
6.31999996	1.05606200	1.67241400
6.39999996	1.03817900	0.79470200
6.47999996	1.05606200	0.61891540
6.55999996	1.03817900	0.79470200
6.63999996	1.05606200	0.61891540
6.71999996	1.05606200	0.61891540
6.79999996	1.05606200	0.61891540
6.87999996	1.05606200	0.79470200
6.95999996	1.05606200	0.61891540
7.03999996	1.05606200	0.61891540
7.11999996	1.05606200	0.61891540
7.19999996	1.05606200	0.79470200
7.27999996	1.05606200	0.79470200
7.35999996	1.03817900	0.61891540
7.43999995	1.05606200	0.79470200
7.51999995	1.05606200	0.79470200
7.59999995	1.05606200	0.79470200
7.67999995	1.05606200	0.79470200
7.75999995	1.05606200	0.79470200
7.83999995	1.05606200	0.79470200
7.91999995	1.05606200	0.79470200
7.99999995	1.03817900	0.79470200
8.07999995	1.03817900	0.79470200
8.15999995	1.05606200	0.79470200
8.23999995	1.05606200	0.79470200
8.31999995	1.05606200	0.79470200
8.39999995	1.05606200	0.79470200
8.47999995	1.05606200	0.79470200
8.55999995	1.03817900	0.79470200
8.63999995	1.05606200	0.79470200
8.71999995	1.05606200	0.79470200
8.79999995	1.05606200	0.79470200
8.87999995	1.05606200	0.79470200
8.95999995	1.03817900	0.79470200
9.03999995	1.05606200	0.79470200
9.11999994	1.05606200	0.79470200
9.19999994	1.03817900	0.79470200
9.27999994	1.05606200	0.79470200
9.35999994	1.05606200	0.79470200
9.43999994	1.03817900	0.79470200
9.51999994	1.05606200	0.79470200
9.59999994	1.05606200	0.79470200
9.67999994	1.03817900	0.79470200
9.75999994	1.05606200	0.79470200
9.83999994	1.03817900	0.79470200
9.91999994	1.03817900	0.96987830
9.99999994	1.03817900	0.79470200
10.07999994	1.03817900	0.79470200
10.15999994	1.03817900	0.79470200
10.23999994	1.05606200	0.96987830
10.31999994	1.05606200	0.96987830
10.39999994	1.03817900	0.79470200
10.47999994	1.03817900	0.79470200
10.55999994	1.05606200	0.79470200
10.63999994	1.05606200	0.96987830
10.71999993	1.05606200	0.79470200
10.79999993	1.05606200	0.96987830
10.87999993	1.03817900	0.79470200
10.95999993	1.05606200	0.96987830
11.03999993	1.05606200	0.79470200
11.11999993	1.05606200	0.79470200
11.19999993	1.05606200	0.79470200
11.27999993	1.03817900	0.96987830
11.35999993	1.03817900	0.96987830
11.43999993	1.03817900	0.96987830
11.51999993	1.05606200	0.96987830
11.59999993	1.03817900	0.79470200
11.67999993	1.03817900	0.79470200
11.75999993	1.05606200	0.96987830
11.83999993	1.05606200	0.79470200
11.91999993	1.03817900	0.96987830
11.99999993	1.05606200	0.96987830
12.07999993	1.05606200	0.96987830
12.15999993	1.05606200	0.96987830
12.23999993	1.05606200	0.96987830
12.31999993	1.03817900	0.96987830
12.39999992	1.03817900	0.96987830
12.47999992	1.05606200	0.96987830
12.55999992	1.03817900	0.96987830
12.63999992	1.05606200	0.96987830
12.71999992	1.03817900	0.96987830
12.79999992	1.03817900	0.96987830
12.87999992	1.03817900	0.96987830
12.95999992	1.03817900	0.96987830
13.03999992	1.03817900	0.96987830
13.11999992	1.05606200	0.96987830
13.19999992	1.03817900	0.96987830
13.27999992	1.03817900	0.96987830
13.35999992	1.03817900	0.96987830
13.43999992	1.03817900	0.96987830
13.51999992	1.03817900	0.96987830
13.59999992	1.03817900	0.96987830
13.67999992	1.03817900	0.96987830
13.75999992	1.03817900	0.96987830
13.83999992	1.05606200	0.96987830
13.91999992	1.03817900	0.96987830
13.99999991	1.03817900	0.96987830
14.07999991	1.03817900	0.96987830
14.15999991	1.03817900	0.96987830
14.23999991	1.05606200	0.96987830
14.31999991	1.05606200	0.79470200
14.39999991	1.03817900	0.79470200
14.47999991	1.03817900	0.96987830
14.55999991	1.03817900	0.96987830
14.63999991	1.03817900	0.96987830
14.71999991	1.03817900	0.96987830
14.79999991	1.03817900	0.96987830
14.87999991	1.03817900	0.96987830
14.95999991	1.03817900	0.96987830
15.03999991	1.03817900	0.96987830
15.11999991	1.03817900	0.96987830
15.19999991	1.05606200	0.96987830
15.27999991	1.03817900	0.96987830
15.35999991	1.03817900	0.96987830
15.43999991	1.03817900	0.96987830
15.51999991	1.03817900	0.96987830
15.59999991	1.03817900	0.79470200
15.67999990	1.03817900	0.96987830
15.75999990	1.03817900	0.96987830
15.83999990	1.03817900	0.96987830
15.91999990	1.03817900	0.96987830
15.99999990	1.03817900	0.96987830
16.07999990	1.03817900	0.96987830
16.15999990	1.03817900	0.96987830
16.23999990	1.03817900	0.96987830
16.31999990	1.03817900	0.96987830
16.39999990	1.03817900	0.96987830
16.47999990	1.03817900	0.96987830
16.55999990	1.03817900	0.96987830
16.63999990	1.03817900	0.96987830
16.71999990	1.03817900	0.96987830
16.79999990	1.03817900	0.96987830
16.87999990	1.03817900	0.96987830
16.95999990	1.03817900	0.96987830
17.03999990	1.03817900	0.96987830
17.11999990	1.03817900	0.96987830
17.19999990	1.03817900	0.96987830
17.27999989	1.03817900	0.96987830
17.35999989	1.03817900	0.96987830
17.43999989	1.03817900	0.96987830
17.51999989	1.03817900	0.96987830
17.59999989	1.03817900	0.96987830
17.67999989	1.03817900	0.96987830
17.75999989	1.03817900	0.96987830
17.83999989	1.03817900	0.96987830
17.91999989	1.03817900	0.96987830
17.99999989	1.03817900	0.96987830
18.07999989	1.03817900	0.96987830
18.15999989	1.03817900	0.96987830
18.23999989	1.03817900	0.96987830
18.31999989	1.03817900	0.96987830
18.39999989	1.03817900	0.96987830
18.47999989	1.03817900	0.96987830
18.55999989	1.03817900	0.96987830
18.63999989	1.03817900	0.96987830
18.71999989	1.03817900	0.96987830
18.79999989	1.03817900	0.96987830
18.87999989	1.03817900	0.96987830
18.95999988	1.03817900	0.96987830
19.03999988	1.03817900	0.96987830
19.11999988	1.03817900	0.96987830
19.19999988	1.03817900	0.96987830
19.27999988	1.03817900	0.96987830
19.35999988	1.03817900	0.96987830
19.43999988	1.03817900	0.96987830
19.51999988	1.03817900	0.96987830
19.59999988	1.03817900	0.96987830
19.67999988	1.03817900	0.96987830
19.75999988	1.03817900	0.96987830
19.83999988	1.03817900	0.96987830
19.91999988	1.03817900	0.96987830
19.99999988	1.03817900	0.96987830
20.07999988	1.03817900	0.96987830
20.15999988	1.03817900	0.96987830
20.23999988	1.03817900	0.96987830
20.31999988	1.03817900	0.96987830
20.39999988	1.03817900	0.96987830
20.47999988	1.03817900	0.96987830
20.55999988	1.03817900	0.79470200
20.63999987	1.03817900	0.96987830
20.71999987	1.03817900	0.96987830
20.79999987	1.03817900	0.96987830
20.87999987	1.03817900	0.96987830
20.95999987	1.03817900	0.79470200
21.03999987	1.03817900	0.96987830
21.11999987	1.03817900	0.79470200
21.19999987	1.03817900	0.96987830
21.27999987	1.03817900	0.96987830
21.35999987	1.03817900	0.96987830
21.43999987	1.03817900	0.96987830
21.51999987	1.03817900	0.96987830
21.59999987	1.03817900	0.79470200
21.67999987	1.03817900	0.96987830
21.75999987	1.03817900	0.96987830
21.83999987	1.03817900	0.79470200
21.91999987	1.03817900	0.96987830
21.99999987	1.03817900	0.96987830
22.07999987	1.03817900	0.96987830
22.15999987	1.03817900	0.96987830
22.23999986	1.03817900	0.96987830
22.31999986	1.03817900	0.79470200
22.39999986	1.03817900	0.79470200
22.47999986	1.03817900	0.96987830
22.55999986	1.03817900	0.79470200
22.63999986	1.03817900	0.79470200
22.71999986	1.03817900	0.79470200
22.79999986	1.03817900	0.96987830
22.87999986	1.03817900	0.79470200
22.95999986	1.03817900	0.79470200
23.03999986	1.03817900	0.96987830
23.11999986	1.03817900	0.79470200
23.19999986	1.03817900	0.96987830
23.27999986	1.03817900	0.79470200
23.35999986	1.03817900	0.79470200
23.43999986	1.03817900	0.79470200
23.51999986	1.03817900	0.96987830
23.59999986	1.03817900	0.96987830
23.67999986	1.03817900	0.79470200
23.75999986	1.03817900	0.79470200
23.83999986	1.03817900	0.79470200
23.91999985	1.03817900	0.96987830
23.99999985	1.03817900	0.79470200
24.07999985	1.03817900	0.79470200
24.15999985	1.03817900	0.79470200
24.23999985	1.03817900	0.79470200
24.31999985	1.03817900	0.79470200
24.39999985	1.03817900	0.79470200
24.47999985	1.03817900	0.79470200
24.55999985	1.03817900	0.79470200
24.63999985	1.03817900	0.96987830
24.71999985	1.03817900	0.79470200
24.79999985	1.03817900	0.79470200
24.87999985	1.03817900	0.79470200
24.95999985	1.03817900	0.79470200
25.03999985	1.03817900	0.79470200
25.11999985	1.03817900	0.79470200
25.19999985	1.03817900	0.79470200
25.27999985	1.03817900	0.79470200
25.35999985	1.03817900	0.79470200
25.43999985	1.03817900	0.79470200
25.51999984	1.03817900	0.79470200
25.59999984	1.02035600	0.79470200
25.67999984	1.03817900	0.79470200
25.75999984	1.03817900	0.79470200
25.83999984	1.03817900	0.79470200
25.91999984	1.03817900	0.79470200
25.99999984	1.03817900	0.79470200
26.07999984	1.03817900	0.79470200
26.15999984	1.03817900	0.79470200
26.23999984	1.03817900	0.79470200
26.31999984	1.02035600	0.79470200
26.39999984	1.03817900	0.79470200
26.47999984	1.03817900	0.79470200
26.55999984	1.03817900	0.79470200
26.63999984	1.03817900	0.96987830
26.71999984	1.07388500	7.64061400
26.79999984	1.02035600	5.71001300
26.87999984	1.02035600	6.23615200
26.95999984	1.02035600	5.88519000
27.03999984	1.02035600	5.53422600
27.11999984	1.02035600	5.71001300
27.19999983	1.02035600	5.71001300
27.27999983	1.02035600	5.71001300
27.35999983	1.02035600	5.71001300
27.43999983	1.02035600	5.71001300
27.51999983	1.02035600	5.71001300
27.59999983	1.02035600	6.76290200
27.67999983	1.02035600	4.83230100
27.75999983	1.02035600	5.71001300
27.83999983	1.02035600	5.35844000
27.91999983	1.03817900	5.53422600
27.99999983	1.03817900	5.18326400
28.07999983	1.03817900	4.30555200
28.15999983	1.03817900	4.30555200
28.23999983	1.05606200	4.12976500
28.31999983	1.03817900	4.12976500
28.39999983	1.03817900	4.12976500
28.47999983	1.05606200	4.12976500
28.55999983	1.03817900	4.12976500
28.63999983	1.03817900	4.12976500
28.71999983	1.03817900	4.12976500
28.79999982	1.03817900	4.12976500
28.87999982	1.05606200	4.12976500
28.95999982	1.05606200	4.12976500
29.03999982	1.03817900	4.12976500
29.11999982	1.05606200	3.95458800
29.19999982	1.03817900	3.95458800
29.27999982	1.03817900	4.12976500
29.35999982	1.05606200	3.95458800
29.43999982	1.05606200	3.95458800
29.51999982	1.03817900	4.12976500
29.59999982	1.05606200	3.95458800
29.67999982	1.05606200	3.95458800
29.75999982	1.05606200	3.95458800
29.83999982	1.05606200	3.95458800
29.91999982	1.05606200	3.95458800
29.99999982	1.05606200	3.95458800
30.07999982	1.05606200	3.95458800
30.15999982	1.05606200	3.77880200
30.23999982	1.05606200	3.95458800
30.31999982	1.05606200	3.77880200
30.39999982	1.05606200	3.95458800
30.47999981	1.03817900	3.95458800
30.55999981	1.05606200	3.95458800
30.63999981	1.05606200	3.77880200
30.71999981	1.03817900	3.77880200
30.79999981	1.05606200	3.77880200
30.87999981	1.03817900	3.77880200
30.95999981	1.05606200	3.77880200
31.03999981	1.05606200	3.77880200
31.11999981	1.03817900	3.77880200
31.19999981	1.05606200	3.77880200
31.27999981	1.05606200	3.77880200
31.35999981	1.03817900	3.77880200
31.43999981	1.05606200	3.77880200
31.51999981	1.03817900	3.77880200
31.59999981	1.05606200	3.77880200
31.67999981	1.03817900	3.77880200
31.75999981	1.03817900	3.77880200
31.83999981	1.03817900	3.77880200
31.91999981	1.05606200	3.60301500
31.99999981	1.03817900	3.77880200
32.07999981	1.03817900	3.60301500
32.15999980	1.03817900	3.60301500
32.23999980	1.03817900	3.60301500
32.31999980	1.03817900	3.60301500
32.39999980	1.03817900	3.60301500
32.47999980	1.03817900	3.60301500
32.55999980	1.03817900	3.60301500
32.63999980	1.03817900	3.60301500
32.71999980	1.03817900	3.60301500
32.79999980	1.03817900	3.60301500
32.87999980	1.03817900	3.60301500
32.95999980	1.03817900	3.60301500
33.03999980	1.03817900	3.60301500
33.11999980	1.03817900	3.60301500
33.19999980	1.03817900	3.60301500
33.27999980	1.03817900	3.60301500
33.35999980	1.03817900	3.60301500
33.43999980	1.03817900	3.60301500
33.51999980	1.03817900	3.42783900
33.59999980	1.03817900	3.42783900
33.67999980	1.03817900	3.60301500
33.75999979	1.03817900	3.60301500
33.83999979	1.03817900	3.42783900
33.91999979	1.03817900	3.60301500
33.99999979	1.03817900	3.42783900
34.07999979	1.03817900	3.42783900
34.15999979	1.03817900	3.42783900
34.23999979	1.03817900	3.42783900
34.31999979	1.03817900	3.42783900
34.39999979	1.03817900	3.42783900
34.47999979	1.03817900	3.42783900
34.55999979	1.03817900	3.42783900
34.63999979	1.03817900	3.42783900
34.71999979	1.03817900	3.42783900
34.79999979	1.03817900	3.42783900
34.87999979	1.02035600	3.42783900
34.95999979	1.03817900	3.42783900
35.03999979	1.03817900	3.42783900
35.11999979	1.03817900	3.42783900
35.19999979	1.03817900	3.42783900
35.27999979	1.03817900	3.42783900
35.35999979	1.03817900	3.42783900
35.43999978	1.03817900	3.42783900
35.51999978	1.03817900	3.42783900
35.59999978	1.03817900	3.42783900
35.67999978	1.03817900	3.42783900
35.75999978	1.03817900	3.42783900
35.83999978	1.03817900	3.42783900
35.91999978	1.03817900	3.42783900
35.99999978	1.03817900	3.42783900
36.07999978	1.03817900	3.42783900
36.15999978	1.03817900	3.42783900
36.23999978	1.03817900	3.42783900
36.31999978	1.03817900	3.42783900
36.39999978	1.03817900	3.42783900
36.47999978	1.03817900	3.42783900
36.55999978	1.03817900	3.42783900
36.63999978	1.03817900	3.42783900
36.71999978	1.03817900	3.42783900
36.79999978	1.03817900	3.25205200
36.87999978	1.03817900	3.42783900
36.95999978	1.03817900	3.42783900
37.03999977	1.02035600	3.42783900
37.11999977	1.03817900	3.42783900
37.19999977	1.03817900	3.42783900
37.27999977	1.03817900	3.25205200
37.35999977	1.03817900	3.42783900
37.43999977	1.03817900	3.42783900
37.51999977	1.03817900	3.42783900
37.59999977	1.03817900	3.42783900
37.67999977	1.03817900	3.42783900
37.75999977	1.03817900	3.25205200
37.83999977	1.03817900	3.42783900
37.91999977	1.03817900	3.42783900
37.99999977	1.03817900	3.42783900
38.07999977	1.03817900	3.42783900
38.15999977	1.03817900	3.42783900
38.23999977	1.03817900	3.42783900
38.31999977	1.03817900	3.42783900
38.39999977	1.03817900	3.42783900
38.47999977	1.03817900	3.42783900
38.55999977	1.03817900	3.42783900
38.63999977	1.03817900	3.42783900
38.71999976	1.03817900	3.42783900
38.79999976	1.03817900	3.42783900
38.87999976	1.03817900	3.25205200
38.95999976	1.03817900	3.42783900
39.03999976	1.03817900	3.42783900
39.11999976	1.03817900	3.42783900
39.19999976	1.03817900	3.42783900
39.27999976	1.03817900	3.42783900
39.35999976	1.03817900	3.42783900
39.43999976	1.03817900	3.42783900
39.51999976	1.03817900	3.25205200
39.59999976	1.03817900	3.25205200
39.67999976	1.03817900	3.42783900
39.75999976	1.03817900	3.42783900
39.83999976	1.03817900	3.42783900
39.91999976	1.03817900	3.42783900
39.99999976	1.03817900	3.25205200
40.07999976	1.03817900	3.42783900
40.15999976	1.03817900	3.42783900
40.23999976	1.03817900	3.42783900
40.31999975	1.03817900	3.42783900
40.39999975	1.03817900	3.42783900
40.47999975	1.03817900	3.42783900
40.55999975	1.03817900	3.42783900
40.63999975	1.03817900	3.42783900
40.71999975	1.03817900	3.42783900
40.79999975	1.03817900	3.42783900
40.87999975	1.03817900	3.42783900
40.95999975	1.03817900	3.42783900
41.03999975	1.03817900	3.42783900
41.11999975	1.03817900	3.42783900
41.19999975	1.03817900	3.42783900
41.27999975	1.03817900	3.42783900
41.35999975	1.03817900	3.42783900
41.43999975	1.03817900	3.42783900
41.51999975	1.03817900	3.42783900
41.59999975	1.03817900	3.42783900
41.67999975	1.03817900	3.42783900
41.75999975	1.03817900	3.42783900
41.83999975	1.03817900	3.42783900
41.91999975	1.03817900	3.42783900
41.99999974	1.05606200	3.42783900
42.07999974	1.03817900	3.42783900
42.15999974	1.03817900	3.42783900
42.23999974	1.03817900	3.42783900
42.31999974	1.03817900	3.42783900
42.39999974	1.03817900	3.60301500
42.47999974	1.03817900	3.42783900
42.55999974	1.03817900	3.42783900
42.63999974	1.05606200	3.42783900
42.71999974	1.03817900	3.60301500
42.79999974	1.03817900	3.42783900
42.87999974	1.03817900	3.60301500
42.95999974	1.03817900	3.60301500
43.03999974	1.05606200	3.60301500
43.11999974	1.03817900	3.42783900
43.19999974	1.03817900	3.60301500
43.27999974	1.03817900	3.60301500
43.35999974	1.03817900	3.42783900
43.43999974	1.03817900	3.60301500
43.51999974	1.03817900	3.60301500
43.59999974	1.03817900	3.60301500
43.67999973	1.05606200	3.60301500
43.75999973	1.03817900	3.60301500
43.83999973	1.05606200	3.77880200
43.91999973	1.03817900	3.60301500
43.99999973	1.03817900	3.77880200
44.07999973	1.03817900	3.60301500
44.15999973	1.03817900	3.77880200
44.23999973	1.03817900	3.77880200
44.31999973	1.03817900	3.77880200
44.39999973	1.03817900	3.77880200
44.47999973	1.05606200	3.77880200
44.55999973	1.03817900	3.77880200
44.63999973	1.05606200	3.77880200
44.71999973	1.03817900	3.77880200
44.79999973	1.05606200	3.77880200
44.87999973	1.03817900	3.77880200
44.95999973	1.03817900	3.77880200
45.03999973	1.03817900	3.77880200
45.11999973	1.03817900	3.77880200
45.19999973	1.03817900	3.77880200
45.27999972	1.05606200	3.77880200
45.35999972	1.03817900	3.95458800
45.43999972	1.05606200	3.77880200
45.51999972	1.05606200	3.77880200
45.59999972	1.05606200	3.77880200
45.67999972	1.03817900	3.95458800
45.75999972	1.05606200	3.77880200
45.83999972	1.03817900	3.95458800
45.91999972	1.03817900	3.95458800
45.99999972	1.05606200	3.95458800
46.07999972	1.03817900	3.95458800
46.15999972	1.03817900	3.95458800
46.23999972	1.05606200	3.95458800
46.31999972	1.03817900	3.95458800
46.39999972	1.05606200	3.95458800
46.47999972	1.05606200	3.95458800
46.55999972	1.03817900	3.95458800
46.63999972	1.05606200	3.95458800
46.71999972	1.05606200	3.95458800
46.79999972	1.03817900	3.95458800
46.87999972	1.03817900	4.12976500
46.95999971	1.05606200	4.12976500
47.03999971	1.07388500	8.86928900
47.11999971	1.02035600	6.23615200
47.19999971	1.05606200	3.77880200
47.27999971	1.07388500	4.65651400
47.35999971	1.05606200	4.30555200
47.43999971	1.05606200	4.48072800
47.51999971	1.05606200	3.77880200
47.59999971	1.05606200	-0.08239998
47.67999971	1.07388500	0.26795250
47.75999971	1.05606200	0.26795250
47.83999971	1.07388500	0.09277627
47.91999971	1.07388500	-0.08239998
47.99999971	1.07388500	-0.78432570
48.07999971	1.09170800	-0.78432570
48.15999971	1.09170800	-0.78432570
48.23999971	1.09170800	-0.78432570
48.31999971	1.09170800	-0.60914950
48.39999971	1.09170800	-0.60914950
48.47999971	1.09170800	-0.60914950
48.55999970	1.09170800	-0.60914950
48.63999970	1.09170800	-0.60914950
48.71999970	1.09170800	-0.43336280
48.79999970	1.09170800	-0.60914950
48.87999970	1.09170800	-0.60914950
48.95999970	1.10953100	-0.43336280
49.03999970	1.10953100	-0.43336280
49.11999970	1.10953100	-0.43336280
49.19999970	1.10953100	-0.25818660
49.27999970	1.10953100	-0.25818660
49.35999970	1.10953100	-0.25818660
49.43999970	1.10953100	-0.08239998
49.51999970	1.10953100	0.61891540
49.59999970	1.10953100	0.61891540
49.67999970	1.10953100	0.61891540
49.75999970	1.10953100	0.79470200
49.83999970	1.10953100	0.79470200
49.91999970	1.10953100	0.79470200
49.99999970	1.10953100	0.61891540
50.07999970	1.10953100	0.79470200
50.15999970	1.10953100	0.79470200
50.23999969	1.10953100	0.79470200
50.31999969	1.10953100	0.79470200
50.39999969	1.10953100	0.79470200
50.47999969	1.10953100	0.79470200
50.55999969	1.12741500	0.79470200
50.63999969	1.10953100	0.79470200
50.71999969	1.12741500	0.79470200
50.79999969	1.12741500	0.79470200
50.87999969	1.12741500	0.96987830
50.95999969	1.10953100	0.96987830
51.03999969	1.10953100	0.96987830
51.11999969	1.12741500	0.96987830
51.19999969	1.12741500	0.96987830
51.27999969	1.12741500	0.96987830
51.35999969	1.12741500	0.96987830
51.43999969	1.12741500	0.79470200
51.51999969	1.12741500	0.96987830
51.59999969	1.12741500	0.79470200
51.67999969	1.12741500	0.96987830
51.75999969	1.12741500	0.96987830
51.83999968	1.12741500	0.96987830
51.91999968	1.12741500	0.96987830
51.99999968	1.12741500	0.96987830
52.07999968	1.10953100	0.96987830
52.15999968	1.12741500	0.96987830
52.23999968	1.12741500	0.96987830
52.31999968	1.12741500	0.96987830
52.39999968	1.12741500	0.96987830
52.47999968	1.12741500	0.96987830
52.55999968	1.12741500	0.96987830
52.63999968	1.10953100	0.96987830
52.71999968	1.12741500	0.96987830
52.79999968	1.12741500	0.96987830
52.87999968	1.12741500	0.96987830
52.95999968	1.10953100	0.96987830
53.03999968	1.12741500	1.14566500
53.11999968	1.10953100	1.14566500
53.19999968	1.10953100	0.96987830
53.27999968	1.12741500	0.96987830
53.35999968	1.12741500	0.96987830
53.43999968	1.12741500	1.14566500
53.51999967	1.12741500	1.14566500
53.59999967	1.12741500	1.14566500
53.67999967	1.12741500	1.14566500
53.75999967	1.10953100	1.14566500
53.83999967	1.10953100	1.14566500
53.91999967	1.10953100	1.14566500
53.99999967	1.12741500	1.14566500
54.07999967	1.10953100	1.14566500
54.15999967	1.10953100	1.14566500
54.23999967	1.10953100	1.14566500
54.31999967	1.09170800	1.14566500
54.39999967	1.10953100	1.14566500
54.47999967	1.10953100	1.14566500
54.55999967	1.10953100	1.14566500
54.63999967	1.09170800	1.14566500
54.71999967	1.10953100	1.14566500
54.79999967	1.09170800	1.14566500
54.87999967	1.09170800	1.14566500
54.95999967	1.09170800	1.14566500
55.03999967	1.10953100	1.14566500
55.11999967	1.09170800	1.14566500
55.19999966	1.09170800	1.14566500
55.27999966	1.09170800	1.14566500
55.35999966	1.09170800	1.14566500
55.43999966	1.09170800	1.14566500
55.51999966	1.09170800	1.14566500
55.59999966	1.09170800	1.14566500
55.67999966	1.09170800	1.14566500
55.75999966	1.09170800	1.14566500
55.83999966	1.09170800	1.14566500
55.91999966	1.09170800	1.14566500
55.99999966	1.09170800	1.14566500
56.07999966	1.07388500	1.14566500
56.15999966	1.07388500	1.14566500
56.23999966	1.07388500	1.14566500
56.31999966	1.07388500	1.32145100
56.39999966	1.07388500	1.14566500
56.47999966	1.07388500	1.14566500
56.55999966	1.07388500	1.14566500
56.63999966	1.07388500	1.32145100
56.71999966	1.05606200	1.14566500
56.79999965	1.07388500	1.32145100
56.87999965	1.07388500	1.32145100
56.95999965	1.05606200	1.32145100
57.03999965	1.05606200	1.32145100
57.11999965	1.05606200	1.14566500
57.19999965	1.05606200	1.14566500
57.27999965	1.05606200	1.14566500
57.35999965	1.05606200	1.32145100
57.43999965	1.05606200	1.32145100
57.51999965	1.05606200	1.32145100
57.59999965	1.05606200	1.32145100
57.67999965	1.05606200	1.32145100
57.75999965	1.03817900	1.32145100
57.83999965	1.03817900	1.32145100
57.91999965	1.03817900	1.32145100
57.99999965	1.03817900	1.32145100
58.07999965	1.03817900	1.14566500
58.15999965	1.03817900	1.32145100
58.23999965	1.03817900	1.32145100
58.31999965	1.03817900	1.14566500
58.39999965	1.05606200	1.32145100
58.47999964	1.05606200	1.32145100
58.55999964	1.05606200	1.32145100
58.63999964	1.03817900	1.32145100
58.71999964	1.03817900	1.32145100
58.79999964	1.03817900	1.32145100
58.87999964	1.05606200	1.32145100
58.95999964	1.03817900	1.32145100
59.03999964	1.05606200	1.32145100
59.11999964	1.03817900	1.32145100
59.19999964	1.03817900	1.32145100
59.27999964	1.03817900	1.32145100
59.35999964	1.03817900	1.32145100
59.43999964	1.03817900	1.32145100
59.51999964	1.03817900	1.32145100
59.59999964	1.03817900	1.32145100
59.67999964	1.03817900	1.32145100
59.75999964	1.03817900	1.32145100
59.83999964	1.03817900	1.32145100
59.91999964	1.03817900	1.32145100
59.99999964	1.03817900	1.32145100
60.07999963	1.03817900	1.32145100
60.15999963	1.03817900	1.32145100
60.23999963	1.03817900	1.32145100
60.31999963	1.03817900	1.32145100
60.39999963	1.03817900	1.32145100
60.47999963	1.03817900	1.14566500
60.55999963	1.03817900	1.32145100
60.63999963	1.03817900	1.32145100
60.71999963	1.03817900	1.32145100
60.79999963	1.03817900	1.32145100
60.87999963	1.03817900	1.14566500
60.95999963	1.03817900	1.32145100
61.03999963	1.03817900	1.32145100
61.11999963	1.03817900	1.32145100
61.19999963	1.03817900	1.32145100
61.27999963	1.03817900	1.14566500
61.35999963	1.03817900	1.32145100
61.43999963	1.03817900	1.32145100
61.51999963	1.03817900	1.14566500
61.59999963	1.03817900	1.32145100
61.67999963	1.03817900	1.14566500
61.75999962	1.03817900	1.32145100
61.83999962	1.03817900	1.14566500
61.91999962	1.03817900	1.32145100
61.99999962	1.03817900	1.32145100
62.07999962	1.03817900	1.32145100
62.15999962	1.03817900	1.14566500
62.23999962	1.03817900	1.14566500
62.31999962	1.03817900	1.14566500
62.39999962	1.03817900	1.14566500
62.47999962	1.03817900	1.14566500
62.55999962	1.03817900	1.14566500
62.63999962	1.03817900	1.14566500
62.71999962	1.03817900	1.14566500
62.79999962	1.03817900	1.14566500
62.87999962	1.03817900	1.32145100
62.95999962	1.03817900	1.14566500
63.03999962	1.03817900	1.14566500
63.11999962	1.03817900	1.14566500
63.19999962	1.03817900	1.14566500
63.27999962	1.03817900	1.32145100
63.35999961	1.03817900	1.32145100
63.43999961	1.03817900	1.14566500
63.51999961	1.03817900	1.14566500
63.59999961	1.03817900	1.14566500
63.67999961	1.03817900	1.14566500
63.75999961	1.03817900	1.14566500
63.83999961	1.03817900	1.14566500
63.91999961	1.03817900	1.14566500
63.99999961	1.03817900	1.14566500
64.07999961	1.03817900	1.14566500
64.15999961	1.03817900	1.14566500
64.23999961	1.03817900	1.14566500
64.31999961	1.03817900	1.14566500
64.39999961	1.03817900	0.96987830
64.47999961	1.03817900	1.14566500
64.55999961	1.03817900	1.14566500
64.63999961	1.03817900	1.14566500
64.71999961	1.03817900	1.14566500
64.79999961	1.03817900	1.14566500
64.87999961	1.02035600	1.14566500
64.95999961	1.03817900	1.14566500
65.03999960	1.03817900	1.14566500
65.11999960	1.03817900	1.14566500
65.19999960	1.03817900	1.14566500
65.27999960	1.03817900	1.14566500
65.35999960	1.03817900	1.14566500
65.43999960	1.03817900	1.14566500
65.51999960	1.03817900	1.14566500
65.59999960	1.03817900	1.14566500
65.67999960	1.03817900	1.14566500
65.75999960	1.03817900	1.14566500
65.83999960	1.03817900	0.96987830
65.91999960	1.02035600	1.14566500
65.99999960	1.03817900	1.14566500
66.07999960	1.03817900	1.14566500
66.15999960	1.03817900	1.14566500
66.23999960	1.02035600	0.96987830
66.31999960	1.03817900	0.96987830
66.39999960	1.03817900	0.96987830
66.47999960	1.03817900	0.96987830
66.55999960	1.02035600	0.96987830
66.63999959	1.02035600	0.96987830
66.71999959	1.03817900	0.96987830
66.79999959	1.03817900	0.96987830
66.87999959	1.03817900	0.96987830
66.95999959	1.02035600	0.96987830
67.03999959	1.02035600	0.96987830
67.11999959	1.03817900	0.96987830
67.19999959	1.03817900	0.96987830
67.27999959	1.03817900	0.96987830
67.35999959	1.02035600	0.96987830
67.43999959	1.02035600	0.96987830
67.51999959	1.03817900	0.79470200
67.59999959	1.02035600	0.96987830
67.67999959	1.03817900	0.96987830
67.75999959	1.02035600	0.96987830
67.83999959	1.02035600	0.96987830
67.91999959	1.03817900	0.96987830
67.99999959	1.03817900	0.79470200
68.07999959	1.03817900	0.96987830
68.15999959	1.03817900	0.96987830
68.23999959	1.03817900	0.79470200
68.31999958	1.03817900	0.79470200
68.39999958	1.03817900	0.79470200
68.47999958	1.03817900	0.79470200
68.55999958	1.03817900	0.79470200
68.63999958	1.03817900	0.79470200
68.71999958	1.03817900	0.96987830
68.79999958	1.03817900	0.79470200
68.87999958	1.03817900	0.96987830
68.95999958	1.03817900	0.79470200
69.03999958	1.03817900	0.79470200
69.11999958	1.03817900	0.79470200
69.19999958	1.03817900	0.79470200
69.27999958	1.03817900	0.79470200
69.35999958	1.03817900	0.79470200
69.43999958	1.03817900	0.79470200
69.51999958	1.03817900	0.79470200
69.59999958	1.03817900	0.79470200
69.67999958	1.03817900	0.79470200
69.75999958	1.03817900	0.79470200
69.83999958	1.03817900	0.79470200
69.91999958	1.03817900	0.61891540
69.99999957	1.03817900	0.79470200
70.07999957	1.03817900	0.79470200
70.15999957	1.03817900	0.61891540
70.23999957	1.03817900	0.79470200
70.31999957	1.03817900	0.79470200
70.39999957	1.03817900	0.61891540
70.47999957	1.03817900	0.61891540
70.55999957	1.03817900	0.61891540
70.63999957	1.03817900	0.61891540
70.71999957	1.03817900	0.61891540
70.79999957	1.00253300	6.93868800
70.87999957	1.07388500	5.53422600
70.95999957	1.03817900	5.88519000
71.03999957	1.03817900	5.53422600
71.11999957	1.03817900	5.71001300
71.19999957	1.03817900	4.12976500
71.27999957	1.05606200	2.02337700
71.35999957	1.03817900	3.07687600
71.43999957	1.03817900	3.07687600
71.51999957	1.03817900	4.30555200
71.59999956	1.05606200	3.95458800
71.67999956	1.03817900	4.12976500
71.75999956	1.03817900	3.95458800
71.83999956	1.03817900	3.95458800
71.91999956	1.05606200	3.95458800
71.99999956	1.05606200	3.95458800
72.07999956	1.05606200	3.95458800
72.15999956	1.05606200	3.95458800
72.23999956	1.07388500	3.77880200
72.31999956	1.05606200	3.77880200
72.39999956	1.07388500	3.77880200
72.47999956	1.07388500	3.77880200
72.55999956	1.07388500	3.77880200
72.63999956	1.07388500	3.77880200
72.71999956	1.07388500	3.77880200
72.79999956	1.07388500	3.77880200
72.87999956	1.07388500	3.60301500
72.95999956	1.09170800	3.60301500
73.03999956	1.07388500	3.60301500
73.11999956	1.07388500	3.60301500
73.19999956	1.09170800	3.60301500
73.27999955	1.09170800	3.60301500
73.35999955	1.09170800	3.60301500
73.43999955	1.09170800	3.60301500
73.51999955	1.09170800	3.60301500
73.59999955	1.09170800	3.60301500
73.67999955	1.09170800	3.42783900
73.75999955	1.09170800	3.42783900
73.83999955	1.09170800	3.42783900
73.91999955	1.09170800	3.42783900
73.99999955	1.09170800	3.42783900
74.07999955	1.09170800	3.42783900
74.15999955	1.09170800	3.42783900
74.23999955	1.09170800	3.42783900
74.31999955	1.09170800	3.42783900
74.39999955	1.09170800	3.42783900
74.47999955	1.10953100	3.42783900
74.55999955	1.10953100	3.42783900
74.63999955	1.09170800	3.42783900
74.71999955	1.09170800	3.42783900
74.79999955	1.09170800	3.25205200
74.87999954	1.10953100	3.42783900
74.95999954	1.09170800	3.25205200
75.03999954	1.10953100	3.42783900
75.11999954	1.10953100	3.25205200
75.19999954	1.10953100	3.25205200
75.27999954	1.10953100	3.25205200
75.35999954	1.09170800	3.25205200
75.43999954	1.10953100	3.42783900
75.51999954	1.09170800	3.25205200
75.59999954	1.10953100	3.25205200
75.67999954	1.10953100	3.07687600
75.75999954	1.10953100	3.07687600
75.83999954	1.10953100	3.07687600
75.91999954	1.10953100	3.25205200
75.99999954	1.10953100	3.07687600
76.07999954	1.10953100	3.07687600
76.15999954	1.10953100	3.25205200
76.23999954	1.10953100	3.07687600
76.31999954	1.10953100	3.07687600
76.39999954	1.10953100	3.07687600
76.47999954	1.10953100	3.07687600
76.55999953	1.10953100	3.07687600
76.63999953	1.10953100	2.90108900
76.71999953	1.10953100	3.07687600
76.79999953	1.10953100	3.07687600
76.87999953	1.10953100	3.07687600
76.95999953	1.10953100	3.07687600
77.03999953	1.10953100	2.90108900
77.11999953	1.09170800	2.90108900
77.19999953	1.09170800	2.90108900
77.27999953	1.09170800	2.90108900
77.35999953	1.09170800	2.90108900
77.43999953	1.09170800	2.90108900
77.51999953	1.09170800	2.90108900
77.59999953	1.09170800	2.90108900
77.67999953	1.09170800	2.72530300
77.75999953	1.09170800	2.72530300
77.83999953	1.09170800	2.72530300
77.91999953	1.09170800	2.72530300
77.99999953	1.09170800	2.72530300
78.07999953	1.09170800	2.72530300
78.15999952	1.09170800	2.72530300
78.23999952	1.09170800	2.72530300
78.31999952	1.07388500	2.72530300
78.39999952	1.07388500	2.55012700
78.47999952	1.09170800	2.72530300
78.55999952	1.09170800	2.55012700
78.63999952	1.09170800	2.55012700
78.71999952	1.07388500	2.55012700
78.79999952	1.07388500	2.37434000
78.87999952	1.07388500	2.37434000
78.95999952	1.07388500	2.37434000
79.03999952	1.07388500	2.37434000
79.11999952	1.07388500	2.37434000
79.19999952	1.07388500	2.37434000
79.27999952	1.07388500	2.37434000
79.35999952	1.07388500	2.37434000
79.43999952	1.05606200	2.19916400
79.51999952	1.05606200	2.19916400
79.59999952	1.05606200	2.19916400
79.67999952	1.05606200	2.19916400
79.75999952	1.05606200	2.02337700
79.83999951	1.05606200	2.02337700
79.91999951	1.05606200	2.02337700
79.99999951	1.03817900	2.02337700
80.07999951	1.03817900	2.02337700
80.15999951	1.03817900	2.02337700
80.23999951	1.03817900	2.02337700
80.31999951	1.05606200	2.02337700
80.39999951	1.05606200	2.02337700
80.47999951	1.03817900	2.02337700
80.55999951	1.03817900	2.02337700
80.63999951	1.05606200	2.02337700
80.71999951	1.03817900	2.02337700
80.79999951	1.03817900	2.02337700
80.87999951	1.03817900	2.02337700
80.95999951	1.03817900	2.02337700
81.03999951	1.03817900	2.02337700
81.11999951	1.03817900	2.02337700
81.19999951	1.03817900	2.02337700
81.27999951	1.03817900	2.02337700
81.35999951	1.03817900	2.02337700
81.43999951	1.03817900	2.02337700
81.51999950	1.03817900	2.02337700
81.59999950	1.05606200	2.02337700
81.67999950	1.03817900	2.02337700
81.75999950	1.05606200	2.02337700
81.83999950	1.03817900	2.02337700
81.91999950	1.03817900	2.02337700
81.99999950	1.03817900	2.02337700
82.07999950	1.03817900	2.02337700
82.15999950	1.03817900	2.02337700
82.23999950	1.05606200	2.02337700
82.31999950	1.03817900	2.02337700
82.39999950	1.03817900	2.02337700
82.47999950	1.03817900	2.02337700
82.55999950	1.03817900	2.19916400
82.63999950	1.05606200	2.02337700
82.71999950	1.03817900	2.19916400
82.79999950	1.03817900	2.19916400
82.87999950	1.03817900	2.19916400
82.95999950	1.05606200	2.19916400
83.03999950	1.03817900	2.19916400
83.11999949	1.03817900	2.37434000
83.19999949	1.05606200	2.37434000
83.27999949	1.03817900	2.37434000
83.35999949	1.05606200	2.37434000
83.43999949	1.05606200	2.37434000
83.51999949	1.05606200	2.37434000
83.59999949	1.05606200	2.37434000
83.67999949	1.03817900	2.55012700
83.75999949	1.03817900	2.55012700
83.83999949	1.05606200	2.55012700
83.91999949	1.05606200	2.55012700
83.99999949	1.05606200	2.55012700
84.07999949	1.03817900	2.55012700
84.15999949	1.05606200	2.72530300
84.23999949	1.05606200	2.72530300
84.31999949	1.05606200	2.72530300
84.39999949	1.05606200	2.72530300
84.47999949	1.05606200	2.72530300
84.55999949	1.03817900	2.72530300
84.63999949	1.05606200	2.72530300
84.71999949	1.05606200	2.72530300
84.79999948	1.03817900	2.90108900
84.87999948	1.03817900	2.90108900
84.95999948	1.05606200	2.90108900
85.03999948	1.05606200	2.90108900
85.11999948	1.05606200	2.90108900
85.19999948	1.05606200	3.07687600
85.27999948	1.05606200	3.07687600
85.35999948	1.05606200	3.07687600
85.43999948	1.05606200	3.07687600
85.51999948	1.05606200	3.07687600
85.59999948	1.05606200	3.07687600
85.67999948	1.05606200	3.07687600
85.75999948	1.05606200	3.07687600
85.83999948	1.03817900	3.07687600
85.91999948	1.05606200	3.25205200
85.99999948	1.05606200	3.07687600
86.07999948	1.05606200	3.25205200
86.15999948	1.05606200	3.25205200
86.23999948	1.05606200	3.25205200
86.31999948	1.07388500	3.42783900
86.39999947	1.07388500	3.25205200
86.47999947	1.07388500	3.25205200
86.55999947	1.07388500	3.42783900
86.63999947	1.07388500	3.42783900
86.71999947	1.07388500	3.42783900
86.79999947	1.07388500	3.42783900
86.87999947	1.07388500	3.42783900
86.95999947	1.07388500	3.42783900
87.03999947	1.05606200	3.42783900
87.11999947	1.07388500	3.42783900
87.19999947	1.07388500	3.42783900
87.27999947	1.07388500	3.42783900
87.35999947	1.07388500	3.42783900
87.43999947	1.05606200	3.42783900
87.51999947	1.07388500	3.42783900
87.59999947	1.07388500	3.42783900
87.67999947	1.05606200	3.42783900
87.75999947	1.05606200	3.60301500
87.83999947	1.05606200	3.42783900
87.91999947	1.07388500	3.60301500
87.99999947	1.07388500	3.60301500
88.07999946	1.07388500	3.60301500
88.15999946	1.07388500	3.60301500
88.23999946	1.07388500	3.60301500
88.31999946	1.07388500	3.60301500
88.39999946	1.07388500	3.77880200
88.47999946	1.05606200	3.60301500
88.55999946	1.05606200	3.77880200
88.63999946	1.05606200	3.60301500
88.71999946	1.05606200	3.60301500
88.79999946	1.05606200	3.77880200
88.87999946	1.05606200	3.77880200
88.95999946	1.07388500	3.77880200
89.03999946	1.07388500	3.77880200
89.11999946	1.07388500	3.77880200
89.19999946	1.05606200	3.77880200
89.27999946	1.05606200	3.77880200
89.35999946	1.05606200	3.77880200
89.43999946	1.07388500	3.77880200
89.51999946	1.07388500	3.95458800
89.59999946	1.07388500	3.95458800
89.67999945	1.07388500	3.95458800
89.75999945	1.07388500	3.95458800
89.83999945	1.07388500	3.95458800
89.91999945	1.07388500	3.95458800
89.99999945	1.07388500	3.95458800
90.07999945	1.07388500	3.95458800
90.15999945	1.07388500	4.12976500
90.23999945	1.07388500	4.12976500
90.31999945	1.07388500	4.12976500
90.39999945	1.07388500	4.12976500
90.47999945	1.07388500	4.12976500
90.55999945	1.07388500	4.12976500
90.63999945	1.07388500	4.12976500
90.71999945	1.07388500	4.12976500
90.79999945	1.07388500	4.12976500
90.87999945	1.09170800	4.12976500
90.95999945	1.09170800	4.12976500
91.03999945	1.09170800	5.00747700
91.11999945	1.09170800	6.58711500
91.19999945	1.09170800	3.42783900
91.27999945	1.09170800	4.83230100
91.35999944	1.09170800	4.12976500
91.43999944	1.09170800	3.95458800
91.51999944	1.12741500	0.26795250
91.59999944	1.09170800	0.44373910
91.67999944	1.10953100	0.26795250
91.75999944	1.10953100	0.26795250
91.83999944	1.10953100	-0.08239998
91.91999944	1.10953100	-0.60914950
91.99999944	1.10953100	-0.60914950
92.07999944	1.12741500	-0.60914950
92.15999944	1.12741500	-0.43336280
92.23999944	1.12741500	-0.60914950
92.31999944	1.12741500	-0.43336280
92.39999944	1.14523800	-0.43336280
92.47999944	1.12741500	-0.08239998
92.55999944	1.14523800	0.79470200
92.63999944	1.14523800	0.61891540
92.71999944	1.14523800	0.79470200
92.79999944	1.14523800	0.61891540
92.87999944	1.14523800	0.79470200
92.95999944	1.14523800	0.79470200
93.03999943	1.14523800	0.79470200
93.11999943	1.14523800	0.79470200
93.19999943	1.14523800	0.79470200
93.27999943	1.16306000	0.79470200
93.35999943	1.16306000	0.79470200
93.43999943	1.16306000	0.96987830
93.51999943	1.16306000	0.79470200
93.59999943	1.16306000	0.79470200
93.67999943	1.16306000	0.79470200
93.75999943	1.16306000	0.79470200
93.83999943	1.16306000	0.96987830
93.91999943	1.16306000	0.79470200
93.99999943	1.16306000	0.96987830
94.07999943	1.16306000	0.96987830
94.15999943	1.16306000	0.96987830
94.23999943	1.16306000	0.96987830
94.31999943	1.16306000	0.96987830
94.39999943	1.18094400	0.96987830
94.47999943	1.16306000	0.96987830
94.55999943	1.16306000	0.96987830
94.63999942	1.18094400	0.96987830
94.71999942	1.18094400	0.96987830
94.79999942	1.18094400	0.96987830
94.87999942	1.18094400	1.14566500
94.95999942	1.18094400	0.96987830
95.03999942	1.18094400	0.96987830
95.11999942	1.18094400	0.96987830
95.19999942	1.18094400	1.14566500
95.27999942	1.18094400	0.96987830
95.35999942	1.18094400	0.96987830
95.43999942	1.18094400	1.14566500
95.51999942	1.18094400	1.14566500
95.59999942	1.18094400	1.14566500
95.67999942	1.18094400	1.14566500
95.75999942	1.18094400	1.14566500
95.83999942	1.18094400	1.14566500
95.91999942	1.18094400	1.14566500
95.99999942	1.18094400	1.14566500
96.07999942	1.18094400	1.14566500
96.15999942	1.18094400	1.14566500
96.23999942	1.18094400	1.14566500
96.31999941	1.18094400	1.14566500
96.39999941	1.18094400	1.14566500
96.47999941	1.18094400	1.14566500
96.55999941	1.18094400	1.14566500
96.63999941	1.18094400	1.14566500
96.71999941	1.18094400	1.14566500
96.79999941	1.18094400	1.32145100
96.87999941	1.18094400	1.14566500
96.95999941	1.18094400	1.32145100
97.03999941	1.18094400	1.14566500
97.11999941	1.18094400	1.14566500
97.19999941	1.18094400	1.14566500
97.27999941	1.18094400	1.14566500
97.35999941	1.18094400	1.14566500
97.43999941	1.18094400	1.14566500
97.51999941	1.18094400	1.14566500
97.59999941	1.18094400	1.14566500
97.67999941	1.18094400	1.32145100
97.75999941	1.18094400	1.32145100
97.83999941	1.18094400	1.32145100
97.91999940	1.16306000	1.32145100
97.99999940	1.16306000	1.32145100
98.07999940	1.16306000	1.32145100
98.15999940	1.16306000	1.32145100
98.23999940	1.16306000	1.32145100
98.31999940	1.16306000	1.32145100
98.39999940	1.16306000	1.32145100
98.47999940	1.16306000	1.32145100
98.55999940	1.16306000	1.32145100
98.63999940	1.16306000	1.32145100
98.71999940	1.16306000	1.32145100
98.79999940	1.16306000	1.32145100
98.87999940	1.16306000	1.32145100
98.95999940	1.14523800	1.32145100
99.03999940	1.14523800	1.32145100
99.11999940	1.16306000	1.32145100
99.19999940	1.14523800	1.32145100
99.27999940	1.14523800	1.32145100
99.35999940	1.14523800	1.32145100
99.43999940	1.14523800	1.32145100
99.51999940	1.14523800	1.32145100
99.59999939	1.14523800	1.32145100
99.67999939	1.14523800	1.32145100
99.75999939	1.14523800	1.32145100
99.83999939	1.12741500	1.32145100
99.91999939	1.12741500	1.32145100
99.99999939	1.12741500	1.32145100
100.07999939	1.12741500	1.32145100
100.15999939	1.12741500	1.32145100
100.23999939	1.12741500	1.32145100
100.31999939	1.10953100	1.32145100
100.39999939	1.10953100	1.32145100
100.47999939	1.10953100	1.32145100
100.55999939	1.10953100	1.32145100
100.63999939	1.10953100	1.32145100
100.71999939	1.10953100	1.32145100
100.79999939	1.10953100	1.32145100
100.87999939	1.09170800	1.32145100
100.95999939	1.09170800	1.32145100
101.03999939	1.09170800	1.32145100
101.11999939	1.09170800	1.32145100
101.19999938	1.09170800	1.32145100
101.27999938	1.09170800	1.32145100
101.35999938	1.07388500	1.32145100
101.43999938	1.09170800	1.32145100
101.51999938	1.09170800	1.32145100
101.59999938	1.07388500	1.32145100
101.67999938	1.07388500	1.32145100
101.75999938	1.07388500	1.32145100
101.83999938	1.07388500	1.32145100
101.91999938	1.07388500	1.32145100
101.99999938	1.05606200	1.32145100
102.07999938	1.05606200	1.49662800
102.15999938	1.05606200	1.32145100
102.23999938	1.05606200	1.32145100
102.31999938	1.05606200	1.32145100
102.39999938	1.05606200	1.32145100
102.47999938	1.05606200	1.32145100
102.55999938	1.05606200	1.32145100
102.63999938	1.05606200	1.32145100
102.71999938	1.05606200	1.32145100
102.79999938	1.05606200	1.32145100
102.87999937	1.05606200	1.32145100
102.95999937	1.05606200	1.32145100
103.03999937	1.05606200	1.32145100
103.11999937	1.05606200	1.32145100
103.19999937	1.05606200	1.32145100
103.27999937	1.05606200	1.32145100
103.35999937	1.05606200	1.32145100
103.43999937	1.05606200	1.32145100
103.51999937	1.05606200	1.32145100
103.59999937	1.05606200	1.32145100
103.67999937	1.05606200	1.32145100
103.75999937	1.05606200	1.32145100
103.83999937	1.05606200	1.32145100
103.91999937	1.05606200	1.32145100
103.99999937	1.07388500	1.32145100
104.07999937	1.05606200	1.32145100
104.15999937	1.05606200	1.32145100
104.23999937	1.05606200	1.32145100
104.31999937	1.05606200	1.32145100
104.39999937	1.05606200	1.32145100
104.47999937	1.05606200	1.32145100
104.55999936	1.05606200	1.32145100
104.63999936	1.05606200	1.32145100
104.71999936	1.05606200	1.32145100
104.79999936	1.05606200	1.32145100
104.87999936	1.05606200	1.32145100
104.95999936	1.03817900	1.32145100
105.03999936	1.03817900	1.32145100
105.11999936	1.03817900	1.32145100
105.19999936	1.05606200	1.32145100
105.27999936	1.03817900	1.32145100
105.35999936	1.03817900	1.32145100
105.43999936	1.03817900	1.32145100
105.51999936	1.03817900	1.32145100
105.59999936	1.03817900	1.32145100
105.67999936	1.03817900	1.32145100
105.75999936	1.03817900	1.32145100
105.83999936	1.03817900	1.32145100
105.91999936	1.03817900	1.32145100
105.99999936	1.03817900	1.14566500
106.07999936	1.03817900	1.32145100
106.15999935	1.03817900	1.32145100
106.23999935	1.03817900	1.32145100
106.31999935	1.03817900	1.32145100
106.39999935	1.03817900	1.32145100
106.47999935	1.03817900	1.32145100
106.55999935	1.03817900	1.32145100
106.63999935	1.03817900	1.32145100
106.71999935	1.03817900	1.32145100
106.79999935	1.03817900	1.32145100
106.87999935	1.03817900	1.14566500
106.95999935	1.03817900	1.32145100
107.03999935	1.03817900	1.32145100
107.11999935	1.03817900	1.14566500
107.19999935	1.03817900	1.32145100
107.27999935	1.03817900	1.32145100
107.35999935	1.03817900	1.32145100
107.43999935	1.03817900	1.14566500
107.51999935	1.03817900	1.14566500
107.59999935	1.03817900	1.14566500
107.67999935	1.03817900	1.14566500
107.75999935	1.03817900	1.14566500
107.83999934	1.03817900	1.14566500
107.91999934	1.03817900	1.14566500
107.99999934	1.03817900	1.14566500
108.07999934	1.03817900	1.14566500
108.15999934	1.03817900	1.14566500
108.23999934	1.03817900	1.14566500
108.31999934	1.05606200	1.14566500
108.39999934	1.05606200	1.14566500
108.47999934	1.05606200	1.14566500
108.55999934	1.05606200	1.14566500
108.63999934	1.05606200	1.14566500
108.71999934	1.05606200	1.14566500
108.79999934	1.05606200	1.14566500
108.87999934	1.03817900	1.14566500
108.95999934	1.03817900	1.14566500
109.03999934	1.05606200	1.14566500
109.11999934	1.05606200	1.14566500
109.19999934	1.05606200	1.14566500
109.27999934	1.03817900	1.14566500
109.35999934	1.03817900	0.96987830
109.43999933	1.03817900	0.96987830
109.51999933	1.03817900	1.14566500
109.59999933	1.03817900	1.14566500
109.67999933	1.05606200	1.14566500
109.75999933	1.03817900	0.96987830
109.83999933	1.03817900	1.14566500
109.91999933	1.03817900	0.96987830
109.99999933	1.05606200	0.96987830
110.07999933	1.05606200	0.96987830
110.15999933	1.05606200	0.96987830
110.23999933	1.03817900	0.96987830
110.31999933	1.03817900	0.96987830
110.39999933	1.05606200	0.96987830
110.47999933	1.05606200	0.96987830
110.55999933	1.03817900	0.96987830
110.63999933	1.03817900	0.96987830
110.71999933	1.05606200	0.96987830
110.79999933	1.05606200	0.96987830
110.87999933	1.03817900	0.96987830
110.95999933	1.05606200	0.96987830
111.03999933	1.03817900	0.96987830
111.11999932	1.03817900	0.96987830
111.19999932	1.05606200	0.96987830
111.27999932	1.05606200	0.96987830
111.35999932	1.03817900	0.96987830
111.43999932	1.05606200	0.96987830
111.51999932	1.05606200	0.79470200
111.59999932	1.05606200	0.96987830
111.67999932	1.05606200	0.79470200
111.75999932	1.05606200	0.96987830
111.83999932	1.05606200	0.79470200
111.91999932	1.05606200	0.79470200
111.99999932	1.05606200	0.79470200
112.07999932	1.05606200	0.79470200
112.15999932	1.07388500	0.79470200
112.23999932	1.07388500	0.79470200
112.31999932	1.07388500	0.79470200
112.39999932	1.05606200	0.79470200
112.47999932	1.07388500	0.79470200
112.55999932	1.05606200	0.79470200
112.63999932	1.07388500	0.79470200
112.71999931	1.07388500	0.79470200
112.79999931	1.05606200	0.79470200
112.87999931	1.07388500	0.61891540
112.95999931	1.07388500	0.79470200
113.03999931	1.07388500	0.79470200
113.11999931	1.07388500	0.61891540
113.19999931	1.07388500	0.61891540
113.27999931	1.07388500	0.61891540
113.35999931	1.07388500	0.61891540
113.43999931	1.07388500	0.79470200
113.51999931	1.07388500	0.61891540
113.59999931	1.07388500	0.61891540
113.67999931	1.07388500	0.61891540
113.75999931	1.07388500	0.61891540
113.83999931	1.07388500	0.61891540
113.91999931	1.09170800	0.61891540
113.99999931	1.07388500	0.26795250
114.07999931	1.07388500	-0.43336280
114.15999931	1.07388500	-0.43336280
114.23999931	1.09170800	-0.60914950
114.31999931	1.09170800	-0.60914950
114.39999930	1.09170800	-0.60914950
114.47999930	1.09170800	-0.60914950
114.55999930	1.09170800	-0.60914950
114.63999930	1.09170800	-0.60914950
114.71999930	1.09170800	-0.60914950
114.79999930	1.09170800	-0.78432570
114.87999930	1.09170800	-0.60914950
114.95999930	1.07388500	-0.78432570
115.03999930	1.09170800	-0.78432570
115.11999930	1.09170800	-0.78432570
115.19999930	1.09170800	-0.78432570
115.27999930	1.07388500	-0.78432570
115.35999930	1.07388500	-0.78432570
115.43999930	1.09170800	-0.78432570
115.51999930	1.09170800	-0.78432570
115.59999930	1.07388500	-0.78432570
115.67999930	1.09170800	-0.78432570
115.75999930	1.09170800	-0.78432570
115.83999930	1.07388500	-0.78432570
115.91999930	1.07388500	-0.78432570
115.99999930	1.07388500	-0.78432570
116.07999929	1.09170800	-0.78432570
116.15999929	1.09170800	-0.78432570
116.23999929	1.07388500	-0.78432570
116.31999929	1.09170800	-0.78432570
116.39999929	1.07388500	-0.78432570
116.47999929	1.09170800	-0.78432570
116.55999929	1.07388500	-0.78432570
116.63999929	1.09170800	-0.78432570
116.71999929	1.09170800	-0.96011230
116.79999929	1.09170800	-0.78432570
116.87999929	1.07388500	-0.78432570
116.95999929	1.07388500	-0.78432570
117.03999929	1.09170800	-0.78432570
117.11999929	1.07388500	-0.78432570
117.19999929	1.07388500	-0.78432570
117.27999929	1.07388500	-0.78432570
117.35999929	1.07388500	-0.78432570
117.43999929	1.07388500	-0.96011230
117.51999929	1.07388500	-0.78432570
117.59999929	1.09170800	-0.96011230
117.67999928	1.05606200	-0.60914950
117.75999928	1.07388500	-0.78432570
117.83999928	1.07388500	-0.60914950
117.91999928	1.07388500	-0.43336280
117.99999928	1.07388500	-0.25818660
118.07999928	1.07388500	-0.08239998
118.15999928	1.07388500	0.26795250
118.23999928	1.07388500	1.32145100
118.31999928	1.07388500	1.32145100
118.39999928	1.09170800	2.02337700
118.47999928	1.09170800	0.09277627
118.55999928	1.07388500	-0.43336280
118.63999928	1.07388500	-0.78432570
118.71999928	1.07388500	-0.78432570
118.79999928	1.09170800	-0.78432570
118.87999928	1.07388500	-0.78432570
118.95999928	1.07388500	-0.60914950
119.03999928	1.07388500	-0.60914950
119.11999928	1.05606200	-0.60914950
119.19999928	1.07388500	-0.60914950
119.27999928	1.07388500	-0.60914950
119.35999927	1.05606200	-0.78432570
119.43999927	1.07388500	-0.96011230
119.51999927	1.07388500	-0.96011230
119.59999927	1.05606200	-0.96011230
119.67999927	1.05606200	-0.96011230
119.75999927	1.07388500	-0.96011230
119.83999927	1.05606200	-0.78432570
119.91999927	1.03817900	-0.78432570
119.99999927	1.05606200	-0.78432570
120.07999927	1.05606200	-0.96011230
120.15999927	1.05606200	-0.96011230
120.23999927	1.05606200	-1.13589900
120.31999927	1.03817900	-0.96011230
120.39999927	1.05606200	-0.96011230
120.47999927	1.05606200	-0.96011230
120.55999927	1.05606200	-0.96011230
120.63999927	1.07388500	-0.96011230
120.71999927	1.03817900	-0.78432570
120.79999927	1.03817900	-0.78432570
120.87999927	1.05606200	-0.78432570
120.95999926	1.03817900	-0.78432570
121.03999926	1.03817900	-0.78432570
121.11999926	1.05606200	-0.60914950
121.19999926	1.03817900	-0.60914950
121.27999926	1.05606200	-0.43336280
121.35999926	1.05606200	0.09277627
121.43999926	1.05606200	0.09277627
121.51999926	1.05606200	-0.25818660
121.59999926	1.05606200	-0.60914950
121.67999926	1.05606200	-0.60914950
121.75999926	1.05606200	-0.78432570
121.83999926	1.03817900	-0.78432570
121.91999926	1.03817900	-0.78432570
121.99999926	1.05606200	-0.60914950
122.07999926	1.05606200	-0.60914950
122.15999926	1.05606200	-0.43336280
122.23999926	1.05606200	-0.43336280
122.31999926	1.05606200	-0.08239998
122.39999926	1.05606200	1.32145100
122.47999926	1.05606200	1.84759100
122.55999926	1.03817900	2.37434000
122.63999925	1.05606200	2.55012700
122.71999925	1.03817900	3.07687600
122.79999925	1.03817900	4.12976500
122.87999925	1.03817900	3.77880200
122.95999925	1.03817900	3.77880200
123.03999925	1.07388500	0.79470200
123.11999925	1.02035600	0.61891540
123.19999925	1.05606200	0.61891540
123.27999925	1.03817900	1.32145100
123.35999925	1.03817900	4.83230100
123.43999925	1.03817900	2.90108900
123.51999925	1.05606200	12.20435000
123.59999925	1.03817900	2.19916400
123.67999925	1.05606200	2.55012700
123.75999925	1.05606200	2.37434000
123.83999925	1.05606200	1.67241400
123.91999925	1.05606200	0.61891540
123.99999925	1.05606200	-0.43336280
124.07999925	1.05606200	-0.43336280
124.15999925	1.05606200	0.09277627
124.23999924	1.05606200	1.14566500
124.31999924	1.05606200	2.72530300
124.39999924	1.03817900	2.72530300
124.47999924	1.05606200	3.42783900
124.55999924	1.05606200	3.42783900
124.63999924	1.05606200	3.77880200
124.71999924	1.05606200	3.77880200
124.79999924	1.05606200	3.95458800
124.87999924	1.05606200	3.95458800
124.95999924	1.05606200	3.77880200
125.03999924	1.05606200	3.95458800
125.11999924	1.05606200	3.95458800
125.19999924	1.05606200	3.95458800
125.27999924	1.03817900	3.95458800
125.35999924	1.03817900	3.95458800
125.43999924	1.05606200	3.95458800
125.51999924	1.05606200	3.77880200
125.59999924	1.05606200	3.77880200
125.67999924	1.03817900	3.95458800
125.75999924	1.05606200	3.95458800
125.83999924	1.05606200	3.95458800
125.91999923	1.03817900	3.95458800
125.99999923	1.09170800	0.26795250
126.07999923	1.00253300	0.61891540
126.15999923	1.03817900	0.61891540
126.23999923	1.05606200	0.79470200
126.31999923	1.03817900	5.53422600
126.39999923	1.05606200	2.72530300
126.47999923	1.03817900	9.04507500
126.55999923	1.05606200	8.69411300
126.63999923	1.05606200	1.49662800
126.71999923	1.05606200	4.12976500
126.79999923	1.05606200	2.72530300
126.87999923	1.05606200	3.07687600
126.95999923	1.05606200	2.19916400
127.03999923	1.05606200	1.67241400
127.11999923	1.05606200	-0.43336280
127.19999923	1.07388500	-0.78432570
127.27999923	1.05606200	-0.60914950
127.35999923	1.05606200	-0.43336280
127.43999923	1.05606200	-0.08239998
127.51999923	1.03817900	1.32145100
127.59999922	1.05606200	0.61891540
127.67999922	1.05606200	1.84759100
127.75999922	1.05606200	1.67241400
127.83999922	1.05606200	1.67241400
127.91999922	1.05606200	2.37434000
127.99999922	1.05606200	2.72530300
128.07999922	1.05606200	3.25205200
128.15999922	1.05606200	3.60301500
128.23999922	1.05606200	3.77880200
128.31999922	1.05606200	3.95458800
128.39999922	1.05606200	3.95458800
128.47999922	1.05606200	3.95458800
128.55999922	1.03817900	3.95458800
128.63999922	1.05606200	3.95458800
128.71999922	1.05606200	4.12976500
128.79999922	1.05606200	3.95458800
128.87999922	1.05606200	4.12976500
128.95999922	1.05606200	3.77880200
129.03999922	1.05606200	3.95458800
129.11999922	1.03817900	3.95458800
129.19999921	1.05606200	3.95458800
129.27999921	1.05606200	3.95458800
129.35999921	1.09170800	-1.13589900
129.43999921	1.03817900	0.96987830
129.51999921	1.07388500	0.96987830
129.59999921	1.05606200	2.55012700
129.67999921	1.03817900	6.06097600
129.75999921	1.05606200	3.60301500
129.83999921	1.05606200	13.60881000
129.91999921	1.07388500	1.32145100
129.99999921	1.03817900	5.53422600
130.07999921	1.05606200	3.42783900
130.15999921	1.05606200	4.12976500
130.23999921	1.05606200	3.60301500
130.31999921	1.05606200	3.60301500
130.39999921	1.07388500	3.77880200
130.47999921	1.05606200	3.95458800
130.55999921	1.05606200	3.95458800
130.63999921	1.05606200	4.12976500
130.71999921	1.05606200	4.12976500
130.79999921	1.05606200	4.12976500
130.87999920	1.05606200	4.12976500
130.95999920	1.05606200	4.12976500
131.03999920	1.05606200	4.12976500
131.11999920	1.05606200	4.12976500
131.19999920	1.05606200	4.12976500
131.27999920	1.05606200	4.12976500
131.35999920	1.05606200	4.12976500
131.43999920	1.05606200	4.12976500
131.51999920	1.05606200	4.12976500
131.59999920	1.05606200	4.12976500
131.67999920	1.05606200	4.12976500
131.75999920	1.05606200	4.12976500
131.83999920	1.05606200	4.12976500
131.91999920	1.05606200	4.12976500
131.99999920	1.03817900	4.12976500
132.07999920	1.05606200	4.30555200
132.15999920	1.05606200	4.12976500
132.23999920	1.05606200	4.12976500
132.31999920	1.05606200	3.95458800
132.39999920	1.05606200	4.12976500
132.47999919	1.05606200	4.12976500
132.55999919	1.05606200	4.12976500
132.63999919	1.05606200	4.12976500
132.71999919	1.05606200	3.95458800
132.79999919	1.02035600	2.02337700
132.87999919	1.07388500	0.79470200
132.95999919	1.05606200	4.48072800
133.03999919	1.03817900	5.18326400
133.11999919	1.03817900	9.39603900
133.19999919	1.07388500	5.35844000
133.27999919	1.05606200	4.12976500
133.35999919	1.05606200	4.48072800
133.43999919	1.05606200	4.12976500
133.51999919	1.05606200	4.30555200
133.59999919	1.05606200	3.95458800
133.67999919	1.05606200	4.30555200
133.75999919	1.05606200	4.12976500
133.83999919	1.05606200	4.30555200
133.91999919	1.05606200	4.12976500
133.99999919	1.05606200	4.30555200
134.07999919	1.05606200	4.30555200
134.15999918	1.05606200	4.30555200
134.23999918	1.05606200	4.12976500
134.31999918	1.05606200	4.12976500
134.39999918	1.05606200	4.30555200
134.47999918	1.05606200	4.30555200
134.55999918	1.05606200	4.30555200
134.63999918	1.05606200	4.30555200
134.71999918	1.07388500	4.30555200
134.79999918	1.05606200	4.30555200
134.87999918	1.05606200	4.30555200
134.95999918	1.05606200	4.30555200
135.03999918	1.05606200	4.30555200
135.11999918	1.07388500	4.30555200
135.19999918	1.05606200	4.30555200
135.27999918	1.03817900	3.77880200
135.35999918	1.07388500	0.09277627
135.43999918	1.05606200	0.44373910
135.51999918	1.07388500	0.26795250
135.59999918	1.07388500	0.09277627
135.67999918	1.07388500	-0.25818660
135.75999917	1.07388500	-0.78432570
135.83999917	1.05606200	-0.60914950
135.91999917	1.07388500	-0.78432570
135.99999917	1.07388500	-0.78432570
136.07999917	1.07388500	-0.60914950
136.15999917	1.07388500	-0.78432570
136.23999917	1.09170800	-0.60914950
136.31999917	1.09170800	-0.78432570
136.39999917	1.07388500	-0.78432570
136.47999917	1.09170800	-0.60914950
136.55999917	1.09170800	-0.78432570
136.63999917	1.09170800	-0.60914950
136.71999917	1.07388500	-0.78432570
136.79999917	1.09170800	-0.60914950
136.87999917	1.09170800	-0.60914950
136.95999917	1.09170800	-0.60914950
137.03999917	1.09170800	-0.60914950
137.11999917	1.09170800	-0.60914950
137.19999917	1.09170800	-0.60914950
137.27999917	1.09170800	-0.43336280
137.35999917	1.09170800	-0.60914950
137.43999916	1.09170800	-0.43336280
137.51999916	1.09170800	-0.43336280
137.59999916	1.07388500	-0.43336280
137.67999916	1.09170800	-0.43336280
137.75999916	1.09170800	-0.43336280
137.83999916	1.09170800	-0.25818660
137.91999916	1.09170800	-0.25818660
137.99999916	1.07388500	-0.08239998
138.07999916	1.09170800	0.09277627
138.15999916	1.09170800	0.61891540
138.23999916	1.09170800	0.61891540
138.31999916	1.07388500	0.61891540
138.39999916	1.07388500	0.61891540
138.47999916	1.07388500	0.61891540
138.55999916	1.09170800	0.61891540
138.63999916	1.07388500	0.61891540
138.71999916	1.07388500	0.61891540
138.79999916	1.09170800	0.61891540
138.87999916	1.07388500	1.14566500
138.95999916	1.12741500	7.28965100
139.03999915	1.07388500	5.53422600
139.11999915	1.07388500	5.88519000
139.19999915	1.07388500	5.71001300
139.27999915	1.05606200	5.53422600
139.35999915	1.05606200	5.88519000
139.43999915	1.05606200	5.88519000
139.51999915	1.05606200	5.88519000
139.59999915	1.03817900	5.88519000
139.67999915	1.05606200	5.88519000
139.75999915	1.03817900	7.46482800
139.83999915	1.05606200	7.11386400
139.91999915	1.03817900	5.53422600
139.99999915	1.05606200	5.88519000
140.07999915	1.03817900	5.88519000
140.15999915	1.05606200	5.88519000
140.23999915	1.05606200	5.88519000
140.31999915	1.05606200	5.88519000
140.39999915	1.05606200	5.88519000
140.47999915	1.03817900	5.88519000
140.55999915	1.03817900	5.88519000
140.63999915	1.05606200	5.88519000
140.71999914	1.05606200	5.88519000
140.79999914	1.05606200	5.88519000
140.87999914	1.03817900	5.88519000
140.95999914	1.03817900	5.88519000
141.03999914	1.03817900	5.88519000
141.11999914	1.03817900	5.88519000
141.19999914	1.05606200	5.88519000
141.27999914	1.03817900	5.88519000
141.35999914	1.05606200	5.88519000
141.43999914	1.05606200	5.88519000
141.51999914	1.05606200	5.88519000
141.59999914	1.05606200	5.88519000
141.67999914	1.05606200	5.88519000
141.75999914	1.05606200	5.88519000
141.83999914	1.05606200	5.88519000
141.91999914	1.05606200	5.88519000
141.99999914	1.05606200	5.88519000
142.07999914	1.05606200	5.88519000
142.15999914	1.03817900	5.88519000
142.23999914	1.03817900	5.88519000
142.31999914	1.03817900	5.88519000
142.39999913	1.03817900	5.88519000
142.47999913	1.03817900	5.88519000
142.55999913	1.03817900	5.88519000
142.63999913	1.05606200	5.88519000
142.71999913	1.05606200	5.88519000
142.79999913	1.03817900	5.88519000
142.87999913	1.03817900	5.88519000
142.95999913	1.03817900	5.88519000
143.03999913	1.03817900	5.88519000
143.11999913	1.05606200	5.88519000
143.19999913	1.05606200	5.88519000
143.27999913	1.03817900	5.88519000
143.35999913	1.03817900	5.88519000
143.43999913	1.03817900	5.88519000
143.51999913	1.03817900	5.88519000
143.59999913	1.05606200	5.88519000
143.67999913	1.03817900	5.88519000
143.75999913	1.03817900	5.88519000
143.83999913	1.03817900	5.71001300
143.91999913	1.05606200	5.88519000
143.99999912	1.03817900	5.88519000
144.07999912	1.05606200	5.88519000
144.15999912	1.05606200	5.71001300
144.23999912	1.03817900	5.71001300
144.31999912	1.03817900	5.88519000
144.39999912	1.03817900	5.88519000
144.47999912	1.03817900	5.88519000
144.55999912	1.03817900	5.88519000
144.63999912	1.05606200	5.88519000
144.71999912	1.03817900	5.71001300
144.79999912	1.03817900	5.88519000
144.87999912	1.03817900	5.71001300
144.95999912	1.03817900	5.71001300
145.03999912	1.03817900	5.88519000
145.11999912	1.03817900	5.71001300
145.19999912	1.03817900	5.71001300
145.27999912	1.03817900	5.88519000
145.35999912	1.05606200	5.71001300
145.43999912	1.03817900	5.71001300
145.51999912	1.03817900	5.71001300
145.59999912	1.03817900	5.71001300
145.67999911	1.03817900	5.71001300
145.75999911	1.05606200	5.71001300
145.83999911	1.03817900	5.88519000
145.91999911	1.05606200	5.71001300
145.99999911	1.03817900	5.71001300
146.07999911	1.03817900	5.71001300
146.15999911	1.03817900	5.71001300
146.23999911	1.03817900	5.71001300
146.31999911	1.03817900	5.71001300
146.39999911	1.03817900	5.71001300
146.47999911	1.03817900	5.71001300
146.55999911	1.03817900	5.71001300
146.63999911	1.03817900	5.71001300
146.71999911	1.05606200	5.71001300
146.79999911	1.03817900	5.71001300
146.87999911	1.03817900	5.71001300
146.95999911	1.03817900	5.71001300
147.03999911	1.03817900	5.71001300
147.11999911	1.03817900	5.71001300
147.19999911	1.05606200	5.53422600
147.27999910	1.03817900	5.71001300
147.35999910	1.05606200	5.71001300
147.43999910	1.05606200	5.71001300
147.51999910	1.03817900	5.71001300
147.59999910	1.03817900	5.71001300
147.67999910	1.05606200	5.71001300
147.75999910	1.05606200	5.71001300
147.83999910	1.05606200	5.71001300
147.91999910	1.03817900	5.71001300
147.99999910	1.05606200	5.71001300
148.07999910	1.03817900	5.53422600
148.15999910	1.03817900	5.71001300
148.23999910	1.03817900	5.53422600
148.31999910	1.03817900	5.71001300
148.39999910	1.05606200	5.53422600
148.47999910	1.03817900	5.53422600
148.55999910	1.05606200	5.53422600
148.63999910	1.03817900	5.53422600
148.71999910	1.05606200	5.53422600
148.79999910	1.03817900	5.53422600
148.87999910	1.03817900	5.53422600
148.95999909	1.05606200	5.53422600
149.03999909	1.03817900	5.53422600
149.11999909	1.05606200	5.53422600
149.19999909	1.03817900	5.53422600
149.27999909	1.05606200	5.53422600
149.35999909	1.03817900	5.53422600
149.43999909	1.03817900	5.53422600
149.51999909	1.03817900	5.53422600
149.59999909	1.03817900	5.53422600
149.67999909	1.03817900	5.18326400
149.75999909	1.03817900	4.83230100
149.83999909	1.03817900	4.48072800
149.91999909	1.03817900	4.48072800
149.99999909	1.03817900	4.48072800
150.07999909	1.05606200	4.48072800
150.15999909	1.05606200	4.48072800
150.23999909	1.05606200	4.48072800
150.31999909	1.03817900	4.48072800
150.39999909	1.03817900	4.48072800
150.47999909	1.03817900	4.48072800
150.55999908	1.05606200	4.48072800
150.63999908	1.03817900	4.48072800
150.71999908	1.03817900	4.65651400
150.79999908	1.03817900	4.48072800
150.87999908	1.05606200	4.65651400
150.95999908	1.03817900	4.48072800
151.03999908	1.05606200	4.48072800
151.11999908	1.05606200	4.48072800
151.19999908	1.03817900	4.48072800
151.27999908	1.03817900	4.48072800
151.35999908	1.03817900	4.48072800
151.43999908	1.03817900	4.48072800
151.51999908	1.03817900	4.48072800
151.59999908	1.03817900	4.48072800
151.67999908	1.03817900	4.48072800
151.75999908	1.05606200	4.48072800
151.83999908	1.03817900	4.48072800
151.91999908	1.05606200	4.48072800
151.99999908	1.05606200	4.48072800
152.07999908	1.05606200	4.48072800
152.15999908	1.03817900	4.48072800
152.23999907	1.03817900	4.48072800
152.31999907	1.03817900	4.48072800
152.39999907	1.05606200	4.48072800
152.47999907	1.05606200	4.48072800
152.55999907	1.03817900	4.48072800
152.63999907	1.03817900	4.48072800
152.71999907	1.03817900	4.48072800
152.79999907	1.03817900	4.48072800
152.87999907	1.03817900	4.48072800
152.95999907	1.03817900	4.48072800
153.03999907	1.05606200	4.48072800
153.11999907	1.03817900	4.48072800
153.19999907	1.03817900	4.48072800
153.27999907	1.03817900	4.48072800
153.35999907	1.03817900	4.48072800
153.43999907	1.05606200	4.48072800
153.51999907	1.05606200	4.48072800
153.59999907	1.05606200	4.48072800
153.67999907	1.03817900	4.48072800
153.75999907	1.03817900	4.48072800
153.83999907	1.03817900	4.48072800
153.91999906	1.05606200	4.48072800
153.99999906	1.03817900	4.48072800
154.07999906	1.03817900	4.48072800
154.15999906	1.03817900	4.48072800
154.23999906	1.03817900	4.48072800
154.31999906	1.03817900	4.48072800
154.39999906	1.03817900	4.48072800
154.47999906	1.05606200	4.48072800
154.55999906	1.03817900	4.48072800
154.63999906	1.03817900	4.48072800
154.71999906	1.03817900	4.48072800
154.79999906	1.03817900	4.48072800
154.87999906	1.03817900	4.48072800
154.95999906	1.03817900	4.48072800
155.03999906	1.03817900	4.48072800
155.11999906	1.05606200	4.48072800
155.19999906	1.05606200	4.48072800
155.27999906	1.03817900	4.48072800
155.35999906	1.03817900	4.48072800
155.43999906	1.03817900	4.48072800
155.51999905	1.05606200	4.48072800
155.59999905	1.03817900	4.48072800
155.67999905	1.03817900	4.48072800
155.75999905	1.03817900	4.48072800
155.83999905	1.03817900	4.48072800
155.91999905	1.03817900	4.48072800
155.99999905	1.05606200	4.48072800
156.07999905	1.03817900	4.48072800
156.15999905	1.03817900	4.48072800
156.23999905	1.03817900	4.48072800
156.31999905	1.03817900	4.48072800
156.39999905	1.05606200	4.48072800
156.47999905	1.05606200	4.48072800
156.55999905	1.03817900	4.48072800
156.63999905	1.03817900	4.48072800
156.71999905	1.05606200	4.48072800
156.79999905	1.03817900	4.48072800
156.87999905	1.03817900	4.48072800
156.95999905	1.03817900	4.48072800
157.03999905	1.03817900	4.48072800
157.11999905	1.03817900	4.48072800
157.19999904	1.03817900	4.65651400
157.27999904	1.03817900	4.48072800
157.35999904	1.03817900	4.48072800
157.43999904	1.03817900	4.48072800
157.51999904	1.05606200	4.48072800
157.59999904	1.03817900	4.48072800
157.67999904	1.03817900	4.48072800
157.75999904	1.03817900	4.48072800
157.83999904	1.03817900	4.48072800
157.91999904	1.03817900	4.48072800
157.99999904	1.05606200	4.48072800
158.07999904	1.03817900	4.48072800
158.15999904	1.03817900	4.48072800
158.23999904	1.03817900	3.95458800
158.31999904	1.03817900	2.02337700
158.39999904	1.05606200	1.32145100
158.47999904	1.03817900	1.32145100
158.55999904	1.03817900	0.61891540
158.63999904	1.05606200	0.61891540
158.71999904	1.05606200	0.61891540
158.79999903	1.05606200	0.61891540
158.87999903	1.05606200	0.61891540
158.95999903	1.03817900	0.61891540
159.03999903	1.05606200	0.79470200
159.11999903	1.05606200	0.79470200
159.19999903	1.03817900	0.61891540
159.27999903	1.05606200	0.61891540
159.35999903	1.05606200	0.61891540
159.43999903	1.05606200	0.61891540
159.51999903	1.05606200	0.79470200
159.59999903	1.05606200	0.79470200
159.67999903	1.05606200	0.79470200
159.75999903	1.05606200	0.79470200
159.83999903	1.05606200	0.79470200
159.91999903	1.05606200	0.79470200
159.99999903	1.05606200	0.79470200
160.07999903	1.05606200	0.79470200
160.15999903	1.05606200	0.79470200
160.23999903	1.05606200	0.79470200
160.31999903	1.05606200	0.79470200
160.39999903	1.05606200	0.79470200
160.47999902	1.05606200	0.79470200
160.55999902	1.05606200	0.79470200
160.63999902	1.05606200	0.79470200
160.71999902	1.05606200	0.79470200
160.79999902	1.05606200	0.79470200
160.87999902	1.05606200	0.79470200
160.95999902	1.05606200	0.79470200
161.03999902	1.05606200	0.79470200
161.11999902	1.05606200	0.79470200
161.19999902	1.05606200	0.79470200
161.27999902	1.05606200	0.79470200
161.35999902	1.05606200	0.79470200
161.43999902	1.03817900	0.79470200
161.51999902	1.05606200	0.79470200
161.59999902	1.05606200	0.79470200
161.67999902	1.05606200	0.79470200
161.75999902	1.05606200	0.79470200
161.83999902	1.03817900	0.79470200
161.91999902	1.05606200	0.79470200
161.99999902	1.03817900	0.79470200
162.07999901	1.05606200	0.79470200
162.15999901	1.05606200	0.79470200
162.23999901	1.05606200	0.79470200
162.31999901	1.05606200	0.79470200
162.39999901	1.05606200	0.79470200
162.47999901	1.03817900	0.79470200
162.55999901	1.05606200	0.79470200
162.63999901	1.05606200	0.79470200
162.71999901	1.03817900	0.79470200
162.79999901	1.03817900	0.79470200
162.87999901	1.05606200	0.79470200
162.95999901	1.05606200	0.79470200
163.03999901	1.05606200	0.96987830
163.11999901	1.05606200	0.79470200
163.19999901	1.05606200	0.79470200
163.27999901	1.05606200	0.79470200
163.35999901	1.05606200	0.96987830
163.43999901	1.05606200	0.79470200
163.51999901	1.05606200	0.96987830
163.59999901	1.05606200	0.79470200
163.67999901	1.05606200	0.79470200
163.75999900	1.05606200	0.96987830
163.83999900	1.05606200	0.96987830
163.91999900	1.05606200	0.96987830
163.99999900	1.05606200	0.96987830
164.07999900	1.05606200	0.96987830
164.15999900	1.03817900	0.79470200
164.23999900	1.03817900	0.96987830
164.31999900	1.05606200	0.96987830
164.39999900	1.05606200	0.96987830
164.47999900	1.05606200	0.96987830
164.55999900	1.03817900	0.96987830
164.63999900	1.05606200	0.79470200
164.71999900	1.05606200	0.96987830
164.79999900	1.03817900	0.96987830
164.87999900	1.03817900	0.96987830
164.95999900	1.03817900	0.96987830
165.03999900	1.03817900	0.96987830
165.11999900	1.05606200	0.96987830
165.19999900	1.03817900	0.96987830
165.27999900	1.05606200	0.96987830
165.35999900	1.05606200	0.96987830
165.43999899	1.03817900	0.96987830
165.51999899	1.05606200	0.96987830
165.59999899	1.03817900	0.96987830
165.67999899	1.03817900	0.96987830
165.75999899	1.05606200	0.96987830
165.83999899	1.05606200	0.96987830
165.91999899	1.03817900	0.96987830
165.99999899	1.03817900	0.96987830
166.07999899	1.03817900	0.96987830
166.15999899	1.05606200	0.96987830
166.23999899	1.03817900	0.96987830
166.31999899	1.03817900	0.96987830
166.39999899	1.03817900	0.96987830
166.47999899	1.03817900	0.96987830
166.55999899	1.05606200	0.96987830
166.63999899	1.05606200	0.96987830
166.71999899	1.03817900	0.96987830
166.79999899	1.03817900	0.96987830
166.87999899	1.03817900	0.96987830
166.95999899	1.03817900	0.96987830
167.03999898	1.03817900	0.96987830
167.11999898	1.03817900	0.96987830
167.19999898	1.03817900	0.96987830
167.27999898	1.03817900	0.96987830
167.35999898	1.05606200	0.96987830
167.43999898	1.03817900	0.96987830
167.51999898	1.03817900	0.96987830
167.59999898	1.03817900	0.96987830
167.67999898	1.03817900	0.96987830
167.75999898	1.03817900	0.96987830
167.83999898	1.03817900	0.96987830
167.91999898	1.03817900	0.96987830
167.99999898	1.03817900	0.96987830
168.07999898	1.03817900	0.96987830
168.15999898	1.03817900	0.96987830
168.23999898	1.03817900	0.96987830
168.31999898	1.03817900	0.96987830
168.39999898	1.03817900	0.96987830
168.47999898	1.03817900	0.96987830
168.55999898	1.03817900	0.96987830
168.63999898	1.03817900	0.96987830
168.71999897	1.03817900	0.96987830
168.79999897	1.03817900	0.96987830
168.87999897	1.03817900	0.96987830
168.95999897	1.03817900	0.96987830
169.03999897	1.03817900	0.96987830
169.11999897	1.03817900	0.96987830
169.19999897	1.03817900	0.96987830
169.27999897	1.03817900	0.96987830
169.35999897	1.03817900	0.96987830
169.43999897	1.03817900	0.96987830
169.51999897	1.03817900	0.96987830
169.59999897	1.03817900	0.96987830
169.67999897	1.03817900	0.96987830
169.75999897	1.03817900	0.96987830
169.83999897	1.03817900	0.96987830
169.91999897	1.03817900	0.96987830
169.99999897	1.03817900	0.96987830
170.07999897	1.03817900	0.96987830
170.15999897	1.03817900	0.96987830
170.23999897	1.03817900	0.96987830
170.31999896	1.03817900	0.96987830
170.39999896	1.03817900	0.96987830
170.47999896	1.03817900	0.96987830
170.55999896	1.03817900	0.96987830
170.63999896	1.03817900	0.96987830
170.71999896	1.03817900	0.96987830
170.79999896	1.03817900	0.96987830
170.87999896	1.03817900	0.96987830
170.95999896	1.03817900	0.96987830
171.03999896	1.03817900	0.96987830
171.11999896	1.03817900	0.96987830
171.19999896	1.03817900	0.96987830
171.27999896	1.03817900	0.96987830
171.35999896	1.05606200	0.96987830
171.43999896	1.03817900	0.96987830
171.51999896	1.03817900	0.96987830
171.59999896	1.03817900	0.96987830
171.67999896	1.03817900	0.96987830
171.75999896	1.03817900	0.96987830
171.83999896	1.03817900	0.96987830
171.91999896	1.03817900	0.96987830
171.99999895	1.03817900	0.96987830
172.07999895	1.03817900	0.96987830
172.15999895	1.03817900	0.96987830
172.23999895	1.03817900	0.96987830
172.31999895	1.03817900	0.96987830
172.39999895	1.03817900	0.96987830
172.47999895	1.03817900	0.96987830
172.55999895	1.03817900	0.96987830
172.63999895	1.03817900	0.96987830
172.71999895	1.03817900	0.96987830
172.79999895	1.03817900	0.96987830
172.87999895	1.03817900	0.96987830
172.95999895	1.03817900	0.96987830
173.03999895	1.03817900	0.96987830
173.11999895	1.03817900	0.96987830
173.19999895	1.03817900	0.96987830
173.27999895	1.03817900	0.96987830
173.35999895	1.03817900	0.96987830
173.43999895	1.03817900	0.79470200
173.51999895	1.03817900	0.96987830
173.59999894	1.03817900	0.96987830
173.67999894	1.03817900	0.79470200
173.75999894	1.03817900	0.96987830
173.83999894	1.03817900	0.96987830
173.91999894	1.03817900	0.96987830
173.99999894	1.03817900	0.96987830
174.07999894	1.03817900	0.79470200
174.15999894	1.03817900	0.96987830
174.23999894	1.03817900	0.96987830
174.31999894	1.03817900	0.96987830
174.39999894	1.03817900	0.96987830
174.47999894	1.03817900	0.79470200
174.55999894	1.03817900	0.96987830
174.63999894	1.03817900	0.96987830
174.71999894	1.03817900	0.96987830
174.79999894	1.03817900	0.96987830
174.87999894	1.03817900	0.96987830
174.95999894	1.03817900	0.96987830
175.03999894	1.03817900	0.79470200
175.11999894	1.03817900	0.96987830
175.19999894	1.03817900	0.79470200
175.27999893	1.03817900	0.96987830
175.35999893	1.03817900	0.79470200
175.43999893	1.03817900	0.96987830
175.51999893	1.03817900	0.79470200
175.59999893	1.03817900	0.79470200
175.67999893	1.03817900	0.96987830
175.75999893	1.03817900	0.79470200
175.83999893	1.03817900	0.79470200
175.91999893	1.03817900	0.79470200
175.99999893	1.03817900	0.79470200
176.07999893	1.03817900	0.79470200
176.15999893	1.03817900	0.96987830
176.23999893	1.03817900	0.79470200
176.31999893	1.03817900	0.79470200
176.39999893	1.03817900	0.79470200
176.47999893	1.03817900	0.79470200
176.55999893	1.03817900	0.96987830
176.63999893	1.03817900	0.79470200
176.71999893	1.03817900	0.79470200
176.79999893	1.03817900	0.96987830
176.87999893	1.03817900	0.79470200
176.95999892	1.03817900	0.79470200
177.03999892	1.03817900	0.79470200
177.11999892	1.03817900	0.79470200
177.19999892	1.03817900	0.96987830
177.27999892	1.03817900	0.79470200
177.35999892	1.03817900	0.79470200
177.43999892	1.03817900	0.79470200
177.51999892	1.03817900	0.79470200
177.59999892	1.03817900	0.79470200
177.67999892	1.03817900	0.79470200
177.75999892	1.03817900	0.79470200
177.83999892	1.03817900	0.79470200
177.91999892	1.03817900	0.79470200
177.99999892	1.03817900	0.79470200
178.07999892	1.03817900	0.79470200
178.15999892	1.03817900	0.79470200
178.23999892	1.03817900	0.79470200
178.31999892	1.03817900	0.79470200
178.39999892	1.03817900	0.79470200
178.47999892	1.03817900	0.79470200
178.55999891	1.03817900	0.79470200
178.63999891	1.03817900	0.79470200
178.71999891	1.03817900	0.79470200
178.79999891	1.03817900	5.35844000
178.87999891	1.02035600	6.93868800
178.95999891	1.03817900	5.71001300
179.03999891	1.02035600	6.06097600
179.11999891	1.03817900	5.71001300
179.19999891	1.02035600	5.88519000
179.27999891	1.03817900	5.53422600
179.35999891	1.02035600	5.88519000
179.43999891	1.02035600	5.71001300
179.51999891	1.02035600	5.88519000
179.59999891	1.02035600	5.71001300
179.67999891	1.03817900	5.71001300
179.75999891	1.02035600	6.41193900
179.83999891	1.02035600	5.88519000
179.91999891	1.02035600	5.53422600
179.99999891	1.02035600	5.53422600
180.07999891	1.03817900	5.35844000
180.15999891	1.03817900	5.35844000
180.23999890	1.03817900	5.00747700
180.31999890	1.03817900	4.12976500
180.39999890	1.03817900	4.30555200
180.47999890	1.03817900	4.12976500
180.55999890	1.03817900	4.30555200
180.63999890	1.03817900	4.12976500
180.71999890	1.05606200	4.12976500
180.79999890	1.05606200	4.12976500
180.87999890	1.03817900	4.12976500
180.95999890	1.05606200	4.12976500
181.03999890	1.03817900	4.12976500
181.11999890	1.05606200	4.12976500
181.19999890	1.03817900	3.95458800
181.27999890	1.05606200	3.95458800
181.35999890	1.05606200	3.95458800
181.43999890	1.05606200	4.12976500
181.51999890	1.05606200	3.95458800
181.59999890	1.05606200	4.12976500
181.67999890	1.05606200	3.95458800
181.75999890	1.03817900	3.95458800
181.83999889	1.05606200	3.95458800
181.91999889	1.05606200	3.95458800
181.99999889	1.05606200	3.95458800
182.07999889	1.05606200	3.95458800
182.15999889	1.03817900	3.95458800
182.23999889	1.05606200	3.95458800
182.31999889	1.05606200	3.95458800
182.39999889	1.05606200	3.77880200
182.47999889	1.05606200	3.95458800
182.55999889	1.05606200	3.77880200
182.63999889	1.05606200	3.77880200
182.71999889	1.03817900	3.95458800
182.79999889	1.05606200	3.95458800
182.87999889	1.05606200	3.77880200
182.95999889	1.05606200	3.95458800
183.03999889	1.05606200	3.77880200
183.11999889	1.05606200	3.77880200
183.19999889	1.05606200	3.77880200
183.27999889	1.05606200	3.77880200
183.35999889	1.05606200	3.77880200
183.43999889	1.05606200	3.77880200
183.51999888	1.05606200	3.77880200
183.59999888	1.05606200	3.77880200
183.67999888	1.03817900	3.77880200
183.75999888	1.03817900	3.60301500
183.83999888	1.03817900	3.60301500
183.91999888	1.05606200	3.60301500
183.99999888	1.03817900	3.60301500
184.07999888	1.05606200	3.77880200
184.15999888	1.03817900	3.77880200
184.23999888	1.05606200	3.60301500
184.31999888	1.03817900	3.60301500
184.39999888	1.03817900	3.60301500
184.47999888	1.03817900	3.60301500
184.55999888	1.05606200	3.60301500
184.63999888	1.03817900	3.60301500
184.71999888	1.03817900	3.60301500
184.79999888	1.03817900	3.60301500
184.87999888	1.03817900	3.60301500
184.95999888	1.05606200	3.60301500
185.03999888	1.03817900	3.60301500
185.11999887	1.03817900	3.60301500
185.19999887	1.03817900	3.60301500
185.27999887	1.03817900	3.42783900
185.35999887	1.03817900	3.42783900
185.43999887	1.03817900	3.42783900
185.51999887	1.03817900	3.42783900
185.59999887	1.03817900	3.42783900
185.67999887	1.03817900	3.60301500
185.75999887	1.03817900	3.42783900
185.83999887	1.03817900	3.42783900
185.91999887	1.03817900	3.42783900
185.99999887	1.03817900	3.42783900
186.07999887	1.03817900	3.42783900
186.15999887	1.03817900	3.42783900
186.23999887	1.03817900	3.42783900
186.31999887	1.03817900	3.42783900
186.39999887	1.03817900	3.42783900
186.47999887	1.03817900	3.42783900
186.55999887	1.03817900	3.42783900
186.63999887	1.03817900	3.42783900
186.71999887	1.03817900	3.42783900
186.79999886	1.03817900	3.42783900
186.87999886	1.03817900	3.42783900
186.95999886	1.03817900	3.42783900
187.03999886	1.03817900	3.42783900
187.11999886	1.03817900	3.42783900
187.19999886	1.03817900	3.42783900
187.27999886	1.03817900	3.42783900
187.35999886	1.03817900	3.42783900
187.43999886	1.03817900	3.42783900
187.51999886	1.03817900	3.42783900
187.59999886	1.03817900	3.42783900
187.67999886	1.03817900	3.42783900
187.75999886	1.03817900	3.42783900
187.83999886	1.03817900	3.42783900
187.91999886	1.03817900	3.42783900
187.99999886	1.03817900	3.42783900
188.07999886	1.03817900	3.42783900
188.15999886	1.03817900	3.42783900
188.23999886	1.03817900	3.42783900
188.31999886	1.03817900	3.42783900
188.39999886	1.03817900	3.42783900
188.47999885	1.03817900	3.42783900
188.55999885	1.03817900	3.42783900
188.63999885	1.03817900	3.42783900
188.71999885	1.03817900	3.25205200
188.79999885	1.03817900	3.42783900
188.87999885	1.03817900	3.42783900
188.95999885	1.03817900	3.25205200
189.03999885	1.03817900	3.42783900
189.11999885	1.03817900	3.25205200
189.19999885	1.03817900	3.25205200
189.27999885	1.03817900	3.42783900
189.35999885	1.03817900	3.25205200
189.43999885	1.03817900	3.42783900
189.51999885	1.03817900	3.25205200
189.59999885	1.03817900	3.25205200
189.67999885	1.03817900	3.42783900
189.75999885	1.03817900	3.42783900
189.83999885	1.03817900	3.25205200
189.91999885	1.03817900	3.42783900
189.99999885	1.03817900	3.25205200
190.07999884	1.03817900	3.25205200
190.15999884	1.03817900	3.42783900
190.23999884	1.03817900	3.25205200
190.31999884	1.03817900	3.42783900
190.39999884	1.03817900	3.25205200
190.47999884	1.03817900	3.42783900
190.55999884	1.03817900	3.42783900
190.63999884	1.03817900	3.25205200
190.71999884	1.03817900	3.42783900
190.79999884	1.03817900	3.42783900
190.87999884	1.03817900	3.25205200
190.95999884	1.03817900	3.42783900
191.03999884	1.03817900	3.25205200
191.11999884	1.03817900	3.25205200
191.19999884	1.03817900	3.25205200
191.27999884	1.03817900	3.25205200
191.35999884	1.03817900	3.42783900
191.43999884	1.05606200	3.42783900
191.51999884	1.03817900	3.25205200
191.59999884	1.03817900	3.42783900
191.67999884	1.03817900	3.25205200
191.75999883	1.03817900	3.42783900
191.83999883	1.03817900	3.42783900
191.91999883	1.03817900	3.42783900
191.99999883	1.03817900	3.25205200
192.07999883	1.03817900	3.42783900
192.15999883	1.03817900	3.42783900
192.23999883	1.03817900	3.42783900
192.31999883	1.03817900	3.42783900
192.39999883	1.03817900	3.42783900
192.47999883	1.03817900	3.42783900
192.55999883	1.03817900	3.42783900
192.63999883	1.03817900	3.42783900
192.71999883	1.03817900	3.42783900
192.79999883	1.03817900	3.42783900
192.87999883	1.03817900	3.42783900
192.95999883	1.03817900	3.42783900
193.03999883	1.03817900	3.42783900
193.11999883	1.03817900	3.42783900
193.19999883	1.03817900	3.42783900
193.27999883	1.03817900	3.42783900
193.35999882	1.03817900	3.42783900
193.43999882	1.05606200	3.42783900
193.51999882	1.03817900	3.42783900
193.59999882	1.03817900	3.42783900
193.67999882	1.03817900	3.42783900
193.75999882	1.03817900	3.42783900
193.83999882	1.05606200	3.42783900
193.91999882	1.03817900	3.42783900
193.99999882	1.03817900	3.42783900
194.07999882	1.03817900	3.42783900
194.15999882	1.03817900	3.42783900
194.23999882	1.05606200	3.42783900
194.31999882	1.03817900	3.42783900
194.39999882	1.03817900	3.42783900
194.47999882	1.03817900	3.42783900
194.55999882	1.03817900	3.42783900
194.63999882	1.05606200	3.42783900
194.71999882	1.05606200	3.42783900
194.79999882	1.03817900	3.42783900
194.87999882	1.05606200	3.42783900
194.95999882	1.03817900	3.60301500
195.03999881	1.03817900	3.60301500
195.11999881	1.03817900	3.60301500
195.19999881	1.05606200	3.42783900
195.27999881	1.05606200	3.60301500
195.35999881	1.05606200	3.42783900
195.43999881	1.03817900	3.60301500
195.51999881	1.03817900	3.60301500
195.59999881	1.05606200	3.60301500
195.67999881	1.05606200	3.60301500
195.75999881	1.03817900	3.60301500
195.83999881	1.03817900	3.60301500
195.91999881	1.05606200	3.60301500
195.99999881	1.05606200	3.60301500
196.07999881	1.05606200	3.60301500
196.15999881	1.05606200	3.60301500
196.23999881	1.03817900	3.77880200
196.31999881	1.03817900	3.60301500
196.39999881	1.03817900	3.60301500
196.47999881	1.03817900	3.60301500
196.55999881	1.03817900	3.60301500
196.63999880	1.05606200	3.77880200
196.71999880	1.05606200	3.77880200
196.79999880	1.03817900	3.77880200
196.87999880	1.03817900	3.60301500
196.95999880	1.05606200	3.77880200
197.03999880	1.05606200	3.77880200
197.11999880	1.03817900	3.77880200
197.19999880	1.03817900	3.77880200
197.27999880	1.05606200	3.77880200
197.35999880	1.05606200	3.77880200
197.43999880	1.03817900	3.77880200
197.51999880	1.03817900	3.77880200
197.59999880	1.05606200	3.77880200
197.67999880	1.03817900	3.95458800
197.75999880	1.03817900	3.77880200
197.83999880	1.05606200	3.95458800
197.91999880	1.05606200	3.95458800
197.99999880	1.05606200	3.95458800
198.07999880	1.03817900	3.95458800
198.15999880	1.05606200	3.95458800
198.23999880	1.05606200	3.95458800
198.31999879	1.05606200	3.95458800
198.39999879	1.03817900	3.95458800
198.47999879	1.03817900	3.95458800
198.55999879	1.05606200	3.95458800
198.63999879	1.05606200	3.95458800
198.71999879	1.03817900	3.95458800
198.79999879	1.05606200	3.95458800
198.87999879	1.05606200	3.95458800
198.95999879	1.03817900	3.95458800
199.03999879	1.03817900	3.95458800
199.11999879	1.09170800	8.69411300
199.19999879	1.02035600	6.41193900
199.27999879	1.07388500	3.60301500
199.35999879	1.05606200	4.65651400
199.43999879	1.05606200	4.30555200
199.51999879	1.05606200	4.48072800
199.59999879	1.05606200	3.95458800
199.67999879	1.07388500	1.84759100
199.75999879	1.07388500	0.26795250
199.83999879	1.07388500	0.26795250
199.91999878	1.07388500	0.26795250
199.99999878	1.07388500	-0.08239998
200.07999878	1.09170800	-0.60914950
200.15999878	1.07388500	-0.78432570
200.23999878	1.09170800	-0.60914950
