Time	Channel A	Channel B
(us)	(V)	(V)

0.00000000	0.52162240	3.77880200
0.08000000	0.52162240	3.95458800
0.16000000	0.53047280	3.77880200
0.24000000	0.53047280	3.77880200
0.32000000	0.53047280	3.77880200
0.40000000	0.53047280	3.77880200
0.48000000	0.53047280	3.77880200
0.56000000	0.53047280	3.60301500
0.64000000	0.53047280	3.60301500
0.72000000	0.53047280	3.60301500
0.80000000	0.53047280	3.60301500
0.87999999	0.53047280	3.60301500
0.95999999	0.53932310	3.60301500
1.03999999	0.53932310	3.60301500
1.11999999	0.53932310	3.60301500
1.19999999	0.53047280	3.42783900
1.27999999	0.53932310	3.60301500
1.35999999	0.53932310	3.42783900
1.43999999	0.53932310	3.42783900
1.51999999	0.53932310	3.42783900
1.59999999	0.53932310	3.42783900
1.67999999	0.53932310	3.42783900
1.75999999	0.53932310	3.42783900
1.83999999	0.54817350	3.42783900
1.91999999	0.54817350	3.42783900
1.99999999	0.54817350	3.42783900
2.07999999	0.53932310	3.42783900
2.15999999	0.54817350	3.42783900
2.23999999	0.54817350	3.42783900
2.31999999	0.54817350	3.25205200
2.39999999	0.54817350	3.42783900
2.47999998	0.54817350	3.42783900
2.55999998	0.54817350	3.42783900
2.63999998	0.54817350	3.42783900
2.71999998	0.54817350	3.42783900
2.79999998	0.54817350	3.25205200
2.87999998	0.54817350	3.25205200
2.95999998	0.54817350	3.25205200
3.03999998	0.54817350	3.25205200
3.11999998	0.54817350	3.07687600
3.19999998	0.54817350	3.07687600
3.27999998	0.54817350	3.07687600
3.35999998	0.54817350	3.07687600
3.43999998	0.54817350	3.07687600
3.51999998	0.54817350	3.07687600
3.59999998	0.54817350	3.07687600
3.67999998	0.54817350	3.07687600
3.75999998	0.53932310	3.07687600
3.83999998	0.54817350	3.07687600
3.91999998	0.54817350	3.07687600
3.99999998	0.54817350	3.07687600
4.07999998	0.54817350	3.07687600
4.15999997	0.54817350	3.07687600
4.23999997	0.54817350	3.07687600
4.31999997	0.54817350	3.07687600
4.39999997	0.54817350	2.90108900
4.47999997	0.54817350	3.07687600
4.55999997	0.53932310	3.07687600
4.63999997	0.54817350	3.07687600
4.71999997	0.53932310	2.90108900
4.79999997	0.53932310	2.90108900
4.87999997	0.54817350	2.90108900
4.95999997	0.53932310	2.90108900
5.03999997	0.53932310	2.90108900
5.11999997	0.53932310	2.90108900
5.19999997	0.54817350	2.90108900
5.27999997	0.54817350	2.90108900
5.35999997	0.53932310	2.72530300
5.43999997	0.53932310	2.72530300
5.51999997	0.53932310	2.72530300
5.59999997	0.53932310	2.72530300
5.67999997	0.53047280	2.72530300
5.75999996	0.53047280	2.72530300
5.83999996	0.53047280	2.72530300
5.91999996	0.53047280	2.72530300
5.99999996	0.53047280	2.72530300
6.07999996	0.53047280	2.72530300
6.15999996	0.53047280	2.72530300
6.23999996	0.53047280	2.55012700
6.31999996	0.53047280	2.55012700
6.39999996	0.53047280	2.55012700
6.47999996	0.53047280	2.55012700
6.55999996	0.53047280	2.55012700
6.63999996	0.53047280	2.55012700
6.71999996	0.52162240	2.55012700
6.79999996	0.53047280	2.55012700
6.87999996	0.53047280	2.37434000
6.95999996	0.53047280	2.37434000
7.03999996	0.53047280	2.37434000
7.11999996	0.53047280	2.37434000
7.19999996	0.52162240	2.37434000
7.27999996	0.52162240	2.19916400
7.35999996	0.53047280	2.19916400
7.43999995	0.52162240	2.19916400
7.51999995	0.52162240	2.19916400
7.59999995	0.53047280	2.19916400
7.67999995	0.53047280	2.19916400
7.75999995	0.52162240	2.19916400
7.83999995	0.52162240	2.19916400
7.91999995	0.53047280	2.02337700
7.99999995	0.53047280	2.02337700
8.07999995	0.53047280	2.02337700
8.15999995	0.53047280	2.02337700
8.23999995	0.52162240	2.02337700
8.31999995	0.52162240	2.02337700
8.39999995	0.53047280	2.02337700
8.47999995	0.52162240	2.02337700
8.55999995	0.53047280	2.02337700
8.63999995	0.53047280	2.02337700
8.71999995	0.53047280	2.02337700
8.79999995	0.53047280	2.02337700
8.87999995	0.53047280	2.02337700
8.95999995	0.52162240	2.02337700
9.03999995	0.53047280	2.02337700
9.11999994	0.53047280	2.02337700
9.19999994	0.53047280	2.02337700
9.27999994	0.53047280	2.02337700
9.35999994	0.53047280	2.02337700
9.43999994	0.53047280	2.02337700
9.51999994	0.53047280	2.02337700
9.59999994	0.53047280	2.02337700
9.67999994	0.53047280	2.02337700
9.75999994	0.53047280	2.02337700
9.83999994	0.53047280	2.02337700
9.91999994	0.53047280	2.19916400
9.99999994	0.53047280	2.19916400
10.07999994	0.53047280	2.02337700
10.15999994	0.53047280	2.19916400
10.23999994	0.53047280	2.19916400
10.31999994	0.53047280	2.19916400
10.39999994	0.53047280	2.19916400
10.47999994	0.53047280	2.37434000
10.55999994	0.53047280	2.37434000
10.63999994	0.53047280	2.19916400
10.71999993	0.53047280	2.37434000
10.79999993	0.53047280	2.37434000
10.87999993	0.53047280	2.37434000
10.95999993	0.53047280	2.37434000
11.03999993	0.53047280	2.55012700
11.11999993	0.53047280	2.37434000
11.19999993	0.53047280	2.37434000
11.27999993	0.53047280	2.55012700
11.35999993	0.53047280	2.55012700
11.43999993	0.53047280	2.55012700
11.51999993	0.53047280	2.55012700
11.59999993	0.53047280	2.55012700
11.67999993	0.53047280	2.72530300
11.75999993	0.53047280	2.72530300
11.83999993	0.53047280	2.72530300
11.91999993	0.53047280	2.72530300
11.99999993	0.53047280	2.72530300
12.07999993	0.53047280	2.72530300
12.15999993	0.53047280	2.72530300
12.23999993	0.53047280	2.72530300
12.31999993	0.53047280	2.72530300
12.39999992	0.53047280	2.90108900
12.47999992	0.53047280	2.90108900
12.55999992	0.53047280	3.07687600
12.63999992	0.53047280	2.90108900
12.71999992	0.53047280	2.90108900
12.79999992	0.53047280	3.07687600
12.87999992	0.53047280	3.07687600
12.95999992	0.53047280	2.90108900
13.03999992	0.53047280	3.07687600
13.11999992	0.53047280	3.07687600
13.19999992	0.53047280	3.07687600
13.27999992	0.53047280	3.07687600
13.35999992	0.53047280	3.07687600
13.43999992	0.53932310	3.07687600
13.51999992	0.53047280	3.07687600
13.59999992	0.53932310	3.07687600
13.67999992	0.53047280	3.07687600
13.75999992	0.53932310	3.25205200
13.83999992	0.53932310	3.25205200
13.91999992	0.53932310	3.25205200
13.99999991	0.53932310	3.25205200
14.07999991	0.53932310	3.25205200
14.15999991	0.53932310	3.42783900
14.23999991	0.53932310	3.42783900
14.31999991	0.53932310	3.42783900
14.39999991	0.53047280	3.42783900
14.47999991	0.53932310	3.42783900
14.55999991	0.53047280	3.42783900
14.63999991	0.53932310	3.42783900
14.71999991	0.53932310	3.42783900
14.79999991	0.53932310	3.42783900
14.87999991	0.53932310	3.42783900
14.95999991	0.53932310	3.42783900
15.03999991	0.53932310	3.42783900
15.11999991	0.53932310	3.42783900
15.19999991	0.53932310	3.42783900
15.27999991	0.53932310	3.42783900
15.35999991	0.53932310	3.42783900
15.43999991	0.53932310	3.42783900
15.51999991	0.53932310	3.42783900
15.59999991	0.53047280	3.60301500
15.67999990	0.53932310	3.42783900
15.75999990	0.53932310	3.60301500
15.83999990	0.53932310	3.60301500
15.91999990	0.53932310	3.60301500
15.99999990	0.53932310	3.60301500
16.07999990	0.54817350	3.60301500
16.15999990	0.53932310	3.60301500
16.23999990	0.53932310	3.60301500
16.31999990	0.54817350	3.77880200
16.39999990	0.53932310	3.77880200
16.47999990	0.53932310	3.60301500
16.55999990	0.53047280	3.77880200
16.63999990	0.53932310	3.77880200
16.71999990	0.53932310	3.77880200
16.79999990	0.53932310	3.77880200
16.87999990	0.53932310	3.77880200
16.95999990	0.53932310	3.77880200
17.03999990	0.54817350	3.95458800
17.11999990	0.54817350	3.95458800
17.19999990	0.53932310	3.77880200
17.27999989	0.53932310	3.95458800
17.35999989	0.54817350	3.95458800
17.43999989	0.54817350	3.95458800
17.51999989	0.54817350	3.95458800
17.59999989	0.54817350	3.95458800
17.67999989	0.54817350	3.95458800
17.75999989	0.54817350	3.95458800
17.83999989	0.54817350	3.95458800
17.91999989	0.54817350	3.95458800
17.99999989	0.55702380	3.95458800
18.07999989	0.54817350	4.12976500
18.15999989	0.54817350	4.12976500
18.23999989	0.54817350	4.12976500
18.31999989	0.54817350	4.12976500
18.39999989	0.55702380	4.12976500
18.47999989	0.54817350	4.12976500
18.55999989	0.55702380	4.12976500
18.63999989	0.54817350	4.12976500
18.71999989	0.55702380	4.12976500
18.79999989	0.56590470	7.28965100
18.87999989	0.55702380	3.42783900
18.95999988	0.56590470	4.83230100
19.03999988	0.56590470	4.12976500
19.11999988	0.56590470	3.95458800
19.19999988	0.55702380	0.44373910
19.27999988	0.58360550	0.26795250
19.35999988	0.57475510	0.44373910
19.43999988	0.57475510	0.26795250
19.51999988	0.57475510	0.09277627
19.59999988	0.58360550	-0.60914950
19.67999988	0.57475510	-0.60914950
19.75999988	0.58360550	-0.60914950
19.83999988	0.58360550	-0.60914950
19.91999988	0.58360550	-0.43336280
19.99999988	0.58360550	-0.43336280
20.07999988	0.58360550	-0.43336280
20.15999988	0.58360550	-0.08239998
20.23999988	0.58360550	0.79470200
20.31999988	0.58360550	0.61891540
20.39999988	0.59245580	0.79470200
20.47999988	0.59245580	0.79470200
20.55999988	0.59245580	0.61891540
20.63999987	0.59245580	0.79470200
20.71999987	0.59245580	0.79470200
20.79999987	0.59245580	0.79470200
20.87999987	0.59245580	0.79470200
20.95999987	0.59245580	0.79470200
21.03999987	0.59245580	0.79470200
21.11999987	0.60133670	0.79470200
21.19999987	0.60133670	0.79470200
21.27999987	0.60133670	0.79470200
21.35999987	0.60133670	0.79470200
21.43999987	0.60133670	0.96987830
21.51999987	0.60133670	0.96987830
21.59999987	0.60133670	0.79470200
21.67999987	0.60133670	0.96987830
21.75999987	0.60133670	0.96987830
21.83999987	0.60133670	0.96987830
21.91999987	0.61018710	0.96987830
21.99999987	0.60133670	0.96987830
22.07999987	0.60133670	0.96987830
22.15999987	0.60133670	0.96987830
22.23999986	0.60133670	0.96987830
22.31999986	0.60133670	0.96987830
22.39999986	0.60133670	0.96987830
22.47999986	0.60133670	0.96987830
22.55999986	0.60133670	0.96987830
22.63999986	0.60133670	0.96987830
22.71999986	0.60133670	0.96987830
22.79999986	0.61018710	0.96987830
22.87999986	0.61018710	1.14566500
22.95999986	0.60133670	0.96987830
23.03999986	0.60133670	0.96987830
23.11999986	0.60133670	0.96987830
23.19999986	0.61018710	0.96987830
23.27999986	0.60133670	1.14566500
23.35999986	0.61018710	1.14566500
23.43999986	0.61018710	1.14566500
23.51999986	0.60133670	0.96987830
23.59999986	0.61018710	1.14566500
23.67999986	0.61018710	0.96987830
23.75999986	0.61018710	1.14566500
23.83999986	0.60133670	1.14566500
23.91999985	0.60133670	1.14566500
23.99999985	0.61018710	1.14566500
24.07999985	0.60133670	1.14566500
24.15999985	0.61018710	1.14566500
24.23999985	0.61018710	1.14566500
24.31999985	0.60133670	1.14566500
24.39999985	0.60133670	1.14566500
24.47999985	0.60133670	1.14566500
24.55999985	0.60133670	1.14566500
24.63999985	0.60133670	1.14566500
24.71999985	0.60133670	1.32145100
24.79999985	0.60133670	1.14566500
24.87999985	0.60133670	1.32145100
24.95999985	0.60133670	1.14566500
25.03999985	0.60133670	1.14566500
25.11999985	0.60133670	1.32145100
25.19999985	0.60133670	1.14566500
25.27999985	0.60133670	1.32145100
25.35999985	0.60133670	1.32145100
25.43999985	0.60133670	1.32145100
25.51999984	0.59245580	1.32145100
25.59999984	0.59245580	1.32145100
25.67999984	0.59245580	1.32145100
25.75999984	0.59245580	1.32145100
25.83999984	0.59245580	1.14566500
25.91999984	0.59245580	1.32145100
25.99999984	0.59245580	1.32145100
26.07999984	0.59245580	1.32145100
26.15999984	0.59245580	1.32145100
26.23999984	0.59245580	1.32145100
26.31999984	0.58360550	1.32145100
26.39999984	0.58360550	1.32145100
26.47999984	0.58360550	1.32145100
26.55999984	0.58360550	1.32145100
26.63999984	0.58360550	1.32145100
26.71999984	0.58360550	1.32145100
26.79999984	0.58360550	1.32145100
26.87999984	0.58360550	1.32145100
26.95999984	0.58360550	1.32145100
27.03999984	0.57475510	1.32145100
27.11999984	0.57475510	1.32145100
27.19999983	0.57475510	1.32145100
27.27999983	0.56590470	1.32145100
27.35999983	0.56590470	1.32145100
27.43999983	0.56590470	1.32145100
27.51999983	0.56590470	1.32145100
27.59999983	0.56590470	1.32145100
27.67999983	0.56590470	1.32145100
27.75999983	0.56590470	1.32145100
27.83999983	0.55702380	1.32145100
27.91999983	0.55702380	1.32145100
27.99999983	0.55702380	1.32145100
28.07999983	0.55702380	1.32145100
28.15999983	0.55702380	1.32145100
28.23999983	0.55702380	1.32145100
28.31999983	0.55702380	1.32145100
28.39999983	0.54817350	1.32145100
28.47999983	0.54817350	1.32145100
28.55999983	0.54817350	1.32145100
28.63999983	0.54817350	1.32145100
28.71999983	0.54817350	1.32145100
28.79999982	0.53932310	1.32145100
28.87999982	0.53932310	1.32145100
28.95999982	0.53932310	1.32145100
29.03999982	0.53932310	1.32145100
29.11999982	0.53932310	1.32145100
29.19999982	0.53047280	1.32145100
29.27999982	0.53047280	1.32145100
29.35999982	0.53047280	1.32145100
29.43999982	0.53047280	1.32145100
29.51999982	0.53047280	1.32145100
29.59999982	0.53047280	1.32145100
29.67999982	0.53047280	1.32145100
29.75999982	0.53047280	1.32145100
29.83999982	0.53047280	1.32145100
29.91999982	0.53047280	1.32145100
29.99999982	0.53047280	1.32145100
30.07999982	0.53047280	1.32145100
30.15999982	0.53047280	1.32145100
30.23999982	0.53047280	1.32145100
30.31999982	0.53047280	1.32145100
30.39999982	0.53047280	1.32145100
30.47999981	0.53047280	1.32145100
30.55999981	0.53047280	1.32145100
30.63999981	0.53047280	1.32145100
30.71999981	0.53047280	1.32145100
30.79999981	0.53047280	1.32145100
30.87999981	0.53047280	1.32145100
30.95999981	0.53047280	1.32145100
31.03999981	0.53047280	1.32145100
31.11999981	0.53047280	1.32145100
31.19999981	0.53047280	1.32145100
31.27999981	0.53047280	1.32145100
31.35999981	0.53047280	1.32145100
31.43999981	0.53047280	1.32145100
31.51999981	0.53047280	1.32145100
31.59999981	0.53047280	1.32145100
31.67999981	0.53047280	1.32145100
31.75999981	0.53047280	1.32145100
31.83999981	0.53047280	1.32145100
31.91999981	0.53047280	1.32145100
31.99999981	0.53047280	1.32145100
32.07999981	0.53047280	1.32145100
32.15999980	0.53047280	1.32145100
32.23999980	0.53047280	1.32145100
32.31999980	0.52162240	1.32145100
32.39999980	0.52162240	1.32145100
32.47999980	0.53047280	1.32145100
32.55999980	0.52162240	1.32145100
32.63999980	0.52162240	1.32145100
32.71999980	0.53047280	1.32145100
32.79999980	0.53047280	1.32145100
32.87999980	0.52162240	1.32145100
32.95999980	0.52162240	1.32145100
33.03999980	0.52162240	1.32145100
33.11999980	0.53047280	1.32145100
33.19999980	0.52162240	1.32145100
33.27999980	0.52162240	1.32145100
33.35999980	0.52162240	1.32145100
33.43999980	0.52162240	1.32145100
33.51999980	0.52162240	1.32145100
33.59999980	0.52162240	1.32145100
33.67999980	0.52162240	1.32145100
33.75999979	0.52162240	1.14566500
33.83999979	0.52162240	1.32145100
33.91999979	0.52162240	1.32145100
33.99999979	0.52162240	1.32145100
34.07999979	0.52162240	1.32145100
34.15999979	0.52162240	1.14566500
34.23999979	0.52162240	1.32145100
34.31999979	0.52162240	1.32145100
34.39999979	0.52162240	1.14566500
34.47999979	0.52162240	1.32145100
34.55999979	0.52162240	1.32145100
34.63999979	0.52162240	1.14566500
34.71999979	0.52162240	1.14566500
34.79999979	0.52162240	1.14566500
34.87999979	0.52162240	1.14566500
34.95999979	0.52162240	1.14566500
35.03999979	0.52162240	1.14566500
35.11999979	0.52162240	1.14566500
35.19999979	0.52162240	1.14566500
35.27999979	0.52162240	1.14566500
35.35999979	0.53047280	1.14566500
35.43999978	0.53047280	1.14566500
35.51999978	0.53047280	1.14566500
35.59999978	0.53047280	1.14566500
35.67999978	0.53047280	1.14566500
35.75999978	0.53047280	1.14566500
35.83999978	0.53047280	1.14566500
35.91999978	0.53047280	1.14566500
35.99999978	0.53047280	1.14566500
36.07999978	0.52162240	1.14566500
36.15999978	0.52162240	1.14566500
36.23999978	0.52162240	1.14566500
36.31999978	0.52162240	1.14566500
36.39999978	0.52162240	1.14566500
36.47999978	0.52162240	1.14566500
36.55999978	0.52162240	1.14566500
36.63999978	0.52162240	1.14566500
36.71999978	0.52162240	1.14566500
36.79999978	0.52162240	1.14566500
36.87999978	0.52162240	1.14566500
36.95999978	0.52162240	1.14566500
37.03999977	0.52162240	1.14566500
37.11999977	0.52162240	0.96987830
37.19999977	0.52162240	1.14566500
37.27999977	0.52162240	0.96987830
37.35999977	0.52162240	1.14566500
37.43999977	0.52162240	0.96987830
37.51999977	0.52162240	1.14566500
37.59999977	0.52162240	0.96987830
37.67999977	0.52162240	1.14566500
37.75999977	0.52162240	0.96987830
37.83999977	0.52162240	1.14566500
37.91999977	0.52162240	0.96987830
37.99999977	0.52162240	0.96987830
38.07999977	0.52162240	0.96987830
38.15999977	0.52162240	0.96987830
38.23999977	0.52162240	0.96987830
38.31999977	0.52162240	0.96987830
38.39999977	0.52162240	0.96987830
38.47999977	0.52162240	0.96987830
38.55999977	0.52162240	0.96987830
38.63999977	0.52162240	0.79470200
38.71999976	0.52162240	0.96987830
38.79999976	0.52162240	0.79470200
38.87999976	0.52162240	0.96987830
38.95999976	0.52162240	0.79470200
39.03999976	0.52162240	0.96987830
39.11999976	0.52162240	0.96987830
39.19999976	0.52162240	0.79470200
39.27999976	0.52162240	0.96987830
39.35999976	0.52162240	0.79470200
39.43999976	0.52162240	0.96987830
39.51999976	0.52162240	0.79470200
39.59999976	0.52162240	0.96987830
39.67999976	0.52162240	0.79470200
39.75999976	0.52162240	0.79470200
39.83999976	0.52162240	0.79470200
39.91999976	0.52162240	0.79470200
39.99999976	0.52162240	0.79470200
40.07999976	0.52162240	0.79470200
40.15999976	0.52162240	0.79470200
40.23999976	0.53047280	0.79470200
40.31999975	0.52162240	0.79470200
40.39999975	0.53047280	0.79470200
40.47999975	0.52162240	0.79470200
40.55999975	0.53047280	0.79470200
40.63999975	0.52162240	0.61891540
40.71999975	0.53047280	0.79470200
40.79999975	0.53047280	0.79470200
40.87999975	0.53047280	0.61891540
40.95999975	0.52162240	0.61891540
41.03999975	0.53047280	0.61891540
41.11999975	0.53047280	0.61891540
41.19999975	0.53047280	0.61891540
41.27999975	0.53047280	0.61891540
41.35999975	0.53047280	0.61891540
41.43999975	0.53047280	0.61891540
41.51999975	0.53047280	0.61891540
41.59999975	0.53047280	0.61891540
41.67999975	0.53047280	0.61891540
41.75999975	0.53932310	0.09277627
41.83999975	0.53047280	-0.43336280
41.91999975	0.53047280	-0.60914950
41.99999974	0.53047280	-0.60914950
42.07999974	0.53932310	-0.60914950
42.15999974	0.53047280	-0.60914950
42.23999974	0.53047280	-0.78432570
42.31999974	0.53047280	-0.78432570
42.39999974	0.53047280	-0.78432570
42.47999974	0.53047280	-0.78432570
42.55999974	0.53047280	-0.78432570
42.63999974	0.53047280	-0.78432570
42.71999974	0.53932310	-0.78432570
42.79999974	0.53932310	-0.78432570
42.87999974	0.53047280	-0.78432570
42.95999974	0.53047280	-0.78432570
43.03999974	0.53932310	-0.78432570
43.11999974	0.53932310	-0.78432570
43.19999974	0.53047280	-0.78432570
43.27999974	0.53047280	-0.78432570
43.35999974	0.53047280	-0.78432570
43.43999974	0.53047280	-0.78432570
43.51999974	0.53932310	-0.78432570
43.59999974	0.53047280	-0.78432570
43.67999973	0.53932310	-0.78432570
43.75999973	0.53047280	-0.78432570
43.83999973	0.53932310	-0.78432570
43.91999973	0.53047280	-0.78432570
43.99999973	0.53047280	-0.78432570
44.07999973	0.53047280	-0.78432570
44.15999973	0.53047280	-0.96011230
44.23999973	0.53932310	-0.78432570
44.31999973	0.53047280	-0.78432570
44.39999973	0.53932310	-0.78432570
44.47999973	0.53047280	-0.78432570
44.55999973	0.53047280	-0.78432570
44.63999973	0.53047280	-0.96011230
44.71999973	0.53047280	-0.96011230
44.79999973	0.53047280	-0.78432570
44.87999973	0.53047280	-0.96011230
44.95999973	0.53047280	-0.78432570
45.03999973	0.53047280	-0.96011230
45.11999973	0.53047280	-0.78432570
45.19999973	0.53047280	-0.96011230
45.27999972	0.53047280	-0.78432570
45.35999972	0.53047280	-0.96011230
45.43999972	0.53047280	-0.78432570
45.51999972	0.53047280	-0.78432570
45.59999972	0.53047280	-0.78432570
45.67999972	0.50389110	-0.60914950
45.75999972	0.53047280	-0.78432570
45.83999972	0.52162240	-0.78432570
45.91999972	0.52162240	-0.60914950
45.99999972	0.52162240	-0.60914950
46.07999972	0.52162240	-0.60914950
46.15999972	0.52162240	-0.25818660
46.23999972	0.52162240	-0.08239998
46.31999972	0.52162240	0.26795250
46.39999972	0.53047280	1.49662800
46.47999972	0.52162240	1.49662800
46.55999972	0.53047280	2.19916400
46.63999972	0.53047280	1.67241400
46.71999972	0.53047280	-0.25818660
46.79999972	0.53047280	-0.78432570
46.87999972	0.53047280	-0.78432570
46.95999971	0.53047280	-0.96011230
47.03999971	0.53047280	-0.78432570
47.11999971	0.53047280	-0.78432570
47.19999971	0.53047280	-0.96011230
47.27999971	0.53047280	-0.96011230
47.35999971	0.53047280	-0.96011230
47.43999971	0.53047280	-1.13589900
47.51999971	0.53047280	-0.96011230
47.59999971	0.53047280	-0.96011230
47.67999971	0.53047280	-0.96011230
47.75999971	0.53047280	-1.13589900
47.83999971	0.53047280	-1.13589900
47.91999971	0.53047280	-0.96011230
47.99999971	0.52162240	-1.13589900
48.07999971	0.53047280	-0.78432570
48.15999971	0.52162240	-0.78432570
48.23999971	0.52162240	-0.78432570
48.31999971	0.52162240	-0.78432570
48.39999971	0.52162240	-0.78432570
48.47999971	0.52162240	-0.60914950
48.55999970	0.52162240	-0.43336280
48.63999970	0.52162240	-0.25818660
48.71999970	0.52162240	-0.08239998
48.79999970	0.53047280	1.14566500
48.87999970	0.52162240	2.02337700
48.95999970	0.52162240	1.32145100
49.03999970	0.52162240	0.09277627
49.11999970	0.52162240	0.26795250
49.19999970	0.52162240	1.49662800
49.27999970	0.52162240	2.19916400
49.35999970	0.52162240	2.02337700
49.43999970	0.53047280	3.60301500
49.51999970	0.51274150	4.83230100
49.59999970	0.52162240	-0.78432570
49.67999970	0.53047280	-0.43336280
49.75999970	0.53047280	-0.60914950
49.83999970	0.53047280	-0.78432570
49.91999970	0.53047280	-0.78432570
49.99999970	0.53047280	-0.60914950
50.07999970	0.53047280	-0.60914950
50.15999970	0.53047280	-0.43336280
50.23999969	0.53047280	-0.60914950
50.31999969	0.53047280	-0.78432570
50.39999969	0.53047280	-0.96011230
50.47999969	0.53932310	-1.13589900
50.55999969	0.53047280	-0.96011230
50.63999969	0.53047280	-1.13589900
50.71999969	0.53047280	-0.96011230
50.79999969	0.53047280	-1.13589900
50.87999969	0.53047280	-1.13589900
50.95999969	0.53047280	-1.13589900
51.03999969	0.53047280	-1.13589900
51.11999969	0.53047280	-0.96011230
51.19999969	0.53047280	-0.96011230
51.27999969	0.53047280	-0.96011230
51.35999969	0.53047280	-0.96011230
51.43999969	0.53047280	-1.13589900
51.51999969	0.53047280	-1.13589900
51.59999969	0.53932310	-0.96011230
51.67999969	0.53047280	-1.13589900
51.75999969	0.53047280	-0.96011230
51.83999968	0.53047280	-1.13589900
51.91999968	0.53047280	-0.96011230
51.99999968	0.53047280	-0.96011230
52.07999968	0.51274150	-0.78432570
52.15999968	0.53047280	-0.78432570
52.23999968	0.52162240	-0.78432570
52.31999968	0.53047280	-0.78432570
52.39999968	0.52162240	-0.96011230
52.47999968	0.53047280	-0.96011230
52.55999968	0.52162240	-1.13589900
52.63999968	0.54817350	-1.13589900
52.71999968	0.53047280	-0.96011230
52.79999968	0.53047280	-0.96011230
52.87999968	0.53932310	-0.96011230
52.95999968	0.53932310	-0.96011230
53.03999968	0.53047280	-0.96011230
53.11999968	0.53047280	-0.78432570
53.19999968	0.53047280	-0.78432570
53.27999968	0.53047280	-0.78432570
53.35999968	0.53047280	-0.60914950
53.43999968	0.53047280	-0.60914950
53.51999967	0.53047280	-0.43336280
53.59999967	0.53047280	-0.08239998
53.67999967	0.53047280	0.09277627
53.75999967	0.53047280	1.14566500
53.83999967	0.53047280	1.49662800
53.91999967	0.53047280	1.67241400
53.99999967	0.53047280	2.02337700
54.07999967	0.53047280	2.02337700
54.15999967	0.53047280	2.37434000
54.23999967	0.53047280	2.72530300
54.31999967	0.53047280	3.07687600
54.39999967	0.53047280	5.18326400
54.47999967	0.53047280	5.35844000
54.55999967	0.53047280	3.42783900
54.63999967	0.53047280	4.12976500
54.71999967	0.53047280	3.95458800
54.79999967	0.53047280	3.95458800
54.87999967	0.53047280	3.95458800
54.95999967	0.53047280	3.95458800
55.03999967	0.53047280	3.95458800
55.11999967	0.53047280	3.95458800
55.19999966	0.53047280	3.95458800
55.27999966	0.53047280	3.95458800
55.35999966	0.53047280	3.95458800
55.43999966	0.53047280	3.95458800
55.51999966	0.53047280	3.95458800
55.59999966	0.53047280	3.95458800
55.67999966	0.53047280	3.95458800
55.75999966	0.53047280	3.60301500
55.83999966	0.53047280	3.95458800
55.91999966	0.53047280	3.95458800
55.99999966	0.53047280	3.95458800
56.07999966	0.53047280	3.95458800
56.15999966	0.53932310	-1.48686200
56.23999966	0.54817350	0.61891540
56.31999966	0.52162240	0.79470200
56.39999966	0.52162240	2.72530300
56.47999966	0.52162240	5.18326400
56.55999966	0.54817350	6.06097600
56.63999966	0.51274150	11.15146000
56.71999966	0.53047280	2.02337700
56.79999965	0.53047280	5.00747700
56.87999965	0.53047280	3.60301500
56.95999965	0.53047280	4.12976500
57.03999965	0.53047280	3.60301500
57.11999965	0.53047280	3.42783900
57.19999965	0.54817350	-0.08239998
57.27999965	0.53047280	0.09277627
57.35999965	0.53932310	0.09277627
57.43999965	0.53932310	0.26795250
57.51999965	0.53047280	0.61891540
57.59999965	0.53047280	3.07687600
57.67999965	0.53047280	3.77880200
57.75999965	0.53047280	4.12976500
57.83999965	0.53047280	3.95458800
57.91999965	0.53047280	4.12976500
57.99999965	0.53047280	4.12976500
58.07999965	0.53047280	4.12976500
58.15999965	0.53047280	4.12976500
58.23999965	0.53047280	4.12976500
58.31999965	0.53047280	4.12976500
58.39999965	0.53047280	4.12976500
58.47999964	0.53047280	4.12976500
58.55999964	0.53047280	4.12976500
58.63999964	0.53047280	4.12976500
58.71999964	0.53047280	3.95458800
58.79999964	0.53047280	4.12976500
58.87999964	0.53047280	4.12976500
58.95999964	0.53047280	4.12976500
59.03999964	0.53047280	4.12976500
59.11999964	0.53047280	4.12976500
59.19999964	0.53047280	3.77880200
59.27999964	0.53047280	3.95458800
59.35999964	0.53047280	3.95458800
59.43999964	0.53047280	4.12976500
59.51999964	0.53932310	4.12976500
59.59999964	0.53047280	2.72530300
59.67999964	0.51274150	0.26795250
59.75999964	0.55702380	0.79470200
59.83999964	0.52162240	6.06097600
59.91999964	0.53932310	3.77880200
59.99999964	0.52162240	10.27375000
60.07999963	0.55702380	2.72530300
60.15999963	0.53047280	5.00747700
60.23999963	0.53932310	4.12976500
60.31999963	0.53047280	4.30555200
60.39999963	0.53047280	4.12976500
60.47999963	0.53932310	4.12976500
60.55999963	0.53047280	4.12976500
60.63999963	0.53932310	4.12976500
60.71999963	0.53047280	4.12976500
60.79999963	0.53047280	4.12976500
60.87999963	0.53932310	4.12976500
60.95999963	0.53932310	4.12976500
61.03999963	0.53047280	4.30555200
61.11999963	0.53047280	4.12976500
61.19999963	0.53047280	4.12976500
61.27999963	0.53047280	4.12976500
61.35999963	0.53047280	4.12976500
61.43999963	0.53047280	4.12976500
61.51999963	0.53047280	4.12976500
61.59999963	0.53932310	4.12976500
61.67999963	0.53932310	4.12976500
61.75999962	0.53932310	4.12976500
61.83999962	0.53047280	4.12976500
61.91999962	0.53047280	3.77880200
61.99999962	0.53932310	-0.25818660
62.07999962	0.54817350	0.26795250
62.15999962	0.53932310	0.09277627
62.23999962	0.54817350	0.09277627
62.31999962	0.53932310	-0.60914950
62.39999962	0.54817350	-0.78432570
62.47999962	0.54817350	-0.78432570
62.55999962	0.54817350	-0.78432570
62.63999962	0.54817350	-0.78432570
62.71999962	0.54817350	-0.78432570
62.79999962	0.55702380	-0.78432570
62.87999962	0.54817350	-0.78432570
62.95999962	0.55702380	-0.78432570
63.03999962	0.55702380	-0.78432570
63.11999962	0.54817350	-0.78432570
63.19999962	0.55702380	-0.78432570
63.27999962	0.54817350	-0.78432570
63.35999961	0.54817350	-0.78432570
63.43999961	0.54817350	-0.78432570
63.51999961	0.54817350	-0.78432570
63.59999961	0.54817350	-0.78432570
63.67999961	0.54817350	-0.78432570
63.75999961	0.54817350	-0.78432570
63.83999961	0.54817350	-0.78432570
63.91999961	0.54817350	-0.78432570
63.99999961	0.54817350	-0.78432570
64.07999961	0.54817350	-0.78432570
64.15999961	0.54817350	-0.78432570
64.23999961	0.54817350	-0.60914950
64.31999961	0.54817350	-0.78432570
64.39999961	0.54817350	-0.60914950
64.47999961	0.54817350	-0.78432570
64.55999961	0.54817350	-0.60914950
64.63999961	0.54817350	-0.78432570
64.71999961	0.54817350	-0.60914950
64.79999961	0.54817350	-0.60914950
64.87999961	0.54817350	-0.60914950
64.95999961	0.54817350	-0.60914950
65.03999960	0.54817350	-0.60914950
65.11999960	0.54817350	-0.60914950
65.19999960	0.54817350	-0.43336280
65.27999960	0.54817350	-0.60914950
65.35999960	0.53932310	-0.43336280
65.43999960	0.54817350	-0.43336280
65.51999960	0.53932310	-0.43336280
65.59999960	0.54817350	-0.25818660
65.67999960	0.53932310	-0.25818660
65.75999960	0.53047280	-0.08239998
65.83999960	0.53047280	-0.08239998
65.91999960	0.53047280	0.26795250
65.99999960	0.53047280	1.14566500
66.07999960	0.53047280	3.77880200
66.15999960	0.53047280	6.41193900
66.23999960	0.52162240	5.88519000
66.31999960	0.52162240	5.71001300
66.39999960	0.53047280	5.71001300
66.47999960	0.53047280	5.35844000
66.55999960	0.53047280	5.71001300
66.63999959	0.53047280	5.53422600
66.71999959	0.53047280	5.53422600
66.79999959	0.53047280	5.53422600
66.87999959	0.53047280	5.71001300
66.95999959	0.52162240	5.71001300
67.03999959	0.53047280	5.71001300
67.11999959	0.52162240	5.53422600
67.19999959	0.52162240	5.71001300
67.27999959	0.52162240	5.53422600
67.35999959	0.53047280	5.71001300
67.43999959	0.53047280	5.71001300
67.51999959	0.53047280	5.71001300
67.59999959	0.53047280	5.53422600
67.67999959	0.53047280	5.53422600
67.75999959	0.53047280	5.53422600
67.83999959	0.53047280	5.53422600
67.91999959	0.53047280	5.53422600
67.99999959	0.53047280	5.53422600
68.07999959	0.53047280	5.53422600
68.15999959	0.53047280	5.71001300
68.23999959	0.53047280	5.53422600
68.31999958	0.53047280	5.53422600
68.39999958	0.53047280	5.53422600
68.47999958	0.52162240	5.53422600
68.55999958	0.53047280	5.53422600
68.63999958	0.53047280	5.53422600
68.71999958	0.52162240	5.53422600
68.79999958	0.53047280	5.53422600
68.87999958	0.53047280	5.53422600
68.95999958	0.53047280	5.53422600
69.03999958	0.53047280	5.53422600
69.11999958	0.52162240	5.53422600
69.19999958	0.52162240	5.53422600
69.27999958	0.52162240	5.53422600
69.35999958	0.52162240	5.53422600
69.43999958	0.53047280	5.53422600
69.51999958	0.52162240	5.53422600
69.59999958	0.52162240	5.53422600
69.67999958	0.53047280	5.53422600
69.75999958	0.53047280	5.53422600
69.83999958	0.52162240	5.53422600
69.91999958	0.52162240	5.53422600
69.99999957	0.52162240	5.53422600
70.07999957	0.52162240	5.53422600
70.15999957	0.52162240	5.53422600
70.23999957	0.52162240	5.35844000
70.31999957	0.53047280	5.53422600
70.39999957	0.53047280	5.35844000
70.47999957	0.52162240	5.00747700
70.55999957	0.53047280	4.83230100
70.63999957	0.52162240	4.48072800
70.71999957	0.53047280	4.48072800
70.79999957	0.53047280	4.48072800
70.87999957	0.53047280	4.48072800
70.95999957	0.53047280	4.48072800
71.03999957	0.53047280	4.48072800
71.11999957	0.53047280	4.65651400
71.19999957	0.53047280	4.48072800
71.27999957	0.53047280	4.48072800
71.35999957	0.53047280	4.48072800
71.43999957	0.53047280	4.48072800
71.51999957	0.52162240	4.48072800
71.59999956	0.53047280	4.48072800
71.67999956	0.53047280	4.48072800
71.75999956	0.52162240	4.48072800
71.83999956	0.53047280	4.48072800
71.91999956	0.52162240	4.30555200
71.99999956	0.53047280	4.48072800
72.07999956	0.53047280	4.48072800
72.15999956	0.53047280	4.48072800
72.23999956	0.53047280	4.48072800
72.31999956	0.53047280	4.48072800
72.39999956	0.53047280	4.48072800
72.47999956	0.52162240	4.48072800
72.55999956	0.53047280	4.48072800
72.63999956	0.52162240	4.48072800
72.71999956	0.53047280	4.48072800
72.79999956	0.53047280	4.48072800
72.87999956	0.53047280	4.48072800
72.95999956	0.53047280	4.48072800
73.03999956	0.53047280	4.48072800
73.11999956	0.53047280	4.48072800
73.19999956	0.53047280	4.48072800
73.27999955	0.53047280	4.48072800
73.35999955	0.53047280	4.48072800
73.43999955	0.53047280	4.48072800
73.51999955	0.53047280	4.48072800
73.59999955	0.53047280	4.48072800
73.67999955	0.53047280	4.48072800
73.75999955	0.52162240	4.48072800
73.83999955	0.53047280	4.48072800
73.91999955	0.53047280	4.48072800
73.99999955	0.53047280	4.48072800
74.07999955	0.53047280	4.48072800
74.15999955	0.53047280	4.48072800
74.23999955	0.53047280	4.48072800
74.31999955	0.52162240	4.48072800
74.39999955	0.53047280	4.48072800
74.47999955	0.52162240	4.65651400
74.55999955	0.53047280	4.48072800
74.63999955	0.53047280	4.48072800
74.71999955	0.53047280	4.48072800
74.79999955	0.52162240	4.48072800
74.87999954	0.53047280	4.48072800
74.95999954	0.53047280	4.48072800
75.03999954	0.53047280	4.65651400
75.11999954	0.53047280	4.48072800
75.19999954	0.53047280	4.48072800
75.27999954	0.52162240	4.48072800
75.35999954	0.53047280	4.48072800
75.43999954	0.52162240	4.48072800
75.51999954	0.52162240	4.65651400
75.59999954	0.52162240	4.65651400
75.67999954	0.53047280	4.48072800
75.75999954	0.52162240	4.48072800
75.83999954	0.53047280	4.48072800
75.91999954	0.53047280	4.48072800
75.99999954	0.52162240	4.48072800
76.07999954	0.53047280	4.65651400
76.15999954	0.52162240	4.48072800
76.23999954	0.53047280	4.65651400
76.31999954	0.53047280	4.48072800
76.39999954	0.52162240	4.48072800
76.47999954	0.52162240	4.48072800
76.55999953	0.52162240	4.48072800
76.63999953	0.53047280	4.48072800
76.71999953	0.53047280	4.48072800
76.79999953	0.52162240	4.48072800
76.87999953	0.53047280	4.48072800
76.95999953	0.53047280	4.65651400
77.03999953	0.53047280	4.48072800
77.11999953	0.53047280	4.65651400
77.19999953	0.52162240	4.48072800
77.27999953	0.53047280	4.48072800
77.35999953	0.52162240	4.48072800
77.43999953	0.53047280	4.48072800
77.51999953	0.53047280	4.65651400
77.59999953	0.53047280	4.65651400
77.67999953	0.52162240	4.65651400
77.75999953	0.53047280	4.65651400
77.83999953	0.53047280	4.65651400
77.91999953	0.52162240	4.65651400
77.99999953	0.53047280	4.48072800
78.07999953	0.52162240	4.65651400
78.15999952	0.53047280	4.65651400
78.23999952	0.53047280	4.65651400
78.31999952	0.53047280	4.65651400
78.39999952	0.53047280	4.65651400
78.47999952	0.53047280	4.65651400
78.55999952	0.53047280	4.65651400
78.63999952	0.52162240	4.65651400
78.71999952	0.53047280	4.65651400
78.79999952	0.52162240	4.65651400
78.87999952	0.53047280	4.65651400
78.95999952	0.53047280	4.65651400
79.03999952	0.52162240	4.65651400
79.11999952	0.53047280	4.65651400
79.19999952	0.53047280	4.65651400
79.27999952	0.52162240	4.65651400
79.35999952	0.53047280	4.65651400
79.43999952	0.52162240	4.65651400
79.51999952	0.53047280	4.65651400
79.59999952	0.53047280	4.65651400
79.67999952	0.53047280	4.83230100
79.75999952	0.53047280	4.83230100
79.83999951	0.52162240	4.65651400
79.91999951	0.53047280	4.65651400
79.99999951	0.53047280	4.83230100
80.07999951	0.52162240	4.83230100
80.15999951	0.53047280	4.83230100
80.23999951	0.53047280	4.65651400
80.31999951	0.53047280	4.65651400
80.39999951	0.53047280	4.83230100
80.47999951	0.53047280	4.83230100
80.55999951	0.53047280	4.83230100
80.63999951	0.53047280	4.83230100
80.71999951	0.53047280	4.83230100
80.79999951	0.52162240	4.83230100
80.87999951	0.52162240	4.83230100
80.95999951	0.53047280	4.83230100
81.03999951	0.53047280	4.83230100
81.11999951	0.53047280	4.83230100
81.19999951	0.53047280	4.83230100
81.27999951	0.52162240	4.83230100
81.35999951	0.52162240	4.83230100
81.43999951	0.52162240	4.83230100
81.51999950	0.53047280	4.83230100
81.59999950	0.53047280	4.83230100
81.67999950	0.52162240	5.00747700
81.75999950	0.52162240	4.83230100
81.83999950	0.52162240	4.83230100
81.91999950	0.53047280	4.83230100
81.99999950	0.53047280	4.83230100
82.07999950	0.53047280	4.83230100
82.15999950	0.53047280	4.83230100
82.23999950	0.53047280	4.83230100
82.31999950	0.53047280	4.83230100
82.39999950	0.53047280	4.83230100
82.47999950	0.53047280	4.83230100
82.55999950	0.53047280	4.83230100
82.63999950	0.53047280	5.00747700
82.71999950	0.53047280	4.83230100
82.79999950	0.53047280	4.83230100
82.87999950	0.53047280	4.83230100
82.95999950	0.53047280	4.83230100
83.03999950	0.53047280	4.83230100
83.11999949	0.52162240	4.83230100
83.19999949	0.52162240	4.83230100
83.27999949	0.53047280	4.83230100
83.35999949	0.52162240	4.83230100
83.43999949	0.52162240	4.83230100
83.51999949	0.53047280	4.83230100
83.59999949	0.52162240	4.83230100
83.67999949	0.52162240	4.83230100
83.75999949	0.53047280	4.83230100
83.83999949	0.52162240	4.83230100
83.91999949	0.52162240	4.83230100
83.99999949	0.52162240	4.83230100
84.07999949	0.52162240	4.83230100
84.15999949	0.52162240	4.83230100
84.23999949	0.52162240	4.83230100
84.31999949	0.53047280	4.83230100
84.39999949	0.52162240	4.83230100
84.47999949	0.53047280	4.83230100
84.55999949	0.52162240	4.83230100
84.63999949	0.52162240	4.83230100
84.71999949	0.52162240	4.83230100
84.79999948	0.53047280	4.65651400
84.87999948	0.53047280	4.65651400
84.95999948	0.53047280	4.30555200
85.03999948	0.53047280	3.42783900
85.11999948	0.53047280	1.84759100
85.19999948	0.53047280	1.84759100
85.27999948	0.53047280	0.44373910
85.35999948	0.53932310	0.61891540
85.43999948	0.53932310	0.61891540
85.51999948	0.53047280	0.61891540
85.59999948	0.53047280	0.79470200
85.67999948	0.53932310	0.61891540
85.75999948	0.53932310	0.79470200
85.83999948	0.53932310	0.61891540
85.91999948	0.53047280	0.61891540
85.99999948	0.53047280	0.79470200
86.07999948	0.53047280	0.61891540
86.15999948	0.53047280	0.79470200
86.23999948	0.53047280	0.79470200
86.31999948	0.53047280	0.79470200
86.39999947	0.53047280	0.79470200
86.47999947	0.53047280	0.61891540
86.55999947	0.53932310	0.79470200
86.63999947	0.53932310	0.79470200
86.71999947	0.53047280	0.79470200
86.79999947	0.53047280	0.79470200
86.87999947	0.53047280	0.79470200
86.95999947	0.53047280	0.79470200
87.03999947	0.53047280	0.79470200
87.11999947	0.53047280	0.79470200
87.19999947	0.53047280	0.79470200
87.27999947	0.53047280	0.79470200
87.35999947	0.53047280	0.79470200
87.43999947	0.53047280	0.79470200
87.51999947	0.53047280	0.79470200
87.59999947	0.53047280	0.79470200
87.67999947	0.53047280	0.79470200
87.75999947	0.53047280	0.79470200
87.83999947	0.53047280	0.79470200
87.91999947	0.53047280	0.79470200
87.99999947	0.53047280	0.79470200
88.07999946	0.53047280	0.79470200
88.15999946	0.53047280	0.79470200
88.23999946	0.53047280	0.79470200
88.31999946	0.53047280	0.79470200
88.39999946	0.53047280	0.79470200
88.47999946	0.53047280	0.79470200
88.55999946	0.53047280	0.79470200
88.63999946	0.53047280	0.79470200
88.71999946	0.53047280	0.79470200
88.79999946	0.53047280	0.79470200
88.87999946	0.53047280	0.79470200
88.95999946	0.53047280	0.79470200
89.03999946	0.53047280	0.79470200
89.11999946	0.53047280	0.96987830
89.19999946	0.53047280	0.79470200
89.27999946	0.53047280	0.79470200
89.35999946	0.53047280	0.79470200
89.43999946	0.53047280	0.79470200
89.51999946	0.53047280	0.79470200
89.59999946	0.53047280	0.79470200
89.67999945	0.53047280	0.96987830
89.75999945	0.53047280	0.79470200
89.83999945	0.53047280	0.79470200
89.91999945	0.53047280	0.79470200
89.99999945	0.53047280	0.96987830
90.07999945	0.53047280	0.79470200
90.15999945	0.53047280	0.79470200
90.23999945	0.53047280	0.96987830
90.31999945	0.53047280	0.96987830
90.39999945	0.53047280	0.79470200
90.47999945	0.53047280	0.96987830
90.55999945	0.53047280	0.79470200
90.63999945	0.53047280	0.79470200
90.71999945	0.53047280	0.96987830
90.79999945	0.53047280	0.79470200
90.87999945	0.53047280	0.79470200
90.95999945	0.53047280	0.96987830
91.03999945	0.53047280	0.96987830
91.11999945	0.53047280	0.79470200
91.19999945	0.53047280	0.96987830
91.27999945	0.53047280	0.96987830
91.35999944	0.53047280	0.79470200
91.43999944	0.53047280	0.96987830
91.51999944	0.53047280	0.96987830
91.59999944	0.53047280	0.79470200
91.67999944	0.53047280	0.96987830
91.75999944	0.53047280	0.96987830
91.83999944	0.53047280	0.96987830
91.91999944	0.53047280	0.96987830
91.99999944	0.53047280	0.96987830
92.07999944	0.53047280	0.79470200
92.15999944	0.53047280	0.96987830
92.23999944	0.53047280	0.96987830
92.31999944	0.53047280	0.96987830
92.39999944	0.53047280	0.96987830
92.47999944	0.52162240	0.96987830
92.55999944	0.53047280	0.96987830
92.63999944	0.53047280	0.96987830
92.71999944	0.53047280	0.96987830
92.79999944	0.53047280	0.96987830
92.87999944	0.53047280	0.96987830
92.95999944	0.53047280	0.96987830
93.03999943	0.53047280	0.79470200
93.11999943	0.53047280	0.96987830
93.19999943	0.53047280	0.96987830
93.27999943	0.53047280	0.96987830
93.35999943	0.53047280	0.96987830
93.43999943	0.53047280	0.96987830
93.51999943	0.53047280	0.96987830
93.59999943	0.53047280	0.96987830
93.67999943	0.52162240	0.96987830
93.75999943	0.53047280	0.96987830
93.83999943	0.53047280	0.96987830
93.91999943	0.53047280	0.96987830
93.99999943	0.53047280	0.96987830
94.07999943	0.53047280	0.96987830
94.15999943	0.53047280	0.96987830
94.23999943	0.53047280	0.96987830
94.31999943	0.53047280	0.96987830
94.39999943	0.53047280	0.96987830
94.47999943	0.53047280	0.96987830
94.55999943	0.53047280	0.96987830
94.63999942	0.53047280	0.96987830
94.71999942	0.53047280	0.96987830
94.79999942	0.53047280	0.96987830
94.87999942	0.53047280	0.96987830
94.95999942	0.53047280	0.96987830
95.03999942	0.52162240	0.96987830
95.11999942	0.53047280	0.96987830
95.19999942	0.53047280	0.96987830
95.27999942	0.53047280	0.96987830
95.35999942	0.53047280	0.96987830
95.43999942	0.52162240	0.96987830
95.51999942	0.52162240	0.96987830
95.59999942	0.52162240	0.96987830
95.67999942	0.52162240	0.96987830
95.75999942	0.53047280	0.96987830
95.83999942	0.52162240	0.96987830
95.91999942	0.53047280	0.96987830
95.99999942	0.53047280	0.96987830
96.07999942	0.52162240	0.96987830
96.15999942	0.52162240	0.96987830
96.23999942	0.52162240	0.96987830
96.31999941	0.52162240	0.96987830
96.39999941	0.52162240	0.96987830
96.47999941	0.53047280	0.96987830
96.55999941	0.52162240	0.96987830
96.63999941	0.52162240	0.96987830
96.71999941	0.53047280	0.96987830
96.79999941	0.52162240	0.96987830
96.87999941	0.52162240	0.96987830
96.95999941	0.52162240	0.96987830
97.03999941	0.52162240	0.96987830
97.11999941	0.52162240	0.96987830
97.19999941	0.52162240	0.96987830
97.27999941	0.52162240	0.96987830
97.35999941	0.52162240	0.96987830
97.43999941	0.53047280	0.96987830
97.51999941	0.52162240	0.96987830
97.59999941	0.52162240	0.96987830
97.67999941	0.52162240	0.96987830
97.75999941	0.52162240	0.96987830
97.83999941	0.52162240	0.96987830
97.91999940	0.52162240	0.96987830
97.99999940	0.53047280	0.96987830
98.07999940	0.52162240	0.96987830
98.15999940	0.52162240	0.96987830
98.23999940	0.52162240	0.96987830
98.31999940	0.52162240	0.96987830
98.39999940	0.52162240	0.96987830
98.47999940	0.52162240	0.96987830
98.55999940	0.52162240	0.96987830
98.63999940	0.52162240	0.96987830
98.71999940	0.52162240	0.96987830
98.79999940	0.52162240	0.96987830
98.87999940	0.52162240	0.96987830
98.95999940	0.53047280	0.96987830
99.03999940	0.52162240	0.96987830
99.11999940	0.52162240	0.96987830
99.19999940	0.52162240	0.96987830
99.27999940	0.52162240	0.79470200
99.35999940	0.52162240	0.96987830
99.43999940	0.52162240	0.96987830
99.51999940	0.52162240	0.79470200
99.59999939	0.52162240	0.96987830
99.67999939	0.52162240	0.96987830
99.75999939	0.52162240	0.96987830
99.83999939	0.52162240	0.96987830
99.91999939	0.52162240	0.96987830
99.99999939	0.52162240	0.96987830
100.07999939	0.52162240	0.96987830
100.15999939	0.52162240	0.96987830
100.23999939	0.52162240	0.96987830
100.31999939	0.52162240	0.96987830
100.39999939	0.52162240	0.96987830
100.47999939	0.52162240	0.96987830
100.55999939	0.52162240	0.96987830
100.63999939	0.52162240	0.96987830
100.71999939	0.52162240	0.96987830
100.79999939	0.52162240	0.79470200
100.87999939	0.52162240	0.96987830
100.95999939	0.52162240	0.96987830
101.03999939	0.52162240	0.96987830
101.11999939	0.52162240	0.96987830
101.19999938	0.52162240	0.79470200
101.27999938	0.52162240	0.79470200
101.35999938	0.52162240	0.79470200
101.43999938	0.52162240	0.79470200
101.51999938	0.52162240	0.96987830
101.59999938	0.52162240	0.79470200
101.67999938	0.52162240	0.96987830
101.75999938	0.52162240	0.96987830
101.83999938	0.52162240	0.79470200
101.91999938	0.52162240	0.96987830
101.99999938	0.52162240	0.96987830
102.07999938	0.52162240	0.96987830
102.15999938	0.52162240	0.79470200
102.23999938	0.52162240	0.79470200
102.31999938	0.52162240	0.96987830
102.39999938	0.52162240	0.79470200
102.47999938	0.52162240	0.79470200
102.55999938	0.52162240	0.79470200
102.63999938	0.51274150	0.79470200
102.71999938	0.52162240	0.79470200
102.79999938	0.52162240	0.79470200
102.87999937	0.52162240	0.79470200
102.95999937	0.52162240	0.79470200
103.03999937	0.52162240	0.79470200
103.11999937	0.52162240	0.79470200
103.19999937	0.52162240	0.79470200
103.27999937	0.52162240	0.79470200
103.35999937	0.52162240	0.79470200
103.43999937	0.52162240	0.79470200
103.51999937	0.52162240	0.79470200
103.59999937	0.52162240	0.79470200
103.67999937	0.52162240	0.79470200
103.75999937	0.52162240	0.79470200
103.83999937	0.52162240	0.79470200
103.91999937	0.52162240	0.79470200
103.99999937	0.52162240	0.79470200
104.07999937	0.52162240	0.79470200
104.15999937	0.52162240	0.79470200
104.23999937	0.52162240	0.79470200
104.31999937	0.52162240	0.79470200
104.39999937	0.52162240	0.79470200
104.47999937	0.52162240	0.79470200
104.55999936	0.52162240	0.79470200
104.63999936	0.52162240	0.79470200
104.71999936	0.52162240	0.79470200
104.79999936	0.52162240	0.79470200
104.87999936	0.52162240	0.79470200
104.95999936	0.52162240	0.79470200
105.03999936	0.52162240	0.79470200
105.11999936	0.52162240	0.61891540
105.19999936	0.52162240	0.79470200
105.27999936	0.52162240	0.79470200
105.35999936	0.52162240	0.79470200
105.43999936	0.51274150	0.79470200
105.51999936	0.52162240	0.79470200
105.59999936	0.51274150	0.79470200
105.67999936	0.52162240	0.79470200
105.75999936	0.52162240	0.79470200
105.83999936	0.47734000	8.51832700
105.91999936	0.53047280	5.71001300
105.99999936	0.51274150	6.23615200
106.07999936	0.51274150	5.88519000
106.15999935	0.51274150	5.88519000
106.23999935	0.51274150	5.53422600
106.31999935	0.51274150	6.06097600
106.39999935	0.50389110	5.71001300
106.47999935	0.50389110	5.71001300
106.55999935	0.50389110	5.71001300
106.63999935	0.51274150	5.88519000
106.71999935	0.51274150	6.06097600
106.79999935	0.50389110	5.88519000
106.87999935	0.51274150	5.35844000
106.95999935	0.51274150	5.53422600
107.03999935	0.51274150	5.35844000
107.11999935	0.51274150	5.35844000
107.19999935	0.51274150	4.48072800
107.27999935	0.52162240	4.12976500
107.35999935	0.52162240	4.30555200
107.43999935	0.52162240	4.12976500
107.51999935	0.52162240	4.12976500
107.59999935	0.52162240	4.12976500
107.67999935	0.52162240	4.12976500
107.75999935	0.52162240	4.12976500
107.83999934	0.52162240	4.12976500
107.91999934	0.52162240	4.12976500
107.99999934	0.52162240	4.12976500
108.07999934	0.52162240	3.95458800
108.15999934	0.52162240	4.12976500
108.23999934	0.52162240	4.12976500
108.31999934	0.52162240	4.12976500
108.39999934	0.52162240	4.12976500
108.47999934	0.52162240	3.95458800
108.55999934	0.52162240	3.95458800
108.63999934	0.52162240	3.95458800
108.71999934	0.52162240	3.95458800
108.79999934	0.52162240	3.95458800
108.87999934	0.52162240	3.95458800
108.95999934	0.52162240	3.95458800
109.03999934	0.52162240	3.95458800
109.11999934	0.52162240	3.95458800
109.19999934	0.52162240	3.95458800
109.27999934	0.52162240	3.95458800
109.35999934	0.52162240	3.77880200
109.43999933	0.52162240	3.95458800
109.51999933	0.52162240	3.95458800
109.59999933	0.52162240	3.77880200
109.67999933	0.52162240	3.77880200
109.75999933	0.52162240	3.77880200
109.83999933	0.52162240	3.77880200
109.91999933	0.52162240	3.77880200
109.99999933	0.52162240	3.77880200
110.07999933	0.52162240	3.77880200
110.15999933	0.52162240	3.77880200
110.23999933	0.52162240	3.77880200
110.31999933	0.52162240	3.77880200
110.39999933	0.52162240	3.77880200
110.47999933	0.52162240	3.77880200
110.55999933	0.52162240	3.60301500
110.63999933	0.52162240	3.77880200
110.71999933	0.52162240	3.77880200
110.79999933	0.52162240	3.60301500
110.87999933	0.52162240	3.60301500
110.95999933	0.52162240	3.77880200
111.03999933	0.52162240	3.60301500
111.11999932	0.52162240	3.60301500
111.19999932	0.52162240	3.60301500
111.27999932	0.52162240	3.60301500
111.35999932	0.52162240	3.60301500
111.43999932	0.52162240	3.60301500
111.51999932	0.52162240	3.60301500
111.59999932	0.52162240	3.42783900
111.67999932	0.52162240	3.60301500
111.75999932	0.52162240	3.60301500
111.83999932	0.52162240	3.60301500
111.91999932	0.52162240	3.60301500
111.99999932	0.52162240	3.42783900
112.07999932	0.52162240	3.60301500
112.15999932	0.52162240	3.42783900
112.23999932	0.52162240	3.60301500
112.31999932	0.51274150	3.42783900
112.39999932	0.52162240	3.60301500
112.47999932	0.52162240	3.42783900
112.55999932	0.52162240	3.42783900
112.63999932	0.52162240	3.42783900
112.71999931	0.52162240	3.42783900
112.79999931	0.52162240	3.42783900
112.87999931	0.51274150	3.42783900
112.95999931	0.52162240	3.42783900
113.03999931	0.52162240	3.42783900
113.11999931	0.52162240	3.42783900
113.19999931	0.51274150	3.42783900
113.27999931	0.52162240	3.42783900
113.35999931	0.52162240	3.42783900
113.43999931	0.52162240	3.42783900
113.51999931	0.52162240	3.42783900
113.59999931	0.52162240	3.42783900
113.67999931	0.52162240	3.42783900
113.75999931	0.52162240	3.42783900
113.83999931	0.52162240	3.42783900
113.91999931	0.52162240	3.42783900
113.99999931	0.52162240	3.42783900
114.07999931	0.52162240	3.42783900
114.15999931	0.52162240	3.42783900
114.23999931	0.52162240	3.42783900
114.31999931	0.52162240	3.42783900
114.39999930	0.52162240	3.42783900
114.47999930	0.52162240	3.42783900
114.55999930	0.52162240	3.25205200
114.63999930	0.52162240	3.42783900
114.71999930	0.52162240	3.42783900
114.79999930	0.52162240	3.42783900
114.87999930	0.52162240	3.42783900
114.95999930	0.52162240	3.42783900
115.03999930	0.52162240	3.42783900
115.11999930	0.52162240	3.42783900
115.19999930	0.52162240	3.25205200
115.27999930	0.52162240	3.25205200
115.35999930	0.52162240	3.42783900
115.43999930	0.52162240	3.42783900
115.51999930	0.52162240	3.42783900
115.59999930	0.52162240	3.25205200
115.67999930	0.52162240	3.42783900
115.75999930	0.52162240	3.42783900
115.83999930	0.52162240	3.25205200
115.91999930	0.52162240	3.42783900
115.99999930	0.52162240	3.25205200
116.07999929	0.52162240	3.42783900
116.15999929	0.52162240	3.25205200
116.23999929	0.52162240	3.25205200
116.31999929	0.52162240	3.42783900
116.39999929	0.52162240	3.42783900
116.47999929	0.52162240	3.25205200
116.55999929	0.52162240	3.25205200
116.63999929	0.52162240	3.42783900
116.71999929	0.52162240	3.25205200
116.79999929	0.52162240	3.25205200
116.87999929	0.52162240	3.25205200
116.95999929	0.52162240	3.42783900
117.03999929	0.52162240	3.25205200
117.11999929	0.52162240	3.25205200
117.19999929	0.52162240	3.25205200
117.27999929	0.52162240	3.25205200
117.35999929	0.52162240	3.25205200
117.43999929	0.52162240	3.25205200
117.51999929	0.52162240	3.42783900
117.59999929	0.52162240	3.25205200
117.67999928	0.52162240	3.25205200
117.75999928	0.52162240	3.25205200
117.83999928	0.52162240	3.25205200
117.91999928	0.53047280	3.25205200
117.99999928	0.52162240	3.25205200
118.07999928	0.52162240	3.25205200
118.15999928	0.52162240	3.25205200
118.23999928	0.53047280	3.25205200
118.31999928	0.52162240	3.25205200
118.39999928	0.53047280	3.25205200
118.47999928	0.52162240	3.25205200
118.55999928	0.53047280	3.25205200
118.63999928	0.53047280	3.25205200
118.71999928	0.52162240	3.25205200
118.79999928	0.52162240	3.25205200
118.87999928	0.52162240	3.25205200
118.95999928	0.53047280	3.25205200
119.03999928	0.52162240	3.42783900
119.11999928	0.53047280	3.25205200
119.19999928	0.52162240	3.07687600
119.27999928	0.53047280	3.42783900
119.35999927	0.53047280	3.42783900
119.43999927	0.53047280	3.42783900
119.51999927	0.53047280	3.42783900
119.59999927	0.53047280	3.42783900
119.67999927	0.53047280	3.42783900
119.75999927	0.53047280	3.42783900
119.83999927	0.52162240	3.25205200
119.91999927	0.53047280	3.42783900
119.99999927	0.53047280	3.42783900
120.07999927	0.52162240	3.42783900
120.15999927	0.53047280	3.42783900
120.23999927	0.53047280	3.42783900
120.31999927	0.53047280	3.42783900
120.39999927	0.53047280	3.42783900
120.47999927	0.53047280	3.42783900
120.55999927	0.53047280	3.42783900
120.63999927	0.53047280	3.42783900
120.71999927	0.53047280	3.42783900
120.79999927	0.53047280	3.42783900
120.87999927	0.53047280	3.42783900
120.95999926	0.53047280	3.42783900
121.03999926	0.53047280	3.42783900
121.11999926	0.53047280	3.42783900
121.19999926	0.52162240	3.42783900
121.27999926	0.53047280	3.42783900
121.35999926	0.53047280	3.42783900
121.43999926	0.53047280	3.42783900
121.51999926	0.53047280	3.42783900
121.59999926	0.53047280	3.42783900
121.67999926	0.53047280	3.42783900
121.75999926	0.53047280	3.42783900
121.83999926	0.53047280	3.42783900
121.91999926	0.53047280	3.42783900
121.99999926	0.53047280	3.42783900
122.07999926	0.53047280	3.42783900
122.15999926	0.53047280	3.60301500
122.23999926	0.53047280	3.42783900
122.31999926	0.53047280	3.42783900
122.39999926	0.53047280	3.42783900
122.47999926	0.53047280	3.60301500
122.55999926	0.53047280	3.42783900
122.63999925	0.53047280	3.42783900
122.71999925	0.53047280	3.60301500
122.79999925	0.53047280	3.60301500
122.87999925	0.53047280	3.60301500
122.95999925	0.53047280	3.60301500
123.03999925	0.53047280	3.60301500
123.11999925	0.53047280	3.42783900
123.19999925	0.53047280	3.60301500
123.27999925	0.53047280	3.60301500
123.35999925	0.53047280	3.60301500
123.43999925	0.53047280	3.60301500
123.51999925	0.53047280	3.60301500
123.59999925	0.53047280	3.60301500
123.67999925	0.53047280	3.60301500
123.75999925	0.53047280	3.77880200
123.83999925	0.53047280	3.77880200
123.91999925	0.53932310	3.77880200
123.99999925	0.53047280	3.77880200
124.07999925	0.53047280	3.60301500
124.15999925	0.53047280	3.77880200
124.23999924	0.53047280	3.77880200
124.31999924	0.53047280	3.77880200
124.39999924	0.53047280	3.77880200
124.47999924	0.53047280	3.77880200
124.55999924	0.53047280	3.77880200
124.63999924	0.53047280	3.77880200
124.71999924	0.53047280	3.77880200
124.79999924	0.53047280	3.77880200
124.87999924	0.53047280	3.77880200
124.95999924	0.53047280	3.77880200
125.03999924	0.53047280	3.77880200
125.11999924	0.53047280	3.77880200
125.19999924	0.53047280	3.95458800
125.27999924	0.53047280	3.77880200
125.35999924	0.53047280	3.95458800
125.43999924	0.53047280	3.77880200
125.51999924	0.53047280	3.95458800
125.59999924	0.53932310	3.95458800
125.67999924	0.53047280	3.95458800
125.75999924	0.53932310	3.95458800
125.83999924	0.53932310	3.95458800
125.91999923	0.53047280	3.95458800
125.99999923	0.53047280	3.95458800
126.07999923	0.53932310	3.95458800
126.15999923	0.53932310	3.95458800
126.23999923	0.53047280	3.95458800
126.31999923	0.56590470	9.04507500
126.39999923	0.52162240	6.06097600
126.47999923	0.55702380	3.60301500
126.55999923	0.53932310	4.65651400
126.63999923	0.53932310	4.12976500
126.71999923	0.53932310	4.48072800
126.79999923	0.54817350	3.77880200
126.87999923	0.53932310	0.26795250
126.95999923	0.55702380	0.26795250
127.03999923	0.54817350	0.09277627
127.11999923	0.55702380	0.09277627
127.19999923	0.55702380	-0.08239998
127.27999923	0.55702380	-0.78432570
127.35999923	0.55702380	-0.78432570
127.43999923	0.56590470	-0.78432570
127.51999923	0.55702380	-0.60914950
127.59999922	0.56590470	-0.60914950
127.67999922	0.56590470	-0.60914950
127.75999922	0.56590470	-0.60914950
127.83999922	0.56590470	-0.60914950
127.91999922	0.56590470	-0.60914950
127.99999922	0.57475510	-0.60914950
128.07999922	0.56590470	-0.60914950
128.15999922	0.56590470	-0.60914950
128.23999922	0.56590470	-0.60914950
128.31999922	0.57475510	-0.43336280
128.39999922	0.56590470	-0.43336280
128.47999922	0.57475510	-0.43336280
128.55999922	0.56590470	-0.43336280
128.63999922	0.57475510	-0.25818660
128.71999922	0.57475510	-0.08239998
128.79999922	0.56590470	0.26795250
128.87999922	0.57475510	0.61891540
128.95999922	0.57475510	0.61891540
129.03999922	0.56590470	0.61891540
129.11999922	0.57475510	0.61891540
129.19999921	0.57475510	0.61891540
129.27999921	0.57475510	0.79470200
129.35999921	0.57475510	0.79470200
129.43999921	0.57475510	0.79470200
129.51999921	0.58360550	0.61891540
129.59999921	0.57475510	0.79470200
129.67999921	0.57475510	0.79470200
129.75999921	0.57475510	0.79470200
129.83999921	0.57475510	0.79470200
129.91999921	0.57475510	0.79470200
129.99999921	0.58360550	0.79470200
130.07999921	0.57475510	0.79470200
130.15999921	0.57475510	0.79470200
130.23999921	0.58360550	0.79470200
130.31999921	0.57475510	0.79470200
130.39999921	0.58360550	0.79470200
130.47999921	0.57475510	0.96987830
130.55999921	0.58360550	0.79470200
130.63999921	0.58360550	0.79470200
130.71999921	0.57475510	0.96987830
130.79999921	0.58360550	0.96987830
130.87999920	0.57475510	0.79470200
130.95999920	0.57475510	0.96987830
131.03999920	0.57475510	0.96987830
131.11999920	0.58360550	0.96987830
131.19999920	0.57475510	0.96987830
131.27999920	0.57475510	0.96987830
131.35999920	0.58360550	0.96987830
131.43999920	0.57475510	0.96987830
131.51999920	0.57475510	0.96987830
131.59999920	0.58360550	0.96987830
131.67999920	0.57475510	0.96987830
131.75999920	0.57475510	0.96987830
131.83999920	0.57475510	0.96987830
131.91999920	0.58360550	0.96987830
131.99999920	0.57475510	0.96987830
132.07999920	0.57475510	0.96987830
132.15999920	0.57475510	0.96987830
132.23999920	0.57475510	1.14566500
132.31999920	0.56590470	0.96987830
132.39999920	0.57475510	0.96987830
132.47999919	0.56590470	1.14566500
132.55999919	0.56590470	0.96987830
132.63999919	0.57475510	0.96987830
132.71999919	0.56590470	1.14566500
132.79999919	0.56590470	1.14566500
132.87999919	0.56590470	1.14566500
132.95999919	0.56590470	1.14566500
133.03999919	0.56590470	1.14566500
133.11999919	0.56590470	1.14566500
133.19999919	0.56590470	0.96987830
133.27999919	0.56590470	1.14566500
133.35999919	0.56590470	1.14566500
133.43999919	0.56590470	1.14566500
133.51999919	0.56590470	1.14566500
133.59999919	0.56590470	1.14566500
133.67999919	0.56590470	1.14566500
133.75999919	0.56590470	1.14566500
133.83999919	0.55702380	1.14566500
133.91999919	0.55702380	1.14566500
133.99999919	0.55702380	1.14566500
134.07999919	0.55702380	1.14566500
134.15999918	0.55702380	1.14566500
134.23999918	0.55702380	1.14566500
134.31999918	0.55702380	1.14566500
134.39999918	0.55702380	1.14566500
134.47999918	0.55702380	1.14566500
134.55999918	0.55702380	1.14566500
134.63999918	0.55702380	1.14566500
134.71999918	0.54817350	1.14566500
134.79999918	0.55702380	1.14566500
134.87999918	0.54817350	1.14566500
134.95999918	0.54817350	1.14566500
135.03999918	0.54817350	1.14566500
135.11999918	0.54817350	1.14566500
135.19999918	0.54817350	1.14566500
135.27999918	0.53932310	1.14566500
135.35999918	0.53932310	1.32145100
135.43999918	0.53932310	1.14566500
135.51999918	0.53932310	1.14566500
135.59999918	0.53932310	1.14566500
135.67999918	0.53932310	1.14566500
135.75999917	0.53932310	1.32145100
135.83999917	0.53047280	1.14566500
135.91999917	0.53932310	1.32145100
135.99999917	0.53047280	1.14566500
136.07999917	0.53047280	1.14566500
136.15999917	0.53047280	1.14566500
136.23999917	0.53047280	1.32145100
136.31999917	0.53047280	1.32145100
136.39999917	0.53047280	1.32145100
136.47999917	0.53047280	1.14566500
136.55999917	0.53047280	1.32145100
136.63999917	0.53047280	1.14566500
136.71999917	0.53047280	1.32145100
136.79999917	0.53047280	1.14566500
136.87999917	0.53047280	1.14566500
136.95999917	0.53047280	1.14566500
137.03999917	0.53047280	1.32145100
137.11999917	0.53047280	1.32145100
137.19999917	0.53047280	1.14566500
137.27999917	0.53047280	1.32145100
137.35999917	0.53047280	1.32145100
137.43999916	0.53047280	1.32145100
137.51999916	0.53047280	1.32145100
137.59999916	0.53047280	1.32145100
137.67999916	0.53047280	1.32145100
137.75999916	0.53047280	1.32145100
137.83999916	0.53047280	1.32145100
137.91999916	0.53047280	1.32145100
137.99999916	0.53047280	1.14566500
138.07999916	0.53047280	1.32145100
138.15999916	0.52162240	1.32145100
138.23999916	0.53047280	1.32145100
138.31999916	0.53047280	1.14566500
138.39999916	0.53047280	1.14566500
138.47999916	0.53047280	1.14566500
138.55999916	0.52162240	1.32145100
138.63999916	0.53047280	1.32145100
138.71999916	0.53047280	1.32145100
138.79999916	0.52162240	1.14566500
138.87999916	0.52162240	1.14566500
138.95999916	0.52162240	1.14566500
139.03999915	0.52162240	1.32145100
139.11999915	0.52162240	1.32145100
139.19999915	0.52162240	1.32145100
139.27999915	0.52162240	1.14566500
139.35999915	0.53047280	1.32145100
139.43999915	0.52162240	1.32145100
139.51999915	0.52162240	1.32145100
139.59999915	0.53047280	1.32145100
139.67999915	0.52162240	1.14566500
139.75999915	0.52162240	1.32145100
139.83999915	0.52162240	1.32145100
139.91999915	0.52162240	1.32145100
139.99999915	0.52162240	1.32145100
140.07999915	0.52162240	1.14566500
140.15999915	0.52162240	1.32145100
140.23999915	0.52162240	1.32145100
140.31999915	0.52162240	1.32145100
140.39999915	0.52162240	1.14566500
140.47999915	0.52162240	1.32145100
140.55999915	0.52162240	1.32145100
140.63999915	0.52162240	1.14566500
140.71999914	0.52162240	1.32145100
140.79999914	0.52162240	1.32145100
140.87999914	0.52162240	1.32145100
140.95999914	0.52162240	1.32145100
141.03999914	0.52162240	1.32145100
141.11999914	0.52162240	1.32145100
141.19999914	0.52162240	1.32145100
141.27999914	0.52162240	1.32145100
141.35999914	0.52162240	1.14566500
141.43999914	0.52162240	1.32145100
141.51999914	0.52162240	1.14566500
141.59999914	0.52162240	1.32145100
141.67999914	0.52162240	1.14566500
141.75999914	0.52162240	1.14566500
141.83999914	0.52162240	1.14566500
141.91999914	0.52162240	1.32145100
141.99999914	0.52162240	1.14566500
142.07999914	0.52162240	1.14566500
142.15999914	0.52162240	1.32145100
142.23999914	0.52162240	1.14566500
142.31999914	0.52162240	1.14566500
142.39999913	0.52162240	1.14566500
142.47999913	0.52162240	1.14566500
142.55999913	0.52162240	1.14566500
142.63999913	0.52162240	1.14566500
142.71999913	0.52162240	1.14566500
142.79999913	0.52162240	1.14566500
142.87999913	0.52162240	1.14566500
142.95999913	0.52162240	1.14566500
143.03999913	0.52162240	1.14566500
143.11999913	0.52162240	1.14566500
143.19999913	0.52162240	1.14566500
143.27999913	0.52162240	1.14566500
143.35999913	0.52162240	1.14566500
143.43999913	0.52162240	1.14566500
143.51999913	0.52162240	1.14566500
143.59999913	0.52162240	1.14566500
143.67999913	0.52162240	1.14566500
143.75999913	0.52162240	1.14566500
143.83999913	0.52162240	1.14566500
143.91999913	0.52162240	1.14566500
143.99999912	0.52162240	1.14566500
144.07999912	0.51274150	1.14566500
144.15999912	0.52162240	1.14566500
144.23999912	0.52162240	1.14566500
144.31999912	0.51274150	1.14566500
144.39999912	0.52162240	1.14566500
144.47999912	0.52162240	1.14566500
144.55999912	0.52162240	1.14566500
144.63999912	0.51274150	1.14566500
144.71999912	0.51274150	1.14566500
144.79999912	0.51274150	0.96987830
144.87999912	0.51274150	1.14566500
144.95999912	0.51274150	1.14566500
145.03999912	0.52162240	0.96987830
145.11999912	0.51274150	1.14566500
145.19999912	0.51274150	0.96987830
145.27999912	0.51274150	1.14566500
145.35999912	0.51274150	0.96987830
145.43999912	0.51274150	0.96987830
145.51999912	0.51274150	0.96987830
145.59999912	0.51274150	1.14566500
145.67999911	0.51274150	1.14566500
145.75999911	0.51274150	0.96987830
145.83999911	0.51274150	0.96987830
145.91999911	0.51274150	0.96987830
145.99999911	0.51274150	0.96987830
146.07999911	0.51274150	0.96987830
146.15999911	0.51274150	0.96987830
146.23999911	0.51274150	0.96987830
146.31999911	0.51274150	0.96987830
146.39999911	0.51274150	0.96987830
146.47999911	0.51274150	0.96987830
146.55999911	0.51274150	0.96987830
146.63999911	0.51274150	0.96987830
146.71999911	0.51274150	0.96987830
146.79999911	0.52162240	0.96987830
146.87999911	0.52162240	0.96987830
146.95999911	0.52162240	0.96987830
147.03999911	0.52162240	0.96987830
147.11999911	0.51274150	0.96987830
147.19999911	0.52162240	0.96987830
147.27999910	0.51274150	0.96987830
147.35999910	0.52162240	0.79470200
147.43999910	0.52162240	0.79470200
147.51999910	0.52162240	0.96987830
147.59999910	0.51274150	0.79470200
147.67999910	0.52162240	0.96987830
147.75999910	0.52162240	0.79470200
147.83999910	0.51274150	0.79470200
147.91999910	0.52162240	0.79470200
147.99999910	0.52162240	0.79470200
148.07999910	0.52162240	0.79470200
148.15999910	0.52162240	0.79470200
148.23999910	0.52162240	0.79470200
148.31999910	0.51274150	0.79470200
148.39999910	0.52162240	0.79470200
148.47999910	0.52162240	0.79470200
148.55999910	0.52162240	0.61891540
148.63999910	0.51274150	0.79470200
148.71999910	0.52162240	0.79470200
148.79999910	0.52162240	0.79470200
148.87999910	0.51274150	0.79470200
148.95999909	0.52162240	0.79470200
149.03999909	0.51274150	0.79470200
149.11999909	0.51274150	0.61891540
149.19999909	0.52162240	0.61891540
149.27999909	0.52162240	0.79470200
149.35999909	0.52162240	0.61891540
149.43999909	0.52162240	0.61891540
149.51999909	0.52162240	0.61891540
149.59999909	0.52162240	0.61891540
149.67999909	0.52162240	0.61891540
149.75999909	0.51274150	0.61891540
149.83999909	0.52162240	0.61891540
149.91999909	0.52162240	0.61891540
149.99999909	0.52162240	0.61891540
150.07999909	0.52162240	0.61891540
150.15999909	0.51274150	0.61891540
150.23999909	0.52162240	0.61891540
150.31999909	0.52162240	0.61891540
150.39999909	0.52162240	0.61891540
150.47999909	0.52162240	0.61891540
150.55999908	0.52162240	0.61891540
150.63999908	0.52162240	0.44373910
150.71999908	0.52162240	-0.43336280
150.79999908	0.52162240	-0.60914950
150.87999908	0.52162240	-0.43336280
150.95999908	0.52162240	-0.60914950
151.03999908	0.52162240	-0.60914950
151.11999908	0.52162240	-0.78432570
151.19999908	0.52162240	-0.60914950
151.27999908	0.52162240	-0.78432570
151.35999908	0.52162240	-0.60914950
151.43999908	0.52162240	-0.78432570
151.51999908	0.52162240	-0.78432570
151.59999908	0.51274150	-0.43336280
151.67999908	0.51274150	0.26795250
151.75999908	0.48619040	6.58711500
151.83999908	0.53047280	6.93868800
151.91999908	0.51274150	4.30555200
151.99999908	0.52162240	4.48072800
152.07999908	0.52162240	4.12976500
152.15999908	0.51274150	3.60301500
152.23999907	0.51274150	-0.78432570
152.31999907	0.53047280	0.79470200
152.39999907	0.51274150	6.23615200
152.47999907	0.51274150	8.69411300
152.55999907	0.52162240	2.72530300
152.63999907	0.52162240	4.48072800
152.71999907	0.52162240	1.67241400
152.79999907	0.52162240	-0.43336280
152.87999907	0.52162240	1.32145100
152.95999907	0.52162240	4.30555200
153.03999907	0.52162240	3.95458800
153.11999907	0.52162240	4.12976500
153.19999907	0.52162240	4.12976500
153.27999907	0.52162240	4.12976500
153.35999907	0.52162240	4.12976500
153.43999907	0.52162240	4.12976500
153.51999907	0.52162240	3.95458800
153.59999907	0.52162240	3.95458800
153.67999907	0.52162240	4.12976500
153.75999907	0.52162240	3.95458800
153.83999907	0.52162240	4.12976500
153.91999906	0.52162240	3.77880200
153.99999906	0.47734000	1.49662800
154.07999906	0.53932310	0.79470200
154.15999906	0.51274150	5.88519000
154.23999906	0.52162240	3.42783900
154.31999906	0.53047280	10.44954000
154.39999906	0.54817350	2.02337700
154.47999906	0.52162240	5.35844000
154.55999906	0.53047280	3.77880200
154.63999906	0.52162240	4.30555200
154.71999906	0.52162240	3.42783900
154.79999906	0.52162240	4.12976500
154.87999906	0.52162240	3.95458800
154.95999906	0.52162240	4.12976500
155.03999906	0.53047280	4.12976500
155.11999906	0.52162240	4.12976500
155.19999906	0.52162240	4.12976500
155.27999906	0.52162240	4.12976500
155.35999906	0.52162240	4.12976500
155.43999906	0.52162240	4.12976500
155.51999905	0.52162240	4.12976500
155.59999905	0.52162240	4.12976500
155.67999905	0.52162240	4.12976500
155.75999905	0.52162240	3.95458800
155.83999905	0.52162240	4.12976500
155.91999905	0.52162240	4.12976500
155.99999905	0.52162240	4.12976500
156.07999905	0.52162240	3.95458800
156.15999905	0.52162240	3.95458800
156.23999905	0.52162240	3.95458800
156.31999905	0.52162240	4.12976500
156.39999905	0.52162240	3.95458800
156.47999905	0.52162240	3.95458800
156.55999905	0.52162240	3.95458800
156.63999905	0.52162240	3.95458800
156.71999905	0.52162240	3.95458800
156.79999905	0.52162240	3.77880200
156.87999905	0.52162240	3.95458800
156.95999905	0.52162240	3.95458800
157.03999905	0.52162240	4.12976500
157.11999905	0.52162240	3.95458800
157.19999904	0.54817350	-1.31107500
157.27999904	0.52162240	0.79470200
157.35999904	0.52162240	0.79470200
157.43999904	0.51274150	0.96987830
157.51999904	0.50389110	5.53422600
157.59999904	0.52162240	3.07687600
157.67999904	0.51274150	9.04507500
157.75999904	0.54817350	4.48072800
157.83999904	0.52162240	5.35844000
157.91999904	0.53047280	3.42783900
157.99999904	0.51274150	3.95458800
158.07999904	0.53047280	3.07687600
158.15999904	0.52162240	3.42783900
158.23999904	0.52162240	3.42783900
158.31999904	0.52162240	3.42783900
158.39999904	0.52162240	3.60301500
158.47999904	0.52162240	3.60301500
158.55999904	0.52162240	3.77880200
158.63999904	0.52162240	3.95458800
158.71999904	0.52162240	3.95458800
158.79999903	0.52162240	3.95458800
158.87999903	0.52162240	3.95458800
158.95999903	0.52162240	3.95458800
159.03999903	0.52162240	3.95458800
159.11999903	0.52162240	3.95458800
159.19999903	0.52162240	3.95458800
159.27999903	0.52162240	3.95458800
159.35999903	0.52162240	3.95458800
159.43999903	0.52162240	3.95458800
159.51999903	0.53047280	3.95458800
159.59999903	0.52162240	3.95458800
159.67999903	0.53047280	3.95458800
159.75999903	0.52162240	3.60301500
159.83999903	0.52162240	3.95458800
159.91999903	0.52162240	3.77880200
159.99999903	0.52162240	3.95458800
160.07999903	0.52162240	3.95458800
160.15999903	0.56590470	-0.60914950
160.23999903	0.49504070	0.61891540
160.31999903	0.52162240	0.61891540
160.39999903	0.52162240	0.79470200
160.47999902	0.53047280	3.07687600
160.55999902	0.50389110	4.83230100
160.63999902	0.53932310	4.48072800
160.71999902	0.49504070	10.97568000
160.79999902	0.56590470	5.71001300
160.87999902	0.51274150	3.60301500
160.95999902	0.53932310	3.07687600
161.03999902	0.52162240	2.72530300
161.11999902	0.53047280	2.02337700
161.19999902	0.53047280	2.02337700
161.27999902	0.53047280	2.37434000
161.35999902	0.53047280	2.72530300
161.43999902	0.53047280	3.07687600
161.51999902	0.53047280	3.42783900
161.59999902	0.53047280	3.42783900
161.67999902	0.53047280	3.60301500
161.75999902	0.53047280	3.77880200
161.83999902	0.52162240	3.77880200
161.91999902	0.53047280	3.95458800
161.99999902	0.53047280	3.95458800
162.07999901	0.53047280	3.95458800
162.15999901	0.53047280	3.95458800
162.23999901	0.53047280	3.95458800
162.31999901	0.53047280	3.95458800
162.39999901	0.53047280	3.95458800
162.47999901	0.53047280	3.95458800
162.55999901	0.53047280	3.95458800
162.63999901	0.53047280	3.95458800
162.71999901	0.52162240	3.95458800
162.79999901	0.53047280	3.95458800
162.87999901	0.52162240	3.95458800
162.95999901	0.53047280	3.95458800
163.03999901	0.53047280	3.95458800
163.11999901	0.53047280	3.95458800
163.19999901	0.53047280	4.12976500
163.27999901	0.53047280	3.95458800
163.35999901	0.53047280	3.60301500
163.43999901	0.53047280	3.95458800
163.51999901	0.53047280	3.95458800
163.59999901	0.53047280	3.95458800
163.67999901	0.53047280	3.95458800
163.75999900	0.57475510	-0.08239998
163.83999900	0.48619040	0.44373910
163.91999900	0.52162240	0.79470200
163.99999900	0.53047280	0.79470200
164.07999900	0.51274150	5.71001300
164.15999900	0.53932310	2.72530300
164.23999900	0.51274150	9.92278900
164.31999900	0.65446940	5.53422600
164.39999900	0.49504070	5.00747700
164.47999900	0.53932310	3.60301500
164.55999900	0.53047280	3.95458800
164.63999900	0.53047280	3.25205200
164.71999900	0.53047280	3.77880200
164.79999900	0.53047280	3.60301500
164.87999900	0.53047280	3.77880200
164.95999900	0.53047280	3.77880200
165.03999900	0.53047280	3.95458800
165.11999900	0.53047280	3.95458800
165.19999900	0.53047280	3.95458800
165.27999900	0.53047280	3.95458800
165.35999900	0.53047280	4.12976500
165.43999899	0.53047280	4.12976500
165.51999899	0.53047280	4.12976500
165.59999899	0.53047280	4.12976500
165.67999899	0.53047280	4.12976500
165.75999899	0.53047280	4.12976500
165.83999899	0.53047280	4.12976500
165.91999899	0.53047280	4.12976500
165.99999899	0.53047280	4.12976500
166.07999899	0.53047280	4.12976500
166.15999899	0.53047280	4.12976500
166.23999899	0.53047280	4.12976500
166.31999899	0.53047280	4.12976500
166.39999899	0.53047280	4.12976500
166.47999899	0.53047280	3.77880200
166.55999899	0.53047280	4.12976500
166.63999899	0.53047280	3.95458800
166.71999899	0.53047280	3.95458800
166.79999899	0.53047280	3.95458800
166.87999899	0.52162240	-1.13589900
166.95999899	0.58360550	0.44373910
167.03999898	0.52162240	0.79470200
167.11999898	0.53932310	3.60301500
167.19999898	0.50389110	5.53422600
167.27999898	0.55702380	7.64061400
167.35999898	0.51274150	9.04507500
167.43999898	0.53932310	2.72530300
167.51999898	0.53047280	4.83230100
167.59999898	0.53047280	3.95458800
167.67999898	0.53047280	4.30555200
167.75999898	0.53047280	3.77880200
167.83999898	0.53047280	4.12976500
167.91999898	0.53047280	4.12976500
167.99999898	0.53047280	4.12976500
168.07999898	0.53047280	4.12976500
168.15999898	0.53047280	4.12976500
168.23999898	0.53047280	4.12976500
168.31999898	0.53047280	4.12976500
168.39999898	0.53047280	4.12976500
168.47999898	0.53047280	4.12976500
168.55999898	0.53047280	4.12976500
168.63999898	0.53047280	4.12976500
168.71999897	0.53047280	4.30555200
168.79999897	0.53047280	4.12976500
168.87999897	0.53047280	4.30555200
168.95999897	0.53047280	4.30555200
169.03999897	0.53047280	4.12976500
169.11999897	0.53932310	4.30555200
169.19999897	0.53932310	4.30555200
169.27999897	0.53047280	4.30555200
169.35999897	0.53932310	4.30555200
169.43999897	0.53047280	4.12976500
169.51999897	0.53047280	4.30555200
169.59999897	0.53047280	4.30555200
169.67999897	0.53932310	4.12976500
169.75999897	0.53047280	4.30555200
169.83999897	0.53047280	4.12976500
169.91999897	0.53047280	4.12976500
169.99999897	0.53047280	4.12976500
170.07999897	0.53047280	4.12976500
170.15999897	0.53047280	4.12976500
170.23999897	0.53047280	3.60301500
170.31999896	0.49504070	1.32145100
170.39999896	0.54817350	3.42783900
170.47999896	0.51274150	6.58711500
170.55999896	0.51274150	8.34254000
170.63999896	0.54817350	3.07687600
170.71999896	0.53932310	5.00747700
170.79999896	0.53932310	4.12976500
170.87999896	0.53932310	4.30555200
170.95999896	0.53932310	4.12976500
171.03999896	0.53047280	4.30555200
171.11999896	0.53047280	4.30555200
171.19999896	0.53047280	4.30555200
171.27999896	0.53047280	4.30555200
171.35999896	0.53932310	4.30555200
171.43999896	0.53047280	4.30555200
171.51999896	0.53047280	4.30555200
171.59999896	0.53047280	4.48072800
171.67999896	0.53932310	4.30555200
171.75999896	0.53047280	4.30555200
171.83999896	0.53932310	3.42783900
171.91999896	0.53047280	0.61891540
171.99999895	0.54817350	0.26795250
172.07999895	0.53932310	0.26795250
172.15999895	0.54817350	0.09277627
172.23999895	0.54817350	-0.60914950
172.31999895	0.54817350	-0.60914950
172.39999895	0.54817350	-0.60914950
172.47999895	0.54817350	-0.60914950
172.55999895	0.54817350	-0.43336280
172.63999895	0.54817350	-0.60914950
172.71999895	0.54817350	-0.43336280
172.79999895	0.54817350	-0.60914950
172.87999895	0.54817350	-0.43336280
172.95999895	0.54817350	-0.43336280
173.03999895	0.54817350	-0.43336280
173.11999895	0.54817350	-0.25818660
173.19999895	0.54817350	-0.25818660
173.27999895	0.54817350	0.26795250
173.35999895	0.54817350	0.61891540
173.43999895	0.54817350	0.79470200
173.51999895	0.54817350	0.79470200
173.59999894	0.54817350	0.61891540
173.67999894	0.54817350	0.79470200
173.75999894	0.54817350	0.79470200
173.83999894	0.54817350	0.61891540
173.91999894	0.54817350	0.61891540
173.99999894	0.54817350	0.61891540
174.07999894	0.54817350	0.79470200
174.15999894	0.54817350	0.61891540
174.23999894	0.53932310	0.79470200
174.31999894	0.54817350	0.61891540
174.39999894	0.53932310	0.79470200
174.47999894	0.54817350	0.79470200
174.55999894	0.54817350	0.79470200
174.63999894	0.54817350	0.79470200
174.71999894	0.54817350	0.79470200
174.79999894	0.53932310	0.79470200
174.87999894	0.53932310	0.79470200
174.95999894	0.53932310	0.79470200
175.03999894	0.53932310	0.79470200
175.11999894	0.53932310	0.79470200
175.19999894	0.53932310	0.79470200
175.27999893	0.53932310	0.79470200
175.35999893	0.53932310	0.79470200
175.43999893	0.53932310	0.79470200
175.51999893	0.53932310	0.79470200
175.59999893	0.53932310	0.96987830
175.67999893	0.53932310	0.79470200
175.75999893	0.53047280	0.96987830
175.83999893	0.53932310	0.96987830
175.91999893	0.53047280	0.96987830
175.99999893	0.53047280	0.96987830
176.07999893	0.53047280	0.96987830
176.15999893	0.53047280	0.96987830
176.23999893	0.53932310	0.96987830
176.31999893	0.53047280	0.96987830
176.39999893	0.53047280	1.67241400
176.47999893	0.52162240	11.85339000
176.55999893	0.53932310	3.95458800
176.63999893	0.52162240	7.28965100
176.71999893	0.53047280	5.88519000
176.79999893	0.53047280	6.23615200
176.87999893	0.53047280	6.06097600
176.95999892	0.52162240	6.06097600
177.03999892	0.53047280	6.06097600
177.11999892	0.53047280	6.06097600
177.19999892	0.53047280	6.06097600
177.27999892	0.53047280	6.23615200
177.35999892	0.52162240	6.23615200
177.43999892	0.53047280	6.06097600
177.51999892	0.53047280	6.23615200
177.59999892	0.53047280	6.23615200
177.67999892	0.53047280	6.23615200
177.75999892	0.53047280	6.06097600
177.83999892	0.53047280	5.88519000
177.91999892	0.53047280	6.41193900
177.99999892	0.52162240	6.06097600
178.07999892	0.52162240	6.23615200
178.15999892	0.52162240	6.23615200
178.23999892	0.52162240	6.41193900
178.31999892	0.52162240	9.57182500
178.39999892	0.52162240	9.04507500
178.47999892	0.52162240	5.53422600
178.55999891	0.52162240	6.93868800
178.63999891	0.52162240	6.23615200
178.71999891	0.52162240	6.23615200
178.79999891	0.52162240	5.88519000
178.87999891	0.52162240	7.28965100
178.95999891	0.52162240	6.23615200
179.03999891	0.52162240	6.58711500
179.11999891	0.52162240	6.41193900
179.19999891	0.52162240	6.41193900
179.27999891	0.52162240	6.41193900
179.35999891	0.52162240	6.41193900
179.43999891	0.52162240	6.41193900
179.51999891	0.52162240	6.41193900
179.59999891	0.52162240	6.41193900
179.67999891	0.52162240	6.41193900
179.75999891	0.52162240	6.23615200
179.83999891	0.52162240	6.41193900
179.91999891	0.52162240	6.41193900
179.99999891	0.52162240	6.23615200
180.07999891	0.52162240	6.23615200
180.15999891	0.52162240	6.23615200
180.23999890	0.52162240	6.23615200
180.31999890	0.52162240	6.41193900
180.39999890	0.52162240	6.41193900
180.47999890	0.52162240	6.23615200
180.55999890	0.52162240	6.23615200
180.63999890	0.52162240	6.23615200
180.71999890	0.52162240	6.23615200
180.79999890	0.52162240	6.23615200
180.87999890	0.52162240	6.23615200
180.95999890	0.52162240	6.23615200
181.03999890	0.52162240	6.23615200
181.11999890	0.52162240	6.23615200
181.19999890	0.52162240	6.23615200
181.27999890	0.52162240	6.23615200
181.35999890	0.52162240	6.23615200
181.43999890	0.52162240	6.23615200
181.51999890	0.52162240	6.23615200
181.59999890	0.51274150	6.23615200
181.67999890	0.52162240	6.23615200
181.75999890	0.51274150	6.23615200
181.83999889	0.52162240	6.23615200
181.91999889	0.52162240	6.23615200
181.99999889	0.51274150	6.23615200
182.07999889	0.52162240	6.23615200
182.15999889	0.52162240	6.23615200
182.23999889	0.52162240	6.23615200
182.31999889	0.52162240	6.23615200
182.39999889	0.52162240	6.06097600
182.47999889	0.51274150	6.23615200
182.55999889	0.52162240	6.23615200
182.63999889	0.52162240	6.06097600
182.71999889	0.52162240	6.06097600
182.79999889	0.52162240	6.06097600
182.87999889	0.52162240	6.06097600
182.95999889	0.52162240	6.06097600
183.03999889	0.52162240	6.06097600
183.11999889	0.52162240	6.06097600
183.19999889	0.52162240	6.06097600
183.27999889	0.52162240	6.06097600
183.35999889	0.52162240	6.06097600
183.43999889	0.52162240	6.06097600
183.51999888	0.52162240	6.06097600
183.59999888	0.52162240	6.06097600
183.67999888	0.52162240	6.06097600
183.75999888	0.52162240	5.88519000
183.83999888	0.52162240	6.06097600
183.91999888	0.52162240	6.06097600
183.99999888	0.51274150	5.88519000
184.07999888	0.52162240	5.88519000
184.15999888	0.52162240	5.88519000
184.23999888	0.52162240	5.88519000
184.31999888	0.52162240	5.88519000
184.39999888	0.52162240	5.88519000
184.47999888	0.52162240	5.88519000
184.55999888	0.52162240	5.88519000
184.63999888	0.52162240	5.88519000
184.71999888	0.52162240	5.88519000
184.79999888	0.52162240	5.88519000
184.87999888	0.52162240	5.88519000
184.95999888	0.52162240	5.88519000
185.03999888	0.51274150	5.88519000
185.11999887	0.52162240	5.88519000
185.19999887	0.51274150	5.88519000
185.27999887	0.52162240	5.88519000
185.35999887	0.52162240	5.88519000
185.43999887	0.52162240	5.88519000
185.51999887	0.52162240	5.88519000
185.59999887	0.52162240	5.71001300
185.67999887	0.52162240	5.71001300
185.75999887	0.52162240	5.71001300
185.83999887	0.52162240	5.88519000
185.91999887	0.52162240	5.71001300
185.99999887	0.52162240	5.88519000
186.07999887	0.52162240	5.88519000
186.15999887	0.52162240	5.71001300
186.23999887	0.51274150	5.71001300
186.31999887	0.52162240	5.71001300
186.39999887	0.51274150	5.71001300
186.47999887	0.52162240	5.71001300
186.55999887	0.52162240	5.71001300
186.63999887	0.52162240	5.71001300
186.71999887	0.51274150	5.71001300
186.79999886	0.52162240	5.71001300
186.87999886	0.52162240	5.71001300
186.95999886	0.52162240	5.71001300
187.03999886	0.51274150	5.71001300
187.11999886	0.52162240	5.71001300
187.19999886	0.52162240	5.53422600
187.27999886	0.52162240	5.71001300
187.35999886	0.52162240	5.53422600
187.43999886	0.52162240	5.53422600
187.51999886	0.52162240	5.53422600
187.59999886	0.51274150	5.53422600
187.67999886	0.52162240	5.53422600
187.75999886	0.51274150	5.53422600
187.83999886	0.52162240	5.53422600
187.91999886	0.51274150	5.53422600
187.99999886	0.52162240	5.53422600
188.07999886	0.51274150	5.18326400
188.15999886	0.52162240	4.48072800
188.23999886	0.52162240	4.48072800
188.31999886	0.52162240	4.48072800
188.39999886	0.52162240	4.48072800
188.47999885	0.52162240	4.48072800
188.55999885	0.52162240	4.48072800
188.63999885	0.52162240	4.30555200
188.71999885	0.52162240	4.30555200
188.79999885	0.51274150	4.48072800
188.87999885	0.52162240	4.48072800
188.95999885	0.52162240	4.30555200
189.03999885	0.52162240	4.30555200
189.11999885	0.52162240	4.30555200
189.19999885	0.52162240	4.30555200
189.27999885	0.52162240	4.30555200
189.35999885	0.52162240	4.30555200
189.43999885	0.52162240	4.30555200
189.51999885	0.52162240	4.30555200
189.59999885	0.52162240	4.30555200
189.67999885	0.52162240	4.30555200
189.75999885	0.52162240	4.30555200
189.83999885	0.52162240	4.30555200
189.91999885	0.52162240	4.30555200
189.99999885	0.52162240	4.48072800
190.07999884	0.52162240	4.30555200
190.15999884	0.52162240	4.30555200
190.23999884	0.52162240	4.30555200
190.31999884	0.52162240	4.30555200
190.39999884	0.52162240	4.30555200
190.47999884	0.52162240	4.30555200
190.55999884	0.52162240	4.30555200
190.63999884	0.52162240	4.30555200
190.71999884	0.52162240	4.30555200
190.79999884	0.52162240	4.30555200
190.87999884	0.52162240	4.30555200
190.95999884	0.52162240	4.30555200
191.03999884	0.52162240	4.30555200
191.11999884	0.52162240	4.30555200
191.19999884	0.52162240	4.30555200
191.27999884	0.52162240	4.30555200
191.35999884	0.52162240	4.30555200
191.43999884	0.52162240	4.30555200
191.51999884	0.52162240	4.30555200
191.59999884	0.52162240	4.30555200
191.67999884	0.52162240	4.30555200
191.75999883	0.52162240	4.12976500
191.83999883	0.52162240	4.30555200
191.91999883	0.52162240	4.30555200
191.99999883	0.52162240	4.12976500
192.07999883	0.52162240	4.12976500
192.15999883	0.52162240	4.30555200
192.23999883	0.52162240	4.30555200
192.31999883	0.52162240	4.30555200
192.39999883	0.52162240	4.30555200
192.47999883	0.52162240	4.12976500
192.55999883	0.52162240	4.30555200
192.63999883	0.52162240	4.30555200
192.71999883	0.52162240	4.30555200
192.79999883	0.52162240	4.30555200
192.87999883	0.52162240	4.30555200
192.95999883	0.52162240	4.12976500
193.03999883	0.52162240	4.30555200
193.11999883	0.52162240	4.12976500
193.19999883	0.52162240	4.30555200
193.27999883	0.52162240	4.12976500
193.35999882	0.52162240	4.12976500
193.43999882	0.52162240	4.12976500
193.51999882	0.52162240	4.12976500
193.59999882	0.52162240	4.30555200
193.67999882	0.52162240	4.30555200
193.75999882	0.52162240	4.30555200
193.83999882	0.52162240	4.12976500
193.91999882	0.52162240	4.12976500
193.99999882	0.52162240	4.12976500
194.07999882	0.52162240	4.30555200
194.15999882	0.52162240	4.12976500
194.23999882	0.52162240	4.30555200
194.31999882	0.52162240	4.30555200
194.39999882	0.52162240	4.30555200
194.47999882	0.52162240	4.12976500
194.55999882	0.52162240	4.12976500
194.63999882	0.52162240	4.30555200
194.71999882	0.52162240	4.30555200
194.79999882	0.52162240	4.12976500
194.87999882	0.52162240	4.12976500
194.95999882	0.52162240	4.12976500
195.03999881	0.52162240	4.30555200
195.11999881	0.52162240	4.30555200
195.19999881	0.52162240	4.30555200
195.27999881	0.52162240	4.12976500
195.35999881	0.52162240	4.12976500
195.43999881	0.52162240	4.12976500
195.51999881	0.52162240	4.12976500
195.59999881	0.52162240	4.12976500
195.67999881	0.52162240	4.12976500
195.75999881	0.52162240	4.12976500
195.83999881	0.52162240	4.30555200
195.91999881	0.52162240	4.12976500
195.99999881	0.52162240	4.12976500
196.07999881	0.52162240	4.12976500
196.15999881	0.52162240	4.30555200
196.23999881	0.52162240	4.12976500
196.31999881	0.52162240	4.12976500
196.39999881	0.52162240	4.12976500
196.47999881	0.52162240	4.12976500
196.55999881	0.52162240	4.12976500
196.63999880	0.52162240	4.12976500
196.71999880	0.52162240	4.12976500
196.79999880	0.53932310	4.48072800
196.87999880	0.53047280	5.00747700
196.95999880	0.52162240	4.48072800
197.03999880	0.53047280	4.12976500
197.11999880	0.53932310	0.44373910
197.19999880	0.53047280	0.44373910
197.27999880	0.53047280	0.26795250
197.35999880	0.53047280	0.09277627
197.43999880	0.53047280	0.09277627
197.51999880	0.53932310	-0.60914950
197.59999880	0.53047280	-0.60914950
197.67999880	0.53047280	-0.60914950
197.75999880	0.53047280	-0.60914950
197.83999880	0.53047280	-0.60914950
197.91999880	0.53047280	-0.60914950
197.99999880	0.53047280	-0.43336280
198.07999880	0.53047280	-0.60914950
198.15999880	0.53047280	-0.43336280
198.23999880	0.53047280	-0.60914950
198.31999879	0.53047280	-0.60914950
198.39999879	0.53047280	-0.43336280
198.47999879	0.53047280	-0.43336280
198.55999879	0.53047280	-0.43336280
198.63999879	0.53047280	-0.43336280
198.71999879	0.53932310	-0.43336280
198.79999879	0.53932310	-0.25818660
198.87999879	0.53932310	-0.25818660
198.95999879	0.53932310	0.09277627
199.03999879	0.53932310	0.44373910
199.11999879	0.53932310	0.61891540
199.19999879	0.53047280	0.61891540
199.27999879	0.53047280	0.61891540
199.35999879	0.53932310	0.61891540
199.43999879	0.53047280	0.61891540
199.51999879	0.53047280	0.61891540
199.59999879	0.53047280	0.61891540
199.67999879	0.53047280	0.61891540
199.75999879	0.53047280	0.61891540
199.83999879	0.53047280	0.79470200
199.91999878	0.53047280	0.61891540
199.99999878	0.53047280	0.79470200
200.07999878	0.53047280	0.79470200
200.15999878	0.53047280	0.61891540
200.23999878	0.53047280	0.61891540
