Time	Channel A	Channel B
(us)	(V)	(V)

0.00000000	0.52162240	5.35844000
0.08000000	0.51274150	5.35844000
0.16000000	0.51274150	5.35844000
0.24000000	0.52162240	5.35844000
0.32000000	0.51274150	5.00747700
0.40000000	0.51274150	4.83230100
0.48000000	0.51274150	4.83230100
0.56000000	0.52162240	4.65651400
0.64000000	0.52162240	4.65651400
0.72000000	0.51274150	4.65651400
0.80000000	0.52162240	4.65651400
0.87999999	0.52162240	4.65651400
0.95999999	0.52162240	4.65651400
1.03999999	0.52162240	4.65651400
1.11999999	0.52162240	4.65651400
1.19999999	0.51274150	4.48072800
1.27999999	0.52162240	4.65651400
1.35999999	0.52162240	4.48072800
1.43999999	0.51274150	4.48072800
1.51999999	0.52162240	4.48072800
1.59999999	0.52162240	4.65651400
1.67999999	0.52162240	4.48072800
1.75999999	0.52162240	4.65651400
1.83999999	0.52162240	4.48072800
1.91999999	0.51274150	4.65651400
1.99999999	0.51274150	4.65651400
2.07999999	0.52162240	4.65651400
2.15999999	0.51274150	4.48072800
2.23999999	0.51274150	4.48072800
2.31999999	0.52162240	4.65651400
2.39999999	0.52162240	4.48072800
2.47999998	0.51274150	4.48072800
2.55999998	0.52162240	4.48072800
2.63999998	0.52162240	4.48072800
2.71999998	0.52162240	4.48072800
2.79999998	0.51274150	4.65651400
2.87999998	0.51274150	4.48072800
2.95999998	0.52162240	4.48072800
3.03999998	0.52162240	4.48072800
3.11999998	0.52162240	4.65651400
3.19999998	0.51274150	4.48072800
3.27999998	0.52162240	4.48072800
3.35999998	0.51274150	4.48072800
3.43999998	0.52162240	4.48072800
3.51999998	0.51274150	4.48072800
3.59999998	0.52162240	4.65651400
3.67999998	0.52162240	4.48072800
3.75999998	0.52162240	4.48072800
3.83999998	0.52162240	4.48072800
3.91999998	0.52162240	4.48072800
3.99999998	0.52162240	4.48072800
4.07999998	0.52162240	4.48072800
4.15999997	0.52162240	4.48072800
4.23999997	0.51274150	4.48072800
4.31999997	0.52162240	4.48072800
4.39999997	0.51274150	4.48072800
4.47999997	0.51274150	4.48072800
4.55999997	0.52162240	4.48072800
4.63999997	0.52162240	4.48072800
4.71999997	0.52162240	4.48072800
4.79999997	0.52162240	4.65651400
4.87999997	0.52162240	4.65651400
4.95999997	0.52162240	4.65651400
5.03999997	0.51274150	4.48072800
5.11999997	0.52162240	4.48072800
5.19999997	0.51274150	4.48072800
5.27999997	0.51274150	4.48072800
5.35999997	0.51274150	4.65651400
5.43999997	0.52162240	4.48072800
5.51999997	0.52162240	4.65651400
5.59999997	0.51274150	4.65651400
5.67999997	0.51274150	4.65651400
5.75999996	0.51274150	4.48072800
5.83999996	0.52162240	4.48072800
5.91999996	0.52162240	4.48072800
5.99999996	0.51274150	4.48072800
6.07999996	0.52162240	4.48072800
6.15999996	0.52162240	4.48072800
6.23999996	0.52162240	4.48072800
6.31999996	0.51274150	4.48072800
6.39999996	0.52162240	4.48072800
6.47999996	0.52162240	4.48072800
6.55999996	0.51274150	4.48072800
6.63999996	0.52162240	4.65651400
6.71999996	0.52162240	4.65651400
6.79999996	0.51274150	4.65651400
6.87999996	0.51274150	4.65651400
6.95999996	0.52162240	4.65651400
7.03999996	0.52162240	4.48072800
7.11999996	0.52162240	4.48072800
7.19999996	0.52162240	4.65651400
7.27999996	0.51274150	4.48072800
7.35999996	0.52162240	4.65651400
7.43999995	0.52162240	4.48072800
7.51999995	0.51274150	4.65651400
7.59999995	0.51274150	4.65651400
7.67999995	0.52162240	4.48072800
7.75999995	0.52162240	4.65651400
7.83999995	0.52162240	4.65651400
7.91999995	0.51274150	4.65651400
7.99999995	0.51274150	4.65651400
8.07999995	0.52162240	4.65651400
8.15999995	0.52162240	4.48072800
8.23999995	0.51274150	4.48072800
8.31999995	0.52162240	4.65651400
8.39999995	0.52162240	4.65651400
8.47999995	0.51274150	4.65651400
8.55999995	0.52162240	4.48072800
8.63999995	0.52162240	4.65651400
8.71999995	0.52162240	4.65651400
8.79999995	0.52162240	4.65651400
8.87999995	0.52162240	4.65651400
8.95999995	0.52162240	4.65651400
9.03999995	0.52162240	4.65651400
9.11999994	0.52162240	4.65651400
9.19999994	0.52162240	4.65651400
9.27999994	0.52162240	4.83230100
9.35999994	0.52162240	4.65651400
9.43999994	0.51274150	4.65651400
9.51999994	0.51274150	4.83230100
9.59999994	0.52162240	4.83230100
9.67999994	0.51274150	4.65651400
9.75999994	0.52162240	4.83230100
9.83999994	0.52162240	4.83230100
9.91999994	0.51274150	4.83230100
9.99999994	0.51274150	4.83230100
10.07999994	0.51274150	4.83230100
10.15999994	0.51274150	4.65651400
10.23999994	0.52162240	4.83230100
10.31999994	0.52162240	4.83230100
10.39999994	0.52162240	4.83230100
10.47999994	0.52162240	4.83230100
10.55999994	0.52162240	4.83230100
10.63999994	0.51274150	4.83230100
10.71999993	0.52162240	4.83230100
10.79999993	0.52162240	4.83230100
10.87999993	0.51274150	4.83230100
10.95999993	0.51274150	4.83230100
11.03999993	0.51274150	4.83230100
11.11999993	0.51274150	4.83230100
11.19999993	0.52162240	4.83230100
11.27999993	0.52162240	4.83230100
11.35999993	0.51274150	4.83230100
11.43999993	0.51274150	4.83230100
11.51999993	0.51274150	4.83230100
11.59999993	0.51274150	5.00747700
11.67999993	0.52162240	5.00747700
11.75999993	0.51274150	4.83230100
11.83999993	0.51274150	4.83230100
11.91999993	0.52162240	5.00747700
11.99999993	0.52162240	4.83230100
12.07999993	0.51274150	5.00747700
12.15999993	0.52162240	4.83230100
12.23999993	0.52162240	4.83230100
12.31999993	0.52162240	5.00747700
12.39999992	0.52162240	5.00747700
12.47999992	0.52162240	4.83230100
12.55999992	0.52162240	4.83230100
12.63999992	0.52162240	5.00747700
12.71999992	0.52162240	5.00747700
12.79999992	0.52162240	5.00747700
12.87999992	0.52162240	5.00747700
12.95999992	0.51274150	5.00747700
13.03999992	0.52162240	5.00747700
13.11999992	0.52162240	5.00747700
13.19999992	0.52162240	5.00747700
13.27999992	0.51274150	5.00747700
13.35999992	0.51274150	5.00747700
13.43999992	0.51274150	5.00747700
13.51999992	0.52162240	5.00747700
13.59999992	0.52162240	5.00747700
13.67999992	0.52162240	5.00747700
13.75999992	0.51274150	5.00747700
13.83999992	0.52162240	5.00747700
13.91999992	0.51274150	5.18326400
13.99999991	0.52162240	5.00747700
14.07999991	0.52162240	5.00747700
14.15999991	0.51274150	5.00747700
14.23999991	0.52162240	5.18326400
14.31999991	0.52162240	5.00747700
14.39999991	0.52162240	5.00747700
14.47999991	0.52162240	5.00747700
14.55999991	0.51274150	5.18326400
14.63999991	0.52162240	5.00747700
14.71999991	0.51274150	5.00747700
14.79999991	0.51274150	5.00747700
14.87999991	0.52162240	5.18326400
14.95999991	0.52162240	5.00747700
15.03999991	0.51274150	5.00747700
15.11999991	0.51274150	5.00747700
15.19999991	0.51274150	5.18326400
15.27999991	0.51274150	5.00747700
15.35999991	0.51274150	5.00747700
15.43999991	0.52162240	5.18326400
15.51999991	0.51274150	5.00747700
15.59999991	0.51274150	5.18326400
15.67999990	0.51274150	5.00747700
15.75999990	0.51274150	5.00747700
15.83999990	0.52162240	5.00747700
15.91999990	0.52162240	5.00747700
15.99999990	0.51274150	5.00747700
16.07999990	0.51274150	4.83230100
16.15999990	0.52162240	4.65651400
16.23999990	0.52162240	4.48072800
16.31999990	0.52162240	3.25205200
16.39999990	0.52162240	1.84759100
16.47999990	0.52162240	1.84759100
16.55999990	0.52162240	0.26795250
16.63999990	0.53047280	0.61891540
16.71999990	0.52162240	0.61891540
16.79999990	0.52162240	0.79470200
16.87999990	0.52162240	0.61891540
16.95999990	0.52162240	0.61891540
17.03999990	0.52162240	0.61891540
17.11999990	0.53047280	0.79470200
17.19999990	0.52162240	0.61891540
17.27999989	0.52162240	0.61891540
17.35999989	0.53047280	0.79470200
17.43999989	0.52162240	0.61891540
17.51999989	0.53047280	0.79470200
17.59999989	0.52162240	0.79470200
17.67999989	0.53047280	0.79470200
17.75999989	0.52162240	0.61891540
17.83999989	0.52162240	0.79470200
17.91999989	0.53047280	0.79470200
17.99999989	0.52162240	0.79470200
18.07999989	0.52162240	0.79470200
18.15999989	0.52162240	0.79470200
18.23999989	0.52162240	0.61891540
18.31999989	0.52162240	0.79470200
18.39999989	0.52162240	0.79470200
18.47999989	0.52162240	0.79470200
18.55999989	0.52162240	0.79470200
18.63999989	0.52162240	0.79470200
18.71999989	0.52162240	0.79470200
18.79999989	0.52162240	0.79470200
18.87999989	0.52162240	0.79470200
18.95999988	0.52162240	0.79470200
19.03999988	0.52162240	0.79470200
19.11999988	0.52162240	0.79470200
19.19999988	0.52162240	0.61891540
19.27999988	0.52162240	0.79470200
19.35999988	0.52162240	0.79470200
19.43999988	0.52162240	0.79470200
19.51999988	0.52162240	0.79470200
19.59999988	0.52162240	0.79470200
19.67999988	0.52162240	0.79470200
19.75999988	0.52162240	0.79470200
19.83999988	0.52162240	0.79470200
19.91999988	0.52162240	0.79470200
19.99999988	0.52162240	0.79470200
20.07999988	0.52162240	0.96987830
20.15999988	0.52162240	0.79470200
20.23999988	0.53047280	0.96987830
20.31999988	0.52162240	0.79470200
20.39999988	0.52162240	0.79470200
20.47999988	0.52162240	0.79470200
20.55999988	0.52162240	0.96987830
20.63999987	0.52162240	0.79470200
20.71999987	0.52162240	0.79470200
20.79999987	0.52162240	0.79470200
20.87999987	0.52162240	0.96987830
20.95999987	0.52162240	0.96987830
21.03999987	0.52162240	0.96987830
21.11999987	0.52162240	0.79470200
21.19999987	0.52162240	0.96987830
21.27999987	0.52162240	0.96987830
21.35999987	0.52162240	0.79470200
21.43999987	0.52162240	0.79470200
21.51999987	0.52162240	0.79470200
21.59999987	0.52162240	0.96987830
21.67999987	0.52162240	0.79470200
21.75999987	0.52162240	0.79470200
21.83999987	0.52162240	0.96987830
21.91999987	0.52162240	0.79470200
21.99999987	0.52162240	0.96987830
22.07999987	0.52162240	0.96987830
22.15999987	0.52162240	0.96987830
22.23999986	0.52162240	0.79470200
22.31999986	0.52162240	0.96987830
22.39999986	0.52162240	0.96987830
22.47999986	0.52162240	0.96987830
22.55999986	0.52162240	0.96987830
22.63999986	0.52162240	0.96987830
22.71999986	0.52162240	0.96987830
22.79999986	0.52162240	0.96987830
22.87999986	0.52162240	0.79470200
22.95999986	0.52162240	0.96987830
23.03999986	0.52162240	0.96987830
23.11999986	0.52162240	0.96987830
23.19999986	0.52162240	0.96987830
23.27999986	0.52162240	0.96987830
23.35999986	0.52162240	0.96987830
23.43999986	0.52162240	0.96987830
23.51999986	0.52162240	0.96987830
23.59999986	0.52162240	0.96987830
23.67999986	0.52162240	0.96987830
23.75999986	0.52162240	0.96987830
23.83999986	0.52162240	0.96987830
23.91999985	0.52162240	0.96987830
23.99999985	0.52162240	0.96987830
24.07999985	0.52162240	0.96987830
24.15999985	0.52162240	0.96987830
24.23999985	0.52162240	0.96987830
24.31999985	0.51274150	0.96987830
24.39999985	0.52162240	0.96987830
24.47999985	0.52162240	0.96987830
24.55999985	0.52162240	0.96987830
24.63999985	0.52162240	0.96987830
24.71999985	0.52162240	0.96987830
24.79999985	0.51274150	0.96987830
24.87999985	0.52162240	0.96987830
24.95999985	0.52162240	0.96987830
25.03999985	0.51274150	0.96987830
25.11999985	0.51274150	0.96987830
25.19999985	0.52162240	0.96987830
25.27999985	0.52162240	0.96987830
25.35999985	0.52162240	0.96987830
25.43999985	0.52162240	0.96987830
25.51999984	0.51274150	0.96987830
25.59999984	0.52162240	0.96987830
25.67999984	0.52162240	0.96987830
25.75999984	0.51274150	0.96987830
25.83999984	0.51274150	0.96987830
25.91999984	0.52162240	0.96987830
25.99999984	0.52162240	0.96987830
26.07999984	0.51274150	0.96987830
26.15999984	0.52162240	0.96987830
26.23999984	0.52162240	0.96987830
26.31999984	0.51274150	0.96987830
26.39999984	0.51274150	0.96987830
26.47999984	0.51274150	0.96987830
26.55999984	0.52162240	0.96987830
26.63999984	0.52162240	0.96987830
26.71999984	0.51274150	0.96987830
26.79999984	0.52162240	0.96987830
26.87999984	0.52162240	0.96987830
26.95999984	0.52162240	0.96987830
27.03999984	0.51274150	0.96987830
27.11999984	0.51274150	0.96987830
27.19999983	0.51274150	0.96987830
27.27999983	0.51274150	0.96987830
27.35999983	0.51274150	0.96987830
27.43999983	0.51274150	0.96987830
27.51999983	0.52162240	0.96987830
27.59999983	0.52162240	0.96987830
27.67999983	0.52162240	0.96987830
27.75999983	0.52162240	0.96987830
27.83999983	0.51274150	0.96987830
27.91999983	0.51274150	0.96987830
27.99999983	0.51274150	0.96987830
28.07999983	0.51274150	0.96987830
28.15999983	0.51274150	0.96987830
28.23999983	0.51274150	0.96987830
28.31999983	0.51274150	0.96987830
28.39999983	0.51274150	0.96987830
28.47999983	0.51274150	0.96987830
28.55999983	0.51274150	0.96987830
28.63999983	0.52162240	0.96987830
28.71999983	0.51274150	0.96987830
28.79999982	0.51274150	0.96987830
28.87999982	0.51274150	0.96987830
28.95999982	0.51274150	0.96987830
29.03999982	0.52162240	0.96987830
29.11999982	0.51274150	0.96987830
29.19999982	0.51274150	0.96987830
29.27999982	0.51274150	0.96987830
29.35999982	0.51274150	0.96987830
29.43999982	0.51274150	0.96987830
29.51999982	0.51274150	0.96987830
29.59999982	0.51274150	0.96987830
29.67999982	0.51274150	0.96987830
29.75999982	0.51274150	0.96987830
29.83999982	0.51274150	0.96987830
29.91999982	0.51274150	0.96987830
29.99999982	0.51274150	0.96987830
30.07999982	0.51274150	0.96987830
30.15999982	0.51274150	0.96987830
30.23999982	0.51274150	0.96987830
30.31999982	0.51274150	0.96987830
30.39999982	0.51274150	0.96987830
30.47999981	0.51274150	0.96987830
30.55999981	0.51274150	0.96987830
30.63999981	0.51274150	0.96987830
30.71999981	0.51274150	0.96987830
30.79999981	0.51274150	0.96987830
30.87999981	0.51274150	0.96987830
30.95999981	0.51274150	0.96987830
31.03999981	0.51274150	0.96987830
31.11999981	0.51274150	0.96987830
31.19999981	0.51274150	0.96987830
31.27999981	0.51274150	0.96987830
31.35999981	0.51274150	0.96987830
31.43999981	0.51274150	0.96987830
31.51999981	0.51274150	0.96987830
31.59999981	0.51274150	0.96987830
31.67999981	0.51274150	0.96987830
31.75999981	0.51274150	0.96987830
31.83999981	0.51274150	0.96987830
31.91999981	0.51274150	0.96987830
31.99999981	0.51274150	0.96987830
32.07999981	0.51274150	0.96987830
32.15999980	0.51274150	0.79470200
32.23999980	0.51274150	0.96987830
32.31999980	0.51274150	0.96987830
32.39999980	0.51274150	0.96987830
32.47999980	0.51274150	0.96987830
32.55999980	0.51274150	0.96987830
32.63999980	0.51274150	0.96987830
32.71999980	0.51274150	0.96987830
32.79999980	0.51274150	0.79470200
32.87999980	0.51274150	0.96987830
32.95999980	0.51274150	0.96987830
33.03999980	0.51274150	0.96987830
33.11999980	0.51274150	0.96987830
33.19999980	0.51274150	0.79470200
33.27999980	0.51274150	0.79470200
33.35999980	0.51274150	0.79470200
33.43999980	0.51274150	0.96987830
33.51999980	0.51274150	0.79470200
33.59999980	0.51274150	0.79470200
33.67999980	0.51274150	0.96987830
33.75999979	0.51274150	0.79470200
33.83999979	0.51274150	0.96987830
33.91999979	0.51274150	0.79470200
33.99999979	0.51274150	0.79470200
34.07999979	0.51274150	0.96987830
34.15999979	0.51274150	0.96987830
34.23999979	0.51274150	0.96987830
34.31999979	0.51274150	0.96987830
34.39999979	0.51274150	0.79470200
34.47999979	0.51274150	0.79470200
34.55999979	0.51274150	0.79470200
34.63999979	0.51274150	0.96987830
34.71999979	0.51274150	0.79470200
34.79999979	0.51274150	0.96987830
34.87999979	0.51274150	0.79470200
34.95999979	0.51274150	0.79470200
35.03999979	0.51274150	0.79470200
35.11999979	0.51274150	0.79470200
35.19999979	0.51274150	0.79470200
35.27999979	0.51274150	0.79470200
35.35999979	0.51274150	0.79470200
35.43999978	0.51274150	0.79470200
35.51999978	0.50389110	0.79470200
35.59999978	0.51274150	0.79470200
35.67999978	0.51274150	0.79470200
35.75999978	0.51274150	0.79470200
35.83999978	0.51274150	0.79470200
35.91999978	0.51274150	0.79470200
35.99999978	0.51274150	0.79470200
36.07999978	0.50389110	0.79470200
36.15999978	0.51274150	0.79470200
36.23999978	0.50389110	0.79470200
36.31999978	0.51274150	0.79470200
36.39999978	0.51274150	0.79470200
36.47999978	0.51274150	0.61891540
36.55999978	0.51274150	0.79470200
36.63999978	0.51274150	0.79470200
36.71999978	0.50389110	0.79470200
36.79999978	0.51274150	0.79470200
36.87999978	0.50389110	3.07687600
36.95999978	0.50389110	7.28965100
37.03999977	0.49504070	5.88519000
37.11999977	0.50389110	6.06097600
37.19999977	0.50389110	5.88519000
37.27999977	0.49504070	5.88519000
37.35999977	0.50389110	5.53422600
37.43999977	0.49504070	5.71001300
37.51999977	0.49504070	5.88519000
37.59999977	0.49504070	5.88519000
37.67999977	0.49504070	5.71001300
37.75999977	0.49504070	5.88519000
37.83999977	0.49504070	5.88519000
37.91999977	0.49504070	6.93868800
37.99999977	0.50389110	5.00747700
38.07999977	0.49504070	5.88519000
38.15999977	0.49504070	5.35844000
38.23999977	0.51274150	5.53422600
38.31999977	0.50389110	5.35844000
38.39999977	0.51274150	4.30555200
38.47999977	0.51274150	4.30555200
38.55999977	0.51274150	4.12976500
38.63999977	0.51274150	4.30555200
38.71999976	0.51274150	4.12976500
38.79999976	0.51274150	4.12976500
38.87999976	0.51274150	4.12976500
38.95999976	0.51274150	4.12976500
39.03999976	0.51274150	4.12976500
39.11999976	0.52162240	4.12976500
39.19999976	0.51274150	4.12976500
39.27999976	0.51274150	4.12976500
39.35999976	0.51274150	4.12976500
39.43999976	0.51274150	4.12976500
39.51999976	0.51274150	4.12976500
39.59999976	0.51274150	4.12976500
39.67999976	0.52162240	3.95458800
39.75999976	0.51274150	3.95458800
39.83999976	0.51274150	3.95458800
39.91999976	0.51274150	3.95458800
39.99999976	0.51274150	3.95458800
40.07999976	0.51274150	3.95458800
40.15999976	0.51274150	3.95458800
40.23999976	0.51274150	3.95458800
40.31999975	0.51274150	3.95458800
40.39999975	0.51274150	3.95458800
40.47999975	0.51274150	3.95458800
40.55999975	0.51274150	3.95458800
40.63999975	0.51274150	3.95458800
40.71999975	0.51274150	3.95458800
40.79999975	0.51274150	3.95458800
40.87999975	0.51274150	3.77880200
40.95999975	0.51274150	3.77880200
41.03999975	0.51274150	3.77880200
41.11999975	0.51274150	3.77880200
41.19999975	0.52162240	3.77880200
41.27999975	0.52162240	3.77880200
41.35999975	0.51274150	3.77880200
41.43999975	0.51274150	3.77880200
41.51999975	0.51274150	3.77880200
41.59999975	0.51274150	3.77880200
41.67999975	0.51274150	3.77880200
41.75999975	0.51274150	3.77880200
41.83999975	0.51274150	3.77880200
41.91999975	0.51274150	3.60301500
41.99999974	0.51274150	3.77880200
42.07999974	0.51274150	3.60301500
42.15999974	0.51274150	3.60301500
42.23999974	0.51274150	3.60301500
42.31999974	0.51274150	3.60301500
42.39999974	0.51274150	3.60301500
42.47999974	0.51274150	3.77880200
42.55999974	0.51274150	3.60301500
42.63999974	0.51274150	3.60301500
42.71999974	0.51274150	3.60301500
42.79999974	0.51274150	3.60301500
42.87999974	0.51274150	3.60301500
42.95999974	0.51274150	3.60301500
43.03999974	0.51274150	3.60301500
43.11999974	0.51274150	3.42783900
43.19999974	0.51274150	3.42783900
43.27999974	0.51274150	3.42783900
43.35999974	0.51274150	3.60301500
43.43999974	0.51274150	3.42783900
43.51999974	0.51274150	3.42783900
43.59999974	0.51274150	3.42783900
43.67999973	0.51274150	3.42783900
43.75999973	0.51274150	3.42783900
43.83999973	0.51274150	3.42783900
43.91999973	0.51274150	3.42783900
43.99999973	0.50389110	3.42783900
44.07999973	0.51274150	3.42783900
44.15999973	0.51274150	3.42783900
44.23999973	0.51274150	3.42783900
44.31999973	0.51274150	3.42783900
44.39999973	0.51274150	3.42783900
44.47999973	0.51274150	3.42783900
44.55999973	0.51274150	3.42783900
44.63999973	0.51274150	3.42783900
44.71999973	0.51274150	3.42783900
44.79999973	0.51274150	3.42783900
44.87999973	0.51274150	3.42783900
44.95999973	0.51274150	3.42783900
45.03999973	0.51274150	3.42783900
45.11999973	0.51274150	3.42783900
45.19999973	0.51274150	3.42783900
45.27999972	0.51274150	3.42783900
45.35999972	0.51274150	3.42783900
45.43999972	0.51274150	3.42783900
45.51999972	0.51274150	3.42783900
45.59999972	0.51274150	3.42783900
45.67999972	0.51274150	3.42783900
45.75999972	0.51274150	3.42783900
45.83999972	0.51274150	3.42783900
45.91999972	0.51274150	3.42783900
45.99999972	0.51274150	3.42783900
46.07999972	0.51274150	3.42783900
46.15999972	0.51274150	3.25205200
46.23999972	0.51274150	3.42783900
46.31999972	0.51274150	3.42783900
46.39999972	0.51274150	3.42783900
46.47999972	0.51274150	3.42783900
46.55999972	0.51274150	3.25205200
46.63999972	0.51274150	3.25205200
46.71999972	0.51274150	3.25205200
46.79999972	0.51274150	3.42783900
46.87999972	0.51274150	3.25205200
46.95999971	0.51274150	3.25205200
47.03999971	0.51274150	3.42783900
47.11999971	0.51274150	3.42783900
47.19999971	0.51274150	3.42783900
47.27999971	0.51274150	3.42783900
47.35999971	0.51274150	3.25205200
47.43999971	0.51274150	3.25205200
47.51999971	0.51274150	3.42783900
47.59999971	0.51274150	3.25205200
47.67999971	0.51274150	3.42783900
47.75999971	0.51274150	3.25205200
47.83999971	0.51274150	3.42783900
47.91999971	0.51274150	3.25205200
47.99999971	0.51274150	3.25205200
48.07999971	0.51274150	3.25205200
48.15999971	0.51274150	3.25205200
48.23999971	0.51274150	3.25205200
48.31999971	0.51274150	3.25205200
48.39999971	0.51274150	3.25205200
48.47999971	0.51274150	3.25205200
48.55999970	0.51274150	3.42783900
48.63999970	0.51274150	3.25205200
48.71999970	0.51274150	3.42783900
48.79999970	0.51274150	3.42783900
48.87999970	0.51274150	3.25205200
48.95999970	0.51274150	3.25205200
49.03999970	0.51274150	3.42783900
49.11999970	0.51274150	3.25205200
49.19999970	0.51274150	3.25205200
49.27999970	0.51274150	3.25205200
49.35999970	0.52162240	3.25205200
49.43999970	0.52162240	3.42783900
49.51999970	0.51274150	3.42783900
49.59999970	0.51274150	3.25205200
49.67999970	0.52162240	3.42783900
49.75999970	0.51274150	3.25205200
49.83999970	0.51274150	3.25205200
49.91999970	0.52162240	3.25205200
49.99999970	0.51274150	3.42783900
50.07999970	0.51274150	3.42783900
50.15999970	0.52162240	3.42783900
50.23999969	0.52162240	3.25205200
50.31999969	0.52162240	3.42783900
50.39999969	0.52162240	3.42783900
50.47999969	0.52162240	3.42783900
50.55999969	0.52162240	3.42783900
50.63999969	0.52162240	3.42783900
50.71999969	0.51274150	3.42783900
50.79999969	0.52162240	3.42783900
50.87999969	0.52162240	3.42783900
50.95999969	0.52162240	3.42783900
51.03999969	0.51274150	3.42783900
51.11999969	0.52162240	3.42783900
51.19999969	0.51274150	3.42783900
51.27999969	0.52162240	3.42783900
51.35999969	0.52162240	3.42783900
51.43999969	0.52162240	3.42783900
51.51999969	0.51274150	3.42783900
51.59999969	0.52162240	3.42783900
51.67999969	0.52162240	3.42783900
51.75999969	0.52162240	3.42783900
51.83999968	0.52162240	3.42783900
51.91999968	0.52162240	3.42783900
51.99999968	0.52162240	3.42783900
52.07999968	0.52162240	3.42783900
52.15999968	0.52162240	3.42783900
52.23999968	0.52162240	3.42783900
52.31999968	0.51274150	3.42783900
52.39999968	0.52162240	3.42783900
52.47999968	0.52162240	3.42783900
52.55999968	0.52162240	3.42783900
52.63999968	0.52162240	3.42783900
52.71999968	0.52162240	3.42783900
52.79999968	0.52162240	3.42783900
52.87999968	0.52162240	3.42783900
52.95999968	0.52162240	3.42783900
53.03999968	0.52162240	3.60301500
53.11999968	0.52162240	3.42783900
53.19999968	0.52162240	3.42783900
53.27999968	0.52162240	3.42783900
53.35999968	0.52162240	3.60301500
53.43999968	0.52162240	3.42783900
53.51999967	0.52162240	3.60301500
53.59999967	0.52162240	3.60301500
53.67999967	0.52162240	3.60301500
53.75999967	0.52162240	3.60301500
53.83999967	0.52162240	3.60301500
53.91999967	0.52162240	3.60301500
53.99999967	0.52162240	3.60301500
54.07999967	0.52162240	3.60301500
54.15999967	0.52162240	3.60301500
54.23999967	0.52162240	3.60301500
54.31999967	0.52162240	3.60301500
54.39999967	0.52162240	3.60301500
54.47999967	0.52162240	3.60301500
54.55999967	0.52162240	3.60301500
54.63999967	0.52162240	3.77880200
54.71999967	0.52162240	3.77880200
54.79999967	0.52162240	3.77880200
54.87999967	0.52162240	3.77880200
54.95999967	0.52162240	3.77880200
55.03999967	0.52162240	3.77880200
55.11999967	0.52162240	3.77880200
55.19999966	0.52162240	3.77880200
55.27999966	0.52162240	3.77880200
55.35999966	0.52162240	3.77880200
55.43999966	0.52162240	3.77880200
55.51999966	0.52162240	3.77880200
55.59999966	0.52162240	3.77880200
55.67999966	0.52162240	3.77880200
55.75999966	0.52162240	3.77880200
55.83999966	0.52162240	3.77880200
55.91999966	0.52162240	3.77880200
55.99999966	0.52162240	3.95458800
56.07999966	0.52162240	3.77880200
56.15999966	0.52162240	3.95458800
56.23999966	0.53047280	3.95458800
56.31999966	0.52162240	3.95458800
56.39999966	0.52162240	3.95458800
56.47999966	0.52162240	3.95458800
56.55999966	0.53047280	3.95458800
56.63999966	0.52162240	3.95458800
56.71999966	0.52162240	3.95458800
56.79999965	0.52162240	3.95458800
56.87999965	0.52162240	3.95458800
56.95999965	0.52162240	3.95458800
57.03999965	0.52162240	3.95458800
57.11999965	0.52162240	3.95458800
57.19999965	0.53047280	3.95458800
57.27999965	0.53047280	3.95458800
57.35999965	0.49504070	10.09796000
57.43999965	0.55702380	2.90108900
57.51999965	0.52162240	5.35844000
57.59999965	0.53047280	4.12976500
57.67999965	0.53047280	4.48072800
57.75999965	0.53047280	4.12976500
57.83999965	0.53047280	3.77880200
57.91999965	0.54817350	-0.08239998
57.99999965	0.53047280	0.26795250
58.07999965	0.53932310	0.26795250
58.15999965	0.53932310	0.09277627
58.23999965	0.54817350	-0.25818660
58.31999965	0.55702380	-0.78432570
58.39999965	0.55702380	-0.78432570
58.47999964	0.55702380	-0.78432570
58.55999964	0.55702380	-0.78432570
58.63999964	0.55702380	-0.78432570
58.71999964	0.55702380	-0.60914950
58.79999964	0.55702380	-0.78432570
58.87999964	0.55702380	-0.78432570
58.95999964	0.56590470	-0.78432570
59.03999964	0.55702380	-0.60914950
59.11999964	0.55702380	-0.60914950
59.19999964	0.55702380	-0.60914950
59.27999964	0.56590470	-0.60914950
59.35999964	0.56590470	-0.43336280
59.43999964	0.56590470	-0.43336280
59.51999964	0.56590470	-0.43336280
59.59999964	0.56590470	-0.43336280
59.67999964	0.56590470	-0.43336280
59.75999964	0.56590470	-0.25818660
59.83999964	0.56590470	0.09277627
59.91999964	0.56590470	0.61891540
59.99999964	0.56590470	0.61891540
60.07999963	0.56590470	0.79470200
60.15999963	0.56590470	0.61891540
60.23999963	0.56590470	0.79470200
60.31999963	0.56590470	0.61891540
60.39999963	0.56590470	0.79470200
60.47999963	0.56590470	0.79470200
60.55999963	0.56590470	0.79470200
60.63999963	0.56590470	0.79470200
60.71999963	0.56590470	0.79470200
60.79999963	0.56590470	0.79470200
60.87999963	0.56590470	0.79470200
60.95999963	0.56590470	0.79470200
61.03999963	0.57475510	0.79470200
61.11999963	0.57475510	0.79470200
61.19999963	0.57475510	0.79470200
61.27999963	0.56590470	0.79470200
61.35999963	0.56590470	0.79470200
61.43999963	0.57475510	0.79470200
61.51999963	0.56590470	0.79470200
61.59999963	0.56590470	0.96987830
61.67999963	0.56590470	0.79470200
61.75999962	0.57475510	0.96987830
61.83999962	0.57475510	0.96987830
61.91999962	0.57475510	0.96987830
61.99999962	0.56590470	0.96987830
62.07999962	0.57475510	0.96987830
62.15999962	0.56590470	0.96987830
62.23999962	0.56590470	0.96987830
62.31999962	0.56590470	0.96987830
62.39999962	0.57475510	0.96987830
62.47999962	0.57475510	0.96987830
62.55999962	0.56590470	0.96987830
62.63999962	0.57475510	0.96987830
62.71999962	0.56590470	0.96987830
62.79999962	0.56590470	0.96987830
62.87999962	0.56590470	0.96987830
62.95999962	0.56590470	1.14566500
63.03999962	0.56590470	0.96987830
63.11999962	0.56590470	0.96987830
63.19999962	0.56590470	0.96987830
63.27999962	0.56590470	1.14566500
63.35999961	0.56590470	0.96987830
63.43999961	0.56590470	1.14566500
63.51999961	0.56590470	1.14566500
63.59999961	0.56590470	1.14566500
63.67999961	0.56590470	1.14566500
63.75999961	0.56590470	1.14566500
63.83999961	0.56590470	1.14566500
63.91999961	0.55702380	1.14566500
63.99999961	0.56590470	0.96987830
64.07999961	0.56590470	1.14566500
64.15999961	0.56590470	1.14566500
64.23999961	0.55702380	1.14566500
64.31999961	0.55702380	1.14566500
64.39999961	0.55702380	0.96987830
64.47999961	0.55702380	1.14566500
64.55999961	0.55702380	1.14566500
64.63999961	0.55702380	1.14566500
64.71999961	0.55702380	1.14566500
64.79999961	0.55702380	1.14566500
64.87999961	0.55702380	1.14566500
64.95999961	0.55702380	1.14566500
65.03999960	0.55702380	1.14566500
65.11999960	0.55702380	1.14566500
65.19999960	0.55702380	1.14566500
65.27999960	0.54817350	1.14566500
65.35999960	0.54817350	1.14566500
65.43999960	0.54817350	1.14566500
65.51999960	0.54817350	1.14566500
65.59999960	0.54817350	1.14566500
65.67999960	0.54817350	1.14566500
65.75999960	0.54817350	1.14566500
65.83999960	0.54817350	1.14566500
65.91999960	0.54817350	1.14566500
65.99999960	0.54817350	1.14566500
66.07999960	0.53932310	1.14566500
66.15999960	0.53932310	1.14566500
66.23999960	0.53932310	1.14566500
66.31999960	0.53932310	1.14566500
66.39999960	0.53047280	1.14566500
66.47999960	0.53047280	1.32145100
66.55999960	0.53047280	1.14566500
66.63999959	0.53047280	1.14566500
66.71999959	0.53047280	1.14566500
66.79999959	0.53932310	1.32145100
66.87999959	0.53047280	1.32145100
66.95999959	0.53047280	1.14566500
67.03999959	0.53047280	1.32145100
67.11999959	0.53047280	1.32145100
67.19999959	0.53047280	1.32145100
67.27999959	0.52162240	1.14566500
67.35999959	0.52162240	1.32145100
67.43999959	0.52162240	1.32145100
67.51999959	0.52162240	1.32145100
67.59999959	0.52162240	1.32145100
67.67999959	0.52162240	1.32145100
67.75999959	0.52162240	1.14566500
67.83999959	0.52162240	1.32145100
67.91999959	0.52162240	1.14566500
67.99999959	0.52162240	1.32145100
68.07999959	0.52162240	1.32145100
68.15999959	0.52162240	1.32145100
68.23999959	0.52162240	1.14566500
68.31999958	0.52162240	1.32145100
68.39999958	0.52162240	1.32145100
68.47999958	0.52162240	1.32145100
68.55999958	0.52162240	1.14566500
68.63999958	0.52162240	1.14566500
68.71999958	0.52162240	1.32145100
68.79999958	0.52162240	1.32145100
68.87999958	0.52162240	1.32145100
68.95999958	0.52162240	1.14566500
69.03999958	0.52162240	1.32145100
69.11999958	0.52162240	1.32145100
69.19999958	0.52162240	1.14566500
69.27999958	0.52162240	1.32145100
69.35999958	0.52162240	1.32145100
69.43999958	0.52162240	1.32145100
69.51999958	0.52162240	1.32145100
69.59999958	0.52162240	1.32145100
69.67999958	0.52162240	1.32145100
69.75999958	0.52162240	1.32145100
69.83999958	0.52162240	1.32145100
69.91999958	0.52162240	1.32145100
69.99999957	0.51274150	1.32145100
70.07999957	0.52162240	1.32145100
70.15999957	0.52162240	1.32145100
70.23999957	0.51274150	1.32145100
70.31999957	0.52162240	1.32145100
70.39999957	0.52162240	1.32145100
70.47999957	0.51274150	1.32145100
70.55999957	0.52162240	1.32145100
70.63999957	0.52162240	1.32145100
70.71999957	0.51274150	1.14566500
70.79999957	0.51274150	1.32145100
70.87999957	0.51274150	1.32145100
70.95999957	0.51274150	1.32145100
71.03999957	0.51274150	1.32145100
71.11999957	0.51274150	1.32145100
71.19999957	0.51274150	1.32145100
71.27999957	0.51274150	1.32145100
71.35999957	0.51274150	1.32145100
71.43999957	0.51274150	1.32145100
71.51999957	0.51274150	1.32145100
71.59999956	0.51274150	1.14566500
71.67999956	0.51274150	1.32145100
71.75999956	0.51274150	1.32145100
71.83999956	0.51274150	1.32145100
71.91999956	0.51274150	1.32145100
71.99999956	0.51274150	1.14566500
72.07999956	0.51274150	1.32145100
72.15999956	0.51274150	1.14566500
72.23999956	0.51274150	1.32145100
72.31999956	0.51274150	1.32145100
72.39999956	0.51274150	1.32145100
72.47999956	0.51274150	1.32145100
72.55999956	0.51274150	1.32145100
72.63999956	0.51274150	1.14566500
72.71999956	0.51274150	1.32145100
72.79999956	0.51274150	1.32145100
72.87999956	0.51274150	1.32145100
72.95999956	0.51274150	1.32145100
73.03999956	0.51274150	1.14566500
73.11999956	0.51274150	1.32145100
73.19999956	0.51274150	1.32145100
73.27999955	0.51274150	1.14566500
73.35999955	0.51274150	1.14566500
73.43999955	0.51274150	1.14566500
73.51999955	0.51274150	1.14566500
73.59999955	0.51274150	1.32145100
73.67999955	0.51274150	1.14566500
73.75999955	0.51274150	1.14566500
73.83999955	0.51274150	1.32145100
73.91999955	0.51274150	1.14566500
73.99999955	0.51274150	1.32145100
74.07999955	0.51274150	1.14566500
74.15999955	0.51274150	1.14566500
74.23999955	0.51274150	1.14566500
74.31999955	0.51274150	1.14566500
74.39999955	0.51274150	1.14566500
74.47999955	0.51274150	1.14566500
74.55999955	0.51274150	1.14566500
74.63999955	0.51274150	1.14566500
74.71999955	0.51274150	1.14566500
74.79999955	0.51274150	1.14566500
74.87999954	0.51274150	1.14566500
74.95999954	0.51274150	1.14566500
75.03999954	0.51274150	1.14566500
75.11999954	0.51274150	1.14566500
75.19999954	0.51274150	1.14566500
75.27999954	0.51274150	1.14566500
75.35999954	0.50389110	1.14566500
75.43999954	0.50389110	1.14566500
75.51999954	0.51274150	1.14566500
75.59999954	0.51274150	1.14566500
75.67999954	0.50389110	0.96987830
75.75999954	0.51274150	0.96987830
75.83999954	0.50389110	1.14566500
75.91999954	0.50389110	1.14566500
75.99999954	0.50389110	1.14566500
76.07999954	0.50389110	1.14566500
76.15999954	0.50389110	1.14566500
76.23999954	0.50389110	1.14566500
76.31999954	0.51274150	1.14566500
76.39999954	0.51274150	1.14566500
76.47999954	0.50389110	1.14566500
76.55999953	0.50389110	0.96987830
76.63999953	0.50389110	0.96987830
76.71999953	0.50389110	0.96987830
76.79999953	0.50389110	1.14566500
76.87999953	0.51274150	0.96987830
76.95999953	0.49504070	1.14566500
77.03999953	0.50389110	0.96987830
77.11999953	0.50389110	0.96987830
77.19999953	0.50389110	0.96987830
77.27999953	0.50389110	0.96987830
77.35999953	0.51274150	0.96987830
77.43999953	0.51274150	0.96987830
77.51999953	0.50389110	0.96987830
77.59999953	0.50389110	0.96987830
77.67999953	0.50389110	0.96987830
77.75999953	0.51274150	0.96987830
77.83999953	0.50389110	0.96987830
77.91999953	0.51274150	0.96987830
77.99999953	0.50389110	0.96987830
78.07999953	0.51274150	0.96987830
78.15999952	0.51274150	0.96987830
78.23999952	0.51274150	0.96987830
78.31999952	0.51274150	0.96987830
78.39999952	0.51274150	0.96987830
78.47999952	0.51274150	0.96987830
78.55999952	0.51274150	0.96987830
78.63999952	0.51274150	0.96987830
78.71999952	0.51274150	0.79470200
78.79999952	0.51274150	0.96987830
78.87999952	0.51274150	0.96987830
78.95999952	0.50389110	0.79470200
79.03999952	0.51274150	0.96987830
79.11999952	0.51274150	0.79470200
79.19999952	0.51274150	0.96987830
79.27999952	0.50389110	0.79470200
79.35999952	0.51274150	0.79470200
79.43999952	0.51274150	0.79470200
79.51999952	0.51274150	0.79470200
79.59999952	0.51274150	0.79470200
79.67999952	0.51274150	0.79470200
79.75999952	0.51274150	0.79470200
79.83999951	0.51274150	0.79470200
79.91999951	0.51274150	0.79470200
79.99999951	0.51274150	0.79470200
80.07999951	0.51274150	0.79470200
80.15999951	0.51274150	0.79470200
80.23999951	0.51274150	0.61891540
80.31999951	0.51274150	0.79470200
80.39999951	0.51274150	0.79470200
80.47999951	0.51274150	0.79470200
80.55999951	0.51274150	0.61891540
80.63999951	0.51274150	0.61891540
80.71999951	0.51274150	0.61891540
80.79999951	0.51274150	0.79470200
80.87999951	0.51274150	0.61891540
80.95999951	0.51274150	0.61891540
81.03999951	0.51274150	0.61891540
81.11999951	0.51274150	0.61891540
81.19999951	0.51274150	0.61891540
81.27999951	0.51274150	0.61891540
81.35999951	0.51274150	0.61891540
81.43999951	0.51274150	0.61891540
81.51999950	0.51274150	0.61891540
81.59999950	0.51274150	0.61891540
81.67999950	0.51274150	-0.08239998
81.75999950	0.51274150	-0.43336280
81.83999950	0.52162240	-0.43336280
81.91999950	0.51274150	-0.60914950
81.99999950	0.51274150	-0.60914950
82.07999950	0.51274150	-0.60914950
82.15999950	0.51274150	-0.60914950
82.23999950	0.51274150	-0.60914950
82.31999950	0.51274150	-0.43336280
82.39999950	0.49504070	-0.43336280
82.47999950	0.51274150	0.26795250
82.55999950	0.49504070	7.64061400
82.63999950	0.51274150	5.88519000
82.71999950	0.50389110	4.48072800
82.79999950	0.51274150	4.48072800
82.87999950	0.51274150	4.30555200
82.95999950	0.51274150	3.95458800
83.03999950	0.49504070	0.61891540
83.11999949	0.54817350	0.44373910
83.19999949	0.50389110	6.23615200
83.27999949	0.51274150	8.34254000
83.35999949	0.52162240	2.72530300
83.43999949	0.51274150	4.48072800
83.51999949	0.51274150	1.67241400
83.59999949	0.51274150	-0.43336280
83.67999949	0.52162240	2.55012700
83.75999949	0.51274150	4.30555200
83.83999949	0.51274150	4.12976500
83.91999949	0.52162240	4.12976500
83.99999949	0.51274150	4.12976500
84.07999949	0.52162240	4.30555200
84.15999949	0.52162240	4.12976500
84.23999949	0.52162240	3.77880200
84.31999949	0.52162240	4.12976500
84.39999949	0.52162240	4.12976500
84.47999949	0.51274150	4.12976500
84.55999949	0.52162240	4.12976500
84.63999949	0.53932310	-1.31107500
84.71999949	0.52162240	1.32145100
84.79999948	0.51274150	3.25205200
84.87999948	0.49504070	6.23615200
84.95999948	0.49504070	10.44954000
85.03999948	0.52162240	3.42783900
85.11999948	0.52162240	4.83230100
85.19999948	0.52162240	4.12976500
85.27999948	0.52162240	4.12976500
85.35999948	0.52162240	4.12976500
85.43999948	0.52162240	4.12976500
85.51999948	0.52162240	4.12976500
85.59999948	0.52162240	4.12976500
85.67999948	0.52162240	4.12976500
85.75999948	0.52162240	4.12976500
85.83999948	0.52162240	4.12976500
85.91999948	0.52162240	4.12976500
85.99999948	0.52162240	4.12976500
86.07999948	0.52162240	4.12976500
86.15999948	0.52162240	4.12976500
86.23999948	0.52162240	4.12976500
86.31999948	0.52162240	4.12976500
86.39999947	0.52162240	4.12976500
86.47999947	0.52162240	4.12976500
86.55999947	0.52162240	4.12976500
86.63999947	0.52162240	4.12976500
86.71999947	0.52162240	4.12976500
86.79999947	0.51274150	4.12976500
86.87999947	0.51274150	4.12976500
86.95999947	0.52162240	4.12976500
87.03999947	0.51274150	4.12976500
87.11999947	0.51274150	3.95458800
87.19999947	0.51274150	4.12976500
87.27999947	0.52162240	4.12976500
87.35999947	0.51274150	4.12976500
87.43999947	0.51274150	4.12976500
87.51999947	0.51274150	4.12976500
87.59999947	0.51274150	4.12976500
87.67999947	0.51274150	3.95458800
87.75999947	0.51274150	4.12976500
87.83999947	0.51274150	4.12976500
87.91999947	0.51274150	4.12976500
87.99999947	0.51274150	4.12976500
88.07999946	0.51274150	3.95458800
88.15999946	0.51274150	3.95458800
88.23999946	0.51274150	3.77880200
88.31999946	0.51274150	3.95458800
88.39999946	0.51274150	3.95458800
88.47999946	0.51274150	3.95458800
88.55999946	0.51274150	3.95458800
88.63999946	0.49504070	-1.13589900
88.71999946	0.56590470	0.26795250
88.79999946	0.50389110	0.61891540
88.87999946	0.50389110	0.96987830
88.95999946	0.51274150	3.77880200
89.03999946	0.50389110	4.48072800
89.11999946	0.51274150	3.95458800
89.19999946	0.52162240	13.60881000
89.27999946	0.51274150	2.19916400
89.35999946	0.51274150	4.65651400
89.43999946	0.51274150	3.07687600
89.51999946	0.51274150	3.42783900
89.59999946	0.51274150	2.72530300
89.67999945	0.52162240	1.67241400
89.75999945	0.53047280	-0.78432570
89.83999945	0.53047280	-0.96011230
89.91999945	0.52162240	-1.13589900
89.99999945	0.52162240	-1.13589900
90.07999945	0.52162240	-1.13589900
90.15999945	0.52162240	-0.96011230
90.23999945	0.52162240	-1.13589900
90.31999945	0.52162240	-0.96011230
90.39999945	0.52162240	-1.13589900
90.47999945	0.52162240	-0.96011230
90.55999945	0.52162240	-0.96011230
90.63999945	0.52162240	-0.96011230
90.71999945	0.52162240	-0.96011230
90.79999945	0.52162240	-1.13589900
90.87999945	0.52162240	-0.96011230
90.95999945	0.52162240	-0.96011230
91.03999945	0.52162240	-0.96011230
91.11999945	0.52162240	-0.96011230
91.19999945	0.52162240	-0.96011230
91.27999945	0.52162240	-1.13589900
91.35999944	0.52162240	-0.96011230
91.43999944	0.52162240	-0.96011230
91.51999944	0.52162240	-1.13589900
91.59999944	0.52162240	-0.96011230
91.67999944	0.52162240	-0.96011230
91.75999944	0.52162240	-0.96011230
91.83999944	0.52162240	-0.96011230
91.91999944	0.52162240	-0.96011230
91.99999944	0.52162240	-0.96011230
92.07999944	0.52162240	-0.96011230
92.15999944	0.52162240	-0.78432570
92.23999944	0.52162240	-0.78432570
92.31999944	0.50389110	-0.78432570
92.39999944	0.52162240	-0.78432570
92.47999944	0.51274150	-0.78432570
92.55999944	0.52162240	-0.60914950
92.63999944	0.51274150	-0.60914950
92.71999944	0.52162240	-0.60914950
92.79999944	0.52162240	-0.60914950
92.87999944	0.52162240	-0.43336280
92.95999944	0.53047280	-0.08239998
93.03999943	0.53047280	-0.25818660
93.11999943	0.52162240	-0.60914950
93.19999943	0.52162240	-0.78432570
93.27999943	0.53047280	-0.78432570
93.35999943	0.52162240	-0.78432570
93.43999943	0.52162240	-0.78432570
93.51999943	0.52162240	-0.78432570
93.59999943	0.52162240	-0.60914950
93.67999943	0.52162240	-0.60914950
93.75999943	0.52162240	-0.43336280
93.83999943	0.52162240	-0.25818660
93.91999943	0.52162240	0.26795250
93.99999943	0.52162240	1.67241400
94.07999943	0.52162240	2.02337700
94.15999943	0.52162240	2.37434000
94.23999943	0.52162240	2.72530300
94.31999943	0.52162240	3.42783900
94.39999943	0.52162240	4.83230100
94.47999943	0.52162240	3.95458800
94.55999943	0.52162240	3.95458800
94.63999942	0.53932310	1.14566500
94.71999942	0.49504070	0.61891540
94.79999942	0.52162240	0.79470200
94.87999942	0.51274150	5.53422600
94.95999942	0.51274150	4.30555200
95.03999942	0.50389110	10.97568000
95.11999942	0.53047280	4.30555200
95.19999942	0.52162240	3.77880200
95.27999942	0.52162240	4.12976500
95.35999942	0.52162240	3.42783900
95.43999942	0.52162240	3.95458800
95.51999942	0.52162240	3.95458800
95.59999942	0.52162240	4.12976500
95.67999942	0.52162240	3.95458800
95.75999942	0.52162240	3.95458800
95.83999942	0.52162240	4.12976500
95.91999942	0.52162240	4.12976500
95.99999942	0.52162240	4.12976500
96.07999942	0.52162240	4.12976500
96.15999942	0.52162240	4.12976500
96.23999942	0.52162240	4.12976500
96.31999941	0.52162240	4.12976500
96.39999941	0.52162240	4.12976500
96.47999941	0.52162240	4.12976500
96.55999941	0.52162240	4.12976500
96.63999941	0.52162240	4.12976500
96.71999941	0.52162240	4.12976500
96.79999941	0.52162240	4.12976500
96.87999941	0.52162240	4.12976500
96.95999941	0.52162240	4.12976500
97.03999941	0.52162240	4.12976500
97.11999941	0.52162240	4.12976500
97.19999941	0.52162240	4.12976500
97.27999941	0.52162240	4.12976500
97.35999941	0.52162240	4.12976500
97.43999941	0.52162240	3.95458800
97.51999941	0.52162240	3.95458800
97.59999941	0.52162240	4.12976500
97.67999941	0.52162240	4.12976500
97.75999941	0.52162240	4.12976500
97.83999941	0.52162240	3.60301500
97.91999940	0.47734000	1.14566500
97.99999940	0.54817350	0.61891540
98.07999940	0.51274150	5.88519000
98.15999940	0.52162240	4.12976500
98.23999940	0.50389110	10.44954000
98.31999940	0.53932310	3.07687600
98.39999940	0.51274150	5.00747700
98.47999940	0.52162240	4.12976500
98.55999940	0.52162240	4.30555200
98.63999940	0.52162240	3.95458800
98.71999940	0.52162240	4.30555200
98.79999940	0.52162240	4.12976500
98.87999940	0.52162240	4.12976500
98.95999940	0.52162240	4.12976500
99.03999940	0.52162240	4.30555200
99.11999940	0.52162240	4.30555200
99.19999940	0.52162240	4.12976500
99.27999940	0.52162240	4.30555200
99.35999940	0.52162240	4.30555200
99.43999940	0.52162240	4.30555200
99.51999940	0.52162240	4.30555200
99.59999939	0.52162240	4.30555200
99.67999939	0.52162240	4.30555200
99.75999939	0.52162240	4.12976500
99.83999939	0.52162240	4.30555200
99.91999939	0.52162240	4.30555200
99.99999939	0.52162240	4.30555200
100.07999939	0.52162240	4.30555200
100.15999939	0.52162240	4.12976500
100.23999939	0.52162240	3.95458800
100.31999939	0.52162240	2.37434000
100.39999939	0.53047280	0.26795250
100.47999939	0.53047280	0.26795250
100.55999939	0.53047280	0.09277627
100.63999939	0.53047280	-0.08239998
100.71999939	0.53047280	-0.78432570
100.79999939	0.53047280	-0.78432570
100.87999939	0.53047280	-0.78432570
100.95999939	0.53047280	-0.78432570
101.03999939	0.53047280	-0.78432570
101.11999939	0.53047280	-0.78432570
101.19999938	0.53047280	-0.78432570
101.27999938	0.53047280	-0.78432570
101.35999938	0.53047280	-0.78432570
101.43999938	0.53047280	-0.78432570
101.51999938	0.53047280	-0.78432570
101.59999938	0.53047280	-0.78432570
101.67999938	0.53047280	-0.78432570
101.75999938	0.53047280	-0.78432570
101.83999938	0.53047280	-0.78432570
101.91999938	0.53047280	-0.78432570
101.99999938	0.53047280	-0.78432570
102.07999938	0.53047280	-0.60914950
102.15999938	0.53047280	-0.78432570
102.23999938	0.53047280	-0.60914950
102.31999938	0.53047280	-0.78432570
102.39999938	0.53047280	-0.60914950
102.47999938	0.53047280	-0.60914950
102.55999938	0.53047280	-0.60914950
102.63999938	0.53047280	-0.60914950
102.71999938	0.53047280	-0.60914950
102.79999938	0.53047280	-0.60914950
102.87999937	0.53047280	-0.60914950
102.95999937	0.53047280	-0.60914950
103.03999937	0.53047280	-0.60914950
103.11999937	0.53047280	-0.60914950
103.19999937	0.53047280	-0.60914950
103.27999937	0.53047280	-0.43336280
103.35999937	0.53047280	-0.43336280
103.43999937	0.53047280	-0.43336280
103.51999937	0.52162240	-0.43336280
103.59999937	0.52162240	-0.43336280
103.67999937	0.52162240	-0.08239998
103.75999937	0.52162240	1.14566500
103.83999937	0.51274150	3.77880200
103.91999937	0.52162240	6.41193900
103.99999937	0.51274150	4.83230100
104.07999937	0.51274150	4.48072800
104.15999937	0.51274150	4.65651400
104.23999937	0.51274150	4.48072800
104.31999937	0.51274150	5.35844000
104.39999937	0.51274150	5.53422600
104.47999937	0.51274150	5.53422600
104.55999936	0.51274150	5.53422600
104.63999936	0.51274150	5.53422600
104.71999936	0.51274150	5.53422600
104.79999936	0.51274150	5.53422600
104.87999936	0.51274150	5.53422600
104.95999936	0.51274150	5.53422600
105.03999936	0.51274150	5.53422600
105.11999936	0.51274150	5.53422600
105.19999936	0.51274150	5.53422600
105.27999936	0.51274150	5.71001300
105.35999936	0.51274150	5.53422600
105.43999936	0.51274150	5.53422600
105.51999936	0.51274150	5.53422600
105.59999936	0.51274150	5.53422600
105.67999936	0.51274150	5.53422600
105.75999936	0.52162240	5.53422600
105.83999936	0.52162240	5.71001300
105.91999936	0.52162240	5.53422600
105.99999936	0.51274150	5.53422600
106.07999936	0.52162240	5.53422600
106.15999935	0.51274150	5.53422600
106.23999935	0.52162240	5.71001300
106.31999935	0.51274150	5.53422600
106.39999935	0.51274150	5.53422600
106.47999935	0.51274150	5.53422600
106.55999935	0.51274150	5.53422600
106.63999935	0.51274150	5.53422600
106.71999935	0.51274150	5.53422600
106.79999935	0.51274150	5.53422600
106.87999935	0.51274150	5.53422600
106.95999935	0.52162240	5.53422600
107.03999935	0.51274150	5.53422600
107.11999935	0.51274150	5.53422600
107.19999935	0.51274150	5.53422600
107.27999935	0.51274150	5.53422600
107.35999935	0.51274150	5.53422600
107.43999935	0.51274150	5.53422600
107.51999935	0.51274150	5.53422600
107.59999935	0.51274150	5.53422600
107.67999935	0.51274150	5.53422600
107.75999935	0.51274150	5.53422600
107.83999934	0.51274150	5.53422600
107.91999934	0.51274150	5.53422600
107.99999934	0.51274150	5.53422600
108.07999934	0.51274150	5.35844000
108.15999934	0.51274150	5.00747700
108.23999934	0.51274150	4.83230100
108.31999934	0.51274150	4.65651400
108.39999934	0.51274150	4.65651400
108.47999934	0.51274150	4.48072800
108.55999934	0.51274150	4.65651400
108.63999934	0.51274150	4.65651400
108.71999934	0.51274150	4.48072800
108.79999934	0.51274150	4.65651400
108.87999934	0.51274150	4.65651400
108.95999934	0.52162240	4.48072800
109.03999934	0.51274150	4.65651400
109.11999934	0.51274150	4.65651400
109.19999934	0.52162240	4.65651400
109.27999934	0.52162240	4.48072800
109.35999934	0.51274150	4.65651400
109.43999933	0.52162240	4.65651400
109.51999933	0.51274150	4.65651400
109.59999933	0.51274150	4.65651400
109.67999933	0.51274150	4.65651400
109.75999933	0.51274150	4.65651400
109.83999933	0.51274150	4.65651400
109.91999933	0.51274150	4.65651400
109.99999933	0.51274150	4.65651400
110.07999933	0.51274150	4.65651400
110.15999933	0.51274150	4.65651400
110.23999933	0.51274150	4.65651400
110.31999933	0.51274150	4.65651400
110.39999933	0.52162240	4.65651400
110.47999933	0.51274150	4.65651400
110.55999933	0.51274150	4.65651400
110.63999933	0.52162240	4.65651400
110.71999933	0.52162240	4.65651400
110.79999933	0.51274150	4.65651400
110.87999933	0.51274150	4.65651400
110.95999933	0.51274150	4.83230100
111.03999933	0.51274150	4.83230100
111.11999932	0.51274150	4.83230100
111.19999932	0.51274150	4.83230100
111.27999932	0.51274150	4.83230100
111.35999932	0.51274150	4.65651400
111.43999932	0.52162240	4.65651400
111.51999932	0.51274150	4.65651400
111.59999932	0.51274150	4.83230100
111.67999932	0.51274150	4.83230100
111.75999932	0.51274150	4.65651400
111.83999932	0.51274150	4.83230100
111.91999932	0.51274150	4.65651400
111.99999932	0.51274150	4.65651400
112.07999932	0.51274150	4.65651400
112.15999932	0.51274150	4.65651400
112.23999932	0.51274150	4.65651400
112.31999932	0.51274150	4.65651400
112.39999932	0.51274150	4.65651400
112.47999932	0.51274150	4.65651400
112.55999932	0.51274150	4.65651400
112.63999932	0.51274150	4.65651400
112.71999931	0.51274150	4.65651400
112.79999931	0.51274150	4.65651400
112.87999931	0.51274150	4.65651400
112.95999931	0.51274150	4.65651400
113.03999931	0.51274150	4.65651400
113.11999931	0.51274150	4.65651400
113.19999931	0.51274150	4.65651400
113.27999931	0.51274150	4.65651400
113.35999931	0.51274150	4.65651400
113.43999931	0.51274150	4.65651400
113.51999931	0.51274150	4.65651400
113.59999931	0.51274150	4.65651400
113.67999931	0.51274150	4.65651400
113.75999931	0.51274150	4.65651400
113.83999931	0.51274150	4.48072800
113.91999931	0.51274150	4.65651400
113.99999931	0.51274150	4.65651400
114.07999931	0.52162240	4.65651400
114.15999931	0.51274150	4.65651400
114.23999931	0.51274150	4.65651400
114.31999931	0.51274150	4.65651400
114.39999930	0.51274150	4.65651400
114.47999930	0.51274150	4.65651400
114.55999930	0.51274150	4.65651400
114.63999930	0.51274150	4.65651400
114.71999930	0.51274150	4.65651400
114.79999930	0.52162240	4.65651400
114.87999930	0.51274150	4.65651400
114.95999930	0.51274150	4.65651400
115.03999930	0.51274150	4.83230100
115.11999930	0.51274150	4.83230100
115.19999930	0.51274150	4.83230100
115.27999930	0.51274150	4.83230100
115.35999930	0.51274150	4.83230100
115.43999930	0.51274150	4.83230100
115.51999930	0.51274150	4.83230100
115.59999930	0.51274150	4.65651400
115.67999930	0.51274150	4.83230100
115.75999930	0.51274150	4.83230100
115.83999930	0.51274150	4.83230100
115.91999930	0.51274150	4.83230100
115.99999930	0.51274150	4.83230100
116.07999929	0.51274150	4.83230100
116.15999929	0.51274150	4.83230100
116.23999929	0.52162240	4.83230100
116.31999929	0.51274150	4.83230100
116.39999929	0.51274150	4.83230100
116.47999929	0.51274150	4.83230100
116.55999929	0.51274150	4.83230100
116.63999929	0.51274150	4.83230100
116.71999929	0.51274150	4.83230100
116.79999929	0.51274150	4.83230100
116.87999929	0.51274150	4.83230100
116.95999929	0.51274150	4.83230100
117.03999929	0.51274150	4.83230100
117.11999929	0.51274150	4.83230100
117.19999929	0.51274150	4.83230100
117.27999929	0.51274150	4.83230100
117.35999929	0.51274150	4.83230100
117.43999929	0.51274150	4.65651400
117.51999929	0.51274150	4.65651400
117.59999929	0.51274150	4.65651400
117.67999928	0.51274150	4.83230100
117.75999928	0.51274150	4.65651400
117.83999928	0.51274150	4.83230100
117.91999928	0.51274150	4.83230100
117.99999928	0.51274150	4.83230100
118.07999928	0.51274150	4.65651400
118.15999928	0.51274150	4.83230100
118.23999928	0.51274150	4.65651400
118.31999928	0.51274150	4.83230100
118.39999928	0.51274150	4.65651400
118.47999928	0.51274150	4.65651400
118.55999928	0.51274150	4.83230100
118.63999928	0.51274150	4.83230100
118.71999928	0.51274150	4.83230100
118.79999928	0.51274150	4.83230100
118.87999928	0.51274150	4.83230100
118.95999928	0.51274150	4.83230100
119.03999928	0.51274150	4.83230100
119.11999928	0.51274150	4.83230100
119.19999928	0.51274150	4.83230100
119.27999928	0.51274150	4.83230100
119.35999927	0.51274150	4.83230100
119.43999927	0.51274150	4.83230100
119.51999927	0.51274150	4.83230100
119.59999927	0.51274150	4.83230100
119.67999927	0.51274150	4.83230100
119.75999927	0.51274150	4.83230100
119.83999927	0.51274150	4.83230100
119.91999927	0.51274150	4.83230100
119.99999927	0.51274150	4.83230100
120.07999927	0.51274150	4.83230100
120.15999927	0.51274150	4.83230100
120.23999927	0.52162240	4.83230100
120.31999927	0.51274150	4.83230100
120.39999927	0.51274150	4.83230100
120.47999927	0.51274150	5.00747700
120.55999927	0.51274150	4.83230100
120.63999927	0.51274150	5.00747700
120.71999927	0.51274150	5.00747700
120.79999927	0.51274150	5.00747700
120.87999927	0.51274150	5.00747700
120.95999926	0.51274150	5.00747700
121.03999926	0.51274150	5.00747700
121.11999926	0.51274150	5.00747700
121.19999926	0.51274150	5.00747700
121.27999926	0.51274150	5.00747700
121.35999926	0.51274150	5.00747700
121.43999926	0.51274150	5.00747700
121.51999926	0.51274150	5.00747700
121.59999926	0.51274150	5.00747700
121.67999926	0.51274150	5.00747700
121.75999926	0.51274150	5.00747700
121.83999926	0.51274150	5.00747700
121.91999926	0.51274150	5.00747700
121.99999926	0.51274150	5.00747700
122.07999926	0.51274150	5.00747700
122.15999926	0.51274150	5.00747700
122.23999926	0.51274150	5.00747700
122.31999926	0.51274150	5.00747700
122.39999926	0.51274150	5.18326400
122.47999926	0.51274150	5.00747700
122.55999926	0.51274150	5.00747700
122.63999925	0.51274150	4.83230100
122.71999925	0.51274150	4.83230100
122.79999925	0.51274150	4.83230100
122.87999925	0.51274150	4.48072800
122.95999925	0.52162240	3.42783900
123.03999925	0.52162240	1.84759100
123.11999925	0.51274150	1.84759100
123.19999925	0.51274150	0.44373910
123.27999925	0.52162240	0.61891540
123.35999925	0.52162240	0.79470200
123.43999925	0.52162240	0.79470200
123.51999925	0.52162240	0.79470200
123.59999925	0.53047280	0.61891540
123.67999925	0.52162240	0.61891540
123.75999925	0.52162240	0.79470200
123.83999925	0.52162240	0.79470200
123.91999925	0.52162240	0.79470200
123.99999925	0.52162240	0.61891540
124.07999925	0.52162240	0.79470200
124.15999925	0.52162240	0.79470200
124.23999924	0.52162240	0.79470200
124.31999924	0.52162240	0.79470200
124.39999924	0.52162240	0.79470200
124.47999924	0.52162240	0.79470200
124.55999924	0.52162240	0.79470200
124.63999924	0.52162240	0.79470200
124.71999924	0.52162240	0.79470200
124.79999924	0.52162240	0.79470200
124.87999924	0.52162240	0.79470200
124.95999924	0.52162240	0.79470200
125.03999924	0.52162240	0.79470200
125.11999924	0.52162240	0.79470200
125.19999924	0.52162240	0.79470200
125.27999924	0.52162240	0.79470200
125.35999924	0.52162240	0.79470200
125.43999924	0.52162240	0.79470200
125.51999924	0.52162240	0.79470200
125.59999924	0.52162240	0.79470200
125.67999924	0.52162240	0.79470200
125.75999924	0.52162240	0.79470200
125.83999924	0.52162240	0.79470200
125.91999923	0.52162240	0.79470200
125.99999923	0.52162240	0.79470200
126.07999923	0.52162240	0.79470200
126.15999923	0.52162240	0.79470200
126.23999923	0.52162240	0.79470200
126.31999923	0.52162240	0.79470200
126.39999923	0.52162240	0.79470200
126.47999923	0.52162240	0.79470200
126.55999923	0.52162240	0.79470200
126.63999923	0.52162240	0.79470200
126.71999923	0.52162240	0.79470200
126.79999923	0.52162240	0.79470200
126.87999923	0.52162240	0.79470200
126.95999923	0.52162240	0.79470200
127.03999923	0.52162240	0.79470200
127.11999923	0.52162240	0.79470200
127.19999923	0.52162240	0.79470200
127.27999923	0.52162240	0.79470200
127.35999923	0.52162240	0.79470200
127.43999923	0.52162240	0.96987830
127.51999923	0.52162240	0.96987830
127.59999922	0.52162240	0.79470200
127.67999922	0.52162240	0.96987830
127.75999922	0.52162240	0.79470200
127.83999922	0.52162240	0.96987830
127.91999922	0.52162240	0.96987830
127.99999922	0.52162240	0.96987830
128.07999922	0.52162240	0.96987830
128.15999922	0.52162240	0.96987830
128.23999922	0.52162240	0.79470200
128.31999922	0.52162240	0.96987830
128.39999922	0.52162240	0.79470200
128.47999922	0.52162240	0.96987830
128.55999922	0.52162240	0.96987830
128.63999922	0.52162240	0.96987830
128.71999922	0.52162240	0.96987830
128.79999922	0.52162240	0.96987830
128.87999922	0.52162240	0.96987830
128.95999922	0.52162240	0.96987830
129.03999922	0.51274150	0.96987830
129.11999922	0.52162240	0.79470200
129.19999921	0.52162240	0.96987830
129.27999921	0.52162240	0.96987830
129.35999921	0.52162240	0.96987830
129.43999921	0.52162240	0.96987830
129.51999921	0.52162240	0.96987830
129.59999921	0.52162240	0.96987830
129.67999921	0.52162240	0.96987830
129.75999921	0.52162240	0.96987830
129.83999921	0.51274150	0.96987830
129.91999921	0.52162240	0.96987830
129.99999921	0.52162240	0.96987830
130.07999921	0.52162240	0.96987830
130.15999921	0.52162240	0.96987830
130.23999921	0.52162240	0.96987830
130.31999921	0.52162240	0.96987830
130.39999921	0.51274150	0.96987830
130.47999921	0.52162240	0.96987830
130.55999921	0.51274150	0.96987830
130.63999921	0.51274150	0.96987830
130.71999921	0.52162240	0.96987830
130.79999921	0.51274150	0.96987830
130.87999920	0.52162240	0.96987830
130.95999920	0.52162240	0.96987830
131.03999920	0.52162240	0.96987830
131.11999920	0.51274150	0.96987830
131.19999920	0.52162240	0.96987830
131.27999920	0.51274150	0.96987830
131.35999920	0.51274150	0.96987830
131.43999920	0.51274150	0.96987830
131.51999920	0.51274150	0.96987830
131.59999920	0.51274150	0.96987830
131.67999920	0.51274150	0.96987830
131.75999920	0.51274150	0.96987830
131.83999920	0.51274150	0.96987830
131.91999920	0.51274150	0.96987830
131.99999920	0.51274150	0.96987830
132.07999920	0.52162240	0.96987830
132.15999920	0.52162240	0.96987830
132.23999920	0.51274150	0.96987830
132.31999920	0.52162240	0.96987830
132.39999920	0.51274150	0.96987830
132.47999919	0.52162240	0.96987830
132.55999919	0.51274150	0.96987830
132.63999919	0.51274150	0.96987830
132.71999919	0.51274150	0.96987830
132.79999919	0.51274150	0.96987830
132.87999919	0.51274150	0.96987830
132.95999919	0.51274150	0.96987830
133.03999919	0.52162240	0.96987830
133.11999919	0.51274150	0.96987830
133.19999919	0.51274150	0.96987830
133.27999919	0.51274150	0.96987830
133.35999919	0.51274150	0.96987830
133.43999919	0.51274150	0.96987830
133.51999919	0.51274150	0.96987830
133.59999919	0.51274150	0.96987830
133.67999919	0.51274150	0.96987830
133.75999919	0.51274150	0.96987830
133.83999919	0.51274150	0.96987830
133.91999919	0.51274150	0.96987830
133.99999919	0.51274150	0.96987830
134.07999919	0.51274150	0.96987830
134.15999918	0.51274150	0.96987830
134.23999918	0.51274150	1.14566500
134.31999918	0.51274150	0.96987830
134.39999918	0.51274150	0.96987830
134.47999918	0.51274150	0.96987830
134.55999918	0.51274150	0.96987830
134.63999918	0.51274150	0.96987830
134.71999918	0.51274150	0.96987830
134.79999918	0.51274150	0.96987830
134.87999918	0.51274150	0.96987830
134.95999918	0.51274150	0.96987830
135.03999918	0.51274150	0.96987830
135.11999918	0.51274150	0.96987830
135.19999918	0.51274150	0.96987830
135.27999918	0.51274150	0.96987830
135.35999918	0.51274150	0.96987830
135.43999918	0.51274150	0.96987830
135.51999918	0.51274150	0.96987830
135.59999918	0.51274150	0.96987830
135.67999918	0.51274150	0.96987830
135.75999917	0.51274150	0.96987830
135.83999917	0.51274150	0.96987830
135.91999917	0.51274150	0.96987830
135.99999917	0.51274150	0.96987830
136.07999917	0.51274150	0.96987830
136.15999917	0.51274150	0.96987830
136.23999917	0.51274150	0.96987830
136.31999917	0.51274150	0.96987830
136.39999917	0.51274150	0.96987830
136.47999917	0.51274150	0.96987830
136.55999917	0.51274150	0.96987830
136.63999917	0.51274150	1.14566500
136.71999917	0.51274150	0.96987830
136.79999917	0.51274150	0.96987830
136.87999917	0.51274150	0.96987830
136.95999917	0.51274150	0.96987830
137.03999917	0.51274150	0.96987830
137.11999917	0.51274150	0.96987830
137.19999917	0.51274150	0.96987830
137.27999917	0.51274150	0.96987830
137.35999917	0.51274150	0.96987830
137.43999916	0.51274150	0.96987830
137.51999916	0.51274150	0.96987830
137.59999916	0.51274150	0.96987830
137.67999916	0.51274150	0.96987830
137.75999916	0.51274150	0.96987830
137.83999916	0.51274150	0.96987830
137.91999916	0.51274150	0.96987830
137.99999916	0.51274150	0.96987830
138.07999916	0.51274150	0.96987830
138.15999916	0.51274150	0.96987830
138.23999916	0.51274150	0.96987830
138.31999916	0.51274150	0.96987830
138.39999916	0.51274150	0.96987830
138.47999916	0.51274150	0.96987830
138.55999916	0.51274150	0.96987830
138.63999916	0.51274150	0.96987830
138.71999916	0.51274150	0.96987830
138.79999916	0.51274150	0.96987830
138.87999916	0.51274150	0.96987830
138.95999916	0.51274150	0.96987830
139.03999915	0.51274150	0.96987830
139.11999915	0.51274150	0.96987830
139.19999915	0.51274150	0.96987830
139.27999915	0.51274150	0.96987830
139.35999915	0.51274150	0.79470200
139.43999915	0.51274150	0.96987830
139.51999915	0.51274150	0.79470200
139.59999915	0.51274150	0.96987830
139.67999915	0.51274150	0.96987830
139.75999915	0.51274150	0.79470200
139.83999915	0.51274150	0.96987830
139.91999915	0.51274150	0.96987830
139.99999915	0.51274150	0.96987830
140.07999915	0.51274150	0.96987830
140.15999915	0.51274150	0.79470200
140.23999915	0.51274150	0.79470200
140.31999915	0.51274150	0.96987830
140.39999915	0.51274150	0.79470200
140.47999915	0.51274150	0.79470200
140.55999915	0.50389110	0.79470200
140.63999915	0.51274150	0.79470200
140.71999914	0.51274150	0.79470200
140.79999914	0.50389110	0.96987830
140.87999914	0.51274150	0.96987830
140.95999914	0.51274150	0.79470200
141.03999914	0.51274150	0.79470200
141.11999914	0.51274150	0.79470200
141.19999914	0.50389110	0.79470200
141.27999914	0.51274150	0.79470200
141.35999914	0.50389110	0.79470200
141.43999914	0.51274150	0.79470200
141.51999914	0.50389110	0.79470200
141.59999914	0.51274150	0.96987830
141.67999914	0.51274150	0.96987830
141.75999914	0.50389110	0.79470200
141.83999914	0.51274150	0.79470200
141.91999914	0.51274150	0.79470200
141.99999914	0.50389110	0.79470200
142.07999914	0.51274150	0.79470200
142.15999914	0.50389110	0.79470200
142.23999914	0.50389110	0.79470200
142.31999914	0.50389110	0.79470200
142.39999913	0.51274150	0.79470200
142.47999913	0.50389110	0.79470200
142.55999913	0.51274150	0.79470200
142.63999913	0.51274150	0.79470200
142.71999913	0.50389110	0.79470200
142.79999913	0.50389110	0.79470200
142.87999913	0.51274150	0.79470200
142.95999913	0.51274150	0.79470200
143.03999913	0.51274150	0.79470200
143.11999913	0.50389110	0.79470200
143.19999913	0.51274150	0.79470200
143.27999913	0.50389110	0.79470200
143.35999913	0.51274150	0.79470200
143.43999913	0.50389110	0.61891540
143.51999913	0.50389110	0.61891540
143.59999913	0.51274150	0.79470200
143.67999913	0.50389110	0.61891540
143.75999913	0.51274150	0.79470200
143.83999913	0.50389110	0.61891540
143.91999913	0.50389110	0.96987830
143.99999912	0.53047280	7.64061400
144.07999912	0.48619040	5.71001300
144.15999912	0.49504070	6.23615200
144.23999912	0.50389110	5.88519000
144.31999912	0.49504070	5.71001300
144.39999912	0.49504070	5.71001300
144.47999912	0.49504070	5.88519000
144.55999912	0.49504070	5.88519000
144.63999912	0.49504070	5.88519000
144.71999912	0.49504070	5.88519000
144.79999912	0.49504070	5.71001300
144.87999912	0.49504070	6.76290200
144.95999912	0.49504070	5.00747700
145.03999912	0.49504070	5.71001300
145.11999912	0.49504070	5.18326400
145.19999912	0.49504070	5.35844000
145.27999912	0.51274150	4.12976500
145.35999912	0.51274150	4.30555200
145.43999912	0.51274150	4.12976500
145.51999912	0.51274150	4.30555200
145.59999912	0.51274150	4.12976500
145.67999911	0.51274150	4.12976500
145.75999911	0.51274150	4.12976500
145.83999911	0.51274150	4.12976500
145.91999911	0.51274150	4.12976500
145.99999911	0.51274150	4.12976500
146.07999911	0.51274150	4.12976500
146.15999911	0.51274150	4.12976500
146.23999911	0.51274150	4.12976500
146.31999911	0.51274150	4.12976500
146.39999911	0.52162240	4.12976500
146.47999911	0.51274150	3.95458800
146.55999911	0.51274150	4.12976500
146.63999911	0.51274150	4.12976500
146.71999911	0.51274150	3.95458800
146.79999911	0.51274150	3.95458800
146.87999911	0.51274150	3.95458800
146.95999911	0.51274150	3.95458800
147.03999911	0.51274150	3.95458800
147.11999911	0.51274150	3.95458800
147.19999911	0.51274150	3.95458800
147.27999910	0.51274150	3.95458800
147.35999910	0.51274150	3.95458800
147.43999910	0.51274150	3.95458800
147.51999910	0.51274150	3.95458800
147.59999910	0.51274150	3.95458800
147.67999910	0.51274150	3.77880200
147.75999910	0.52162240	3.77880200
147.83999910	0.51274150	3.77880200
147.91999910	0.51274150	3.95458800
147.99999910	0.51274150	3.95458800
148.07999910	0.51274150	3.77880200
148.15999910	0.51274150	3.77880200
148.23999910	0.51274150	3.77880200
148.31999910	0.51274150	3.77880200
148.39999910	0.51274150	3.77880200
148.47999910	0.51274150	3.77880200
148.55999910	0.51274150	3.77880200
148.63999910	0.51274150	3.77880200
148.71999910	0.51274150	3.60301500
148.79999910	0.51274150	3.60301500
148.87999910	0.51274150	3.77880200
148.95999909	0.51274150	3.60301500
149.03999909	0.51274150	3.60301500
149.11999909	0.51274150	3.60301500
149.19999909	0.51274150	3.60301500
149.27999909	0.51274150	3.60301500
149.35999909	0.51274150	3.60301500
149.43999909	0.51274150	3.60301500
149.51999909	0.51274150	3.60301500
149.59999909	0.51274150	3.60301500
149.67999909	0.51274150	3.60301500
149.75999909	0.51274150	3.60301500
149.83999909	0.51274150	3.60301500
149.91999909	0.51274150	3.60301500
149.99999909	0.51274150	3.60301500
150.07999909	0.51274150	3.60301500
150.15999909	0.51274150	3.60301500
150.23999909	0.51274150	3.42783900
150.31999909	0.50389110	3.60301500
150.39999909	0.51274150	3.42783900
150.47999909	0.51274150	3.42783900
150.55999908	0.51274150	3.42783900
150.63999908	0.51274150	3.60301500
150.71999908	0.51274150	3.42783900
150.79999908	0.50389110	3.42783900
150.87999908	0.50389110	3.42783900
150.95999908	0.51274150	3.42783900
151.03999908	0.51274150	3.42783900
151.11999908	0.50389110	3.42783900
151.19999908	0.50389110	3.42783900
151.27999908	0.50389110	3.42783900
151.35999908	0.51274150	3.42783900
151.43999908	0.50389110	3.42783900
151.51999908	0.51274150	3.42783900
151.59999908	0.51274150	3.42783900
151.67999908	0.50389110	3.42783900
151.75999908	0.50389110	3.42783900
151.83999908	0.51274150	3.42783900
151.91999908	0.51274150	3.42783900
151.99999908	0.50389110	3.42783900
152.07999908	0.51274150	3.42783900
152.15999908	0.51274150	3.42783900
152.23999907	0.51274150	3.42783900
152.31999907	0.51274150	3.42783900
152.39999907	0.51274150	3.42783900
152.47999907	0.51274150	3.42783900
152.55999907	0.50389110	3.42783900
152.63999907	0.51274150	3.42783900
152.71999907	0.51274150	3.42783900
152.79999907	0.51274150	3.42783900
152.87999907	0.51274150	3.42783900
152.95999907	0.51274150	3.42783900
153.03999907	0.51274150	3.42783900
153.11999907	0.51274150	3.42783900
153.19999907	0.51274150	3.42783900
153.27999907	0.51274150	3.42783900
153.35999907	0.50389110	3.42783900
153.43999907	0.51274150	3.42783900
153.51999907	0.51274150	3.42783900
153.59999907	0.51274150	3.25205200
153.67999907	0.50389110	3.42783900
153.75999907	0.51274150	3.42783900
153.83999907	0.51274150	3.25205200
153.91999906	0.51274150	3.25205200
153.99999906	0.51274150	3.42783900
154.07999906	0.51274150	3.25205200
154.15999906	0.51274150	3.42783900
154.23999906	0.51274150	3.42783900
154.31999906	0.51274150	3.25205200
154.39999906	0.51274150	3.42783900
154.47999906	0.51274150	3.42783900
154.55999906	0.51274150	3.25205200
154.63999906	0.51274150	3.25205200
154.71999906	0.51274150	3.42783900
154.79999906	0.51274150	3.42783900
154.87999906	0.51274150	3.25205200
154.95999906	0.51274150	3.25205200
155.03999906	0.51274150	3.25205200
155.11999906	0.51274150	3.25205200
155.19999906	0.51274150	3.42783900
155.27999906	0.51274150	3.25205200
155.35999906	0.51274150	3.25205200
155.43999906	0.51274150	3.25205200
155.51999905	0.51274150	3.25205200
155.59999905	0.51274150	3.42783900
155.67999905	0.51274150	3.25205200
155.75999905	0.51274150	3.25205200
155.83999905	0.51274150	3.25205200
155.91999905	0.51274150	3.25205200
155.99999905	0.51274150	3.25205200
156.07999905	0.51274150	3.25205200
156.15999905	0.51274150	3.25205200
156.23999905	0.51274150	3.25205200
156.31999905	0.51274150	3.25205200
156.39999905	0.51274150	3.42783900
156.47999905	0.51274150	3.25205200
156.55999905	0.51274150	3.25205200
156.63999905	0.51274150	3.42783900
156.71999905	0.51274150	3.25205200
156.79999905	0.51274150	3.42783900
156.87999905	0.51274150	3.42783900
156.95999905	0.51274150	3.25205200
157.03999905	0.51274150	3.25205200
157.11999905	0.51274150	3.42783900
157.19999904	0.51274150	3.42783900
157.27999904	0.51274150	3.25205200
157.35999904	0.51274150	3.42783900
157.43999904	0.51274150	3.42783900
157.51999904	0.51274150	3.42783900
157.59999904	0.51274150	3.42783900
157.67999904	0.51274150	3.42783900
157.75999904	0.51274150	3.42783900
157.83999904	0.51274150	3.42783900
157.91999904	0.51274150	3.42783900
157.99999904	0.51274150	3.42783900
158.07999904	0.51274150	3.42783900
158.15999904	0.51274150	3.42783900
158.23999904	0.51274150	3.42783900
158.31999904	0.51274150	3.25205200
158.39999904	0.52162240	3.42783900
158.47999904	0.52162240	3.42783900
158.55999904	0.51274150	3.42783900
158.63999904	0.51274150	3.42783900
158.71999904	0.51274150	3.42783900
158.79999903	0.51274150	3.42783900
158.87999903	0.52162240	3.42783900
158.95999903	0.52162240	3.42783900
159.03999903	0.52162240	3.42783900
159.11999903	0.52162240	3.42783900
159.19999903	0.51274150	3.42783900
159.27999903	0.51274150	3.42783900
159.35999903	0.52162240	3.42783900
159.43999903	0.51274150	3.42783900
159.51999903	0.52162240	3.42783900
159.59999903	0.51274150	3.42783900
159.67999903	0.52162240	3.42783900
159.75999903	0.52162240	3.42783900
159.83999903	0.51274150	3.42783900
159.91999903	0.52162240	3.42783900
159.99999903	0.51274150	3.42783900
160.07999903	0.52162240	3.42783900
160.15999903	0.52162240	3.42783900
160.23999903	0.52162240	3.42783900
160.31999903	0.52162240	3.60301500
160.39999903	0.52162240	3.42783900
160.47999902	0.52162240	3.42783900
160.55999902	0.52162240	3.60301500
160.63999902	0.52162240	3.60301500
160.71999902	0.52162240	3.60301500
160.79999902	0.52162240	3.60301500
160.87999902	0.52162240	3.60301500
160.95999902	0.52162240	3.60301500
161.03999902	0.52162240	3.60301500
161.11999902	0.52162240	3.60301500
161.19999902	0.52162240	3.60301500
161.27999902	0.52162240	3.60301500
161.35999902	0.52162240	3.60301500
161.43999902	0.52162240	3.60301500
161.51999902	0.52162240	3.77880200
161.59999902	0.52162240	3.60301500
161.67999902	0.52162240	3.60301500
161.75999902	0.52162240	3.77880200
161.83999902	0.52162240	3.77880200
161.91999902	0.52162240	3.77880200
161.99999902	0.52162240	3.60301500
162.07999901	0.52162240	3.77880200
162.15999901	0.52162240	3.77880200
162.23999901	0.52162240	3.77880200
162.31999901	0.52162240	3.77880200
162.39999901	0.52162240	3.77880200
162.47999901	0.52162240	3.77880200
162.55999901	0.52162240	3.77880200
162.63999901	0.52162240	3.77880200
162.71999901	0.52162240	3.77880200
162.79999901	0.52162240	3.77880200
162.87999901	0.52162240	3.77880200
162.95999901	0.52162240	3.77880200
163.03999901	0.52162240	3.77880200
163.11999901	0.52162240	3.95458800
163.19999901	0.52162240	3.77880200
163.27999901	0.52162240	3.77880200
163.35999901	0.52162240	3.77880200
163.43999901	0.52162240	3.95458800
163.51999901	0.52162240	3.95458800
163.59999901	0.52162240	3.95458800
163.67999901	0.52162240	3.95458800
163.75999900	0.52162240	3.95458800
163.83999900	0.52162240	3.95458800
163.91999900	0.52162240	3.95458800
163.99999900	0.52162240	3.95458800
164.07999900	0.52162240	3.95458800
164.15999900	0.52162240	3.95458800
164.23999900	0.52162240	4.12976500
164.31999900	0.52162240	3.95458800
164.39999900	0.52162240	3.95458800
164.47999900	0.52162240	9.04507500
164.55999900	0.53932310	2.90108900
164.63999900	0.52162240	5.18326400
164.71999900	0.53047280	4.12976500
164.79999900	0.53047280	4.48072800
164.87999900	0.53047280	4.12976500
164.95999900	0.53047280	3.77880200
165.03999900	0.53047280	0.79470200
165.11999900	0.53932310	0.26795250
165.19999900	0.53932310	0.26795250
165.27999900	0.53932310	0.09277627
165.35999900	0.54817350	-0.60914950
165.43999899	0.55702380	-0.78432570
165.51999899	0.54817350	-0.78432570
165.59999899	0.54817350	-0.60914950
165.67999899	0.55702380	-0.78432570
165.75999899	0.55702380	-0.60914950
165.83999899	0.55702380	-0.60914950
165.91999899	0.55702380	-0.60914950
165.99999899	0.55702380	-0.60914950
166.07999899	0.55702380	-0.60914950
166.15999899	0.55702380	-0.60914950
166.23999899	0.55702380	-0.60914950
166.31999899	0.55702380	-0.60914950
166.39999899	0.55702380	-0.43336280
166.47999899	0.55702380	-0.43336280
166.55999899	0.55702380	-0.43336280
166.63999899	0.56590470	-0.25818660
166.71999899	0.55702380	-0.25818660
166.79999899	0.56590470	0.09277627
166.87999899	0.56590470	0.61891540
166.95999899	0.56590470	0.79470200
167.03999898	0.56590470	0.61891540
167.11999898	0.56590470	0.61891540
167.19999898	0.56590470	0.79470200
167.27999898	0.56590470	0.79470200
167.35999898	0.56590470	0.79470200
167.43999898	0.56590470	0.79470200
167.51999898	0.56590470	0.79470200
167.59999898	0.56590470	0.79470200
167.67999898	0.56590470	0.79470200
167.75999898	0.56590470	0.79470200
167.83999898	0.56590470	0.79470200
167.91999898	0.56590470	0.79470200
167.99999898	0.56590470	0.79470200
168.07999898	0.56590470	0.79470200
168.15999898	0.56590470	0.79470200
168.23999898	0.56590470	0.96987830
168.31999898	0.56590470	0.96987830
168.39999898	0.56590470	0.79470200
168.47999898	0.56590470	0.96987830
168.55999898	0.56590470	0.96987830
168.63999898	0.57475510	0.96987830
168.71999897	0.56590470	0.96987830
168.79999897	0.57475510	0.96987830
168.87999897	0.56590470	0.96987830
168.95999897	0.56590470	0.96987830
169.03999897	0.56590470	0.96987830
169.11999897	0.56590470	0.96987830
169.19999897	0.56590470	0.96987830
169.27999897	0.56590470	0.96987830
169.35999897	0.56590470	0.96987830
169.43999897	0.56590470	0.96987830
169.51999897	0.56590470	0.96987830
169.59999897	0.56590470	0.96987830
169.67999897	0.56590470	0.96987830
169.75999897	0.56590470	0.96987830
169.83999897	0.56590470	0.96987830
169.91999897	0.56590470	1.14566500
169.99999897	0.56590470	0.96987830
170.07999897	0.56590470	1.14566500
170.15999897	0.56590470	0.96987830
170.23999897	0.56590470	1.14566500
170.31999896	0.56590470	0.96987830
170.39999896	0.56590470	1.14566500
170.47999896	0.56590470	1.14566500
170.55999896	0.56590470	1.14566500
170.63999896	0.56590470	1.14566500
170.71999896	0.56590470	0.96987830
170.79999896	0.55702380	1.14566500
170.87999896	0.55702380	1.14566500
170.95999896	0.55702380	1.14566500
171.03999896	0.55702380	1.14566500
171.11999896	0.56590470	1.14566500
171.19999896	0.55702380	1.14566500
171.27999896	0.55702380	1.14566500
171.35999896	0.55702380	1.14566500
171.43999896	0.55702380	1.14566500
171.51999896	0.55702380	1.14566500
171.59999896	0.55702380	1.14566500
171.67999896	0.55702380	1.14566500
171.75999896	0.55702380	1.14566500
171.83999896	0.55702380	1.14566500
171.91999896	0.55702380	1.14566500
171.99999895	0.54817350	1.14566500
172.07999895	0.55702380	1.14566500
172.15999895	0.55702380	1.14566500
172.23999895	0.55702380	1.14566500
172.31999895	0.54817350	1.14566500
172.39999895	0.54817350	1.14566500
172.47999895	0.54817350	1.14566500
172.55999895	0.54817350	1.14566500
172.63999895	0.54817350	1.14566500
172.71999895	0.54817350	1.14566500
172.79999895	0.53932310	1.14566500
172.87999895	0.54817350	1.14566500
172.95999895	0.53932310	1.32145100
173.03999895	0.53932310	1.14566500
173.11999895	0.53932310	1.32145100
173.19999895	0.53932310	1.14566500
173.27999895	0.53047280	1.14566500
173.35999895	0.53047280	1.14566500
173.43999895	0.53047280	1.14566500
173.51999895	0.53932310	1.14566500
173.59999894	0.53047280	1.14566500
173.67999894	0.53047280	1.14566500
173.75999894	0.53047280	1.32145100
173.83999894	0.53047280	1.14566500
173.91999894	0.53047280	1.32145100
173.99999894	0.53047280	1.14566500
174.07999894	0.53047280	1.32145100
174.15999894	0.52162240	1.32145100
174.23999894	0.52162240	1.32145100
174.31999894	0.52162240	1.32145100
174.39999894	0.52162240	1.32145100
174.47999894	0.52162240	1.32145100
174.55999894	0.52162240	1.32145100
174.63999894	0.52162240	1.32145100
174.71999894	0.52162240	1.32145100
174.79999894	0.52162240	1.32145100
174.87999894	0.52162240	1.32145100
174.95999894	0.52162240	1.32145100
175.03999894	0.52162240	1.32145100
175.11999894	0.52162240	1.32145100
175.19999894	0.52162240	1.32145100
175.27999893	0.52162240	1.32145100
175.35999893	0.52162240	1.32145100
175.43999893	0.52162240	1.32145100
175.51999893	0.52162240	1.32145100
175.59999893	0.52162240	1.14566500
175.67999893	0.52162240	1.32145100
175.75999893	0.52162240	1.32145100
175.83999893	0.52162240	1.32145100
175.91999893	0.52162240	1.32145100
175.99999893	0.51274150	1.32145100
176.07999893	0.52162240	1.32145100
176.15999893	0.51274150	1.32145100
176.23999893	0.52162240	1.32145100
176.31999893	0.52162240	1.32145100
176.39999893	0.51274150	1.32145100
176.47999893	0.51274150	1.32145100
176.55999893	0.52162240	1.32145100
176.63999893	0.51274150	1.32145100
176.71999893	0.52162240	1.32145100
176.79999893	0.52162240	1.32145100
176.87999893	0.51274150	1.32145100
176.95999892	0.51274150	1.32145100
177.03999892	0.51274150	1.32145100
177.11999892	0.52162240	1.32145100
177.19999892	0.51274150	1.32145100
177.27999892	0.51274150	1.32145100
177.35999892	0.51274150	1.32145100
177.43999892	0.51274150	1.32145100
177.51999892	0.51274150	1.32145100
177.59999892	0.51274150	1.32145100
177.67999892	0.51274150	1.32145100
177.75999892	0.51274150	1.14566500
177.83999892	0.51274150	1.32145100
177.91999892	0.51274150	1.32145100
177.99999892	0.51274150	1.32145100
178.07999892	0.51274150	1.32145100
178.15999892	0.51274150	1.32145100
178.23999892	0.51274150	1.32145100
178.31999892	0.51274150	1.32145100
178.39999892	0.51274150	1.32145100
178.47999892	0.51274150	1.32145100
178.55999891	0.51274150	1.32145100
178.63999891	0.51274150	1.32145100
178.71999891	0.51274150	1.32145100
178.79999891	0.51274150	1.32145100
178.87999891	0.51274150	1.32145100
178.95999891	0.51274150	1.32145100
179.03999891	0.51274150	1.32145100
179.11999891	0.51274150	1.32145100
179.19999891	0.51274150	1.32145100
179.27999891	0.51274150	1.32145100
179.35999891	0.51274150	1.14566500
179.43999891	0.51274150	1.32145100
179.51999891	0.51274150	1.14566500
179.59999891	0.51274150	1.14566500
179.67999891	0.51274150	1.14566500
179.75999891	0.51274150	1.32145100
179.83999891	0.51274150	1.14566500
179.91999891	0.51274150	1.14566500
179.99999891	0.51274150	1.32145100
180.07999891	0.51274150	1.32145100
180.15999891	0.51274150	1.14566500
180.23999890	0.51274150	1.14566500
180.31999890	0.51274150	1.14566500
180.39999890	0.51274150	1.14566500
180.47999890	0.51274150	1.14566500
180.55999890	0.51274150	1.14566500
180.63999890	0.51274150	1.14566500
180.71999890	0.51274150	1.14566500
180.79999890	0.51274150	1.14566500
180.87999890	0.51274150	1.14566500
180.95999890	0.51274150	1.32145100
181.03999890	0.51274150	1.14566500
181.11999890	0.51274150	1.14566500
181.19999890	0.51274150	1.14566500
181.27999890	0.51274150	1.14566500
181.35999890	0.51274150	1.14566500
181.43999890	0.51274150	1.14566500
181.51999890	0.51274150	1.14566500
181.59999890	0.51274150	1.14566500
181.67999890	0.51274150	1.14566500
181.75999890	0.50389110	1.14566500
181.83999889	0.51274150	1.14566500
181.91999889	0.51274150	1.14566500
181.99999889	0.51274150	1.14566500
182.07999889	0.51274150	1.14566500
182.15999889	0.51274150	1.14566500
182.23999889	0.50389110	1.14566500
182.31999889	0.50389110	1.14566500
182.39999889	0.51274150	1.14566500
182.47999889	0.51274150	1.14566500
182.55999889	0.50389110	1.14566500
182.63999889	0.50389110	1.14566500
182.71999889	0.50389110	1.14566500
182.79999889	0.50389110	1.14566500
182.87999889	0.50389110	1.14566500
182.95999889	0.50389110	0.96987830
183.03999889	0.51274150	1.14566500
183.11999889	0.50389110	1.14566500
183.19999889	0.50389110	1.14566500
183.27999889	0.49504070	1.14566500
183.35999889	0.50389110	0.96987830
183.43999889	0.50389110	1.14566500
183.51999888	0.50389110	0.96987830
183.59999888	0.49504070	0.96987830
183.67999888	0.50389110	1.14566500
183.75999888	0.50389110	0.96987830
183.83999888	0.50389110	0.96987830
183.91999888	0.50389110	1.14566500
183.99999888	0.50389110	0.96987830
184.07999888	0.50389110	0.96987830
184.15999888	0.50389110	0.96987830
184.23999888	0.49504070	0.96987830
184.31999888	0.50389110	0.96987830
184.39999888	0.49504070	0.96987830
184.47999888	0.50389110	1.14566500
184.55999888	0.50389110	0.96987830
184.63999888	0.49504070	0.96987830
184.71999888	0.49504070	0.96987830
184.79999888	0.50389110	0.96987830
184.87999888	0.50389110	0.96987830
184.95999888	0.50389110	0.96987830
185.03999888	0.50389110	0.96987830
185.11999887	0.50389110	0.96987830
185.19999887	0.50389110	0.96987830
185.27999887	0.50389110	0.96987830
185.35999887	0.51274150	0.96987830
185.43999887	0.51274150	0.96987830
185.51999887	0.50389110	0.96987830
185.59999887	0.50389110	0.96987830
185.67999887	0.50389110	0.79470200
185.75999887	0.50389110	0.96987830
185.83999887	0.50389110	0.79470200
185.91999887	0.50389110	0.79470200
185.99999887	0.50389110	0.79470200
186.07999887	0.50389110	0.79470200
186.15999887	0.51274150	0.79470200
186.23999887	0.50389110	0.79470200
186.31999887	0.51274150	0.79470200
186.39999887	0.51274150	0.79470200
186.47999887	0.51274150	0.79470200
186.55999887	0.50389110	0.79470200
186.63999887	0.51274150	0.79470200
186.71999887	0.51274150	0.79470200
186.79999886	0.50389110	0.79470200
186.87999886	0.51274150	0.79470200
186.95999886	0.51274150	0.79470200
187.03999886	0.50389110	0.79470200
187.11999886	0.51274150	0.79470200
187.19999886	0.51274150	0.79470200
187.27999886	0.51274150	0.61891540
187.35999886	0.51274150	0.61891540
187.43999886	0.51274150	0.79470200
187.51999886	0.51274150	0.79470200
187.59999886	0.51274150	0.79470200
187.67999886	0.51274150	0.61891540
187.75999886	0.51274150	0.61891540
187.83999886	0.51274150	0.61891540
187.91999886	0.51274150	0.61891540
187.99999886	0.51274150	0.61891540
188.07999886	0.51274150	0.61891540
188.15999886	0.51274150	0.61891540
188.23999886	0.51274150	0.61891540
188.31999886	0.51274150	0.61891540
188.39999886	0.51274150	0.61891540
188.47999885	0.51274150	0.61891540
188.55999885	0.51274150	0.44373910
188.63999885	0.51274150	0.26795250
188.71999885	0.51274150	-0.43336280
188.79999885	0.51274150	-0.60914950
188.87999885	0.51274150	-0.60914950
188.95999885	0.51274150	-0.60914950
189.03999885	0.51274150	-0.60914950
189.11999885	0.51274150	-0.60914950
189.19999885	0.51274150	-0.60914950
189.27999885	0.51274150	-0.60914950
189.35999885	0.51274150	-0.78432570
189.43999885	0.51274150	-0.78432570
189.51999885	0.51274150	-0.78432570
189.59999885	0.51274150	-0.78432570
189.67999885	0.51274150	-0.78432570
189.75999885	0.51274150	-0.60914950
189.83999885	0.51274150	-0.78432570
189.91999885	0.51274150	-0.78432570
189.99999885	0.51274150	-0.78432570
190.07999884	0.51274150	-0.78432570
190.15999884	0.49504070	-0.43336280
190.23999884	0.51274150	-0.60914950
190.31999884	0.50389110	-0.25818660
190.39999884	0.50389110	0.44373910
190.47999884	0.51274150	4.83230100
190.55999884	0.49504070	7.11386400
190.63999884	0.50389110	5.35844000
190.71999884	0.51274150	4.12976500
190.79999884	0.51274150	4.48072800
190.87999884	0.51274150	3.95458800
190.95999884	0.49504070	-0.43336280
191.03999884	0.54817350	0.26795250
191.11999884	0.51274150	5.35844000
191.19999884	0.50389110	4.65651400
191.27999884	0.51274150	8.86928900
191.35999884	0.52162240	2.55012700
191.43999884	0.51274150	4.12976500
191.51999884	0.52162240	0.09277627
191.59999884	0.52162240	-0.78432570
191.67999884	0.51274150	-0.43336280
191.75999883	0.51274150	1.32145100
191.83999883	0.52162240	4.48072800
191.91999883	0.52162240	4.12976500
191.99999883	0.51274150	4.12976500
192.07999883	0.51274150	3.77880200
192.15999883	0.51274150	4.12976500
192.23999883	0.51274150	4.12976500
192.31999883	0.51274150	4.12976500
192.39999883	0.51274150	4.12976500
192.47999883	0.51274150	4.12976500
192.55999883	0.51274150	4.12976500
192.63999883	0.51274150	4.12976500
192.71999883	0.51274150	3.77880200
192.79999883	0.51274150	4.12976500
192.87999883	0.51274150	3.95458800
192.95999883	0.51274150	4.12976500
193.03999883	0.51274150	4.12976500
193.11999883	0.49504070	0.96987830
193.19999883	0.53932310	-0.43336280
193.27999883	0.49504070	0.96987830
193.35999882	0.51274150	3.07687600
193.43999882	0.49504070	5.53422600
193.51999882	0.53047280	7.46482800
193.59999882	0.47734000	10.44954000
193.67999882	0.52162240	2.02337700
193.75999882	0.52162240	5.00747700
193.83999882	0.51274150	3.60301500
193.91999882	0.51274150	4.12976500
193.99999882	0.51274150	3.25205200
194.07999882	0.51274150	3.77880200
194.15999882	0.51274150	3.60301500
194.23999882	0.51274150	3.77880200
194.31999882	0.51274150	3.95458800
194.39999882	0.51274150	3.95458800
194.47999882	0.51274150	4.12976500
194.55999882	0.51274150	3.95458800
194.63999882	0.51274150	3.95458800
194.71999882	0.51274150	3.95458800
194.79999882	0.51274150	3.95458800
194.87999882	0.51274150	4.12976500
194.95999882	0.51274150	3.95458800
195.03999881	0.51274150	3.95458800
195.11999881	0.51274150	4.12976500
195.19999881	0.51274150	4.12976500
195.27999881	0.51274150	4.12976500
195.35999881	0.51274150	4.12976500
195.43999881	0.51274150	4.12976500
195.51999881	0.51274150	3.95458800
195.59999881	0.50389110	3.95458800
195.67999881	0.51274150	4.12976500
195.75999881	0.51274150	3.95458800
195.83999881	0.51274150	3.95458800
195.91999881	0.51274150	3.77880200
195.99999881	0.51274150	3.95458800
196.07999881	0.51274150	3.95458800
196.15999881	0.51274150	3.95458800
196.23999881	0.51274150	3.95458800
196.31999881	0.52162240	1.32145100
196.39999881	0.47734000	0.61891540
196.47999881	0.49504070	0.61891540
196.55999881	0.51274150	0.79470200
196.63999880	0.48619040	5.53422600
196.71999880	0.52162240	2.55012700
196.79999880	0.50389110	9.04507500
196.87999880	0.64561910	5.53422600
196.95999880	0.47734000	5.53422600
197.03999880	0.51274150	3.07687600
197.11999880	0.51274150	3.60301500
197.19999880	0.51274150	2.72530300
197.27999880	0.51274150	2.72530300
197.35999880	0.51274150	2.55012700
197.43999880	0.51274150	2.72530300
197.51999880	0.51274150	3.07687600
197.59999880	0.51274150	3.25205200
197.67999880	0.51274150	3.42783900
197.75999880	0.51274150	3.77880200
197.83999880	0.51274150	3.77880200
197.91999880	0.51274150	3.95458800
197.99999880	0.51274150	3.95458800
198.07999880	0.51274150	3.95458800
198.15999880	0.51274150	3.95458800
198.23999880	0.51274150	3.95458800
198.31999879	0.51274150	3.95458800
198.39999879	0.51274150	3.95458800
198.47999879	0.51274150	3.95458800
198.55999879	0.51274150	3.95458800
198.63999879	0.51274150	3.95458800
198.71999879	0.51274150	3.95458800
198.79999879	0.51274150	3.95458800
198.87999879	0.51274150	3.95458800
198.95999879	0.51274150	3.95458800
199.03999879	0.51274150	3.95458800
199.11999879	0.51274150	3.95458800
199.19999879	0.52162240	4.12976500
199.27999879	0.51274150	3.95458800
199.35999879	0.51274150	3.95458800
199.43999879	0.51274150	3.77880200
199.51999879	0.51274150	3.95458800
199.59999879	0.51274150	3.95458800
199.67999879	0.51274150	3.95458800
199.75999879	0.51274150	3.95458800
199.83999879	0.52162240	1.32145100
199.91999878	0.48619040	0.44373910
199.99999878	0.50389110	0.44373910
200.07999878	0.51274150	0.79470200
200.15999878	0.51274150	5.18326400
200.23999878	0.51274150	3.42783900
