Time	Channel A	Channel B
(us)	(V)	(V)

0.00000000	1.93456800	2.55012700
0.08000000	1.89031600	4.83230100
0.16000000	1.93456800	3.95458800
0.24000000	1.93456800	4.30555200
0.32000000	1.93456800	4.12976500
0.40000000	1.93456800	3.60301500
0.48000000	1.97897300	-0.08239998
0.56000000	1.97897300	0.26795250
0.64000000	1.93456800	0.26795250
0.72000000	1.97897300	-0.08239998
0.80000000	1.97897300	-0.78432570
0.87999999	1.97897300	-0.78432570
0.95999999	1.93456800	-0.78432570
1.03999999	1.93456800	-0.78432570
1.11999999	1.97897300	-0.78432570
1.19999999	1.97897300	-0.78432570
1.27999999	1.97897300	-0.78432570
1.35999999	2.02322500	-0.78432570
1.43999999	2.02322500	-0.78432570
1.51999999	2.02322500	-0.78432570
1.59999999	2.02322500	-0.78432570
1.67999999	2.02322500	-0.78432570
1.75999999	2.02322500	-0.78432570
1.83999999	2.02322500	-0.78432570
1.91999999	2.02322500	-0.78432570
1.99999999	2.02322500	-0.78432570
2.07999999	2.02322500	-0.78432570
2.15999999	2.02322500	-0.78432570
2.23999999	2.02322500	-0.78432570
2.31999999	2.02322500	-0.78432570
2.39999999	2.02322500	-0.78432570
2.47999998	2.02322500	-0.78432570
2.55999998	2.02322500	-0.78432570
2.63999998	2.02322500	-0.78432570
2.71999998	2.02322500	-0.78432570
2.79999998	2.02322500	-0.78432570
2.87999998	2.02322500	-0.78432570
2.95999998	2.02322500	-0.78432570
3.03999998	2.02322500	-0.78432570
3.11999998	2.02322500	-0.78432570
3.19999998	2.02322500	-0.78432570
3.27999998	2.02322500	-0.78432570
3.35999998	2.02322500	-0.78432570
3.43999998	2.02322500	-0.78432570
3.51999998	2.02322500	-0.78432570
3.59999998	2.02322500	-0.60914950
3.67999998	2.02322500	-0.78432570
3.75999998	2.02322500	-0.60914950
3.83999998	2.02322500	-0.78432570
3.91999998	2.02322500	-0.78432570
3.99999998	2.02322500	-0.60914950
4.07999998	2.02322500	-0.60914950
4.15999997	2.02322500	-0.78432570
4.23999997	2.02322500	-0.60914950
4.31999997	2.02322500	-0.60914950
4.39999997	2.02322500	-0.43336280
4.47999997	2.02322500	-0.60914950
4.55999997	2.02322500	-0.43336280
4.63999997	2.02322500	-0.60914950
4.71999997	2.02322500	-0.43336280
4.79999997	2.02322500	-0.43336280
4.87999997	2.02322500	-0.25818660
4.95999997	2.02322500	-0.08239998
5.03999997	2.02322500	0.09277627
5.11999997	2.02322500	0.44373910
5.19999997	2.02322500	0.61891540
5.27999997	2.02322500	0.61891540
5.35999997	2.02322500	0.61891540
5.43999997	2.02322500	0.61891540
5.51999997	2.02322500	0.61891540
5.59999997	2.02322500	0.79470200
5.67999997	2.02322500	0.79470200
5.75999996	2.02322500	0.79470200
5.83999996	2.02322500	0.61891540
5.91999996	2.02322500	0.79470200
5.99999996	2.02322500	0.79470200
6.07999996	2.02322500	0.79470200
6.15999996	2.02322500	0.79470200
6.23999996	2.02322500	0.79470200
6.31999996	2.02322500	0.79470200
6.39999996	2.02322500	0.79470200
6.47999996	2.02322500	0.79470200
6.55999996	2.02322500	0.79470200
6.63999996	2.02322500	0.79470200
6.71999996	2.02322500	0.79470200
6.79999996	2.02322500	0.79470200
6.87999996	2.02322500	0.79470200
6.95999996	2.02322500	0.79470200
7.03999996	2.02322500	0.79470200
7.11999996	1.97897300	0.79470200
7.19999996	1.97897300	0.79470200
7.27999996	2.02322500	0.79470200
7.35999996	1.97897300	0.79470200
7.43999995	1.97897300	0.79470200
7.51999995	1.97897300	0.79470200
7.59999995	2.02322500	0.79470200
7.67999995	1.97897300	0.79470200
7.75999995	1.97897300	0.79470200
7.83999995	1.97897300	0.79470200
7.91999995	1.97897300	0.79470200
7.99999995	1.97897300	0.79470200
8.07999995	1.97897300	0.79470200
8.15999995	1.97897300	0.79470200
8.23999995	1.97897300	0.79470200
8.31999995	1.97897300	0.79470200
8.39999995	1.97897300	0.79470200
8.47999995	1.97897300	0.79470200
8.55999995	1.97897300	0.79470200
8.63999995	1.93456800	0.79470200
8.71999995	1.97897300	0.79470200
8.79999995	1.93456800	0.79470200
8.87999995	1.93456800	0.79470200
8.95999995	1.93456800	0.79470200
9.03999995	1.97897300	0.96987830
9.11999994	1.93456800	0.79470200
9.19999994	1.93456800	0.96987830
9.27999994	1.97897300	0.79470200
9.35999994	1.97897300	0.79470200
9.43999994	1.93456800	0.79470200
9.51999994	1.93456800	0.79470200
9.59999994	1.93456800	0.96987830
9.67999994	1.97897300	0.96987830
9.75999994	1.93456800	0.96987830
9.83999994	1.97897300	0.96987830
9.91999994	1.93456800	0.79470200
9.99999994	1.97897300	0.79470200
10.07999994	1.93456800	0.96987830
10.15999994	1.97897300	0.79470200
10.23999994	1.93456800	0.79470200
10.31999994	1.93456800	0.79470200
10.39999994	1.97897300	0.96987830
10.47999994	1.93456800	0.79470200
10.55999994	1.93456800	0.79470200
10.63999994	1.93456800	0.79470200
10.71999993	1.93456800	0.96987830
10.79999993	1.97897300	0.79470200
10.87999993	1.93456800	0.79470200
10.95999993	1.97897300	0.96987830
11.03999993	1.93456800	0.79470200
11.11999993	1.93456800	0.96987830
11.19999993	1.97897300	0.96987830
11.27999993	1.93456800	0.79470200
11.35999993	1.97897300	0.79470200
11.43999993	1.93456800	0.96987830
11.51999993	1.93456800	0.96987830
11.59999993	1.97897300	0.96987830
11.67999993	1.93456800	0.96987830
11.75999993	1.93456800	0.96987830
11.83999993	1.93456800	0.96987830
11.91999993	1.93456800	0.96987830
11.99999993	1.93456800	0.96987830
12.07999993	1.93456800	0.79470200
12.15999993	1.93456800	0.96987830
12.23999993	1.93456800	0.96987830
12.31999993	1.93456800	0.96987830
12.39999992	1.93456800	0.96987830
12.47999992	1.93456800	0.96987830
12.55999992	1.97897300	0.96987830
12.63999992	1.93456800	0.79470200
12.71999992	1.93456800	0.79470200
12.79999992	1.93456800	0.96987830
12.87999992	1.97897300	0.96987830
12.95999992	1.93456800	0.96987830
13.03999992	1.97897300	0.96987830
13.11999992	1.97897300	3.42783900
13.19999992	2.02322500	10.44954000
13.27999992	1.93456800	4.48072800
13.35999992	1.93456800	6.76290200
13.43999992	1.93456800	5.88519000
13.51999992	1.93456800	6.23615200
13.59999992	1.93456800	5.88519000
13.67999992	1.93456800	6.06097600
13.75999992	1.93456800	5.88519000
13.83999992	1.93456800	6.06097600
13.91999992	1.93456800	6.06097600
13.99999991	1.93456800	6.06097600
14.07999991	1.93456800	6.06097600
14.15999991	1.93456800	5.88519000
14.23999991	1.93456800	5.88519000
14.31999991	1.97897300	5.88519000
14.39999991	1.93456800	6.06097600
14.47999991	1.93456800	5.71001300
14.55999991	1.93456800	6.06097600
14.63999991	1.93456800	6.06097600
14.71999991	1.97897300	6.06097600
14.79999991	1.97897300	6.06097600
14.87999991	1.93456800	6.06097600
14.95999991	1.93456800	9.04507500
15.03999991	1.93456800	6.76290200
15.11999991	1.97897300	5.88519000
15.19999991	1.97897300	6.23615200
15.27999991	1.97897300	6.06097600
15.35999991	1.97897300	5.88519000
15.43999991	1.97897300	6.06097600
15.51999991	1.97897300	5.88519000
15.59999991	1.97897300	6.06097600
15.67999990	1.97897300	5.88519000
15.75999990	1.97897300	5.88519000
15.83999990	1.97897300	5.88519000
15.91999990	1.97897300	5.88519000
15.99999990	1.97897300	5.88519000
16.07999990	2.02322500	5.88519000
16.15999990	1.97897300	5.88519000
16.23999990	1.97897300	5.88519000
16.31999990	1.97897300	5.88519000
16.39999990	1.97897300	5.88519000
16.47999990	1.97897300	5.71001300
16.55999990	1.97897300	5.71001300
16.63999990	2.02322500	5.88519000
16.71999990	1.97897300	5.71001300
16.79999990	1.97897300	5.71001300
16.87999990	1.97897300	5.71001300
16.95999990	1.97897300	5.71001300
17.03999990	1.97897300	5.71001300
17.11999990	2.02322500	5.71001300
17.19999990	1.97897300	5.71001300
17.27999989	1.97897300	5.71001300
17.35999989	2.02322500	5.71001300
17.43999989	2.02322500	5.71001300
17.51999989	2.02322500	5.71001300
17.59999989	2.02322500	5.53422600
17.67999989	2.02322500	5.53422600
17.75999989	1.97897300	5.71001300
17.83999989	2.02322500	5.53422600
17.91999989	2.02322500	5.53422600
17.99999989	1.97897300	5.53422600
18.07999989	1.97897300	5.53422600
18.15999989	1.97897300	5.53422600
18.23999989	2.02322500	5.53422600
18.31999989	1.97897300	5.35844000
18.39999989	2.02322500	4.30555200
18.47999989	1.97897300	4.12976500
18.55999989	1.97897300	4.12976500
18.63999989	1.97897300	4.12976500
18.71999989	2.02322500	4.30555200
18.79999989	2.02322500	4.30555200
18.87999989	2.02322500	4.12976500
18.95999988	1.97897300	4.12976500
19.03999988	1.97897300	4.12976500
19.11999988	2.02322500	4.12976500
19.19999988	2.02322500	4.12976500
19.27999988	1.97897300	4.30555200
19.35999988	2.02322500	4.12976500
19.43999988	1.97897300	4.12976500
19.51999988	1.97897300	4.12976500
19.59999988	2.02322500	4.12976500
19.67999988	1.97897300	4.12976500
19.75999988	1.97897300	4.12976500
19.83999988	2.02322500	4.12976500
19.91999988	1.97897300	4.12976500
19.99999988	1.97897300	4.12976500
20.07999988	1.97897300	4.12976500
20.15999988	1.97897300	4.12976500
20.23999988	1.97897300	4.12976500
20.31999988	2.02322500	4.12976500
20.39999988	1.97897300	4.12976500
20.47999988	1.97897300	4.12976500
20.55999988	1.97897300	4.12976500
20.63999987	1.97897300	4.12976500
20.71999987	1.97897300	4.12976500
20.79999987	1.97897300	4.12976500
20.87999987	1.97897300	4.12976500
20.95999987	1.93456800	4.12976500
21.03999987	1.97897300	4.12976500
21.11999987	1.97897300	3.95458800
21.19999987	1.93456800	4.12976500
21.27999987	1.97897300	4.12976500
21.35999987	1.93456800	4.12976500
21.43999987	1.97897300	4.12976500
21.51999987	1.93456800	4.12976500
21.59999987	1.93456800	4.12976500
21.67999987	1.93456800	4.12976500
21.75999987	1.93456800	4.12976500
21.83999987	1.93456800	4.12976500
21.91999987	1.93456800	3.95458800
21.99999987	1.93456800	3.95458800
22.07999987	1.97897300	3.95458800
22.15999987	1.93456800	3.95458800
22.23999986	1.93456800	4.12976500
22.31999986	1.93456800	3.95458800
22.39999986	1.93456800	3.95458800
22.47999986	1.93456800	4.12976500
22.55999986	1.93456800	3.95458800
22.63999986	1.93456800	3.95458800
22.71999986	1.93456800	3.95458800
22.79999986	1.93456800	3.95458800
22.87999986	1.93456800	3.95458800
22.95999986	1.93456800	3.95458800
23.03999986	1.93456800	3.95458800
23.11999986	1.93456800	3.95458800
23.19999986	1.93456800	3.95458800
23.27999986	1.93456800	3.95458800
23.35999986	1.93456800	3.95458800
23.43999986	1.93456800	3.95458800
23.51999986	1.93456800	3.95458800
23.59999986	1.93456800	3.95458800
23.67999986	1.93456800	3.95458800
23.75999986	1.93456800	3.95458800
23.83999986	1.93456800	3.95458800
23.91999985	1.93456800	3.95458800
23.99999985	1.93456800	3.95458800
24.07999985	1.93456800	3.95458800
24.15999985	1.93456800	3.95458800
24.23999985	1.93456800	3.95458800
24.31999985	1.93456800	3.95458800
24.39999985	1.93456800	3.95458800
24.47999985	1.93456800	3.95458800
24.55999985	1.93456800	3.95458800
24.63999985	1.93456800	3.95458800
24.71999985	1.93456800	3.95458800
24.79999985	1.93456800	3.77880200
24.87999985	1.93456800	3.95458800
24.95999985	1.93456800	3.95458800
25.03999985	1.93456800	3.77880200
25.11999985	1.93456800	3.95458800
25.19999985	1.93456800	3.95458800
25.27999985	1.93456800	3.77880200
25.35999985	1.93456800	3.77880200
25.43999985	1.93456800	3.77880200
25.51999984	1.93456800	3.77880200
25.59999984	1.93456800	3.77880200
25.67999984	1.93456800	3.95458800
25.75999984	1.93456800	3.77880200
25.83999984	1.93456800	3.77880200
25.91999984	1.93456800	3.95458800
25.99999984	1.93456800	3.77880200
26.07999984	1.93456800	3.95458800
26.15999984	1.93456800	3.77880200
26.23999984	1.93456800	3.77880200
26.31999984	1.93456800	3.77880200
26.39999984	1.93456800	3.77880200
26.47999984	1.93456800	3.95458800
26.55999984	1.97897300	3.77880200
26.63999984	1.93456800	3.95458800
26.71999984	1.93456800	3.77880200
26.79999984	1.93456800	3.77880200
26.87999984	1.93456800	3.77880200
26.95999984	1.93456800	3.77880200
27.03999984	1.93456800	3.77880200
27.11999984	1.93456800	3.77880200
27.19999983	1.93456800	3.77880200
27.27999983	1.93456800	3.77880200
27.35999983	1.93456800	3.77880200
27.43999983	1.93456800	3.95458800
27.51999983	1.93456800	3.77880200
27.59999983	1.93456800	3.77880200
27.67999983	1.93456800	3.77880200
27.75999983	1.93456800	3.77880200
27.83999983	1.93456800	3.77880200
27.91999983	1.93456800	3.77880200
27.99999983	1.93456800	3.77880200
28.07999983	1.93456800	3.77880200
28.15999983	1.93456800	3.77880200
28.23999983	1.93456800	3.77880200
28.31999983	1.93456800	3.77880200
28.39999983	1.93456800	3.77880200
28.47999983	1.97897300	10.80050000
28.55999983	1.89031600	5.00747700
28.63999983	1.93456800	4.12976500
28.71999983	1.93456800	4.30555200
28.79999982	1.93456800	4.30555200
28.87999982	1.93456800	4.12976500
28.95999982	1.93456800	4.12976500
29.03999982	1.97897300	3.42783900
29.11999982	1.93456800	0.61891540
29.19999982	1.93456800	0.26795250
29.27999982	1.97897300	0.09277627
29.35999982	1.93456800	-0.08239998
29.43999982	1.97897300	-0.78432570
29.51999982	1.93456800	-0.78432570
29.59999982	1.93456800	-0.78432570
29.67999982	1.93456800	-0.78432570
29.75999982	1.97897300	-0.78432570
29.83999982	2.02322500	-0.78432570
29.91999982	2.02322500	-0.78432570
29.99999982	2.02322500	-0.78432570
30.07999982	2.02322500	-0.78432570
30.15999982	2.02322500	-0.78432570
30.23999982	2.02322500	-0.78432570
30.31999982	2.02322500	-0.78432570
30.39999982	2.02322500	-0.78432570
30.47999981	2.02322500	-0.78432570
30.55999981	2.02322500	-0.78432570
30.63999981	2.02322500	-0.78432570
30.71999981	2.02322500	-0.78432570
30.79999981	2.02322500	-0.78432570
30.87999981	2.02322500	-0.78432570
30.95999981	2.02322500	-0.78432570
31.03999981	2.02322500	-0.78432570
31.11999981	2.02322500	-0.78432570
31.19999981	2.02322500	-0.78432570
31.27999981	2.02322500	-0.78432570
31.35999981	2.02322500	-0.78432570
31.43999981	2.02322500	-0.78432570
31.51999981	2.02322500	-0.78432570
31.59999981	2.02322500	-0.78432570
31.67999981	2.02322500	-0.78432570
31.75999981	2.02322500	-0.78432570
31.83999981	2.02322500	-0.78432570
31.91999981	2.02322500	-0.78432570
31.99999981	2.02322500	-0.78432570
32.07999981	2.02322500	-0.78432570
32.15999980	2.02322500	-0.78432570
32.23999980	2.02322500	-0.78432570
32.31999980	2.02322500	-0.60914950
32.39999980	2.02322500	-0.60914950
32.47999980	2.02322500	-0.60914950
32.55999980	2.02322500	-0.78432570
32.63999980	2.02322500	-0.60914950
32.71999980	2.06762900	-0.60914950
32.79999980	2.02322500	-0.60914950
32.87999980	2.02322500	-0.60914950
32.95999980	2.02322500	-0.60914950
33.03999980	2.02322500	-0.60914950
33.11999980	2.02322500	-0.60914950
33.19999980	2.02322500	-0.43336280
33.27999980	2.06762900	-0.43336280
33.35999980	2.02322500	-0.43336280
33.43999980	2.02322500	-0.25818660
33.51999980	2.06762900	-0.25818660
33.59999980	2.02322500	-0.08239998
33.67999980	2.02322500	0.09277627
33.75999979	2.02322500	0.44373910
33.83999979	2.02322500	0.61891540
33.91999979	2.02322500	0.79470200
33.99999979	2.02322500	0.61891540
34.07999979	2.02322500	0.79470200
34.15999979	2.02322500	0.79470200
34.23999979	2.02322500	0.79470200
34.31999979	2.02322500	0.79470200
34.39999979	2.02322500	0.61891540
34.47999979	2.02322500	0.79470200
34.55999979	2.02322500	0.61891540
34.63999979	2.02322500	0.79470200
34.71999979	2.02322500	0.79470200
34.79999979	2.02322500	0.79470200
34.87999979	2.02322500	0.79470200
34.95999979	2.02322500	0.61891540
35.03999979	2.02322500	0.61891540
35.11999979	2.02322500	0.79470200
35.19999979	2.02322500	0.79470200
35.27999979	2.02322500	0.79470200
35.35999979	2.02322500	0.79470200
35.43999978	1.97897300	0.79470200
35.51999978	2.02322500	0.79470200
35.59999978	2.02322500	0.79470200
35.67999978	1.97897300	0.79470200
35.75999978	2.02322500	0.79470200
35.83999978	1.97897300	0.79470200
35.91999978	1.97897300	0.79470200
35.99999978	2.02322500	0.79470200
36.07999978	1.97897300	0.79470200
36.15999978	1.97897300	0.79470200
36.23999978	1.97897300	0.79470200
36.31999978	1.97897300	0.79470200
36.39999978	1.97897300	0.79470200
36.47999978	1.97897300	0.79470200
36.55999978	1.97897300	0.79470200
36.63999978	1.97897300	0.79470200
36.71999978	1.97897300	0.79470200
36.79999978	1.97897300	0.79470200
36.87999978	1.97897300	0.79470200
36.95999978	1.97897300	0.79470200
37.03999977	1.93456800	0.79470200
37.11999977	1.97897300	0.79470200
37.19999977	1.97897300	0.79470200
37.27999977	1.97897300	0.79470200
37.35999977	1.97897300	0.79470200
37.43999977	1.93456800	0.79470200
37.51999977	1.93456800	0.79470200
37.59999977	1.93456800	0.96987830
37.67999977	1.97897300	0.79470200
37.75999977	1.97897300	0.79470200
37.83999977	1.97897300	0.79470200
37.91999977	1.97897300	0.79470200
37.99999977	1.97897300	0.79470200
38.07999977	1.93456800	0.79470200
38.15999977	1.97897300	0.96987830
38.23999977	1.97897300	0.79470200
38.31999977	1.93456800	0.79470200
38.39999977	1.93456800	0.96987830
38.47999977	1.97897300	0.96987830
38.55999977	1.93456800	0.79470200
38.63999977	1.97897300	0.96987830
38.71999976	1.97897300	0.79470200
38.79999976	1.93456800	0.79470200
38.87999976	1.93456800	0.79470200
38.95999976	1.93456800	0.96987830
39.03999976	1.97897300	0.96987830
39.11999976	1.93456800	0.96987830
39.19999976	1.93456800	0.96987830
39.27999976	1.97897300	0.96987830
39.35999976	1.93456800	0.96987830
39.43999976	1.93456800	0.79470200
39.51999976	1.97897300	0.96987830
39.59999976	1.93456800	0.96987830
39.67999976	1.93456800	0.96987830
39.75999976	1.93456800	0.79470200
39.83999976	1.93456800	0.96987830
39.91999976	1.93456800	0.96987830
39.99999976	1.93456800	0.79470200
40.07999976	1.93456800	0.96987830
40.15999976	1.93456800	0.79470200
40.23999976	1.93456800	0.79470200
40.31999975	1.93456800	0.96987830
40.39999975	1.93456800	0.96987830
40.47999975	1.93456800	0.96987830
40.55999975	1.93456800	0.79470200
40.63999975	1.93456800	0.96987830
40.71999975	1.93456800	0.96987830
40.79999975	1.93456800	0.96987830
40.87999975	1.97897300	0.96987830
40.95999975	1.93456800	0.96987830
41.03999975	1.97897300	0.96987830
41.11999975	1.97897300	0.96987830
41.19999975	1.93456800	0.96987830
41.27999975	1.97897300	0.96987830
41.35999975	1.93456800	0.96987830
41.43999975	1.93456800	0.96987830
41.51999975	1.97897300	0.96987830
41.59999975	1.93456800	0.79470200
41.67999975	1.93456800	10.62471000
41.75999975	1.89031600	8.69411300
41.83999975	1.93456800	5.35844000
41.91999975	1.93456800	6.23615200
41.99999974	1.93456800	5.88519000
42.07999974	1.93456800	6.06097600
42.15999974	1.93456800	6.06097600
42.23999974	1.93456800	5.88519000
42.31999974	1.93456800	5.88519000
42.39999974	1.93456800	6.06097600
42.47999974	1.93456800	5.88519000
42.55999974	1.93456800	6.06097600
42.63999974	1.93456800	6.06097600
42.71999974	1.93456800	5.88519000
42.79999974	1.97897300	6.06097600
42.87999974	1.93456800	6.06097600
42.95999974	1.93456800	5.88519000
43.03999974	1.93456800	5.71001300
43.11999974	1.93456800	6.23615200
43.19999974	1.97897300	5.88519000
43.27999974	1.97897300	6.23615200
43.35999974	1.97897300	6.06097600
43.43999974	1.97897300	8.34254000
43.51999974	1.93456800	8.86928900
43.59999974	1.97897300	4.83230100
43.67999973	1.97897300	6.58711500
43.75999973	1.97897300	5.88519000
43.83999973	1.97897300	6.23615200
43.91999973	1.97897300	5.88519000
43.99999973	1.97897300	5.88519000
44.07999973	1.97897300	5.88519000
44.15999973	1.97897300	6.06097600
44.23999973	1.97897300	5.88519000
44.31999973	1.97897300	5.88519000
44.39999973	1.97897300	5.88519000
44.47999973	1.97897300	5.88519000
44.55999973	1.97897300	5.88519000
44.63999973	1.97897300	5.88519000
44.71999973	1.97897300	5.88519000
44.79999973	1.97897300	5.88519000
44.87999973	2.02322500	5.88519000
44.95999973	1.97897300	5.88519000
45.03999973	1.97897300	5.88519000
45.11999973	2.02322500	5.88519000
45.19999973	1.97897300	5.88519000
45.27999972	1.97897300	5.71001300
45.35999972	1.97897300	5.71001300
45.43999972	1.97897300	5.71001300
45.51999972	2.02322500	5.71001300
45.59999972	1.97897300	5.88519000
45.67999972	2.02322500	5.71001300
45.75999972	2.02322500	5.71001300
45.83999972	2.02322500	5.71001300
45.91999972	2.02322500	5.71001300
45.99999972	2.02322500	5.71001300
46.07999972	2.02322500	5.71001300
46.15999972	1.97897300	5.53422600
46.23999972	1.97897300	5.71001300
46.31999972	1.97897300	5.53422600
46.39999972	1.97897300	5.53422600
46.47999972	1.97897300	5.53422600
46.55999972	2.02322500	5.53422600
46.63999972	1.97897300	5.53422600
46.71999972	1.97897300	5.53422600
46.79999972	2.02322500	5.53422600
46.87999972	1.97897300	5.35844000
46.95999971	1.97897300	4.12976500
47.03999971	1.97897300	4.30555200
47.11999971	2.02322500	4.30555200
47.19999971	1.97897300	4.30555200
47.27999971	1.97897300	4.30555200
47.35999971	1.97897300	4.30555200
47.43999971	2.02322500	4.30555200
47.51999971	2.02322500	4.12976500
47.59999971	1.97897300	4.12976500
47.67999971	2.02322500	4.12976500
47.75999971	1.97897300	4.12976500
47.83999971	1.97897300	4.12976500
47.91999971	1.97897300	4.12976500
47.99999971	1.97897300	4.12976500
48.07999971	1.97897300	4.12976500
48.15999971	1.97897300	4.12976500
48.23999971	1.97897300	4.12976500
48.31999971	1.97897300	4.12976500
48.39999971	1.97897300	4.12976500
48.47999971	1.97897300	4.12976500
48.55999970	1.97897300	4.12976500
48.63999970	1.97897300	4.12976500
48.71999970	1.97897300	4.12976500
48.79999970	1.97897300	4.12976500
48.87999970	1.97897300	4.12976500
48.95999970	1.97897300	4.12976500
49.03999970	1.97897300	4.12976500
49.11999970	1.93456800	4.12976500
49.19999970	1.97897300	4.12976500
49.27999970	1.97897300	4.12976500
49.35999970	1.97897300	4.12976500
49.43999970	1.93456800	3.95458800
49.51999970	1.97897300	4.12976500
49.59999970	1.97897300	4.12976500
49.67999970	1.93456800	4.12976500
49.75999970	1.93456800	4.12976500
49.83999970	1.93456800	3.95458800
49.91999970	1.93456800	4.12976500
49.99999970	1.93456800	3.95458800
50.07999970	1.93456800	3.95458800
50.15999970	1.93456800	4.12976500
50.23999969	1.93456800	3.95458800
50.31999969	1.93456800	4.12976500
50.39999969	1.93456800	3.95458800
50.47999969	1.93456800	3.95458800
50.55999969	1.93456800	4.12976500
50.63999969	1.93456800	3.95458800
50.71999969	1.93456800	3.95458800
50.79999969	1.93456800	3.95458800
50.87999969	1.93456800	3.95458800
50.95999969	1.93456800	3.95458800
51.03999969	1.93456800	3.95458800
51.11999969	1.93456800	3.95458800
51.19999969	1.93456800	3.95458800
51.27999969	1.93456800	3.95458800
51.35999969	1.93456800	3.95458800
51.43999969	1.93456800	3.95458800
51.51999969	1.93456800	3.95458800
51.59999969	1.93456800	3.95458800
51.67999969	1.93456800	3.95458800
51.75999969	1.93456800	3.95458800
51.83999968	1.93456800	3.95458800
51.91999968	1.93456800	3.95458800
51.99999968	1.93456800	3.95458800
52.07999968	1.93456800	3.95458800
52.15999968	1.93456800	3.95458800
52.23999968	1.93456800	3.95458800
52.31999968	1.93456800	3.95458800
52.39999968	1.93456800	3.95458800
52.47999968	1.93456800	3.95458800
52.55999968	1.93456800	3.95458800
52.63999968	1.93456800	3.77880200
52.71999968	1.93456800	3.95458800
52.79999968	1.93456800	3.95458800
52.87999968	1.93456800	3.95458800
52.95999968	1.93456800	3.95458800
53.03999968	1.93456800	3.95458800
53.11999968	1.93456800	3.95458800
53.19999968	1.93456800	3.95458800
53.27999968	1.93456800	3.95458800
53.35999968	1.93456800	3.95458800
53.43999968	1.93456800	3.95458800
53.51999967	1.93456800	3.95458800
53.59999967	1.93456800	3.77880200
53.67999967	1.93456800	3.95458800
53.75999967	1.93456800	3.95458800
53.83999967	1.93456800	3.95458800
53.91999967	1.93456800	3.77880200
53.99999967	1.93456800	3.95458800
54.07999967	1.93456800	3.77880200
54.15999967	1.93456800	3.95458800
54.23999967	1.97897300	3.95458800
54.31999967	1.93456800	3.95458800
54.39999967	1.93456800	3.95458800
54.47999967	1.93456800	3.95458800
54.55999967	1.93456800	3.95458800
54.63999967	1.93456800	3.95458800
54.71999967	1.93456800	3.95458800
54.79999967	1.93456800	3.95458800
54.87999967	1.93456800	3.77880200
54.95999967	1.93456800	3.77880200
55.03999967	1.93456800	3.95458800
55.11999967	1.93456800	3.95458800
55.19999966	1.97897300	3.77880200
55.27999966	1.93456800	3.95458800
55.35999966	1.93456800	3.95458800
55.43999966	1.93456800	3.95458800
55.51999966	1.93456800	3.77880200
55.59999966	1.93456800	3.95458800
55.67999966	1.93456800	3.77880200
55.75999966	1.93456800	3.77880200
55.83999966	1.93456800	3.95458800
55.91999966	1.93456800	3.77880200
55.99999966	1.93456800	3.95458800
56.07999966	1.93456800	3.77880200
56.15999966	1.93456800	3.77880200
56.23999966	1.93456800	3.77880200
56.31999966	1.93456800	3.77880200
56.39999966	1.93456800	3.77880200
56.47999966	1.93456800	3.77880200
56.55999966	1.93456800	3.77880200
56.63999966	1.93456800	3.77880200
56.71999966	1.93456800	3.77880200
56.79999965	1.93456800	3.77880200
56.87999965	1.93456800	3.77880200
56.95999965	1.89031600	8.69411300
57.03999965	1.97897300	2.55012700
57.11999965	1.93456800	5.00747700
57.19999965	1.97897300	3.95458800
57.27999965	1.93456800	4.30555200
57.35999965	1.97897300	4.12976500
57.43999965	1.93456800	3.77880200
57.51999965	1.93456800	0.79470200
57.59999965	1.97897300	0.26795250
57.67999965	1.93456800	0.26795250
57.75999965	1.93456800	0.09277627
57.83999965	1.97897300	-0.78432570
57.91999965	1.97897300	-0.78432570
57.99999965	1.93456800	-0.78432570
58.07999965	1.93456800	-0.78432570
58.15999965	1.97897300	-0.78432570
58.23999965	1.97897300	-0.78432570
58.31999965	1.97897300	-0.78432570
58.39999965	2.02322500	-0.78432570
58.47999964	2.02322500	-0.78432570
58.55999964	1.97897300	-0.78432570
58.63999964	2.02322500	-0.78432570
58.71999964	1.97897300	-0.78432570
58.79999964	2.02322500	-0.78432570
58.87999964	2.02322500	-0.78432570
58.95999964	2.02322500	-0.78432570
59.03999964	2.02322500	-0.78432570
59.11999964	2.02322500	-0.78432570
59.19999964	2.02322500	-0.78432570
59.27999964	2.02322500	-0.78432570
59.35999964	2.02322500	-0.78432570
59.43999964	2.02322500	-0.78432570
59.51999964	2.02322500	-0.78432570
59.59999964	2.02322500	-0.78432570
59.67999964	2.02322500	-0.78432570
59.75999964	2.02322500	-0.78432570
59.83999964	2.02322500	-0.78432570
59.91999964	2.02322500	-0.78432570
59.99999964	2.02322500	-0.78432570
60.07999963	2.02322500	-0.78432570
60.15999963	2.02322500	-0.78432570
60.23999963	2.02322500	-0.78432570
60.31999963	2.02322500	-0.60914950
60.39999963	2.02322500	-0.78432570
60.47999963	2.02322500	-0.78432570
60.55999963	2.02322500	-0.78432570
60.63999963	2.06762900	-0.60914950
60.71999963	2.02322500	-0.78432570
60.79999963	2.02322500	-0.60914950
60.87999963	2.02322500	-0.60914950
60.95999963	2.02322500	-0.78432570
61.03999963	2.02322500	-0.60914950
61.11999963	2.02322500	-0.60914950
61.19999963	2.02322500	-0.60914950
61.27999963	2.02322500	-0.60914950
61.35999963	2.02322500	-0.60914950
61.43999963	2.02322500	-0.43336280
61.51999963	2.02322500	-0.43336280
61.59999963	2.02322500	-0.43336280
61.67999963	2.02322500	-0.43336280
61.75999962	2.02322500	-0.43336280
61.83999962	2.02322500	-0.43336280
61.91999962	2.02322500	-0.25818660
61.99999962	2.02322500	-0.08239998
62.07999962	2.02322500	0.09277627
62.15999962	2.02322500	0.26795250
62.23999962	2.02322500	0.61891540
62.31999962	2.02322500	0.61891540
62.39999962	2.02322500	0.79470200
62.47999962	2.02322500	0.79470200
62.55999962	2.02322500	0.61891540
62.63999962	2.02322500	0.79470200
62.71999962	2.02322500	0.79470200
62.79999962	2.02322500	0.79470200
62.87999962	2.02322500	0.79470200
62.95999962	2.02322500	0.79470200
63.03999962	2.02322500	0.79470200
63.11999962	2.02322500	0.79470200
63.19999962	2.02322500	0.79470200
63.27999962	2.02322500	0.79470200
63.35999961	1.97897300	0.79470200
63.43999961	2.02322500	0.79470200
63.51999961	2.02322500	0.79470200
63.59999961	2.02322500	0.79470200
63.67999961	1.97897300	0.79470200
63.75999961	2.02322500	0.79470200
63.83999961	2.02322500	0.79470200
63.91999961	2.02322500	0.79470200
63.99999961	2.02322500	0.79470200
64.07999961	2.02322500	0.79470200
64.15999961	1.97897300	0.79470200
64.23999961	1.97897300	0.79470200
64.31999961	2.02322500	0.79470200
64.39999961	1.97897300	0.79470200
64.47999961	1.97897300	0.79470200
64.55999961	1.97897300	0.79470200
64.63999961	1.97897300	0.79470200
64.71999961	1.97897300	0.79470200
64.79999961	1.97897300	0.79470200
64.87999961	2.02322500	0.79470200
64.95999961	1.97897300	0.79470200
65.03999960	1.97897300	0.79470200
65.11999960	1.93456800	0.79470200
65.19999960	1.93456800	0.79470200
65.27999960	1.93456800	0.79470200
65.35999960	1.97897300	0.79470200
65.43999960	1.93456800	0.79470200
65.51999960	1.93456800	0.79470200
65.59999960	1.97897300	0.79470200
65.67999960	1.97897300	0.96987830
65.75999960	1.97897300	0.79470200
65.83999960	1.97897300	0.79470200
65.91999960	1.93456800	0.79470200
65.99999960	1.97897300	0.79470200
66.07999960	1.93456800	0.96987830
66.15999960	1.93456800	0.79470200
66.23999960	1.93456800	0.79470200
66.31999960	1.97897300	0.79470200
66.39999960	1.97897300	0.79470200
66.47999960	1.93456800	0.96987830
66.55999960	1.93456800	0.96987830
66.63999959	1.93456800	0.79470200
66.71999959	1.97897300	0.96987830
66.79999959	1.97897300	0.79470200
66.87999959	1.93456800	0.79470200
66.95999959	1.97897300	0.79470200
67.03999959	1.97897300	0.96987830
67.11999959	1.93456800	0.96987830
67.19999959	1.93456800	0.79470200
67.27999959	1.93456800	0.96987830
67.35999959	1.97897300	0.79470200
67.43999959	1.93456800	0.96987830
67.51999959	1.97897300	0.96987830
67.59999959	1.97897300	0.79470200
67.67999959	1.93456800	0.96987830
67.75999959	1.93456800	0.96987830
67.83999959	1.93456800	0.79470200
67.91999959	1.93456800	0.79470200
67.99999959	1.93456800	0.96987830
68.07999959	1.93456800	0.79470200
68.15999959	1.97897300	0.96987830
68.23999959	1.97897300	0.96987830
68.31999958	1.93456800	0.79470200
68.39999958	1.93456800	0.96987830
68.47999958	1.93456800	0.96987830
68.55999958	1.93456800	0.96987830
68.63999958	1.93456800	0.79470200
68.71999958	1.97897300	0.96987830
68.79999958	1.97897300	0.96987830
68.87999958	1.97897300	0.79470200
68.95999958	1.93456800	0.96987830
69.03999958	1.93456800	0.79470200
69.11999958	1.97897300	0.96987830
69.19999958	1.93456800	0.79470200
69.27999958	1.93456800	0.96987830
69.35999958	1.93456800	0.79470200
69.43999958	1.93456800	0.79470200
69.51999958	1.93456800	0.96987830
69.59999958	1.93456800	0.79470200
69.67999958	1.93456800	0.96987830
69.75999958	1.93456800	0.96987830
69.83999958	1.93456800	0.96987830
69.91999958	1.93456800	0.96987830
69.99999957	1.97897300	0.79470200
70.07999957	1.93456800	0.96987830
70.15999957	1.89031600	12.90689000
70.23999957	1.93456800	6.06097600
70.31999957	1.93456800	6.41193900
70.39999957	1.93456800	6.06097600
70.47999957	1.93456800	6.23615200
70.55999957	1.93456800	6.06097600
70.63999957	1.93456800	6.06097600
70.71999957	1.93456800	6.06097600
70.79999957	1.93456800	6.06097600
70.87999957	1.93456800	6.06097600
70.95999957	1.93456800	6.06097600
71.03999957	1.93456800	6.06097600
71.11999957	1.93456800	6.06097600
71.19999957	1.93456800	6.06097600
71.27999957	1.93456800	6.06097600
71.35999957	1.93456800	5.88519000
71.43999957	1.93456800	5.88519000
71.51999957	1.93456800	5.88519000
71.59999956	1.97897300	6.06097600
71.67999956	1.97897300	6.06097600
71.75999956	1.93456800	6.06097600
71.83999956	1.97897300	6.23615200
71.91999956	1.93456800	8.69411300
71.99999956	1.97897300	7.99157700
72.07999956	1.93456800	5.53422600
72.15999956	1.97897300	6.23615200
72.23999956	1.93456800	6.06097600
72.31999956	1.97897300	6.06097600
72.39999956	1.97897300	6.06097600
72.47999956	1.97897300	6.06097600
72.55999956	1.97897300	6.06097600
72.63999956	1.93456800	5.88519000
72.71999956	1.97897300	5.88519000
72.79999956	1.93456800	5.88519000
72.87999956	1.97897300	5.88519000
72.95999956	2.02322500	5.88519000
73.03999956	1.97897300	5.88519000
73.11999956	1.97897300	5.88519000
73.19999956	2.02322500	5.88519000
73.27999955	1.97897300	5.88519000
73.35999955	1.97897300	5.88519000
73.43999955	1.97897300	5.88519000
73.51999955	1.97897300	5.88519000
73.59999955	1.97897300	5.88519000
73.67999955	1.97897300	5.71001300
73.75999955	2.02322500	5.71001300
73.83999955	1.97897300	5.88519000
73.91999955	2.02322500	5.71001300
73.99999955	2.02322500	5.71001300
74.07999955	2.02322500	5.71001300
74.15999955	2.02322500	5.71001300
74.23999955	2.02322500	5.71001300
74.31999955	2.02322500	5.71001300
74.39999955	1.97897300	5.71001300
74.47999955	2.02322500	5.71001300
74.55999955	1.97897300	5.53422600
74.63999955	2.02322500	5.53422600
74.71999955	2.02322500	5.53422600
74.79999955	1.97897300	5.53422600
74.87999954	1.97897300	5.53422600
74.95999954	2.02322500	5.53422600
75.03999954	2.02322500	5.53422600
75.11999954	2.02322500	5.53422600
75.19999954	2.02322500	5.53422600
75.27999954	2.02322500	5.53422600
75.35999954	2.02322500	4.30555200
75.43999954	1.97897300	4.12976500
75.51999954	1.97897300	4.30555200
75.59999954	1.97897300	4.12976500
75.67999954	2.02322500	4.30555200
75.75999954	2.02322500	4.30555200
75.83999954	1.97897300	4.12976500
75.91999954	1.97897300	4.12976500
75.99999954	2.02322500	4.12976500
76.07999954	1.97897300	4.12976500
76.15999954	2.02322500	4.12976500
76.23999954	1.97897300	4.12976500
76.31999954	1.97897300	4.12976500
76.39999954	1.97897300	4.12976500
76.47999954	2.02322500	4.12976500
76.55999953	1.97897300	4.12976500
76.63999953	2.02322500	4.12976500
76.71999953	2.02322500	4.12976500
76.79999953	1.97897300	4.12976500
76.87999953	1.97897300	4.12976500
76.95999953	1.97897300	4.12976500
77.03999953	1.97897300	4.12976500
77.11999953	1.97897300	4.12976500
77.19999953	1.97897300	4.12976500
77.27999953	1.97897300	4.12976500
77.35999953	1.97897300	4.12976500
77.43999953	1.97897300	4.12976500
77.51999953	1.93456800	4.12976500
77.59999953	1.97897300	4.12976500
77.67999953	1.93456800	3.95458800
77.75999953	1.97897300	4.12976500
77.83999953	1.97897300	4.12976500
77.91999953	1.93456800	4.12976500
77.99999953	1.97897300	4.12976500
78.07999953	1.93456800	4.12976500
78.15999952	1.93456800	3.95458800
78.23999952	1.97897300	4.12976500
78.31999952	1.93456800	3.95458800
78.39999952	1.93456800	3.95458800
78.47999952	1.93456800	4.12976500
78.55999952	1.93456800	3.95458800
78.63999952	1.93456800	4.12976500
78.71999952	1.93456800	4.12976500
78.79999952	1.93456800	3.95458800
78.87999952	1.93456800	3.95458800
78.95999952	1.97897300	4.12976500
79.03999952	1.93456800	3.95458800
79.11999952	1.93456800	3.95458800
79.19999952	1.93456800	3.95458800
79.27999952	1.93456800	3.95458800
79.35999952	1.97897300	3.95458800
79.43999952	1.93456800	4.12976500
79.51999952	1.93456800	3.95458800
79.59999952	1.93456800	3.95458800
79.67999952	1.93456800	3.95458800
79.75999952	1.93456800	3.95458800
79.83999951	1.93456800	3.95458800
79.91999951	1.93456800	3.95458800
79.99999951	1.97897300	3.95458800
80.07999951	1.93456800	3.95458800
80.15999951	1.93456800	3.95458800
80.23999951	1.93456800	3.95458800
80.31999951	1.93456800	3.95458800
80.39999951	1.93456800	3.95458800
80.47999951	1.93456800	3.95458800
80.55999951	1.93456800	3.95458800
80.63999951	1.93456800	3.95458800
80.71999951	1.93456800	3.95458800
80.79999951	1.93456800	3.95458800
80.87999951	1.93456800	3.95458800
80.95999951	1.93456800	3.95458800
81.03999951	1.93456800	3.95458800
81.11999951	1.93456800	3.95458800
81.19999951	1.93456800	3.95458800
81.27999951	1.93456800	3.95458800
81.35999951	1.93456800	3.95458800
81.43999951	1.93456800	3.95458800
81.51999950	1.93456800	3.95458800
81.59999950	1.93456800	3.95458800
81.67999950	1.93456800	3.95458800
81.75999950	1.93456800	3.95458800
81.83999950	1.93456800	3.95458800
81.91999950	1.93456800	3.95458800
81.99999950	1.93456800	3.77880200
82.07999950	1.93456800	3.95458800
82.15999950	1.93456800	3.95458800
82.23999950	1.93456800	3.95458800
82.31999950	1.93456800	3.77880200
82.39999950	1.93456800	3.95458800
82.47999950	1.93456800	3.77880200
82.55999950	1.93456800	3.95458800
82.63999950	1.93456800	3.95458800
82.71999950	1.93456800	3.95458800
82.79999950	1.93456800	3.95458800
82.87999950	1.93456800	3.77880200
82.95999950	1.93456800	3.77880200
83.03999950	1.93456800	3.77880200
83.11999949	1.93456800	3.77880200
83.19999949	1.93456800	3.77880200
83.27999949	1.93456800	3.77880200
83.35999949	1.93456800	3.77880200
83.43999949	1.93456800	3.95458800
83.51999949	1.93456800	3.77880200
83.59999949	1.93456800	3.95458800
83.67999949	1.93456800	3.77880200
83.75999949	1.93456800	3.77880200
83.83999949	1.93456800	3.95458800
83.91999949	1.93456800	3.77880200
83.99999949	1.97897300	3.77880200
84.07999949	1.93456800	3.77880200
84.15999949	1.93456800	3.77880200
84.23999949	1.93456800	3.77880200
84.31999949	1.93456800	3.77880200
84.39999949	1.93456800	3.77880200
84.47999949	1.93456800	3.77880200
84.55999949	1.93456800	3.77880200
84.63999949	1.93456800	3.77880200
84.71999949	1.93456800	3.77880200
84.79999948	1.93456800	3.77880200
84.87999948	1.93456800	3.77880200
84.95999948	1.93456800	3.77880200
85.03999948	1.93456800	3.77880200
85.11999948	1.93456800	3.77880200
85.19999948	1.93456800	3.77880200
85.27999948	1.93456800	3.95458800
85.35999948	1.93456800	3.77880200
85.43999948	1.97897300	10.80050000
85.51999948	1.89031600	4.83230100
85.59999948	1.93456800	4.30555200
85.67999948	1.93456800	4.30555200
85.75999948	1.93456800	4.12976500
85.83999948	1.93456800	4.30555200
85.91999948	1.97897300	4.12976500
85.99999948	1.93456800	3.42783900
86.07999948	1.93456800	0.61891540
86.15999948	1.93456800	0.26795250
86.23999948	1.97897300	0.09277627
86.31999948	1.97897300	-0.08239998
86.39999947	1.97897300	-0.78432570
86.47999947	1.93456800	-0.78432570
86.55999947	1.93456800	-0.78432570
86.63999947	1.93456800	-0.78432570
86.71999947	1.93456800	-0.78432570
86.79999947	1.97897300	-0.78432570
86.87999947	2.02322500	-0.78432570
86.95999947	2.02322500	-0.78432570
87.03999947	2.02322500	-0.78432570
87.11999947	2.02322500	-0.78432570
87.19999947	2.02322500	-0.78432570
87.27999947	2.02322500	-0.78432570
87.35999947	2.02322500	-0.78432570
87.43999947	2.02322500	-0.78432570
87.51999947	2.02322500	-0.78432570
87.59999947	2.02322500	-0.78432570
87.67999947	2.02322500	-0.78432570
87.75999947	2.02322500	-0.78432570
87.83999947	2.02322500	-0.78432570
87.91999947	2.02322500	-0.78432570
87.99999947	2.02322500	-0.78432570
88.07999946	2.02322500	-0.78432570
88.15999946	2.02322500	-0.78432570
88.23999946	2.02322500	-0.78432570
88.31999946	2.02322500	-0.78432570
88.39999946	2.02322500	-0.78432570
88.47999946	2.02322500	-0.78432570
88.55999946	2.02322500	-0.60914950
88.63999946	2.02322500	-0.78432570
88.71999946	2.02322500	-0.60914950
88.79999946	2.02322500	-0.78432570
88.87999946	2.02322500	-0.78432570
88.95999946	2.02322500	-0.78432570
89.03999946	2.02322500	-0.78432570
89.11999946	2.02322500	-0.78432570
89.19999946	2.02322500	-0.78432570
89.27999946	2.02322500	-0.60914950
89.35999946	2.02322500	-0.60914950
89.43999946	2.02322500	-0.60914950
89.51999946	2.02322500	-0.60914950
89.59999946	2.02322500	-0.60914950
89.67999945	2.02322500	-0.60914950
89.75999945	2.02322500	-0.60914950
89.83999945	2.06762900	-0.60914950
89.91999945	2.02322500	-0.43336280
89.99999945	2.02322500	-0.60914950
90.07999945	2.02322500	-0.60914950
90.15999945	2.02322500	-0.43336280
90.23999945	2.02322500	-0.43336280
90.31999945	2.02322500	-0.43336280
90.39999945	2.02322500	-0.25818660
90.47999945	2.02322500	-0.25818660
90.55999945	2.02322500	-0.08239998
90.63999945	2.02322500	0.26795250
90.71999945	2.02322500	0.61891540
90.79999945	2.02322500	0.61891540
90.87999945	2.02322500	0.61891540
90.95999945	2.02322500	0.79470200
91.03999945	2.02322500	0.79470200
91.11999945	2.02322500	0.79470200
91.19999945	2.02322500	0.61891540
91.27999945	2.02322500	0.61891540
91.35999944	2.02322500	0.79470200
91.43999944	2.02322500	0.79470200
91.51999944	2.02322500	0.61891540
91.59999944	2.02322500	0.79470200
91.67999944	2.02322500	0.79470200
91.75999944	2.02322500	0.79470200
91.83999944	2.02322500	0.79470200
91.91999944	2.02322500	0.79470200
91.99999944	2.02322500	0.79470200
92.07999944	2.02322500	0.79470200
92.15999944	2.02322500	0.79470200
92.23999944	1.97897300	0.79470200
92.31999944	2.02322500	0.79470200
92.39999944	2.02322500	0.79470200
92.47999944	1.97897300	0.79470200
92.55999944	2.02322500	0.79470200
92.63999944	2.02322500	0.79470200
92.71999944	2.02322500	0.79470200
92.79999944	1.97897300	0.79470200
92.87999944	1.97897300	0.79470200
92.95999944	1.97897300	0.79470200
93.03999943	1.97897300	0.79470200
93.11999943	1.97897300	0.79470200
93.19999943	1.97897300	0.79470200
93.27999943	1.97897300	0.79470200
93.35999943	1.97897300	0.79470200
93.43999943	1.97897300	0.79470200
93.51999943	1.97897300	0.79470200
93.59999943	1.97897300	0.79470200
93.67999943	1.97897300	0.79470200
93.75999943	1.97897300	0.79470200
93.83999943	1.97897300	0.79470200
93.91999943	1.97897300	0.79470200
93.99999943	1.93456800	0.79470200
94.07999943	1.93456800	0.79470200
94.15999943	1.93456800	0.79470200
94.23999943	1.97897300	0.79470200
94.31999943	1.97897300	0.79470200
94.39999943	1.93456800	0.79470200
94.47999943	1.97897300	0.79470200
94.55999943	1.93456800	0.79470200
94.63999942	1.93456800	0.79470200
94.71999942	1.97897300	0.79470200
94.79999942	1.93456800	0.79470200
94.87999942	1.93456800	0.79470200
94.95999942	1.93456800	0.79470200
95.03999942	1.93456800	0.79470200
95.11999942	1.93456800	0.96987830
95.19999942	1.93456800	0.79470200
95.27999942	1.93456800	0.96987830
95.35999942	1.93456800	0.79470200
95.43999942	1.93456800	0.79470200
95.51999942	1.97897300	0.79470200
95.59999942	1.93456800	0.96987830
95.67999942	1.93456800	0.96987830
95.75999942	1.93456800	0.96987830
95.83999942	1.93456800	0.79470200
95.91999942	1.93456800	0.79470200
95.99999942	1.93456800	0.96987830
96.07999942	1.93456800	0.96987830
96.15999942	1.93456800	0.79470200
96.23999942	1.93456800	0.96987830
96.31999941	1.93456800	0.96987830
96.39999941	1.93456800	0.96987830
96.47999941	1.93456800	0.96987830
96.55999941	1.93456800	0.96987830
96.63999941	1.93456800	0.96987830
96.71999941	1.93456800	0.96987830
96.79999941	1.93456800	0.96987830
96.87999941	1.93456800	0.96987830
96.95999941	1.93456800	0.96987830
97.03999941	1.93456800	0.96987830
97.11999941	1.93456800	0.79470200
97.19999941	1.93456800	0.96987830
97.27999941	1.93456800	0.96987830
97.35999941	1.93456800	0.96987830
97.43999941	1.93456800	0.96987830
97.51999941	1.93456800	0.96987830
97.59999941	1.93456800	0.96987830
97.67999941	1.97897300	0.96987830
97.75999941	1.93456800	0.96987830
97.83999941	1.93456800	0.96987830
97.91999940	1.93456800	0.96987830
97.99999940	1.93456800	0.96987830
98.07999940	1.93456800	0.96987830
98.15999940	1.93456800	0.96987830
98.23999940	1.93456800	0.96987830
98.31999940	1.93456800	0.96987830
98.39999940	1.93456800	0.96987830
98.47999940	1.93456800	0.96987830
98.55999940	1.93456800	0.96987830
98.63999940	1.93456800	1.67241400
98.71999940	1.97897300	10.97568000
98.79999940	1.93456800	4.30555200
98.87999940	1.93456800	6.93868800
98.95999940	1.93456800	5.88519000
99.03999940	1.93456800	6.23615200
99.11999940	1.93456800	5.88519000
99.19999940	1.93456800	6.06097600
99.27999940	1.93456800	6.06097600
99.35999940	1.93456800	6.06097600
99.43999940	1.93456800	5.88519000
99.51999940	1.93456800	5.88519000
99.59999939	1.93456800	6.06097600
99.67999939	1.93456800	5.88519000
99.75999939	1.93456800	5.88519000
99.83999939	1.93456800	6.06097600
99.91999939	1.93456800	5.88519000
99.99999939	1.93456800	5.71001300
100.07999939	1.93456800	6.23615200
100.15999939	1.93456800	6.06097600
100.23999939	1.97897300	6.06097600
100.31999939	1.97897300	6.06097600
100.39999939	1.97897300	6.23615200
100.47999939	1.93456800	9.04507500
100.55999939	1.97897300	6.41193900
100.63999939	1.97897300	6.06097600
100.71999939	1.97897300	6.06097600
100.79999939	1.97897300	6.06097600
100.87999939	1.97897300	5.88519000
100.95999939	1.97897300	6.06097600
101.03999939	1.97897300	5.88519000
101.11999939	1.97897300	5.88519000
101.19999938	1.97897300	5.88519000
101.27999938	1.97897300	5.88519000
101.35999938	1.97897300	6.06097600
101.43999938	1.97897300	5.88519000
101.51999938	1.97897300	6.06097600
101.59999938	1.97897300	5.88519000
101.67999938	1.97897300	5.88519000
101.75999938	1.97897300	5.88519000
101.83999938	1.97897300	5.88519000
101.91999938	1.97897300	5.88519000
101.99999938	1.97897300	5.88519000
102.07999938	1.97897300	5.88519000
102.15999938	1.97897300	5.88519000
102.23999938	1.97897300	5.88519000
102.31999938	1.97897300	5.88519000
102.39999938	1.97897300	5.88519000
102.47999938	2.02322500	5.88519000
102.55999938	1.97897300	5.71001300
102.63999938	1.97897300	5.71001300
102.71999938	1.97897300	5.71001300
102.79999938	2.02322500	5.53422600
102.87999937	1.97897300	5.71001300
102.95999937	1.97897300	5.71001300
103.03999937	1.97897300	5.71001300
103.11999937	1.97897300	5.53422600
103.19999937	2.02322500	5.71001300
103.27999937	1.97897300	5.53422600
103.35999937	2.02322500	5.53422600
103.43999937	2.02322500	5.53422600
103.51999937	2.02322500	5.53422600
103.59999937	1.97897300	5.53422600
103.67999937	1.97897300	5.53422600
103.75999937	2.02322500	5.35844000
103.83999937	2.02322500	5.53422600
103.91999937	2.02322500	4.30555200
103.99999937	2.02322500	4.30555200
104.07999937	2.02322500	4.12976500
104.15999937	2.02322500	4.30555200
104.23999937	2.02322500	4.12976500
104.31999937	1.97897300	4.12976500
104.39999937	1.97897300	4.30555200
104.47999937	2.02322500	4.12976500
104.55999936	2.02322500	4.12976500
104.63999936	1.97897300	4.12976500
104.71999936	2.02322500	4.12976500
104.79999936	2.02322500	4.12976500
104.87999936	2.02322500	4.12976500
104.95999936	2.02322500	4.12976500
105.03999936	1.97897300	4.12976500
105.11999936	1.97897300	4.12976500
105.19999936	1.97897300	4.12976500
105.27999936	1.97897300	4.12976500
105.35999936	1.97897300	4.12976500
105.43999936	1.97897300	4.12976500
105.51999936	1.97897300	4.12976500
105.59999936	1.97897300	4.12976500
105.67999936	1.97897300	4.12976500
105.75999936	1.97897300	4.12976500
105.83999936	1.97897300	4.12976500
105.91999936	1.97897300	4.12976500
105.99999936	1.97897300	4.12976500
106.07999936	1.97897300	4.12976500
106.15999935	1.97897300	4.12976500
106.23999935	1.97897300	4.12976500
106.31999935	1.97897300	4.12976500
106.39999935	1.93456800	4.12976500
106.47999935	1.97897300	4.12976500
106.55999935	1.93456800	3.95458800
106.63999935	1.97897300	4.12976500
106.71999935	1.93456800	4.12976500
106.79999935	1.93456800	3.95458800
106.87999935	1.93456800	4.12976500
106.95999935	1.97897300	4.12976500
107.03999935	1.93456800	3.95458800
107.11999935	1.93456800	3.95458800
107.19999935	1.93456800	4.12976500
107.27999935	1.93456800	4.12976500
107.35999935	1.97897300	4.12976500
107.43999935	1.93456800	3.95458800
107.51999935	1.93456800	4.12976500
107.59999935	1.93456800	3.95458800
107.67999935	1.93456800	3.95458800
107.75999935	1.93456800	3.95458800
107.83999934	1.93456800	3.95458800
107.91999934	1.93456800	3.95458800
107.99999934	1.93456800	3.95458800
108.07999934	1.93456800	3.95458800
108.15999934	1.93456800	3.95458800
108.23999934	1.93456800	3.95458800
108.31999934	1.93456800	3.95458800
108.39999934	1.97897300	3.95458800
108.47999934	1.93456800	3.95458800
108.55999934	1.93456800	3.95458800
108.63999934	1.93456800	3.95458800
108.71999934	1.93456800	3.95458800
108.79999934	1.93456800	3.95458800
108.87999934	1.93456800	3.95458800
108.95999934	1.93456800	3.95458800
109.03999934	1.93456800	3.95458800
109.11999934	1.93456800	3.95458800
109.19999934	1.93456800	3.95458800
109.27999934	1.93456800	3.95458800
109.35999934	1.93456800	3.95458800
109.43999933	1.93456800	3.95458800
109.51999933	1.93456800	3.95458800
109.59999933	1.93456800	3.95458800
109.67999933	1.93456800	3.95458800
109.75999933	1.93456800	3.95458800
109.83999933	1.93456800	3.95458800
109.91999933	1.93456800	3.77880200
109.99999933	1.93456800	3.95458800
110.07999933	1.93456800	3.95458800
110.15999933	1.97897300	3.95458800
110.23999933	1.93456800	3.95458800
110.31999933	1.93456800	3.77880200
110.39999933	1.93456800	3.95458800
110.47999933	1.93456800	3.95458800
110.55999933	1.93456800	3.95458800
110.63999933	1.93456800	3.95458800
110.71999933	1.93456800	3.95458800
110.79999933	1.93456800	3.77880200
110.87999933	1.93456800	3.77880200
110.95999933	1.93456800	3.77880200
111.03999933	1.89031600	3.95458800
111.11999932	1.93456800	3.77880200
111.19999932	1.93456800	3.95458800
111.27999932	1.93456800	3.95458800
111.35999932	1.93456800	3.95458800
111.43999932	1.93456800	3.95458800
111.51999932	1.93456800	3.95458800
111.59999932	1.93456800	3.95458800
111.67999932	1.93456800	3.77880200
111.75999932	1.93456800	3.95458800
111.83999932	1.93456800	3.77880200
111.91999932	1.93456800	3.77880200
111.99999932	1.93456800	3.77880200
112.07999932	1.93456800	3.77880200
112.15999932	1.93456800	3.95458800
112.23999932	1.93456800	3.77880200
112.31999932	1.93456800	3.95458800
112.39999932	1.93456800	3.77880200
112.47999932	1.93456800	3.77880200
112.55999932	1.93456800	3.77880200
112.63999932	1.93456800	3.77880200
112.71999931	1.93456800	3.95458800
112.79999931	1.93456800	3.77880200
112.87999931	1.93456800	3.77880200
112.95999931	1.93456800	3.77880200
113.03999931	1.93456800	3.77880200
113.11999931	1.93456800	3.77880200
113.19999931	1.93456800	3.95458800
113.27999931	1.93456800	3.77880200
113.35999931	1.93456800	3.77880200
113.43999931	1.93456800	3.77880200
113.51999931	1.93456800	3.77880200
113.59999931	1.93456800	3.77880200
113.67999931	1.93456800	3.77880200
113.75999931	1.93456800	3.77880200
113.83999931	1.93456800	3.77880200
113.91999931	1.93456800	3.77880200
113.99999931	1.93456800	10.44954000
114.07999931	2.02322500	3.07687600
114.15999931	1.93456800	4.83230100
114.23999931	1.93456800	4.12976500
114.31999931	1.93456800	4.30555200
114.39999930	1.93456800	4.12976500
114.47999930	1.97897300	3.95458800
114.55999930	1.93456800	2.90108900
114.63999930	1.93456800	0.26795250
114.71999930	1.97897300	0.09277627
114.79999930	1.93456800	0.09277627
114.87999930	1.93456800	-0.25818660
114.95999930	1.97897300	-0.78432570
115.03999930	1.93456800	-0.78432570
115.11999930	1.93456800	-0.78432570
115.19999930	1.97897300	-0.78432570
115.27999930	1.97897300	-0.78432570
115.35999930	2.02322500	-0.78432570
115.43999930	2.02322500	-0.78432570
115.51999930	2.02322500	-0.78432570
115.59999930	1.97897300	-0.78432570
115.67999930	1.97897300	-0.78432570
115.75999930	2.02322500	-0.78432570
115.83999930	2.02322500	-0.78432570
115.91999930	2.02322500	-0.78432570
115.99999930	2.02322500	-0.78432570
116.07999929	2.02322500	-0.78432570
116.15999929	2.02322500	-0.78432570
116.23999929	2.02322500	-0.78432570
116.31999929	2.02322500	-0.78432570
116.39999929	2.02322500	-0.78432570
116.47999929	2.02322500	-0.78432570
116.55999929	2.02322500	-0.78432570
116.63999929	2.02322500	-0.78432570
116.71999929	2.02322500	-0.78432570
116.79999929	2.02322500	-0.78432570
116.87999929	2.02322500	-0.78432570
116.95999929	2.02322500	-0.78432570
117.03999929	2.02322500	-0.78432570
117.11999929	2.02322500	-0.78432570
117.19999929	2.02322500	-0.78432570
117.27999929	2.02322500	-0.78432570
117.35999929	2.02322500	-0.78432570
117.43999929	2.02322500	-0.78432570
117.51999929	2.02322500	-0.78432570
117.59999929	2.02322500	-0.78432570
117.67999928	2.02322500	-0.78432570
117.75999928	2.02322500	-0.78432570
117.83999928	2.02322500	-0.78432570
117.91999928	2.02322500	-0.60914950
117.99999928	2.02322500	-0.60914950
118.07999928	2.02322500	-0.60914950
118.15999928	2.02322500	-0.60914950
118.23999928	2.02322500	-0.60914950
118.31999928	2.02322500	-0.60914950
118.39999928	2.02322500	-0.60914950
118.47999928	2.02322500	-0.43336280
118.55999928	2.02322500	-0.43336280
118.63999928	2.02322500	-0.43336280
118.71999928	2.02322500	-0.43336280
118.79999928	2.02322500	-0.43336280
118.87999928	2.06762900	-0.43336280
118.95999928	2.02322500	-0.25818660
119.03999928	2.02322500	-0.25818660
119.11999928	2.02322500	-0.08239998
119.19999928	2.02322500	0.26795250
119.27999928	2.02322500	0.61891540
119.35999927	2.02322500	0.61891540
119.43999927	2.02322500	0.61891540
119.51999927	2.02322500	0.79470200
119.59999927	2.02322500	0.79470200
119.67999927	2.02322500	0.79470200
119.75999927	2.02322500	0.79470200
119.83999927	2.02322500	0.61891540
119.91999927	2.02322500	0.79470200
119.99999927	2.02322500	0.79470200
120.07999927	2.02322500	0.79470200
120.15999927	2.02322500	0.61891540
120.23999927	1.97897300	0.79470200
120.31999927	2.02322500	0.79470200
120.39999927	2.02322500	0.79470200
120.47999927	2.02322500	0.79470200
120.55999927	2.02322500	0.79470200
120.63999927	1.97897300	0.79470200
120.71999927	1.97897300	0.79470200
120.79999927	2.02322500	0.79470200
120.87999927	1.97897300	0.79470200
120.95999926	1.97897300	0.79470200
121.03999926	2.02322500	0.79470200
121.11999926	1.97897300	0.79470200
121.19999926	1.97897300	0.79470200
121.27999926	1.97897300	0.79470200
121.35999926	1.97897300	0.79470200
121.43999926	1.97897300	0.79470200
121.51999926	1.97897300	0.79470200
121.59999926	1.97897300	0.79470200
121.67999926	1.97897300	0.96987830
121.75999926	1.97897300	0.79470200
121.83999926	1.97897300	0.79470200
121.91999926	1.97897300	0.79470200
121.99999926	1.97897300	0.79470200
122.07999926	1.97897300	0.79470200
122.15999926	1.93456800	0.79470200
122.23999926	1.97897300	0.79470200
122.31999926	1.93456800	0.79470200
122.39999926	1.97897300	0.79470200
122.47999926	1.93456800	0.79470200
122.55999926	1.93456800	0.79470200
122.63999925	1.93456800	0.79470200
122.71999925	1.97897300	0.79470200
122.79999925	1.93456800	0.79470200
122.87999925	1.93456800	0.79470200
122.95999925	1.97897300	0.79470200
123.03999925	1.97897300	0.96987830
123.11999925	1.93456800	0.96987830
123.19999925	1.93456800	0.79470200
123.27999925	1.97897300	0.79470200
123.35999925	1.97897300	0.79470200
123.43999925	1.93456800	0.79470200
123.51999925	1.97897300	0.96987830
123.59999925	1.93456800	0.79470200
123.67999925	1.97897300	0.79470200
123.75999925	1.93456800	0.79470200
123.83999925	1.93456800	0.79470200
123.91999925	1.97897300	0.96987830
123.99999925	1.93456800	0.96987830
124.07999925	1.93456800	0.79470200
124.15999925	1.93456800	0.96987830
124.23999924	1.93456800	0.79470200
124.31999924	1.93456800	0.96987830
124.39999924	1.97897300	0.79470200
124.47999924	1.93456800	0.96987830
124.55999924	1.93456800	0.96987830
124.63999924	1.93456800	0.96987830
124.71999924	1.93456800	0.96987830
124.79999924	1.93456800	0.96987830
124.87999924	1.93456800	0.96987830
124.95999924	1.97897300	0.96987830
125.03999924	1.93456800	0.96987830
125.11999924	1.93456800	0.96987830
125.19999924	1.93456800	0.96987830
125.27999924	1.93456800	0.79470200
125.35999924	1.93456800	0.96987830
125.43999924	1.93456800	0.96987830
125.51999924	1.93456800	0.96987830
125.59999924	1.93456800	0.96987830
125.67999924	1.93456800	0.79470200
125.75999924	1.97897300	0.96987830
125.83999924	1.93456800	0.79470200
125.91999923	1.93456800	0.96987830
125.99999923	1.93456800	0.96987830
126.07999923	1.93456800	0.96987830
126.15999923	1.93456800	0.96987830
126.23999923	1.93456800	0.96987830
126.31999923	1.93456800	0.96987830
126.39999923	1.93456800	0.79470200
126.47999923	1.97897300	0.96987830
126.55999923	1.93456800	0.96987830
126.63999923	1.93456800	0.96987830
126.71999923	1.93456800	0.96987830
126.79999923	1.93456800	0.79470200
126.87999923	1.93456800	0.96987830
126.95999923	1.93456800	0.79470200
127.03999923	1.93456800	0.96987830
127.11999923	1.93456800	0.96987830
127.19999923	1.97897300	10.62471000
127.27999923	1.89031600	8.69411300
127.35999923	1.93456800	5.35844000
127.43999923	1.93456800	6.41193900
127.51999923	1.93456800	5.88519000
127.59999922	1.93456800	6.06097600
127.67999922	1.93456800	6.06097600
127.75999922	1.93456800	6.06097600
127.83999922	1.93456800	6.06097600
127.91999922	1.93456800	6.06097600
127.99999922	1.93456800	5.88519000
128.07999922	1.93456800	6.06097600
128.15999922	1.93456800	5.88519000
128.23999922	1.93456800	5.88519000
128.31999922	1.93456800	6.06097600
128.39999922	1.93456800	5.88519000
128.47999922	1.93456800	6.06097600
128.55999922	1.93456800	5.71001300
128.63999922	1.93456800	6.23615200
128.71999922	1.97897300	5.88519000
128.79999922	1.97897300	6.06097600
128.87999922	1.97897300	6.06097600
128.95999922	1.97897300	7.99157700
129.03999922	1.97897300	9.04507500
129.11999922	1.97897300	4.83230100
129.19999921	1.97897300	6.76290200
129.27999921	1.97897300	5.88519000
129.35999921	1.97897300	6.23615200
129.43999921	1.97897300	5.88519000
129.51999921	1.97897300	6.06097600
129.59999921	1.93456800	5.88519000
129.67999921	1.97897300	6.06097600
129.75999921	1.97897300	5.88519000
129.83999921	1.97897300	5.88519000
129.91999921	1.97897300	5.88519000
129.99999921	1.93456800	5.88519000
130.07999921	1.97897300	5.88519000
130.15999921	1.97897300	5.88519000
130.23999921	1.97897300	5.88519000
130.31999921	1.97897300	5.88519000
130.39999921	1.97897300	5.88519000
130.47999921	1.97897300	5.88519000
130.55999921	1.97897300	5.88519000
130.63999921	1.97897300	5.88519000
130.71999921	1.97897300	5.71001300
130.79999921	1.97897300	5.71001300
130.87999920	1.97897300	5.71001300
130.95999920	1.97897300	5.88519000
131.03999920	1.97897300	5.88519000
131.11999920	1.97897300	5.88519000
131.19999920	2.02322500	5.71001300
131.27999920	2.02322500	5.71001300
131.35999920	1.97897300	5.71001300
131.43999920	2.02322500	5.71001300
131.51999920	2.02322500	5.71001300
131.59999920	1.97897300	5.53422600
131.67999920	2.02322500	5.71001300
131.75999920	2.02322500	5.53422600
131.83999920	2.02322500	5.53422600
131.91999920	1.97897300	5.53422600
131.99999920	2.02322500	5.53422600
132.07999920	1.97897300	5.53422600
132.15999920	1.97897300	5.53422600
132.23999920	1.97897300	5.53422600
132.31999920	1.97897300	5.35844000
132.39999920	2.02322500	5.18326400
132.47999919	2.02322500	4.12976500
132.55999919	1.97897300	4.30555200
132.63999919	2.02322500	4.12976500
132.71999919	2.02322500	4.30555200
132.79999919	1.97897300	4.30555200
132.87999919	1.97897300	4.30555200
132.95999919	1.97897300	4.12976500
133.03999919	1.97897300	4.12976500
133.11999919	2.02322500	4.12976500
133.19999919	2.02322500	4.12976500
133.27999919	1.97897300	4.12976500
133.35999919	1.97897300	4.12976500
133.43999919	1.97897300	4.12976500
133.51999919	1.97897300	4.12976500
133.59999919	1.97897300	4.12976500
133.67999919	1.97897300	4.12976500
133.75999919	1.97897300	4.12976500
133.83999919	1.97897300	4.12976500
133.91999919	2.02322500	4.12976500
133.99999919	1.97897300	4.12976500
134.07999919	1.97897300	4.12976500
134.15999918	1.97897300	4.12976500
134.23999918	1.97897300	4.12976500
134.31999918	1.97897300	4.12976500
134.39999918	1.97897300	4.12976500
134.47999918	1.97897300	4.12976500
134.55999918	1.97897300	4.12976500
134.63999918	1.97897300	4.12976500
134.71999918	1.97897300	4.12976500
134.79999918	1.97897300	4.12976500
134.87999918	1.97897300	4.12976500
134.95999918	1.93456800	4.12976500
135.03999918	1.97897300	3.95458800
135.11999918	1.93456800	4.12976500
135.19999918	1.97897300	4.12976500
135.27999918	1.93456800	4.12976500
135.35999918	1.97897300	4.12976500
135.43999918	1.93456800	4.12976500
135.51999918	1.93456800	3.95458800
135.59999918	1.93456800	4.12976500
135.67999918	1.93456800	4.12976500
135.75999917	1.93456800	4.12976500
135.83999917	1.97897300	4.12976500
135.91999917	1.93456800	3.95458800
135.99999917	1.93456800	3.95458800
136.07999917	1.93456800	3.95458800
136.15999917	1.93456800	4.12976500
136.23999917	1.93456800	3.95458800
136.31999917	1.93456800	3.95458800
136.39999917	1.93456800	3.95458800
136.47999917	1.93456800	3.95458800
136.55999917	1.93456800	4.12976500
136.63999917	1.93456800	3.95458800
136.71999917	1.93456800	3.95458800
136.79999917	1.93456800	3.95458800
136.87999917	1.93456800	3.95458800
136.95999917	1.93456800	3.95458800
137.03999917	1.93456800	3.95458800
137.11999917	1.93456800	3.95458800
137.19999917	1.93456800	3.95458800
137.27999917	1.93456800	3.95458800
137.35999917	1.93456800	3.95458800
137.43999916	1.93456800	3.95458800
137.51999916	1.93456800	3.95458800
137.59999916	1.93456800	3.95458800
137.67999916	1.93456800	3.95458800
137.75999916	1.93456800	3.95458800
137.83999916	1.93456800	3.95458800
137.91999916	1.93456800	3.95458800
137.99999916	1.93456800	3.95458800
138.07999916	1.93456800	3.95458800
138.15999916	1.93456800	3.95458800
138.23999916	1.93456800	3.95458800
138.31999916	1.93456800	3.95458800
138.39999916	1.93456800	3.95458800
138.47999916	1.93456800	3.95458800
138.55999916	1.93456800	3.95458800
138.63999916	1.93456800	3.95458800
138.71999916	1.93456800	3.95458800
138.79999916	1.93456800	3.95458800
138.87999916	1.93456800	3.95458800
138.95999916	1.93456800	3.95458800
139.03999915	1.93456800	3.95458800
139.11999915	1.93456800	3.95458800
139.19999915	1.93456800	3.95458800
139.27999915	1.93456800	3.95458800
139.35999915	1.93456800	3.95458800
139.43999915	1.93456800	3.95458800
139.51999915	1.93456800	3.95458800
139.59999915	1.93456800	3.95458800
139.67999915	1.93456800	3.95458800
139.75999915	1.93456800	3.95458800
139.83999915	1.93456800	3.95458800
139.91999915	1.93456800	3.77880200
139.99999915	1.93456800	3.77880200
140.07999915	1.93456800	3.95458800
140.15999915	1.93456800	3.95458800
140.23999915	1.93456800	3.95458800
140.31999915	1.93456800	3.95458800
140.39999915	1.93456800	3.77880200
140.47999915	1.93456800	3.77880200
140.55999915	1.93456800	3.77880200
140.63999915	1.93456800	3.95458800
140.71999914	1.93456800	3.95458800
140.79999914	1.93456800	3.77880200
140.87999914	1.93456800	3.77880200
140.95999914	1.93456800	3.77880200
141.03999914	1.93456800	3.77880200
141.11999914	1.93456800	3.95458800
141.19999914	1.93456800	3.77880200
141.27999914	1.93456800	3.77880200
141.35999914	1.93456800	3.77880200
141.43999914	1.93456800	3.77880200
141.51999914	1.97897300	3.95458800
141.59999914	1.93456800	3.77880200
141.67999914	1.93456800	3.77880200
141.75999914	1.93456800	3.77880200
141.83999914	1.93456800	3.77880200
141.91999914	1.93456800	3.77880200
141.99999914	1.93456800	3.77880200
142.07999914	1.93456800	3.77880200
142.15999914	1.93456800	3.77880200
142.23999914	1.93456800	3.77880200
142.31999914	1.93456800	3.77880200
142.39999913	1.93456800	3.77880200
142.47999913	1.93456800	10.97568000
142.55999913	1.93456800	3.95458800
142.63999913	1.93456800	4.48072800
142.71999913	1.93456800	4.12976500
142.79999913	1.93456800	4.30555200
142.87999913	1.93456800	4.12976500
142.95999913	1.93456800	3.95458800
143.03999913	1.93456800	3.25205200
143.11999913	1.93456800	0.44373910
143.19999913	1.97897300	0.09277627
143.27999913	1.93456800	0.09277627
143.35999913	1.93456800	-0.08239998
143.43999913	1.97897300	-0.78432570
143.51999913	1.93456800	-0.78432570
143.59999913	1.93456800	-0.78432570
143.67999913	1.93456800	-0.78432570
143.75999913	1.97897300	-0.78432570
143.83999913	2.02322500	-0.78432570
143.91999913	2.02322500	-0.78432570
143.99999912	2.02322500	-0.78432570
144.07999912	2.02322500	-0.78432570
144.15999912	1.97897300	-0.78432570
144.23999912	1.97897300	-0.78432570
144.31999912	2.02322500	-0.78432570
144.39999912	2.02322500	-0.78432570
144.47999912	2.02322500	-0.78432570
144.55999912	2.02322500	-0.78432570
144.63999912	2.02322500	-0.78432570
144.71999912	2.02322500	-0.78432570
144.79999912	2.02322500	-0.78432570
144.87999912	2.02322500	-0.78432570
144.95999912	2.02322500	-0.78432570
145.03999912	2.02322500	-0.78432570
145.11999912	2.02322500	-0.78432570
145.19999912	2.02322500	-0.78432570
145.27999912	2.02322500	-0.78432570
145.35999912	2.02322500	-0.78432570
145.43999912	2.02322500	-0.78432570
145.51999912	2.02322500	-0.78432570
145.59999912	2.02322500	-0.78432570
145.67999911	2.02322500	-0.78432570
145.75999911	2.02322500	-0.78432570
145.83999911	2.02322500	-0.78432570
145.91999911	2.02322500	-0.78432570
145.99999911	2.02322500	-0.78432570
146.07999911	2.02322500	-0.78432570
146.15999911	2.02322500	-0.78432570
146.23999911	2.02322500	-0.78432570
146.31999911	2.02322500	-0.78432570
146.39999911	2.02322500	-0.60914950
146.47999911	2.02322500	-0.78432570
146.55999911	2.02322500	-0.60914950
146.63999911	2.02322500	-0.78432570
146.71999911	2.02322500	-0.60914950
146.79999911	2.02322500	-0.60914950
146.87999911	2.02322500	-0.60914950
146.95999911	2.02322500	-0.43336280
147.03999911	2.02322500	-0.43336280
147.11999911	2.02322500	-0.43336280
147.19999911	2.02322500	-0.43336280
147.27999910	2.02322500	-0.43336280
147.35999910	2.02322500	-0.43336280
147.43999910	2.02322500	-0.25818660
147.51999910	2.02322500	-0.25818660
147.59999910	2.02322500	-0.08239998
147.67999910	2.02322500	0.26795250
147.75999910	2.02322500	0.61891540
147.83999910	2.02322500	0.61891540
147.91999910	2.02322500	0.61891540
147.99999910	2.02322500	0.61891540
148.07999910	2.02322500	0.79470200
148.15999910	2.02322500	0.61891540
148.23999910	2.02322500	0.79470200
148.31999910	2.02322500	0.61891540
148.39999910	2.02322500	0.61891540
148.47999910	2.02322500	0.61891540
148.55999910	2.02322500	0.79470200
148.63999910	2.02322500	0.61891540
148.71999910	2.02322500	0.61891540
148.79999910	2.02322500	0.79470200
148.87999910	2.02322500	0.79470200
148.95999909	2.02322500	0.79470200
149.03999909	2.02322500	0.79470200
149.11999909	2.02322500	0.79470200
149.19999909	2.02322500	0.79470200
149.27999909	1.97897300	0.79470200
149.35999909	1.97897300	0.79470200
149.43999909	2.02322500	0.79470200
149.51999909	2.02322500	0.79470200
149.59999909	2.02322500	0.79470200
149.67999909	2.02322500	0.79470200
149.75999909	1.97897300	0.79470200
149.83999909	1.97897300	0.79470200
149.91999909	1.97897300	0.79470200
149.99999909	1.97897300	0.79470200
150.07999909	1.97897300	0.79470200
150.15999909	1.97897300	0.79470200
150.23999909	1.93456800	0.79470200
150.31999909	1.97897300	0.79470200
150.39999909	1.97897300	0.79470200
150.47999909	1.97897300	0.79470200
150.55999908	1.97897300	0.79470200
150.63999908	1.97897300	0.79470200
150.71999908	1.97897300	0.79470200
150.79999908	1.97897300	0.79470200
150.87999908	1.97897300	0.79470200
150.95999908	1.93456800	0.79470200
151.03999908	1.93456800	0.79470200
151.11999908	1.97897300	0.79470200
151.19999908	1.97897300	0.79470200
151.27999908	1.97897300	0.96987830
151.35999908	1.93456800	0.96987830
151.43999908	1.97897300	0.79470200
151.51999908	1.93456800	0.96987830
151.59999908	1.93456800	0.79470200
151.67999908	1.97897300	0.96987830
151.75999908	1.97897300	0.79470200
151.83999908	1.93456800	0.79470200
151.91999908	1.93456800	0.79470200
151.99999908	1.97897300	0.79470200
152.07999908	1.97897300	0.79470200
152.15999908	1.97897300	0.79470200
152.23999907	1.93456800	0.79470200
152.31999907	1.93456800	0.79470200
152.39999907	1.97897300	0.79470200
152.47999907	1.97897300	0.96987830
152.55999907	1.97897300	0.96987830
152.63999907	1.93456800	0.96987830
152.71999907	1.93456800	0.96987830
152.79999907	1.97897300	0.79470200
152.87999907	1.93456800	0.79470200
152.95999907	1.97897300	0.96987830
153.03999907	1.93456800	0.96987830
153.11999907	1.93456800	0.79470200
153.19999907	1.93456800	0.79470200
153.27999907	1.97897300	0.96987830
153.35999907	1.93456800	0.96987830
153.43999907	1.97897300	0.96987830
153.51999907	1.93456800	0.96987830
153.59999907	1.93456800	0.96987830
153.67999907	1.93456800	0.96987830
153.75999907	1.93456800	0.79470200
153.83999907	1.93456800	0.96987830
153.91999906	1.93456800	0.79470200
153.99999906	1.93456800	0.96987830
154.07999906	1.97897300	0.96987830
154.15999906	1.93456800	0.96987830
154.23999906	1.93456800	0.79470200
154.31999906	1.93456800	0.96987830
154.39999906	1.93456800	0.79470200
154.47999906	1.93456800	0.96987830
154.55999906	1.93456800	0.96987830
154.63999906	1.93456800	0.96987830
154.71999906	1.93456800	0.96987830
154.79999906	1.93456800	0.96987830
154.87999906	1.93456800	0.96987830
154.95999906	1.93456800	0.96987830
155.03999906	1.93456800	0.96987830
155.11999906	1.93456800	0.96987830
155.19999906	1.93456800	0.96987830
155.27999906	1.93456800	0.79470200
155.35999906	1.93456800	0.96987830
155.43999906	1.93456800	0.96987830
155.51999905	1.93456800	0.96987830
155.59999905	1.93456800	0.96987830
155.67999905	1.97897300	11.15146000
155.75999905	1.89031600	8.34254000
155.83999905	1.93456800	5.35844000
155.91999905	1.93456800	6.23615200
155.99999905	1.93456800	5.88519000
156.07999905	1.93456800	6.06097600
156.15999905	1.93456800	6.06097600
156.23999905	1.93456800	6.06097600
156.31999905	1.93456800	6.06097600
156.39999905	1.93456800	5.88519000
156.47999905	1.93456800	6.06097600
156.55999905	1.93456800	6.06097600
156.63999905	1.93456800	6.06097600
156.71999905	1.93456800	5.88519000
156.79999905	1.93456800	5.88519000
156.87999905	1.93456800	6.06097600
156.95999905	1.93456800	5.88519000
157.03999905	1.93456800	5.71001300
157.11999905	1.89031600	6.23615200
157.19999904	1.97897300	6.06097600
157.27999904	1.97897300	6.06097600
157.35999904	1.93456800	6.06097600
157.43999904	1.97897300	8.34254000
157.51999904	1.93456800	8.86928900
157.59999904	1.93456800	4.83230100
157.67999904	1.93456800	6.58711500
157.75999904	1.97897300	5.88519000
157.83999904	1.97897300	6.23615200
157.91999904	1.97897300	6.06097600
157.99999904	1.97897300	6.06097600
158.07999904	1.97897300	5.88519000
158.15999904	1.97897300	6.06097600
158.23999904	1.97897300	5.88519000
158.31999904	1.97897300	5.88519000
158.39999904	1.93456800	5.88519000
158.47999904	1.97897300	5.88519000
158.55999904	1.97897300	5.88519000
158.63999904	1.97897300	5.88519000
158.71999904	1.97897300	5.88519000
158.79999903	1.97897300	5.88519000
158.87999903	1.97897300	5.88519000
158.95999903	1.97897300	5.88519000
159.03999903	1.97897300	5.88519000
159.11999903	1.97897300	5.88519000
159.19999903	2.02322500	5.88519000
159.27999903	1.97897300	5.71001300
159.35999903	2.02322500	5.71001300
159.43999903	1.97897300	5.71001300
159.51999903	2.02322500	5.71001300
159.59999903	1.97897300	5.71001300
159.67999903	2.02322500	5.71001300
159.75999903	1.97897300	5.71001300
159.83999903	1.97897300	5.71001300
159.91999903	1.97897300	5.71001300
159.99999903	2.02322500	5.71001300
160.07999903	1.97897300	5.53422600
160.15999903	1.97897300	5.53422600
160.23999903	2.02322500	5.53422600
160.31999903	1.97897300	5.53422600
160.39999903	1.97897300	5.53422600
160.47999902	1.97897300	5.53422600
160.55999902	1.97897300	5.53422600
160.63999902	1.97897300	5.53422600
160.71999902	1.97897300	5.53422600
160.79999902	2.02322500	5.35844000
160.87999902	1.97897300	5.00747700
160.95999902	2.02322500	4.12976500
161.03999902	2.02322500	4.30555200
161.11999902	1.97897300	4.30555200
161.19999902	1.97897300	4.12976500
161.27999902	1.97897300	4.12976500
161.35999902	1.97897300	4.30555200
161.43999902	2.02322500	4.12976500
161.51999902	1.97897300	4.12976500
161.59999902	2.02322500	4.12976500
161.67999902	1.97897300	4.12976500
161.75999902	1.97897300	4.12976500
161.83999902	1.97897300	4.12976500
161.91999902	1.97897300	4.12976500
161.99999902	1.97897300	4.12976500
162.07999901	1.97897300	4.12976500
162.15999901	1.97897300	4.12976500
162.23999901	2.02322500	4.12976500
162.31999901	1.97897300	4.12976500
162.39999901	1.97897300	4.12976500
162.47999901	1.97897300	4.12976500
162.55999901	1.97897300	4.12976500
162.63999901	1.97897300	4.12976500
162.71999901	1.97897300	4.12976500
162.79999901	1.97897300	4.12976500
162.87999901	1.97897300	4.12976500
162.95999901	1.93456800	4.12976500
163.03999901	1.97897300	4.12976500
163.11999901	1.97897300	4.12976500
163.19999901	1.93456800	4.12976500
163.27999901	1.97897300	3.95458800
163.35999901	1.97897300	4.12976500
163.43999901	1.97897300	4.12976500
163.51999901	1.93456800	3.95458800
163.59999901	1.93456800	4.12976500
163.67999901	1.93456800	4.12976500
163.75999900	1.93456800	4.12976500
163.83999900	1.93456800	3.95458800
163.91999900	1.93456800	4.12976500
163.99999900	1.93456800	3.95458800
164.07999900	1.93456800	4.12976500
164.15999900	1.93456800	3.95458800
164.23999900	1.93456800	4.12976500
164.31999900	1.93456800	3.95458800
164.39999900	1.93456800	3.95458800
164.47999900	1.93456800	3.95458800
164.55999900	1.97897300	3.95458800
164.63999900	1.93456800	3.95458800
164.71999900	1.97897300	4.12976500
164.79999900	1.93456800	3.95458800
164.87999900	1.93456800	4.12976500
164.95999900	1.93456800	3.95458800
165.03999900	1.93456800	3.95458800
165.11999900	1.93456800	3.95458800
165.19999900	1.93456800	3.95458800
165.27999900	1.93456800	3.95458800
165.35999900	1.93456800	3.95458800
165.43999899	1.93456800	3.95458800
165.51999899	1.93456800	3.95458800
165.59999899	1.93456800	3.95458800
165.67999899	1.93456800	3.95458800
165.75999899	1.93456800	3.95458800
165.83999899	1.93456800	3.95458800
165.91999899	1.93456800	3.95458800
165.99999899	1.93456800	3.95458800
166.07999899	1.93456800	3.95458800
166.15999899	1.93456800	3.95458800
166.23999899	1.93456800	3.95458800
166.31999899	1.93456800	3.95458800
166.39999899	1.93456800	3.95458800
166.47999899	1.93456800	3.95458800
166.55999899	1.93456800	3.95458800
166.63999899	1.93456800	3.95458800
166.71999899	1.93456800	3.95458800
166.79999899	1.93456800	3.95458800
166.87999899	1.93456800	3.95458800
166.95999899	1.93456800	3.95458800
167.03999898	1.93456800	3.95458800
167.11999898	1.93456800	3.95458800
167.19999898	1.93456800	3.95458800
167.27999898	1.93456800	3.95458800
167.35999898	1.93456800	3.95458800
167.43999898	1.93456800	3.95458800
167.51999898	1.93456800	3.95458800
167.59999898	1.93456800	3.95458800
167.67999898	1.93456800	3.95458800
167.75999898	1.93456800	3.95458800
167.83999898	1.93456800	3.95458800
167.91999898	1.93456800	3.95458800
167.99999898	1.93456800	3.95458800
168.07999898	1.93456800	3.95458800
168.15999898	1.93456800	3.95458800
168.23999898	1.93456800	3.77880200
168.31999898	1.93456800	3.95458800
168.39999898	1.93456800	3.95458800
168.47999898	1.93456800	3.77880200
168.55999898	1.93456800	3.77880200
168.63999898	1.93456800	3.77880200
168.71999897	1.93456800	3.95458800
168.79999897	1.93456800	3.77880200
168.87999897	1.93456800	3.77880200
168.95999897	1.93456800	3.77880200
169.03999897	1.93456800	3.95458800
169.11999897	1.93456800	3.95458800
169.19999897	1.93456800	3.77880200
169.27999897	1.93456800	3.77880200
169.35999897	1.93456800	3.77880200
169.43999897	1.93456800	3.95458800
169.51999897	1.93456800	3.77880200
169.59999897	1.93456800	3.77880200
169.67999897	1.93456800	3.77880200
169.75999897	1.93456800	3.95458800
169.83999897	1.93456800	3.77880200
169.91999897	1.93456800	3.77880200
169.99999897	1.93456800	3.95458800
170.07999897	1.97897300	3.77880200
170.15999897	1.93456800	3.77880200
170.23999897	1.93456800	3.77880200
170.31999896	1.93456800	3.77880200
170.39999896	1.93456800	3.77880200
170.47999896	1.93456800	3.77880200
170.55999896	1.93456800	3.77880200
170.63999896	1.93456800	3.77880200
170.71999896	1.93456800	3.77880200
170.79999896	1.93456800	3.77880200
170.87999896	1.93456800	3.77880200
170.95999896	1.93456800	11.15146000
171.03999896	1.89031600	4.48072800
171.11999896	1.93456800	4.30555200
171.19999896	1.93456800	4.30555200
171.27999896	1.93456800	4.30555200
171.35999896	1.93456800	4.12976500
171.43999896	1.97897300	4.12976500
171.51999896	1.93456800	3.42783900
171.59999896	1.93456800	0.61891540
171.67999896	1.97897300	0.26795250
171.75999896	1.93456800	0.09277627
171.83999896	1.97897300	-0.08239998
171.91999896	1.93456800	-0.78432570
171.99999895	1.93456800	-0.78432570
172.07999895	1.93456800	-0.78432570
172.15999895	1.93456800	-0.78432570
172.23999895	1.97897300	-0.78432570
172.31999895	1.97897300	-0.78432570
172.39999895	2.02322500	-0.78432570
172.47999895	2.02322500	-0.78432570
172.55999895	2.02322500	-0.78432570
172.63999895	1.97897300	-0.78432570
172.71999895	2.02322500	-0.78432570
172.79999895	2.02322500	-0.78432570
172.87999895	2.02322500	-0.78432570
172.95999895	2.02322500	-0.78432570
173.03999895	2.02322500	-0.78432570
173.11999895	2.02322500	-0.78432570
173.19999895	2.02322500	-0.78432570
173.27999895	2.02322500	-0.78432570
173.35999895	2.02322500	-0.78432570
173.43999895	2.02322500	-0.78432570
173.51999895	2.02322500	-0.78432570
173.59999894	2.02322500	-0.78432570
173.67999894	2.02322500	-0.78432570
173.75999894	2.02322500	-0.78432570
173.83999894	2.02322500	-0.78432570
173.91999894	2.02322500	-0.78432570
173.99999894	2.02322500	-0.78432570
174.07999894	2.02322500	-0.78432570
174.15999894	2.02322500	-0.78432570
174.23999894	2.02322500	-0.78432570
174.31999894	2.02322500	-0.78432570
174.39999894	2.02322500	-0.78432570
174.47999894	2.02322500	-0.78432570
174.55999894	2.02322500	-0.78432570
174.63999894	2.02322500	-0.78432570
174.71999894	2.02322500	-0.78432570
174.79999894	2.02322500	-0.78432570
174.87999894	2.02322500	-0.60914950
174.95999894	2.02322500	-0.60914950
175.03999894	2.02322500	-0.60914950
175.11999894	2.06762900	-0.60914950
175.19999894	2.02322500	-0.60914950
175.27999893	2.02322500	-0.60914950
175.35999893	2.02322500	-0.60914950
175.43999893	2.02322500	-0.43336280
175.51999893	2.02322500	-0.60914950
175.59999893	2.02322500	-0.60914950
175.67999893	2.02322500	-0.43336280
175.75999893	2.02322500	-0.43336280
175.83999893	2.02322500	-0.43336280
175.91999893	2.02322500	-0.25818660
175.99999893	2.02322500	-0.25818660
176.07999893	2.02322500	-0.08239998
176.15999893	2.02322500	0.26795250
176.23999893	2.02322500	0.61891540
176.31999893	2.02322500	0.61891540
176.39999893	2.02322500	0.61891540
176.47999893	2.02322500	0.61891540
176.55999893	2.02322500	0.61891540
176.63999893	2.02322500	0.61891540
176.71999893	2.02322500	0.79470200
176.79999893	2.02322500	0.61891540
176.87999893	2.02322500	0.61891540
176.95999892	2.02322500	0.79470200
177.03999892	2.02322500	0.79470200
177.11999892	2.02322500	0.79470200
177.19999892	2.02322500	0.79470200
177.27999892	2.02322500	0.79470200
177.35999892	2.02322500	0.61891540
177.43999892	1.97897300	0.79470200
177.51999892	2.02322500	0.79470200
177.59999892	2.02322500	0.79470200
177.67999892	2.02322500	0.79470200
177.75999892	1.97897300	0.79470200
177.83999892	2.02322500	0.79470200
177.91999892	1.97897300	0.79470200
177.99999892	1.97897300	0.79470200
178.07999892	1.97897300	0.79470200
178.15999892	1.97897300	0.79470200
178.23999892	1.97897300	0.79470200
178.31999892	1.97897300	0.79470200
178.39999892	1.97897300	0.79470200
178.47999892	1.97897300	0.79470200
178.55999891	1.97897300	0.79470200
178.63999891	1.97897300	0.79470200
178.71999891	1.97897300	0.79470200
178.79999891	1.97897300	0.79470200
178.87999891	1.93456800	0.79470200
178.95999891	1.97897300	0.79470200
179.03999891	1.97897300	0.79470200
179.11999891	1.97897300	0.79470200
179.19999891	1.97897300	0.79470200
179.27999891	1.97897300	0.79470200
179.35999891	1.93456800	0.79470200
179.43999891	1.97897300	0.79470200
179.51999891	1.93456800	0.79470200
179.59999891	1.97897300	0.79470200
179.67999891	1.97897300	0.79470200
179.75999891	1.93456800	0.79470200
179.83999891	1.97897300	0.79470200
179.91999891	1.93456800	0.96987830
179.99999891	1.93456800	0.79470200
180.07999891	1.93456800	0.79470200
180.15999891	1.93456800	0.96987830
180.23999890	1.93456800	0.79470200
180.31999890	1.93456800	0.79470200
180.39999890	1.93456800	0.96987830
180.47999890	1.93456800	0.79470200
180.55999890	1.93456800	0.96987830
180.63999890	1.97897300	0.96987830
180.71999890	1.93456800	0.79470200
180.79999890	1.93456800	0.79470200
180.87999890	1.93456800	0.96987830
180.95999890	1.93456800	0.79470200
181.03999890	1.93456800	0.79470200
181.11999890	1.93456800	0.79470200
181.19999890	1.93456800	0.79470200
181.27999890	1.93456800	0.79470200
181.35999890	1.93456800	0.79470200
181.43999890	1.93456800	0.96987830
181.51999890	1.97897300	0.96987830
181.59999890	1.93456800	0.96987830
181.67999890	1.93456800	0.96987830
181.75999890	1.93456800	0.96987830
181.83999889	1.93456800	0.79470200
181.91999889	1.93456800	0.96987830
181.99999889	1.93456800	0.96987830
182.07999889	1.93456800	0.96987830
182.15999889	1.93456800	0.79470200
182.23999889	1.93456800	0.96987830
182.31999889	1.93456800	0.96987830
182.39999889	1.93456800	0.96987830
182.47999889	1.93456800	0.96987830
182.55999889	1.93456800	0.96987830
182.63999889	1.93456800	0.96987830
182.71999889	1.93456800	0.96987830
182.79999889	1.93456800	0.79470200
182.87999889	1.93456800	0.96987830
182.95999889	1.93456800	0.96987830
183.03999889	1.93456800	0.96987830
183.11999889	1.93456800	0.96987830
183.19999889	1.93456800	0.96987830
183.27999889	1.93456800	0.96987830
183.35999889	1.93456800	0.96987830
183.43999889	1.93456800	0.96987830
183.51999888	1.93456800	0.96987830
183.59999888	1.93456800	0.96987830
183.67999888	1.93456800	0.96987830
183.75999888	1.93456800	0.79470200
183.83999888	1.93456800	0.96987830
183.91999888	1.93456800	0.96987830
183.99999888	1.93456800	0.96987830
184.07999888	1.93456800	0.96987830
184.15999888	1.93456800	5.88519000
184.23999888	1.97897300	10.09796000
184.31999888	1.93456800	4.65651400
184.39999888	1.93456800	6.58711500
184.47999888	1.93456800	6.06097600
184.55999888	1.93456800	6.06097600
184.63999888	1.93456800	6.06097600
184.71999888	1.93456800	6.06097600
184.79999888	1.93456800	5.88519000
184.87999888	1.93456800	6.06097600
184.95999888	1.93456800	6.06097600
185.03999888	1.93456800	6.06097600
185.11999887	1.93456800	6.06097600
185.19999887	1.93456800	6.06097600
185.27999887	1.93456800	6.06097600
185.35999887	1.93456800	5.88519000
185.43999887	1.93456800	5.88519000
185.51999887	1.93456800	5.53422600
185.59999887	1.93456800	6.23615200
185.67999887	1.97897300	5.88519000
185.75999887	2.02322500	6.06097600
185.83999887	1.97897300	6.06097600
185.91999887	1.97897300	7.28965100
185.99999887	1.93456800	9.22025200
186.07999887	1.97897300	5.18326400
186.15999887	1.97897300	6.76290200
186.23999887	1.97897300	5.88519000
186.31999887	1.97897300	6.23615200
186.39999887	1.93456800	5.88519000
186.47999887	1.97897300	6.06097600
186.55999887	1.97897300	5.88519000
186.63999887	1.97897300	6.06097600
186.71999887	1.97897300	5.88519000
186.79999886	1.97897300	5.88519000
186.87999886	1.97897300	5.88519000
186.95999886	1.97897300	5.88519000
187.03999886	1.97897300	5.88519000
187.11999886	1.97897300	5.88519000
187.19999886	1.97897300	5.88519000
187.27999886	1.97897300	5.88519000
187.35999886	1.97897300	5.88519000
187.43999886	1.97897300	5.88519000
187.51999886	2.02322500	5.88519000
187.59999886	1.97897300	5.88519000
187.67999886	1.97897300	5.88519000
187.75999886	1.97897300	5.71001300
187.83999886	1.97897300	5.88519000
187.91999886	1.97897300	5.71001300
187.99999886	1.97897300	5.71001300
188.07999886	1.97897300	5.88519000
188.15999886	1.97897300	5.71001300
188.23999886	2.02322500	5.71001300
188.31999886	1.97897300	5.71001300
188.39999886	2.02322500	5.71001300
188.47999885	1.97897300	5.71001300
188.55999885	1.97897300	5.71001300
188.63999885	2.02322500	5.53422600
188.71999885	1.97897300	5.71001300
188.79999885	2.02322500	5.53422600
188.87999885	1.97897300	5.53422600
188.95999885	1.97897300	5.53422600
189.03999885	2.02322500	5.53422600
189.11999885	2.02322500	5.53422600
189.19999885	1.97897300	5.53422600
189.27999885	2.02322500	5.53422600
189.35999885	2.02322500	5.18326400
189.43999885	2.02322500	4.12976500
189.51999885	1.97897300	4.30555200
189.59999885	1.97897300	4.12976500
189.67999885	1.97897300	4.30555200
189.75999885	2.02322500	4.12976500
189.83999885	1.97897300	4.12976500
189.91999885	1.97897300	4.30555200
189.99999885	2.02322500	4.30555200
190.07999884	2.02322500	4.12976500
190.15999884	1.97897300	4.12976500
190.23999884	1.97897300	4.12976500
190.31999884	1.97897300	4.12976500
190.39999884	1.97897300	4.12976500
190.47999884	1.97897300	4.30555200
190.55999884	2.02322500	4.12976500
190.63999884	1.97897300	4.12976500
190.71999884	1.97897300	4.12976500
190.79999884	1.97897300	4.12976500
190.87999884	1.97897300	4.12976500
190.95999884	1.97897300	4.12976500
191.03999884	1.97897300	4.12976500
191.11999884	1.97897300	4.12976500
191.19999884	1.93456800	4.12976500
191.27999884	2.02322500	4.12976500
191.35999884	1.97897300	4.12976500
191.43999884	1.97897300	4.12976500
191.51999884	1.97897300	4.12976500
191.59999884	1.93456800	4.12976500
191.67999884	1.97897300	4.12976500
191.75999883	1.93456800	3.95458800
191.83999883	1.97897300	4.12976500
191.91999883	1.97897300	4.12976500
191.99999883	1.97897300	4.12976500
192.07999883	1.93456800	3.95458800
192.15999883	1.93456800	4.12976500
192.23999883	1.97897300	3.95458800
192.31999883	1.93456800	4.12976500
192.39999883	1.93456800	4.12976500
192.47999883	1.93456800	4.12976500
192.55999883	1.93456800	3.95458800
192.63999883	1.93456800	3.95458800
192.71999883	1.93456800	4.12976500
192.79999883	1.93456800	3.95458800
192.87999883	1.93456800	3.95458800
192.95999883	1.93456800	3.95458800
193.03999883	1.93456800	3.95458800
193.11999883	1.93456800	4.12976500
193.19999883	1.93456800	3.95458800
193.27999883	1.93456800	4.12976500
193.35999882	1.93456800	3.95458800
193.43999882	1.93456800	4.12976500
193.51999882	1.93456800	3.95458800
193.59999882	1.93456800	3.95458800
193.67999882	1.93456800	3.95458800
193.75999882	1.93456800	3.95458800
193.83999882	1.93456800	3.95458800
193.91999882	1.93456800	3.95458800
193.99999882	1.93456800	3.95458800
194.07999882	1.93456800	3.95458800
194.15999882	1.93456800	3.95458800
194.23999882	1.93456800	3.95458800
194.31999882	1.93456800	3.95458800
194.39999882	1.93456800	3.95458800
194.47999882	1.93456800	3.95458800
194.55999882	1.93456800	3.95458800
194.63999882	1.93456800	3.95458800
194.71999882	1.93456800	3.95458800
194.79999882	1.93456800	3.95458800
194.87999882	1.93456800	3.95458800
194.95999882	1.93456800	3.95458800
195.03999881	1.93456800	3.95458800
195.11999881	1.93456800	3.95458800
195.19999881	1.93456800	3.95458800
195.27999881	1.93456800	3.95458800
195.35999881	1.93456800	3.95458800
195.43999881	1.93456800	3.95458800
195.51999881	1.93456800	3.77880200
195.59999881	1.93456800	3.95458800
195.67999881	1.93456800	3.95458800
195.75999881	1.93456800	3.95458800
195.83999881	1.93456800	3.95458800
195.91999881	1.93456800	3.77880200
195.99999881	1.93456800	3.95458800
196.07999881	1.93456800	3.95458800
196.15999881	1.93456800	3.95458800
196.23999881	1.93456800	3.95458800
196.31999881	1.93456800	3.95458800
196.39999881	1.93456800	3.95458800
196.47999881	1.93456800	3.77880200
196.55999881	1.93456800	3.95458800
196.63999880	1.93456800	3.77880200
196.71999880	1.93456800	3.77880200
196.79999880	1.93456800	3.77880200
196.87999880	1.93456800	3.77880200
196.95999880	1.93456800	3.77880200
197.03999880	1.93456800	3.77880200
197.11999880	1.93456800	3.95458800
197.19999880	1.93456800	3.77880200
197.27999880	1.93456800	3.77880200
197.35999880	1.93456800	3.77880200
197.43999880	1.93456800	3.77880200
197.51999880	1.93456800	3.95458800
197.59999880	1.93456800	3.95458800
197.67999880	1.93456800	3.77880200
197.75999880	1.97897300	3.77880200
197.83999880	1.93456800	3.77880200
197.91999880	1.93456800	3.77880200
197.99999880	1.93456800	3.77880200
198.07999880	1.93456800	3.77880200
198.15999880	1.93456800	3.77880200
198.23999880	1.93456800	3.77880200
198.31999879	1.93456800	3.77880200
198.39999879	1.93456800	3.95458800
198.47999879	1.93456800	3.77880200
198.55999879	1.93456800	3.77880200
198.63999879	1.93456800	3.77880200
198.71999879	1.93456800	3.95458800
198.79999879	1.93456800	3.77880200
198.87999879	1.93456800	3.77880200
198.95999879	1.93456800	3.77880200
199.03999879	1.93456800	3.77880200
199.11999879	1.93456800	3.95458800
199.19999879	1.93456800	3.77880200
199.27999879	1.93456800	3.77880200
199.35999879	1.93456800	3.77880200
199.43999879	1.93456800	3.77880200
199.51999879	1.93456800	8.34254000
199.59999879	1.97897300	2.37434000
199.67999879	1.93456800	5.00747700
199.75999879	1.97897300	3.95458800
199.83999879	1.93456800	4.30555200
199.91999878	1.97897300	4.12976500
199.99999878	1.93456800	3.77880200
200.07999878	1.93456800	0.09277627
200.15999878	1.97897300	0.26795250
200.23999878	1.93456800	0.26795250
