Time	Channel A	Channel B
(us)	(V)	(V)

0.00000000	2.02322500	5.53422600
0.08000000	2.02322500	5.53422600
0.16000000	1.97897300	5.53422600
0.24000000	2.02322500	5.53422600
0.32000000	2.02322500	5.53422600
0.40000000	1.97897300	5.53422600
0.48000000	1.97897300	5.53422600
0.56000000	1.97897300	5.53422600
0.64000000	2.02322500	5.53422600
0.72000000	1.97897300	4.65651400
0.80000000	2.02322500	4.12976500
0.87999999	2.02322500	4.30555200
0.95999999	1.97897300	4.30555200
1.03999999	2.02322500	4.30555200
1.11999999	2.02322500	4.30555200
1.19999999	2.02322500	4.12976500
1.27999999	2.02322500	4.12976500
1.35999999	2.02322500	4.12976500
1.43999999	1.97897300	4.12976500
1.51999999	1.97897300	4.12976500
1.59999999	2.02322500	4.12976500
1.67999999	1.97897300	4.12976500
1.75999999	2.02322500	4.12976500
1.83999999	2.02322500	4.12976500
1.91999999	2.02322500	4.12976500
1.99999999	1.97897300	4.12976500
2.07999999	1.97897300	4.12976500
2.15999999	1.97897300	4.12976500
2.23999999	1.97897300	4.12976500
2.31999999	1.97897300	4.12976500
2.39999999	1.97897300	4.12976500
2.47999998	1.97897300	4.12976500
2.55999998	1.97897300	4.12976500
2.63999998	1.97897300	4.12976500
2.71999998	1.97897300	4.12976500
2.79999998	1.97897300	4.12976500
2.87999998	1.97897300	4.12976500
2.95999998	1.93456800	4.12976500
3.03999998	1.97897300	4.12976500
3.11999998	1.93456800	3.95458800
3.19999998	1.97897300	4.12976500
3.27999998	1.97897300	3.95458800
3.35999998	1.97897300	4.12976500
3.43999998	1.97897300	4.12976500
3.51999998	1.93456800	4.12976500
3.59999998	1.93456800	4.12976500
3.67999998	1.93456800	4.12976500
3.75999998	1.93456800	3.95458800
3.83999998	1.93456800	4.12976500
3.91999998	1.93456800	4.12976500
3.99999998	1.93456800	3.95458800
4.07999998	1.93456800	4.12976500
4.15999997	1.93456800	3.95458800
4.23999997	1.93456800	4.12976500
4.31999997	1.93456800	3.95458800
4.39999997	1.93456800	4.12976500
4.47999997	1.93456800	3.95458800
4.55999997	1.93456800	3.95458800
4.63999997	1.93456800	3.95458800
4.71999997	1.93456800	3.95458800
4.79999997	1.93456800	4.12976500
4.87999997	1.93456800	3.95458800
4.95999997	1.93456800	3.95458800
5.03999997	1.93456800	3.95458800
5.11999997	1.93456800	3.95458800
5.19999997	1.93456800	3.95458800
5.27999997	1.93456800	3.95458800
5.35999997	1.93456800	3.95458800
5.43999997	1.93456800	3.95458800
5.51999997	1.93456800	3.95458800
5.59999997	1.93456800	3.95458800
5.67999997	1.93456800	3.95458800
5.75999996	1.93456800	3.95458800
5.83999996	1.93456800	3.95458800
5.91999996	1.93456800	3.95458800
5.99999996	1.93456800	3.95458800
6.07999996	1.93456800	3.95458800
6.15999996	1.93456800	3.95458800
6.23999996	1.93456800	3.95458800
6.31999996	1.93456800	3.95458800
6.39999996	1.93456800	3.95458800
6.47999996	1.93456800	3.95458800
6.55999996	1.93456800	3.95458800
6.63999996	1.93456800	3.95458800
6.71999996	1.93456800	3.95458800
6.79999996	1.93456800	3.95458800
6.87999996	1.93456800	3.95458800
6.95999996	1.93456800	3.95458800
7.03999996	1.93456800	3.95458800
7.11999996	1.93456800	3.95458800
7.19999996	1.93456800	3.77880200
7.27999996	1.93456800	3.95458800
7.35999996	1.93456800	3.95458800
7.43999995	1.93456800	3.95458800
7.51999995	1.93456800	3.95458800
7.59999995	1.93456800	3.95458800
7.67999995	1.93456800	3.95458800
7.75999995	1.93456800	3.95458800
7.83999995	1.93456800	3.95458800
7.91999995	1.93456800	3.95458800
7.99999995	1.93456800	3.95458800
8.07999995	1.93456800	3.95458800
8.15999995	1.93456800	3.77880200
8.23999995	1.93456800	3.77880200
8.31999995	1.93456800	3.95458800
8.39999995	1.93456800	3.95458800
8.47999995	1.93456800	3.77880200
8.55999995	1.93456800	3.95458800
8.63999995	1.93456800	3.95458800
8.71999995	1.93456800	3.77880200
8.79999995	1.93456800	3.95458800
8.87999995	1.93456800	3.95458800
8.95999995	1.93456800	3.95458800
9.03999995	1.93456800	3.77880200
9.11999994	1.93456800	3.95458800
9.19999994	1.93456800	3.95458800
9.27999994	1.93456800	3.77880200
9.35999994	1.93456800	3.77880200
9.43999994	1.93456800	3.77880200
9.51999994	1.93456800	3.95458800
9.59999994	1.93456800	3.77880200
9.67999994	1.93456800	3.95458800
9.75999994	1.93456800	3.77880200
9.83999994	1.93456800	3.77880200
9.91999994	1.93456800	3.95458800
9.99999994	1.93456800	3.77880200
10.07999994	1.93456800	3.77880200
10.15999994	1.93456800	3.95458800
10.23999994	1.93456800	3.77880200
10.31999994	1.93456800	3.95458800
10.39999994	1.93456800	3.77880200
10.47999994	1.93456800	3.77880200
10.55999994	1.93456800	3.77880200
10.63999994	1.93456800	3.77880200
10.71999993	1.97897300	4.83230100
10.79999993	2.02322500	7.64061400
10.87999993	1.89031600	3.07687600
10.95999993	1.97897300	4.65651400
11.03999993	1.93456800	4.12976500
11.11999993	1.93456800	4.30555200
11.19999993	1.93456800	4.12976500
11.27999993	1.93456800	3.77880200
11.35999993	1.97897300	0.09277627
11.43999993	1.93456800	0.44373910
11.51999993	1.97897300	0.26795250
11.59999993	1.93456800	-0.08239998
11.67999993	1.97897300	-0.78432570
11.75999993	1.93456800	-0.78432570
11.83999993	1.93456800	-0.78432570
11.91999993	1.93456800	-0.78432570
11.99999993	1.93456800	-0.78432570
12.07999993	1.97897300	-0.78432570
12.15999993	2.02322500	-0.78432570
12.23999993	2.02322500	-0.78432570
12.31999993	2.02322500	-0.78432570
12.39999992	2.02322500	-0.78432570
12.47999992	2.02322500	-0.78432570
12.55999992	2.02322500	-0.78432570
12.63999992	2.02322500	-0.78432570
12.71999992	2.02322500	-0.78432570
12.79999992	2.02322500	-0.78432570
12.87999992	2.02322500	-0.78432570
12.95999992	2.02322500	-0.78432570
13.03999992	2.02322500	-0.78432570
13.11999992	2.02322500	-0.78432570
13.19999992	2.02322500	-0.78432570
13.27999992	2.02322500	-0.78432570
13.35999992	2.02322500	-0.78432570
13.43999992	2.02322500	-0.78432570
13.51999992	2.02322500	-0.78432570
13.59999992	2.02322500	-0.78432570
13.67999992	2.02322500	-0.78432570
13.75999992	2.02322500	-0.78432570
13.83999992	2.02322500	-0.78432570
13.91999992	2.02322500	-0.78432570
13.99999991	2.02322500	-0.78432570
14.07999991	2.02322500	-0.78432570
14.15999991	2.02322500	-0.78432570
14.23999991	2.02322500	-0.78432570
14.31999991	2.02322500	-0.78432570
14.39999991	2.02322500	-0.78432570
14.47999991	2.02322500	-0.78432570
14.55999991	2.02322500	-0.60914950
14.63999991	2.02322500	-0.60914950
14.71999991	2.02322500	-0.78432570
14.79999991	2.06762900	-0.60914950
14.87999991	2.02322500	-0.60914950
14.95999991	2.02322500	-0.60914950
15.03999991	2.02322500	-0.60914950
15.11999991	2.02322500	-0.60914950
15.19999991	2.02322500	-0.43336280
15.27999991	2.02322500	-0.43336280
15.35999991	2.02322500	-0.43336280
15.43999991	2.02322500	-0.43336280
15.51999991	2.02322500	-0.43336280
15.59999991	2.02322500	-0.43336280
15.67999990	2.02322500	-0.43336280
15.75999990	2.02322500	-0.25818660
15.83999990	2.02322500	-0.08239998
15.91999990	2.02322500	0.09277627
15.99999990	2.02322500	0.44373910
16.07999990	2.02322500	0.61891540
16.15999990	2.02322500	0.79470200
16.23999990	2.02322500	0.79470200
16.31999990	2.02322500	0.79470200
16.39999990	2.02322500	0.61891540
16.47999990	2.02322500	0.79470200
16.55999990	2.02322500	0.79470200
16.63999990	2.02322500	0.79470200
16.71999990	2.02322500	0.61891540
16.79999990	2.02322500	0.61891540
16.87999990	2.02322500	0.79470200
16.95999990	2.02322500	0.79470200
17.03999990	2.02322500	0.79470200
17.11999990	2.02322500	0.79470200
17.19999990	2.02322500	0.79470200
17.27999989	2.02322500	0.61891540
17.35999989	2.02322500	0.79470200
17.43999989	2.02322500	0.79470200
17.51999989	2.02322500	0.79470200
17.59999989	2.02322500	0.79470200
17.67999989	1.97897300	0.79470200
17.75999989	1.97897300	0.79470200
17.83999989	2.02322500	0.79470200
17.91999989	2.02322500	0.79470200
17.99999989	1.97897300	0.79470200
18.07999989	1.97897300	0.79470200
18.15999989	1.97897300	0.79470200
18.23999989	1.97897300	0.79470200
18.31999989	1.97897300	0.79470200
18.39999989	1.97897300	0.79470200
18.47999989	1.97897300	0.79470200
18.55999989	1.97897300	0.79470200
18.63999989	1.97897300	0.79470200
18.71999989	1.97897300	0.79470200
18.79999989	1.97897300	0.79470200
18.87999989	1.97897300	0.79470200
18.95999988	1.97897300	0.96987830
19.03999988	1.97897300	0.79470200
19.11999988	1.97897300	0.79470200
19.19999988	1.97897300	0.79470200
19.27999988	1.97897300	0.79470200
19.35999988	1.93456800	0.79470200
19.43999988	1.97897300	0.79470200
19.51999988	1.97897300	0.79470200
19.59999988	1.97897300	0.79470200
19.67999988	1.97897300	0.79470200
19.75999988	1.97897300	0.79470200
19.83999988	1.93456800	0.79470200
19.91999988	1.93456800	0.79470200
19.99999988	1.97897300	0.79470200
20.07999988	1.97897300	0.96987830
20.15999988	1.97897300	0.79470200
20.23999988	1.97897300	0.79470200
20.31999988	1.97897300	0.79470200
20.39999988	1.97897300	0.79470200
20.47999988	1.93456800	0.79470200
20.55999988	1.97897300	0.96987830
20.63999987	1.93456800	0.96987830
20.71999987	1.97897300	0.96987830
20.79999987	1.93456800	0.79470200
20.87999987	1.97897300	0.96987830
20.95999987	1.93456800	0.79470200
21.03999987	1.93456800	0.96987830
21.11999987	1.93456800	0.79470200
21.19999987	1.97897300	0.79470200
21.27999987	1.93456800	0.96987830
21.35999987	1.93456800	0.96987830
21.43999987	1.93456800	0.96987830
21.51999987	1.93456800	0.96987830
21.59999987	1.93456800	0.96987830
21.67999987	1.97897300	0.96987830
21.75999987	1.93456800	0.96987830
21.83999987	1.93456800	0.96987830
21.91999987	1.93456800	0.79470200
21.99999987	1.97897300	0.96987830
22.07999987	1.93456800	0.96987830
22.15999987	1.93456800	0.79470200
22.23999986	1.93456800	0.96987830
22.31999986	1.97897300	0.96987830
22.39999986	1.93456800	0.96987830
22.47999986	1.93456800	0.96987830
22.55999986	1.93456800	0.96987830
22.63999986	1.97897300	0.79470200
22.71999986	1.93456800	0.96987830
22.79999986	1.93456800	0.96987830
22.87999986	1.93456800	0.96987830
22.95999986	1.93456800	0.96987830
23.03999986	1.97897300	0.96987830
23.11999986	1.93456800	0.96987830
23.19999986	1.93456800	0.96987830
23.27999986	1.93456800	0.96987830
23.35999986	1.97897300	0.79470200
23.43999986	1.93456800	0.96987830
23.51999986	1.93456800	0.96987830
23.59999986	1.93456800	0.79470200
23.67999986	1.93456800	0.96987830
23.75999986	1.97897300	0.96987830
23.83999986	1.93456800	0.96987830
23.91999985	1.93456800	1.32145100
23.99999985	1.97897300	10.97568000
24.07999985	1.93456800	4.48072800
24.15999985	1.93456800	6.93868800
24.23999985	1.93456800	5.88519000
24.31999985	1.93456800	6.23615200
24.39999985	1.93456800	6.06097600
24.47999985	1.93456800	6.06097600
24.55999985	1.93456800	6.06097600
24.63999985	1.93456800	6.06097600
24.71999985	1.93456800	6.06097600
24.79999985	1.93456800	5.88519000
24.87999985	1.93456800	6.06097600
24.95999985	1.93456800	6.06097600
25.03999985	1.93456800	6.06097600
25.11999985	1.93456800	6.06097600
25.19999985	1.93456800	6.06097600
25.27999985	1.93456800	5.71001300
25.35999985	1.93456800	6.23615200
25.43999985	1.93456800	5.88519000
25.51999984	1.97897300	6.06097600
25.59999984	1.97897300	6.06097600
25.67999984	1.93456800	6.58711500
25.75999984	1.97897300	9.22025200
25.83999984	1.93456800	5.53422600
25.91999984	1.93456800	6.58711500
25.99999984	1.97897300	6.06097600
26.07999984	1.97897300	6.23615200
26.15999984	1.97897300	6.06097600
26.23999984	1.97897300	5.88519000
26.31999984	1.97897300	6.06097600
26.39999984	1.97897300	6.06097600
26.47999984	1.97897300	5.88519000
26.55999984	1.97897300	5.88519000
26.63999984	1.93456800	5.88519000
26.71999984	1.97897300	5.88519000
26.79999984	1.97897300	5.88519000
26.87999984	1.97897300	5.88519000
26.95999984	1.97897300	5.88519000
27.03999984	1.97897300	5.88519000
27.11999984	1.97897300	5.88519000
27.19999983	1.97897300	5.88519000
27.27999983	1.97897300	5.88519000
27.35999983	1.97897300	5.88519000
27.43999983	1.97897300	5.88519000
27.51999983	1.97897300	5.88519000
27.59999983	1.97897300	5.88519000
27.67999983	1.97897300	5.88519000
27.75999983	1.97897300	5.71001300
27.83999983	1.97897300	5.71001300
27.91999983	2.02322500	5.71001300
27.99999983	1.97897300	5.71001300
28.07999983	2.02322500	5.71001300
28.15999983	1.97897300	5.71001300
28.23999983	2.02322500	5.71001300
28.31999983	1.97897300	5.71001300
28.39999983	2.02322500	5.71001300
28.47999983	1.97897300	5.53422600
28.55999983	1.97897300	5.71001300
28.63999983	1.97897300	5.53422600
28.71999983	2.02322500	5.53422600
28.79999982	1.97897300	5.53422600
28.87999982	1.97897300	5.53422600
28.95999982	2.02322500	5.53422600
29.03999982	1.97897300	5.53422600
29.11999982	2.02322500	5.35844000
29.19999982	1.97897300	4.12976500
29.27999982	1.97897300	4.48072800
29.35999982	2.02322500	4.12976500
29.43999982	2.02322500	4.30555200
29.51999982	2.02322500	4.30555200
29.59999982	2.02322500	4.30555200
29.67999982	1.97897300	4.30555200
29.75999982	1.97897300	4.12976500
29.83999982	2.02322500	4.30555200
29.91999982	2.02322500	4.12976500
29.99999982	1.97897300	4.12976500
30.07999982	1.97897300	4.12976500
30.15999982	1.97897300	4.12976500
30.23999982	1.97897300	4.12976500
30.31999982	2.02322500	4.12976500
30.39999982	1.97897300	4.12976500
30.47999981	1.97897300	4.12976500
30.55999981	1.97897300	4.12976500
30.63999981	1.97897300	4.12976500
30.71999981	1.97897300	4.12976500
30.79999981	1.97897300	4.12976500
30.87999981	1.97897300	4.12976500
30.95999981	1.97897300	4.12976500
31.03999981	1.97897300	4.12976500
31.11999981	1.97897300	3.95458800
31.19999981	1.93456800	4.12976500
31.27999981	1.97897300	4.12976500
31.35999981	1.97897300	4.12976500
31.43999981	1.97897300	4.12976500
31.51999981	1.93456800	4.12976500
31.59999981	1.97897300	3.95458800
31.67999981	1.93456800	4.12976500
31.75999981	1.93456800	4.12976500
31.83999981	1.97897300	4.12976500
31.91999981	1.93456800	4.12976500
31.99999981	1.93456800	3.95458800
32.07999981	1.93456800	4.12976500
32.15999980	1.93456800	4.12976500
32.23999980	1.93456800	3.95458800
32.31999980	1.93456800	4.12976500
32.39999980	1.93456800	3.95458800
32.47999980	1.93456800	3.95458800
32.55999980	1.93456800	3.95458800
32.63999980	1.93456800	3.95458800
32.71999980	1.93456800	4.12976500
32.79999980	1.93456800	3.95458800
32.87999980	1.93456800	3.95458800
32.95999980	1.93456800	3.95458800
33.03999980	1.93456800	4.12976500
33.11999980	1.93456800	3.95458800
33.19999980	1.93456800	3.95458800
33.27999980	1.93456800	3.95458800
33.35999980	1.93456800	3.95458800
33.43999980	1.97897300	3.95458800
33.51999980	1.93456800	3.95458800
33.59999980	1.93456800	3.95458800
33.67999980	1.93456800	3.95458800
33.75999979	1.93456800	3.95458800
33.83999979	1.93456800	3.95458800
33.91999979	1.93456800	3.95458800
33.99999979	1.93456800	3.95458800
34.07999979	1.93456800	3.95458800
34.15999979	1.93456800	3.95458800
34.23999979	1.93456800	3.95458800
34.31999979	1.93456800	3.95458800
34.39999979	1.93456800	3.95458800
34.47999979	1.93456800	3.95458800
34.55999979	1.93456800	3.77880200
34.63999979	1.93456800	3.95458800
34.71999979	1.93456800	3.95458800
34.79999979	1.93456800	3.95458800
34.87999979	1.93456800	3.95458800
34.95999979	1.93456800	3.95458800
35.03999979	1.93456800	3.95458800
35.11999979	1.93456800	3.95458800
35.19999979	1.93456800	3.95458800
35.27999979	1.93456800	3.95458800
35.35999979	1.93456800	3.95458800
35.43999978	1.93456800	3.95458800
35.51999978	1.93456800	3.95458800
35.59999978	1.93456800	3.95458800
35.67999978	1.93456800	3.95458800
35.75999978	1.93456800	3.95458800
35.83999978	1.93456800	3.77880200
35.91999978	1.93456800	3.95458800
35.99999978	1.93456800	3.95458800
36.07999978	1.93456800	3.95458800
36.15999978	1.93456800	3.77880200
36.23999978	1.93456800	3.95458800
36.31999978	1.93456800	3.95458800
36.39999978	1.93456800	3.95458800
36.47999978	1.93456800	3.77880200
36.55999978	1.93456800	3.77880200
36.63999978	1.93456800	3.95458800
36.71999978	1.93456800	3.95458800
36.79999978	1.93456800	3.77880200
36.87999978	1.93456800	3.77880200
36.95999978	1.93456800	3.95458800
37.03999977	1.93456800	3.95458800
37.11999977	1.93456800	3.77880200
37.19999977	1.93456800	3.77880200
37.27999977	1.93456800	3.77880200
37.35999977	1.93456800	3.77880200
37.43999977	1.93456800	3.77880200
37.51999977	1.93456800	3.77880200
37.59999977	1.93456800	3.95458800
37.67999977	1.93456800	3.77880200
37.75999977	1.93456800	3.77880200
37.83999977	1.93456800	3.77880200
37.91999977	1.93456800	3.77880200
37.99999977	1.93456800	3.77880200
38.07999977	1.93456800	3.95458800
38.15999977	1.93456800	3.77880200
38.23999977	1.93456800	3.77880200
38.31999977	1.93456800	3.77880200
38.39999977	1.93456800	3.77880200
38.47999977	1.93456800	3.77880200
38.55999977	1.93456800	3.77880200
38.63999977	1.93456800	3.77880200
38.71999976	1.93456800	3.77880200
38.79999976	1.93456800	3.77880200
38.87999976	1.93456800	3.77880200
38.95999976	1.93456800	3.77880200
39.03999976	1.93456800	3.95458800
39.11999976	1.93456800	3.77880200
39.19999976	1.93456800	3.77880200
39.27999976	1.89031600	8.69411300
39.35999976	2.02322500	2.37434000
39.43999976	1.93456800	5.00747700
39.51999976	1.97897300	3.95458800
39.59999976	1.93456800	4.30555200
39.67999976	1.93456800	4.12976500
39.75999976	1.93456800	3.77880200
39.83999976	1.93456800	0.96987830
39.91999976	1.97897300	0.09277627
39.99999976	1.93456800	0.26795250
40.07999976	1.97897300	0.09277627
40.15999976	1.97897300	-0.78432570
40.23999976	1.97897300	-0.78432570
40.31999975	1.93456800	-0.78432570
40.39999975	1.97897300	-0.78432570
40.47999975	1.93456800	-0.78432570
40.55999975	1.97897300	-0.78432570
40.63999975	1.97897300	-0.78432570
40.71999975	2.02322500	-0.78432570
40.79999975	2.02322500	-0.78432570
40.87999975	1.97897300	-0.78432570
40.95999975	2.02322500	-0.78432570
41.03999975	2.02322500	-0.78432570
41.11999975	2.02322500	-0.78432570
41.19999975	2.02322500	-0.78432570
41.27999975	2.02322500	-0.78432570
41.35999975	2.02322500	-0.78432570
41.43999975	2.02322500	-0.78432570
41.51999975	2.02322500	-0.78432570
41.59999975	2.02322500	-0.78432570
41.67999975	2.02322500	-0.78432570
41.75999975	2.02322500	-0.78432570
41.83999975	2.02322500	-0.78432570
41.91999975	2.02322500	-0.78432570
41.99999974	2.02322500	-0.78432570
42.07999974	2.02322500	-0.78432570
42.15999974	2.02322500	-0.78432570
42.23999974	2.02322500	-0.78432570
42.31999974	2.02322500	-0.78432570
42.39999974	2.02322500	-0.78432570
42.47999974	2.02322500	-0.78432570
42.55999974	2.06762900	-0.78432570
42.63999974	2.02322500	-0.78432570
42.71999974	2.02322500	-0.78432570
42.79999974	2.02322500	-0.78432570
42.87999974	2.02322500	-0.60914950
42.95999974	2.02322500	-0.78432570
43.03999974	2.02322500	-0.60914950
43.11999974	2.02322500	-0.60914950
43.19999974	2.02322500	-0.60914950
43.27999974	2.06762900	-0.60914950
43.35999974	2.02322500	-0.60914950
43.43999974	2.02322500	-0.60914950
43.51999974	2.02322500	-0.60914950
43.59999974	2.02322500	-0.60914950
43.67999973	2.02322500	-0.60914950
43.75999973	2.02322500	-0.60914950
43.83999973	2.02322500	-0.43336280
43.91999973	2.02322500	-0.43336280
43.99999973	2.02322500	-0.43336280
44.07999973	2.02322500	-0.43336280
44.15999973	2.02322500	-0.25818660
44.23999973	2.02322500	-0.25818660
44.31999973	2.02322500	-0.08239998
44.39999973	2.02322500	0.09277627
44.47999973	2.02322500	0.26795250
44.55999973	2.02322500	0.61891540
44.63999973	2.02322500	0.61891540
44.71999973	2.02322500	0.79470200
44.79999973	2.02322500	0.79470200
44.87999973	2.02322500	0.79470200
44.95999973	2.02322500	0.61891540
45.03999973	2.02322500	0.79470200
45.11999973	2.02322500	0.79470200
45.19999973	2.02322500	0.79470200
45.27999972	2.02322500	0.79470200
45.35999972	2.02322500	0.79470200
45.43999972	2.02322500	0.79470200
45.51999972	2.02322500	0.79470200
45.59999972	2.02322500	0.79470200
45.67999972	2.02322500	0.79470200
45.75999972	2.02322500	0.79470200
45.83999972	2.02322500	0.79470200
45.91999972	1.97897300	0.79470200
45.99999972	1.97897300	0.79470200
46.07999972	2.02322500	0.79470200
46.15999972	1.97897300	0.79470200
46.23999972	2.02322500	0.79470200
46.31999972	2.02322500	0.79470200
46.39999972	1.97897300	0.79470200
46.47999972	1.97897300	0.79470200
46.55999972	1.97897300	0.79470200
46.63999972	1.97897300	0.79470200
46.71999972	1.97897300	0.79470200
46.79999972	1.97897300	0.79470200
46.87999972	1.97897300	0.79470200
46.95999971	1.97897300	0.79470200
47.03999971	1.97897300	0.96987830
47.11999971	1.97897300	0.79470200
47.19999971	1.97897300	0.79470200
47.27999971	1.97897300	0.79470200
47.35999971	1.97897300	0.79470200
47.43999971	1.97897300	0.79470200
47.51999971	1.93456800	0.79470200
47.59999971	1.97897300	0.79470200
47.67999971	1.93456800	0.96987830
47.75999971	1.93456800	0.79470200
47.83999971	1.93456800	0.79470200
47.91999971	1.97897300	0.79470200
47.99999971	1.93456800	0.96987830
48.07999971	1.93456800	0.79470200
48.15999971	1.97897300	0.79470200
48.23999971	1.93456800	0.79470200
48.31999971	1.93456800	0.79470200
48.39999971	1.97897300	0.79470200
48.47999971	1.97897300	0.79470200
48.55999970	1.93456800	0.79470200
48.63999970	1.93456800	0.79470200
48.71999970	1.93456800	0.96987830
48.79999970	1.97897300	0.96987830
48.87999970	1.93456800	0.79470200
48.95999970	1.97897300	0.79470200
49.03999970	1.93456800	0.96987830
49.11999970	1.93456800	0.79470200
49.19999970	1.93456800	0.96987830
49.27999970	1.93456800	0.79470200
49.35999970	1.93456800	0.96987830
49.43999970	1.93456800	0.96987830
49.51999970	1.93456800	0.79470200
49.59999970	1.93456800	0.96987830
49.67999970	1.97897300	0.79470200
49.75999970	1.93456800	0.96987830
49.83999970	1.93456800	0.96987830
49.91999970	1.93456800	0.79470200
49.99999970	1.93456800	0.96987830
50.07999970	1.93456800	0.79470200
50.15999970	1.93456800	0.96987830
50.23999969	1.93456800	0.79470200
50.31999969	1.93456800	0.96987830
50.39999969	1.93456800	0.96987830
50.47999969	1.93456800	0.79470200
50.55999969	1.93456800	0.79470200
50.63999969	1.93456800	0.96987830
50.71999969	1.93456800	0.96987830
50.79999969	1.97897300	0.96987830
50.87999969	1.97897300	0.96987830
50.95999969	1.93456800	0.96987830
51.03999969	1.93456800	0.96987830
51.11999969	1.93456800	0.79470200
51.19999969	1.93456800	0.96987830
51.27999969	1.93456800	0.96987830
51.35999969	1.93456800	0.79470200
51.43999969	1.93456800	0.96987830
51.51999969	1.97897300	0.96987830
51.59999969	1.93456800	0.96987830
51.67999969	1.93456800	0.96987830
51.75999969	1.93456800	0.96987830
51.83999968	1.93456800	0.79470200
51.91999968	1.93456800	0.96987830
51.99999968	1.93456800	0.96987830
52.07999968	1.93456800	0.96987830
52.15999968	1.93456800	0.96987830
52.23999968	1.97897300	0.79470200
52.31999968	1.93456800	0.96987830
52.39999968	1.93456800	0.96987830
52.47999968	1.97897300	3.07687600
52.55999968	2.06762900	10.44954000
52.63999968	1.84591200	4.48072800
52.71999968	1.93456800	6.76290200
52.79999968	1.93456800	5.88519000
52.87999968	1.93456800	6.06097600
52.95999968	1.93456800	6.06097600
53.03999968	1.93456800	6.06097600
53.11999968	1.93456800	6.06097600
53.19999968	1.93456800	6.06097600
53.27999968	1.93456800	5.88519000
53.35999968	1.93456800	6.06097600
53.43999968	1.93456800	6.06097600
53.51999967	1.93456800	6.06097600
53.59999967	1.93456800	6.06097600
53.67999967	1.93456800	5.88519000
53.75999967	1.93456800	6.06097600
53.83999967	1.93456800	5.71001300
53.91999967	1.93456800	6.23615200
53.99999967	1.93456800	5.88519000
54.07999967	1.97897300	6.06097600
54.15999967	1.97897300	6.23615200
54.23999967	1.97897300	6.23615200
54.31999967	1.97897300	9.04507500
54.39999967	1.93456800	6.23615200
54.47999967	1.97897300	6.23615200
54.55999967	1.93456800	6.06097600
54.63999967	1.97897300	6.23615200
54.71999967	1.97897300	6.06097600
54.79999967	1.97897300	6.06097600
54.87999967	1.97897300	6.06097600
54.95999967	1.97897300	6.06097600
55.03999967	1.97897300	5.88519000
55.11999967	1.97897300	6.06097600
55.19999966	1.97897300	6.06097600
55.27999966	1.97897300	5.88519000
55.35999966	1.97897300	5.88519000
55.43999966	1.97897300	6.06097600
55.51999966	1.97897300	5.88519000
55.59999966	1.97897300	5.88519000
55.67999966	1.97897300	5.88519000
55.75999966	2.02322500	5.88519000
55.83999966	1.97897300	5.88519000
55.91999966	1.97897300	5.88519000
55.99999966	2.02322500	5.88519000
56.07999966	1.97897300	5.88519000
56.15999966	1.97897300	5.71001300
56.23999966	2.02322500	5.88519000
56.31999966	2.02322500	5.71001300
56.39999966	1.97897300	5.71001300
56.47999966	1.97897300	5.71001300
56.55999966	1.97897300	5.71001300
56.63999966	2.02322500	5.71001300
56.71999966	1.97897300	5.71001300
56.79999965	1.97897300	5.71001300
56.87999965	2.02322500	5.71001300
56.95999965	1.97897300	5.71001300
57.03999965	2.02322500	5.53422600
57.11999965	1.97897300	5.53422600
57.19999965	2.02322500	5.53422600
57.27999965	1.97897300	5.53422600
57.35999965	1.97897300	5.53422600
57.43999965	2.02322500	5.53422600
57.51999965	1.97897300	5.53422600
57.59999965	2.02322500	5.53422600
57.67999965	2.02322500	5.35844000
57.75999965	1.97897300	4.12976500
57.83999965	2.02322500	4.30555200
57.91999965	2.02322500	4.30555200
57.99999965	1.97897300	4.30555200
58.07999965	2.02322500	4.12976500
58.15999965	1.97897300	4.12976500
58.23999965	2.02322500	4.30555200
58.31999965	1.97897300	4.30555200
58.39999965	1.97897300	4.12976500
58.47999964	1.97897300	4.12976500
58.55999964	1.97897300	4.12976500
58.63999964	1.97897300	4.12976500
58.71999964	1.97897300	4.12976500
58.79999964	2.02322500	4.12976500
58.87999964	2.02322500	4.12976500
58.95999964	2.02322500	4.12976500
59.03999964	1.97897300	4.12976500
59.11999964	1.97897300	4.12976500
59.19999964	1.97897300	4.12976500
59.27999964	2.02322500	4.12976500
59.35999964	1.97897300	4.12976500
59.43999964	1.97897300	4.12976500
59.51999964	1.97897300	4.12976500
59.59999964	1.97897300	4.12976500
59.67999964	1.97897300	4.12976500
59.75999964	1.97897300	4.12976500
59.83999964	1.97897300	4.12976500
59.91999964	1.97897300	4.12976500
59.99999964	1.97897300	4.12976500
60.07999963	1.97897300	4.12976500
60.15999963	1.93456800	4.12976500
60.23999963	1.97897300	4.12976500
60.31999963	1.93456800	4.12976500
60.39999963	1.93456800	3.95458800
60.47999963	1.93456800	4.12976500
60.55999963	1.93456800	4.12976500
60.63999963	1.93456800	4.12976500
60.71999963	1.93456800	4.12976500
60.79999963	1.93456800	4.12976500
60.87999963	1.93456800	4.12976500
60.95999963	1.93456800	3.95458800
61.03999963	1.93456800	4.12976500
61.11999963	1.93456800	4.12976500
61.19999963	1.93456800	4.12976500
61.27999963	1.93456800	4.12976500
61.35999963	1.93456800	4.12976500
61.43999963	1.93456800	4.12976500
61.51999963	1.93456800	3.95458800
61.59999963	1.93456800	3.95458800
61.67999963	1.93456800	4.12976500
61.75999962	1.93456800	4.12976500
61.83999962	1.93456800	4.12976500
61.91999962	1.93456800	3.95458800
61.99999962	1.93456800	4.12976500
62.07999962	1.97897300	3.95458800
62.15999962	1.93456800	4.12976500
62.23999962	1.93456800	3.95458800
62.31999962	1.93456800	3.95458800
62.39999962	1.93456800	3.95458800
62.47999962	1.93456800	3.95458800
62.55999962	1.93456800	3.95458800
62.63999962	1.93456800	3.95458800
62.71999962	1.93456800	3.95458800
62.79999962	1.93456800	3.95458800
62.87999962	1.93456800	3.95458800
62.95999962	1.93456800	3.95458800
63.03999962	1.93456800	3.95458800
63.11999962	1.93456800	3.95458800
63.19999962	1.93456800	3.95458800
63.27999962	1.93456800	3.95458800
63.35999961	1.93456800	3.95458800
63.43999961	1.93456800	3.95458800
63.51999961	1.93456800	3.77880200
63.59999961	1.93456800	3.95458800
63.67999961	1.93456800	3.95458800
63.75999961	1.93456800	3.95458800
63.83999961	1.93456800	3.95458800
63.91999961	1.93456800	3.95458800
63.99999961	1.93456800	3.95458800
64.07999961	1.93456800	3.95458800
64.15999961	1.93456800	3.95458800
64.23999961	1.93456800	3.77880200
64.31999961	1.93456800	3.77880200
64.39999961	1.93456800	3.95458800
64.47999961	1.93456800	3.95458800
64.55999961	1.93456800	3.77880200
64.63999961	1.93456800	3.95458800
64.71999961	1.93456800	3.95458800
64.79999961	1.93456800	3.95458800
64.87999961	1.93456800	3.95458800
64.95999961	1.93456800	3.77880200
65.03999960	1.93456800	3.77880200
65.11999960	1.93456800	3.95458800
65.19999960	1.93456800	3.77880200
65.27999960	1.93456800	3.95458800
65.35999960	1.93456800	3.95458800
65.43999960	1.93456800	3.77880200
65.51999960	1.93456800	3.95458800
65.59999960	1.97897300	3.95458800
65.67999960	1.93456800	3.77880200
65.75999960	1.93456800	3.95458800
65.83999960	1.93456800	3.77880200
65.91999960	1.93456800	3.95458800
65.99999960	1.93456800	3.95458800
66.07999960	1.93456800	3.77880200
66.15999960	1.93456800	3.77880200
66.23999960	1.93456800	3.95458800
66.31999960	1.93456800	3.77880200
66.39999960	1.93456800	3.95458800
66.47999960	1.93456800	3.77880200
66.55999960	1.93456800	3.77880200
66.63999959	1.93456800	3.77880200
66.71999959	1.93456800	3.77880200
66.79999959	1.93456800	3.95458800
66.87999959	1.93456800	3.77880200
66.95999959	1.93456800	3.77880200
67.03999959	1.93456800	3.77880200
67.11999959	1.93456800	3.77880200
67.19999959	1.93456800	3.77880200
67.27999959	1.93456800	3.77880200
67.35999959	1.93456800	3.77880200
67.43999959	1.97897300	3.95458800
67.51999959	1.93456800	3.77880200
67.59999959	1.93456800	3.77880200
67.67999959	1.93456800	3.77880200
67.75999959	1.93456800	3.77880200
67.83999959	1.89031600	10.09796000
67.91999959	2.06762900	2.72530300
67.99999959	1.93456800	5.18326400
68.07999959	1.93456800	3.95458800
68.15999959	1.93456800	4.30555200
68.23999959	1.97897300	4.12976500
68.31999958	1.93456800	3.95458800
68.39999958	1.97897300	2.55012700
68.47999958	1.93456800	0.26795250
68.55999958	1.97897300	0.09277627
68.63999958	1.93456800	0.26795250
68.71999958	1.97897300	-0.43336280
68.79999958	1.93456800	-0.78432570
68.87999958	1.93456800	-0.78432570
68.95999958	1.97897300	-0.78432570
69.03999958	1.93456800	-0.78432570
69.11999958	1.97897300	-0.78432570
69.19999958	2.02322500	-0.78432570
69.27999958	2.02322500	-0.78432570
69.35999958	1.97897300	-0.78432570
69.43999958	2.02322500	-0.78432570
69.51999958	2.02322500	-0.78432570
69.59999958	2.02322500	-0.78432570
69.67999958	2.02322500	-0.78432570
69.75999958	2.02322500	-0.78432570
69.83999958	2.02322500	-0.78432570
69.91999958	2.02322500	-0.78432570
69.99999957	2.02322500	-0.78432570
70.07999957	2.02322500	-0.78432570
70.15999957	2.02322500	-0.78432570
70.23999957	2.02322500	-0.78432570
70.31999957	2.02322500	-0.78432570
70.39999957	2.02322500	-0.78432570
70.47999957	2.02322500	-0.78432570
70.55999957	2.02322500	-0.78432570
70.63999957	2.02322500	-0.78432570
70.71999957	2.02322500	-0.78432570
70.79999957	2.02322500	-0.78432570
70.87999957	2.02322500	-0.78432570
70.95999957	2.02322500	-0.78432570
71.03999957	2.02322500	-0.78432570
71.11999957	2.02322500	-0.78432570
71.19999957	2.02322500	-0.78432570
71.27999957	2.02322500	-0.78432570
71.35999957	2.02322500	-0.78432570
71.43999957	2.02322500	-0.60914950
71.51999957	2.02322500	-0.78432570
71.59999956	2.02322500	-0.78432570
71.67999956	2.02322500	-0.78432570
71.75999956	2.02322500	-0.60914950
71.83999956	2.02322500	-0.60914950
71.91999956	2.02322500	-0.60914950
71.99999956	2.02322500	-0.60914950
72.07999956	2.02322500	-0.60914950
72.15999956	2.02322500	-0.60914950
72.23999956	2.02322500	-0.60914950
72.31999956	2.06762900	-0.43336280
72.39999956	2.02322500	-0.60914950
72.47999956	2.02322500	-0.43336280
72.55999956	2.02322500	-0.43336280
72.63999956	2.02322500	-0.43336280
72.71999956	2.02322500	-0.43336280
72.79999956	2.02322500	-0.25818660
72.87999956	2.02322500	-0.25818660
72.95999956	2.02322500	-0.08239998
73.03999956	2.02322500	0.26795250
73.11999956	2.02322500	0.61891540
73.19999956	2.02322500	0.61891540
73.27999955	2.02322500	0.61891540
73.35999955	2.02322500	0.61891540
73.43999955	2.02322500	0.61891540
73.51999955	2.02322500	0.61891540
73.59999955	2.02322500	0.61891540
73.67999955	2.02322500	0.79470200
73.75999955	2.02322500	0.79470200
73.83999955	2.02322500	0.61891540
73.91999955	2.02322500	0.61891540
73.99999955	2.02322500	0.79470200
74.07999955	2.02322500	0.79470200
74.15999955	2.02322500	0.79470200
74.23999955	2.02322500	0.79470200
74.31999955	1.97897300	0.79470200
74.39999955	2.02322500	0.79470200
74.47999955	2.02322500	0.79470200
74.55999955	1.97897300	0.79470200
74.63999955	2.02322500	0.79470200
74.71999955	1.97897300	0.79470200
74.79999955	1.97897300	0.79470200
74.87999954	1.97897300	0.79470200
74.95999954	2.02322500	0.79470200
75.03999954	1.97897300	0.79470200
75.11999954	1.97897300	0.79470200
75.19999954	1.97897300	0.79470200
75.27999954	1.97897300	0.79470200
75.35999954	2.02322500	0.79470200
75.43999954	1.97897300	0.79470200
75.51999954	1.97897300	0.79470200
75.59999954	1.97897300	0.79470200
75.67999954	1.97897300	0.79470200
75.75999954	1.97897300	0.79470200
75.83999954	1.97897300	0.96987830
75.91999954	1.97897300	0.79470200
75.99999954	1.97897300	0.79470200
76.07999954	1.97897300	0.79470200
76.15999954	1.97897300	0.79470200
76.23999954	1.97897300	0.79470200
76.31999954	1.97897300	0.96987830
76.39999954	1.97897300	0.79470200
76.47999954	1.93456800	0.79470200
76.55999953	1.97897300	0.79470200
76.63999953	1.93456800	0.79470200
76.71999953	1.93456800	0.79470200
76.79999953	1.93456800	0.79470200
76.87999953	1.93456800	0.79470200
76.95999953	1.93456800	0.96987830
77.03999953	1.93456800	0.79470200
77.11999953	1.93456800	0.79470200
77.19999953	1.97897300	0.96987830
77.27999953	1.97897300	0.79470200
77.35999953	1.93456800	0.96987830
77.43999953	1.93456800	0.79470200
77.51999953	1.93456800	0.96987830
77.59999953	1.93456800	0.79470200
77.67999953	1.97897300	0.79470200
77.75999953	1.93456800	0.96987830
77.83999953	1.97897300	0.96987830
77.91999953	1.97897300	0.79470200
77.99999953	1.97897300	0.96987830
78.07999953	1.93456800	0.79470200
78.15999952	1.93456800	0.79470200
78.23999952	1.93456800	0.96987830
78.31999952	1.93456800	0.96987830
78.39999952	1.93456800	0.96987830
78.47999952	1.97897300	0.79470200
78.55999952	1.93456800	0.96987830
78.63999952	1.97897300	0.96987830
78.71999952	1.93456800	0.96987830
78.79999952	1.97897300	0.96987830
78.87999952	1.93456800	0.79470200
78.95999952	1.93456800	0.96987830
79.03999952	1.93456800	0.79470200
79.11999952	1.93456800	0.96987830
79.19999952	1.93456800	0.79470200
79.27999952	1.93456800	0.79470200
79.35999952	1.97897300	0.96987830
79.43999952	1.93456800	0.79470200
79.51999952	1.93456800	0.96987830
79.59999952	1.93456800	0.96987830
79.67999952	1.93456800	0.96987830
79.75999952	1.93456800	0.79470200
79.83999951	1.93456800	0.96987830
79.91999951	1.93456800	0.96987830
79.99999951	1.97897300	0.96987830
80.07999951	1.93456800	0.96987830
80.15999951	1.97897300	0.96987830
80.23999951	1.93456800	0.96987830
80.31999951	1.93456800	0.96987830
80.39999951	1.93456800	0.79470200
80.47999951	1.97897300	0.96987830
80.55999951	1.93456800	0.96987830
80.63999951	1.93456800	0.96987830
80.71999951	1.93456800	0.96987830
80.79999951	1.93456800	0.96987830
80.87999951	1.93456800	0.96987830
80.95999951	1.93456800	0.96987830
81.03999951	1.89031600	13.25785000
81.11999951	1.93456800	6.23615200
81.19999951	1.89031600	6.41193900
81.27999951	1.93456800	6.06097600
81.35999951	1.93456800	6.06097600
81.43999951	1.93456800	6.06097600
81.51999950	1.93456800	6.06097600
81.59999950	1.93456800	6.06097600
81.67999950	1.93456800	6.06097600
81.75999950	1.93456800	6.06097600
81.83999950	1.93456800	5.88519000
81.91999950	1.93456800	6.06097600
81.99999950	1.93456800	6.06097600
82.07999950	1.93456800	6.06097600
82.15999950	1.93456800	6.06097600
82.23999950	1.93456800	6.06097600
82.31999950	1.93456800	5.88519000
82.39999950	1.93456800	5.88519000
82.47999950	1.93456800	6.06097600
82.55999950	1.97897300	6.06097600
82.63999950	1.97897300	6.06097600
82.71999950	1.97897300	6.23615200
82.79999950	1.93456800	8.69411300
82.87999950	1.97897300	7.99157700
82.95999950	1.97897300	5.53422600
83.03999950	1.97897300	6.23615200
83.11999949	1.97897300	6.06097600
83.19999949	1.97897300	6.06097600
83.27999949	1.97897300	5.88519000
83.35999949	1.97897300	5.88519000
83.43999949	1.97897300	6.06097600
83.51999949	1.97897300	5.88519000
83.59999949	1.97897300	5.88519000
83.67999949	1.97897300	5.88519000
83.75999949	1.97897300	5.88519000
83.83999949	1.97897300	5.88519000
83.91999949	1.97897300	5.88519000
83.99999949	1.97897300	5.88519000
84.07999949	1.97897300	5.88519000
84.15999949	1.97897300	5.88519000
84.23999949	1.97897300	5.88519000
84.31999949	1.97897300	5.88519000
84.39999949	1.97897300	5.88519000
84.47999949	2.02322500	5.88519000
84.55999949	1.97897300	5.88519000
84.63999949	1.97897300	5.88519000
84.71999949	1.97897300	5.71001300
84.79999948	2.02322500	5.88519000
84.87999948	2.02322500	5.88519000
84.95999948	2.02322500	5.88519000
85.03999948	2.02322500	5.71001300
85.11999948	1.97897300	5.71001300
85.19999948	2.02322500	5.71001300
85.27999948	2.02322500	5.71001300
85.35999948	1.97897300	5.71001300
85.43999948	2.02322500	5.53422600
85.51999948	2.02322500	5.71001300
85.59999948	1.97897300	5.53422600
85.67999948	1.97897300	5.71001300
85.75999948	1.97897300	5.53422600
85.83999948	1.97897300	5.53422600
85.91999948	1.97897300	5.53422600
85.99999948	1.97897300	5.53422600
86.07999948	2.02322500	5.53422600
86.15999948	2.02322500	5.35844000
86.23999948	2.02322500	5.00747700
86.31999948	2.02322500	4.12976500
86.39999947	2.02322500	4.30555200
86.47999947	2.02322500	4.12976500
86.55999947	2.02322500	4.30555200
86.63999947	2.02322500	4.30555200
86.71999947	1.97897300	4.30555200
86.79999947	2.02322500	4.12976500
86.87999947	1.97897300	4.30555200
86.95999947	2.02322500	4.12976500
87.03999947	1.97897300	4.12976500
87.11999947	1.97897300	4.12976500
87.19999947	1.97897300	4.12976500
87.27999947	1.97897300	4.12976500
87.35999947	1.97897300	4.12976500
87.43999947	1.97897300	4.12976500
87.51999947	2.02322500	4.12976500
87.59999947	1.97897300	4.12976500
87.67999947	1.97897300	4.12976500
87.75999947	1.97897300	4.12976500
87.83999947	1.97897300	4.12976500
87.91999947	1.97897300	4.12976500
87.99999947	1.97897300	4.12976500
88.07999946	1.97897300	4.12976500
88.15999946	1.97897300	4.12976500
88.23999946	1.97897300	4.12976500
88.31999946	1.97897300	4.12976500
88.39999946	1.97897300	4.12976500
88.47999946	1.93456800	4.12976500
88.55999946	1.93456800	4.12976500
88.63999946	1.93456800	4.12976500
88.71999946	1.93456800	4.12976500
88.79999946	1.93456800	4.12976500
88.87999946	1.93456800	4.12976500
88.95999946	1.93456800	4.12976500
89.03999946	1.93456800	4.12976500
89.11999946	1.93456800	4.12976500
89.19999946	1.93456800	4.12976500
89.27999946	1.97897300	4.12976500
89.35999946	1.93456800	4.12976500
89.43999946	1.93456800	4.12976500
89.51999946	1.93456800	4.12976500
89.59999946	1.93456800	3.95458800
89.67999945	1.93456800	3.95458800
89.75999945	1.93456800	4.12976500
89.83999945	1.93456800	4.12976500
89.91999945	1.93456800	3.95458800
89.99999945	1.93456800	4.12976500
90.07999945	1.93456800	3.95458800
90.15999945	1.93456800	3.95458800
90.23999945	1.93456800	4.12976500
90.31999945	1.93456800	3.95458800
90.39999945	1.93456800	3.95458800
90.47999945	1.93456800	4.12976500
90.55999945	1.93456800	3.95458800
90.63999945	1.93456800	3.95458800
90.71999945	1.93456800	3.95458800
90.79999945	1.93456800	3.95458800
90.87999945	1.93456800	3.95458800
90.95999945	1.93456800	3.95458800
91.03999945	1.93456800	3.95458800
91.11999945	1.93456800	3.95458800
91.19999945	1.93456800	3.95458800
91.27999945	1.93456800	3.95458800
91.35999944	1.97897300	3.95458800
91.43999944	1.93456800	3.95458800
91.51999944	1.93456800	3.95458800
91.59999944	1.93456800	3.95458800
91.67999944	1.93456800	3.95458800
91.75999944	1.93456800	3.95458800
91.83999944	1.93456800	3.95458800
91.91999944	1.93456800	3.95458800
91.99999944	1.93456800	3.95458800
92.07999944	1.93456800	3.95458800
92.15999944	1.93456800	3.95458800
92.23999944	1.93456800	3.95458800
92.31999944	1.93456800	3.95458800
92.39999944	1.93456800	3.95458800
92.47999944	1.93456800	3.95458800
92.55999944	1.93456800	3.95458800
92.63999944	1.93456800	3.95458800
92.71999944	1.93456800	3.95458800
92.79999944	1.93456800	3.95458800
92.87999944	1.93456800	3.95458800
92.95999944	1.93456800	3.95458800
93.03999943	1.93456800	3.95458800
93.11999943	1.93456800	3.95458800
93.19999943	1.93456800	3.77880200
93.27999943	1.97897300	3.95458800
93.35999943	1.93456800	3.95458800
93.43999943	1.93456800	3.95458800
93.51999943	1.93456800	3.77880200
93.59999943	1.93456800	3.95458800
93.67999943	1.93456800	3.77880200
93.75999943	1.93456800	3.95458800
93.83999943	1.93456800	3.77880200
93.91999943	1.93456800	3.95458800
93.99999943	1.93456800	3.77880200
94.07999943	1.93456800	3.77880200
94.15999943	1.93456800	3.95458800
94.23999943	1.93456800	3.77880200
94.31999943	1.93456800	3.95458800
94.39999943	1.93456800	3.77880200
94.47999943	1.93456800	3.95458800
94.55999943	1.93456800	3.95458800
94.63999942	1.93456800	3.77880200
94.71999942	1.93456800	3.77880200
94.79999942	1.93456800	3.95458800
94.87999942	1.93456800	3.95458800
94.95999942	1.93456800	3.95458800
95.03999942	1.93456800	3.95458800
95.11999942	1.93456800	3.95458800
95.19999942	1.93456800	3.77880200
95.27999942	1.93456800	3.77880200
95.35999942	1.93456800	3.95458800
95.43999942	1.93456800	3.77880200
95.51999942	1.93456800	3.77880200
95.59999942	1.93456800	3.77880200
95.67999942	1.93456800	3.77880200
95.75999942	1.93456800	3.77880200
95.83999942	1.93456800	3.77880200
95.91999942	1.93456800	3.77880200
95.99999942	1.93456800	3.77880200
96.07999942	1.93456800	3.77880200
96.15999942	1.93456800	3.77880200
96.23999942	1.97897300	5.00747700
96.31999941	2.02322500	7.46482800
96.39999941	1.93456800	3.07687600
96.47999941	1.97897300	4.65651400
96.55999941	1.93456800	4.12976500
96.63999941	1.93456800	4.30555200
96.71999941	1.93456800	4.12976500
96.79999941	1.97897300	3.60301500
96.87999941	1.97897300	0.26795250
96.95999941	1.93456800	0.26795250
97.03999941	1.97897300	0.09277627
97.11999941	1.93456800	0.09277627
97.19999941	1.97897300	-0.78432570
97.27999941	1.93456800	-0.78432570
97.35999941	1.97897300	-0.78432570
97.43999941	1.97897300	-0.78432570
97.51999941	1.93456800	-0.78432570
97.59999941	2.02322500	-0.78432570
97.67999941	2.02322500	-0.78432570
97.75999941	2.02322500	-0.78432570
97.83999941	2.02322500	-0.78432570
97.91999940	1.97897300	-0.78432570
97.99999940	2.02322500	-0.78432570
98.07999940	2.02322500	-0.78432570
98.15999940	2.02322500	-0.78432570
98.23999940	2.02322500	-0.78432570
98.31999940	2.02322500	-0.78432570
98.39999940	2.02322500	-0.78432570
98.47999940	2.02322500	-0.78432570
98.55999940	2.02322500	-0.78432570
98.63999940	2.02322500	-0.78432570
98.71999940	2.02322500	-0.78432570
98.79999940	2.02322500	-0.78432570
98.87999940	2.02322500	-0.78432570
98.95999940	2.02322500	-0.78432570
99.03999940	2.02322500	-0.78432570
99.11999940	2.02322500	-0.78432570
99.19999940	2.02322500	-0.78432570
99.27999940	2.02322500	-0.78432570
99.35999940	2.02322500	-0.78432570
99.43999940	2.02322500	-0.78432570
99.51999940	2.02322500	-0.78432570
99.59999939	2.02322500	-0.78432570
99.67999939	2.02322500	-0.78432570
99.75999939	2.02322500	-0.78432570
99.83999939	2.02322500	-0.78432570
99.91999939	2.02322500	-0.78432570
99.99999939	2.02322500	-0.78432570
100.07999939	2.02322500	-0.60914950
100.15999939	2.02322500	-0.78432570
100.23999939	2.02322500	-0.78432570
100.31999939	2.02322500	-0.60914950
100.39999939	2.02322500	-0.78432570
100.47999939	2.02322500	-0.60914950
100.55999939	2.02322500	-0.60914950
100.63999939	2.02322500	-0.60914950
100.71999939	2.02322500	-0.60914950
100.79999939	2.02322500	-0.43336280
100.87999939	2.02322500	-0.43336280
100.95999939	2.02322500	-0.43336280
101.03999939	2.02322500	-0.43336280
101.11999939	2.02322500	-0.43336280
101.19999938	2.02322500	-0.43336280
101.27999938	2.02322500	-0.25818660
101.35999938	2.02322500	-0.08239998
101.43999938	2.02322500	0.26795250
101.51999938	2.02322500	0.44373910
101.59999938	2.02322500	0.61891540
101.67999938	2.02322500	0.61891540
101.75999938	2.02322500	0.79470200
101.83999938	2.02322500	0.61891540
101.91999938	2.02322500	0.79470200
101.99999938	2.02322500	0.79470200
102.07999938	2.02322500	0.79470200
102.15999938	2.02322500	0.79470200
102.23999938	2.02322500	0.79470200
102.31999938	2.02322500	0.79470200
102.39999938	2.02322500	0.79470200
102.47999938	2.02322500	0.61891540
102.55999938	2.02322500	0.79470200
102.63999938	2.02322500	0.79470200
102.71999938	2.02322500	0.79470200
102.79999938	2.02322500	0.79470200
102.87999937	2.02322500	0.79470200
102.95999937	1.97897300	0.79470200
103.03999937	2.02322500	0.79470200
103.11999937	1.97897300	0.79470200
103.19999937	1.97897300	0.79470200
103.27999937	2.02322500	0.96987830
103.35999937	2.02322500	0.79470200
103.43999937	1.97897300	0.79470200
103.51999937	1.97897300	0.79470200
103.59999937	1.97897300	0.79470200
103.67999937	1.97897300	0.79470200
103.75999937	1.97897300	0.79470200
103.83999937	1.97897300	0.79470200
103.91999937	1.97897300	0.79470200
103.99999937	1.97897300	0.79470200
104.07999937	1.97897300	0.79470200
104.15999937	1.97897300	0.79470200
104.23999937	1.97897300	0.79470200
104.31999937	1.97897300	0.79470200
104.39999937	1.97897300	0.79470200
104.47999937	1.97897300	0.79470200
104.55999936	1.97897300	0.96987830
104.63999936	1.97897300	0.79470200
104.71999936	1.93456800	0.79470200
104.79999936	1.93456800	0.79470200
104.87999936	1.93456800	0.79470200
104.95999936	1.93456800	0.79470200
105.03999936	1.93456800	0.79470200
105.11999936	1.97897300	0.96987830
105.19999936	1.93456800	0.79470200
105.27999936	1.93456800	0.79470200
105.35999936	1.97897300	0.79470200
105.43999936	1.93456800	0.79470200
105.51999936	1.97897300	0.96987830
105.59999936	1.93456800	0.79470200
105.67999936	1.93456800	0.79470200
105.75999936	1.93456800	0.79470200
105.83999936	1.93456800	0.96987830
105.91999936	1.93456800	0.79470200
105.99999936	1.93456800	0.79470200
106.07999936	1.93456800	0.79470200
106.15999935	1.93456800	0.79470200
106.23999935	1.93456800	0.79470200
106.31999935	1.97897300	0.96987830
106.39999935	1.93456800	0.96987830
106.47999935	1.93456800	0.79470200
106.55999935	1.97897300	0.96987830
106.63999935	1.93456800	0.96987830
106.71999935	1.93456800	0.79470200
106.79999935	1.97897300	0.96987830
106.87999935	1.93456800	0.79470200
106.95999935	1.93456800	0.79470200
107.03999935	1.93456800	0.79470200
107.11999935	1.93456800	0.96987830
107.19999935	1.97897300	0.79470200
107.27999935	1.97897300	0.96987830
107.35999935	1.93456800	0.96987830
107.43999935	1.93456800	0.96987830
107.51999935	1.97897300	0.96987830
107.59999935	1.93456800	0.96987830
107.67999935	1.93456800	0.79470200
107.75999935	1.93456800	0.96987830
107.83999934	1.93456800	0.96987830
107.91999934	1.93456800	0.96987830
107.99999934	1.93456800	0.96987830
108.07999934	1.97897300	0.96987830
108.15999934	1.93456800	0.79470200
108.23999934	1.97897300	0.96987830
108.31999934	1.93456800	0.79470200
108.39999934	1.93456800	0.79470200
108.47999934	1.93456800	0.96987830
108.55999934	1.93456800	0.79470200
108.63999934	1.93456800	0.96987830
108.71999934	1.93456800	0.96987830
108.79999934	1.97897300	0.96987830
108.87999934	1.93456800	0.79470200
108.95999934	1.93456800	0.96987830
109.03999934	1.93456800	0.96987830
109.11999934	1.93456800	0.96987830
109.19999934	1.93456800	0.96987830
109.27999934	1.93456800	0.96987830
109.35999934	1.93456800	0.96987830
109.43999933	1.93456800	1.49662800
109.51999933	2.02322500	10.80050000
109.59999933	1.89031600	4.48072800
109.67999933	1.93456800	6.93868800
109.75999933	1.97897300	5.88519000
109.83999933	1.93456800	6.06097600
109.91999933	1.93456800	5.88519000
109.99999933	1.93456800	6.06097600
110.07999933	1.93456800	6.06097600
110.15999933	1.93456800	6.06097600
110.23999933	1.93456800	6.06097600
110.31999933	1.93456800	5.88519000
110.39999933	1.93456800	6.06097600
110.47999933	1.93456800	5.88519000
110.55999933	1.93456800	5.88519000
110.63999933	1.93456800	5.88519000
110.71999933	1.93456800	5.88519000
110.79999933	1.93456800	5.53422600
110.87999933	1.93456800	6.23615200
110.95999933	1.93456800	5.88519000
111.03999933	1.93456800	6.06097600
111.11999932	1.97897300	6.06097600
111.19999932	1.93456800	6.58711500
111.27999932	1.97897300	9.22025200
111.35999932	1.97897300	5.53422600
111.43999932	1.97897300	6.58711500
111.51999932	1.93456800	5.88519000
111.59999932	1.97897300	6.23615200
111.67999932	1.93456800	6.06097600
111.75999932	1.97897300	6.06097600
111.83999932	1.97897300	5.88519000
111.91999932	1.97897300	5.88519000
111.99999932	1.97897300	6.06097600
112.07999932	1.97897300	5.88519000
112.15999932	1.97897300	5.88519000
112.23999932	1.97897300	5.88519000
112.31999932	1.97897300	5.88519000
112.39999932	1.97897300	5.88519000
112.47999932	1.97897300	5.88519000
112.55999932	1.97897300	5.88519000
112.63999932	1.97897300	5.88519000
112.71999931	1.97897300	5.88519000
112.79999931	2.02322500	5.88519000
112.87999931	1.97897300	5.88519000
112.95999931	1.97897300	5.88519000
113.03999931	1.97897300	5.88519000
113.11999931	1.97897300	5.71001300
113.19999931	1.97897300	5.71001300
113.27999931	1.97897300	5.88519000
113.35999931	1.97897300	5.88519000
113.43999931	2.02322500	5.71001300
113.51999931	1.97897300	5.71001300
113.59999931	2.02322500	5.71001300
113.67999931	2.02322500	5.53422600
113.75999931	2.02322500	5.71001300
113.83999931	2.02322500	5.71001300
113.91999931	2.02322500	5.71001300
113.99999931	2.02322500	5.71001300
114.07999931	1.97897300	5.53422600
114.15999931	1.97897300	5.53422600
114.23999931	1.97897300	5.53422600
114.31999931	1.97897300	5.53422600
114.39999930	1.97897300	5.53422600
114.47999930	1.97897300	5.53422600
114.55999930	2.02322500	5.53422600
114.63999930	1.97897300	5.18326400
114.71999930	1.97897300	4.12976500
114.79999930	2.02322500	4.30555200
114.87999930	2.02322500	4.12976500
114.95999930	1.97897300	4.30555200
115.03999930	1.97897300	4.30555200
115.11999930	2.02322500	4.12976500
115.19999930	1.97897300	4.12976500
115.27999930	2.02322500	4.12976500
115.35999930	2.02322500	4.12976500
115.43999930	1.97897300	4.12976500
115.51999930	2.02322500	4.12976500
115.59999930	1.97897300	4.30555200
115.67999930	1.97897300	4.12976500
115.75999930	1.97897300	4.12976500
115.83999930	1.97897300	4.12976500
115.91999930	1.97897300	4.12976500
115.99999930	1.97897300	4.12976500
116.07999929	1.97897300	4.12976500
116.15999929	1.97897300	4.12976500
116.23999929	1.97897300	4.12976500
116.31999929	1.97897300	4.12976500
116.39999929	1.97897300	4.12976500
116.47999929	1.97897300	4.12976500
116.55999929	1.97897300	4.12976500
116.63999929	1.97897300	4.12976500
116.71999929	1.97897300	4.12976500
116.79999929	1.97897300	4.12976500
116.87999929	1.93456800	4.12976500
116.95999929	1.93456800	4.12976500
117.03999929	1.97897300	4.12976500
117.11999929	1.97897300	4.12976500
117.19999929	1.97897300	3.95458800
117.27999929	1.93456800	4.12976500
117.35999929	1.93456800	3.95458800
117.43999929	1.97897300	4.12976500
117.51999929	1.93456800	3.95458800
117.59999929	1.93456800	3.95458800
117.67999928	1.93456800	3.95458800
117.75999928	1.93456800	4.12976500
117.83999928	1.93456800	3.95458800
117.91999928	1.93456800	4.12976500
117.99999928	1.93456800	3.95458800
118.07999928	1.93456800	4.12976500
118.15999928	1.93456800	4.12976500
118.23999928	1.93456800	4.12976500
118.31999928	1.93456800	4.12976500
118.39999928	1.93456800	3.95458800
118.47999928	1.93456800	3.95458800
118.55999928	1.93456800	3.95458800
118.63999928	1.93456800	3.95458800
118.71999928	1.93456800	3.95458800
118.79999928	1.93456800	4.12976500
118.87999928	1.93456800	3.95458800
118.95999928	1.93456800	3.95458800
119.03999928	1.93456800	3.95458800
119.11999928	1.93456800	3.95458800
119.19999928	1.93456800	3.95458800
119.27999928	1.93456800	3.95458800
119.35999927	1.93456800	3.95458800
119.43999927	1.93456800	3.95458800
119.51999927	1.93456800	3.95458800
119.59999927	1.93456800	3.95458800
119.67999927	1.93456800	3.95458800
119.75999927	1.93456800	3.95458800
119.83999927	1.93456800	3.95458800
119.91999927	1.93456800	3.95458800
119.99999927	1.93456800	3.95458800
120.07999927	1.93456800	3.95458800
120.15999927	1.93456800	3.95458800
120.23999927	1.93456800	3.95458800
120.31999927	1.93456800	3.95458800
120.39999927	1.93456800	3.95458800
120.47999927	1.93456800	3.95458800
120.55999927	1.93456800	3.77880200
120.63999927	1.93456800	3.95458800
120.71999927	1.93456800	3.95458800
120.79999927	1.93456800	3.95458800
120.87999927	1.93456800	3.95458800
120.95999926	1.93456800	3.95458800
121.03999926	1.93456800	3.95458800
121.11999926	1.93456800	3.95458800
121.19999926	1.93456800	3.95458800
121.27999926	1.93456800	3.95458800
121.35999926	1.93456800	3.77880200
121.43999926	1.93456800	3.95458800
121.51999926	1.93456800	3.95458800
121.59999926	1.97897300	3.77880200
121.67999926	1.93456800	3.95458800
121.75999926	1.93456800	3.77880200
121.83999926	1.93456800	3.95458800
121.91999926	1.93456800	3.95458800
121.99999926	1.97897300	3.95458800
122.07999926	1.93456800	3.77880200
122.15999926	1.93456800	3.77880200
122.23999926	1.93456800	3.77880200
122.31999926	1.93456800	3.95458800
122.39999926	1.93456800	3.77880200
122.47999926	1.93456800	3.95458800
122.55999926	1.93456800	3.77880200
122.63999925	1.93456800	3.95458800
122.71999925	1.93456800	3.77880200
122.79999925	1.93456800	3.77880200
122.87999925	1.93456800	3.77880200
122.95999925	1.93456800	3.95458800
123.03999925	1.93456800	3.77880200
123.11999925	1.93456800	3.77880200
123.19999925	1.93456800	3.77880200
123.27999925	1.93456800	3.77880200
123.35999925	1.93456800	3.95458800
123.43999925	1.93456800	3.95458800
123.51999925	1.93456800	3.95458800
123.59999925	1.93456800	3.77880200
123.67999925	1.93456800	3.77880200
123.75999925	1.93456800	3.95458800
123.83999925	1.93456800	3.77880200
123.91999925	1.93456800	3.77880200
123.99999925	1.93456800	3.95458800
124.07999925	1.93456800	3.77880200
124.15999925	1.93456800	3.77880200
124.23999924	1.93456800	3.77880200
124.31999924	1.93456800	3.77880200
124.39999924	1.93456800	3.77880200
124.47999924	1.93456800	3.77880200
124.55999924	1.93456800	3.77880200
124.63999924	1.93456800	3.95458800
124.71999924	1.93456800	3.77880200
124.79999924	1.89031600	8.51832700
124.87999924	1.97897300	2.55012700
124.95999924	1.93456800	5.00747700
125.03999924	1.97897300	3.77880200
125.11999924	1.93456800	4.48072800
125.19999924	1.93456800	4.12976500
125.27999924	1.93456800	3.95458800
125.35999924	1.93456800	1.14566500
125.43999924	1.93456800	0.09277627
125.51999924	1.93456800	0.26795250
125.59999924	1.93456800	0.09277627
125.67999924	1.93456800	-0.78432570
125.75999924	1.97897300	-0.96011230
125.83999924	1.93456800	-0.78432570
125.91999923	1.93456800	-0.78432570
125.99999923	1.93456800	-0.78432570
126.07999923	1.97897300	-0.78432570
126.15999923	1.97897300	-0.78432570
126.23999923	2.02322500	-0.78432570
126.31999923	2.02322500	-0.78432570
126.39999923	2.02322500	-0.78432570
126.47999923	2.02322500	-0.78432570
126.55999923	2.02322500	-0.78432570
126.63999923	2.02322500	-0.78432570
126.71999923	2.02322500	-0.78432570
126.79999923	1.97897300	-0.78432570
126.87999923	2.02322500	-0.78432570
126.95999923	2.02322500	-0.78432570
127.03999923	2.02322500	-0.78432570
127.11999923	2.02322500	-0.78432570
127.19999923	2.02322500	-0.78432570
127.27999923	2.02322500	-0.78432570
127.35999923	2.02322500	-0.78432570
127.43999923	2.02322500	-0.78432570
127.51999923	2.02322500	-0.78432570
127.59999922	2.02322500	-0.78432570
127.67999922	2.02322500	-0.78432570
127.75999922	2.02322500	-0.78432570
127.83999922	2.02322500	-0.78432570
127.91999922	2.02322500	-0.78432570
127.99999922	2.02322500	-0.78432570
128.07999922	2.02322500	-0.78432570
128.15999922	2.02322500	-0.78432570
128.23999922	2.02322500	-0.78432570
128.31999922	2.02322500	-0.78432570
128.39999922	2.02322500	-0.60914950
128.47999922	2.02322500	-0.60914950
128.55999922	2.02322500	-0.78432570
128.63999922	2.02322500	-0.78432570
128.71999922	2.02322500	-0.60914950
128.79999922	2.02322500	-0.60914950
128.87999922	2.02322500	-0.60914950
128.95999922	2.02322500	-0.60914950
129.03999922	2.02322500	-0.60914950
129.11999922	2.02322500	-0.60914950
129.19999921	2.02322500	-0.60914950
129.27999921	2.02322500	-0.60914950
129.35999921	2.06762900	-0.43336280
129.43999921	2.02322500	-0.43336280
129.51999921	2.02322500	-0.43336280
129.59999921	2.02322500	-0.43336280
129.67999921	2.02322500	-0.25818660
129.75999921	2.02322500	-0.43336280
129.83999921	2.02322500	-0.08239998
129.91999921	2.02322500	0.09277627
129.99999921	2.02322500	0.26795250
130.07999921	2.02322500	0.61891540
130.15999921	2.02322500	0.61891540
130.23999921	2.02322500	0.61891540
130.31999921	2.02322500	0.79470200
130.39999921	2.02322500	0.79470200
130.47999921	2.02322500	0.61891540
130.55999921	2.02322500	0.79470200
130.63999921	2.02322500	0.79470200
130.71999921	2.02322500	0.79470200
130.79999921	2.02322500	0.79470200
130.87999920	2.02322500	0.79470200
130.95999920	2.02322500	0.79470200
131.03999920	2.02322500	0.79470200
131.11999920	2.02322500	0.79470200
131.19999920	2.02322500	0.79470200
131.27999920	2.02322500	0.79470200
131.35999920	2.02322500	0.79470200
131.43999920	2.02322500	0.79470200
131.51999920	2.02322500	0.79470200
131.59999920	2.02322500	0.79470200
131.67999920	2.02322500	0.79470200
131.75999920	2.02322500	0.79470200
131.83999920	2.02322500	0.79470200
131.91999920	2.02322500	0.79470200
131.99999920	2.02322500	0.79470200
132.07999920	2.02322500	0.79470200
132.15999920	1.97897300	0.79470200
132.23999920	2.02322500	0.79470200
132.31999920	1.97897300	0.79470200
132.39999920	1.97897300	0.79470200
132.47999919	1.97897300	0.79470200
132.55999919	1.97897300	0.79470200
132.63999919	1.97897300	0.79470200
132.71999919	1.97897300	0.79470200
132.79999919	1.97897300	0.79470200
132.87999919	1.97897300	0.79470200
132.95999919	1.97897300	0.79470200
133.03999919	1.97897300	0.79470200
133.11999919	1.93456800	0.79470200
133.19999919	1.97897300	0.79470200
133.27999919	1.97897300	0.96987830
133.35999919	1.97897300	0.79470200
133.43999919	1.93456800	0.96987830
133.51999919	1.93456800	0.96987830
133.59999919	1.93456800	0.79470200
133.67999919	1.93456800	0.79470200
133.75999919	1.97897300	0.79470200
133.83999919	1.93456800	0.79470200
133.91999919	1.93456800	0.96987830
133.99999919	1.93456800	0.79470200
134.07999919	1.97897300	0.79470200
134.15999918	1.93456800	0.96987830
134.23999918	1.93456800	0.96987830
134.31999918	1.93456800	0.79470200
134.39999918	1.97897300	0.79470200
134.47999918	1.93456800	0.79470200
134.55999918	1.93456800	0.79470200
134.63999918	1.97897300	0.96987830
134.71999918	1.93456800	0.79470200
134.79999918	1.93456800	0.79470200
134.87999918	1.93456800	0.96987830
134.95999918	1.93456800	0.79470200
135.03999918	1.97897300	0.96987830
135.11999918	1.93456800	0.96987830
135.19999918	1.93456800	0.79470200
135.27999918	1.93456800	0.79470200
135.35999918	1.93456800	0.79470200
135.43999918	1.93456800	0.96987830
135.51999918	1.93456800	0.96987830
135.59999918	1.93456800	0.96987830
135.67999918	1.93456800	0.79470200
135.75999917	1.93456800	0.79470200
135.83999917	1.97897300	0.79470200
135.91999917	1.93456800	0.96987830
135.99999917	1.97897300	0.96987830
136.07999917	1.93456800	0.96987830
136.15999917	1.93456800	0.79470200
136.23999917	1.93456800	0.96987830
136.31999917	1.93456800	0.96987830
136.39999917	1.93456800	0.96987830
136.47999917	1.93456800	0.96987830
136.55999917	1.93456800	0.96987830
136.63999917	1.93456800	0.96987830
136.71999917	1.93456800	0.96987830
136.79999917	1.93456800	0.96987830
136.87999917	1.93456800	0.79470200
136.95999917	1.93456800	0.96987830
137.03999917	1.93456800	0.96987830
137.11999917	1.93456800	0.96987830
137.19999917	1.93456800	0.96987830
137.27999917	1.93456800	0.96987830
137.35999917	1.97897300	0.96987830
137.43999916	1.93456800	0.96987830
137.51999916	1.93456800	0.96987830
137.59999916	1.97897300	0.96987830
137.67999916	1.93456800	0.96987830
137.75999916	1.93456800	0.96987830
137.83999916	1.93456800	0.96987830
137.91999916	1.93456800	0.96987830
137.99999916	1.97897300	9.74700200
138.07999916	1.84591200	9.04507500
138.15999916	1.97897300	5.00747700
138.23999916	1.93456800	6.41193900
138.31999916	1.93456800	5.88519000
138.39999916	1.93456800	6.23615200
138.47999916	1.93456800	6.06097600
138.55999916	1.93456800	6.06097600
138.63999916	1.93456800	6.06097600
138.71999916	1.93456800	6.06097600
138.79999916	1.93456800	6.06097600
138.87999916	1.93456800	6.06097600
138.95999916	1.93456800	6.06097600
139.03999915	1.93456800	6.06097600
139.11999915	1.93456800	6.06097600
139.19999915	1.93456800	6.06097600
139.27999915	1.93456800	6.06097600
139.35999915	1.93456800	5.71001300
139.43999915	1.93456800	6.23615200
139.51999915	1.97897300	6.06097600
139.59999915	1.97897300	6.23615200
139.67999915	1.97897300	6.06097600
139.75999915	1.97897300	7.81640100
139.83999915	1.93456800	9.04507500
139.91999915	1.97897300	4.83230100
139.99999915	1.93456800	6.76290200
140.07999915	1.97897300	5.88519000
140.15999915	1.97897300	6.23615200
140.23999915	1.97897300	6.06097600
140.31999915	1.97897300	6.06097600
140.39999915	1.97897300	6.06097600
140.47999915	1.97897300	6.06097600
140.55999915	1.97897300	5.88519000
140.63999915	1.97897300	5.88519000
140.71999914	2.02322500	5.88519000
140.79999914	1.97897300	5.88519000
140.87999914	1.97897300	5.88519000
140.95999914	1.97897300	5.88519000
141.03999914	1.97897300	5.88519000
141.11999914	1.97897300	5.88519000
141.19999914	2.02322500	5.88519000
141.27999914	1.97897300	5.88519000
141.35999914	2.02322500	5.88519000
141.43999914	1.97897300	5.88519000
141.51999914	1.97897300	5.88519000
141.59999914	2.02322500	5.88519000
141.67999914	1.97897300	5.88519000
141.75999914	2.02322500	5.71001300
141.83999914	2.02322500	5.71001300
141.91999914	1.97897300	5.71001300
141.99999914	1.97897300	5.71001300
142.07999914	2.02322500	5.71001300
142.15999914	1.97897300	5.71001300
142.23999914	1.97897300	5.71001300
142.31999914	1.97897300	5.71001300
142.39999913	2.02322500	5.71001300
142.47999913	2.02322500	5.71001300
142.55999913	2.02322500	5.71001300
142.63999913	1.97897300	5.71001300
142.71999913	2.02322500	5.71001300
142.79999913	1.97897300	5.53422600
142.87999913	1.97897300	5.53422600
142.95999913	1.97897300	5.53422600
143.03999913	2.02322500	5.53422600
143.11999913	1.97897300	5.53422600
143.19999913	2.02322500	5.35844000
143.27999913	2.02322500	4.12976500
143.35999913	2.02322500	4.48072800
143.43999913	2.02322500	4.30555200
143.51999913	1.97897300	4.30555200
143.59999913	2.02322500	4.12976500
143.67999913	1.97897300	4.12976500
143.75999913	1.97897300	4.12976500
143.83999913	1.97897300	4.30555200
143.91999913	1.97897300	4.12976500
143.99999912	1.97897300	4.12976500
144.07999912	2.02322500	4.12976500
144.15999912	2.02322500	4.12976500
144.23999912	2.02322500	4.12976500
144.31999912	1.97897300	4.12976500
144.39999912	1.97897300	4.12976500
144.47999912	2.02322500	4.12976500
144.55999912	1.97897300	4.12976500
144.63999912	1.97897300	4.12976500
144.71999912	1.97897300	4.12976500
144.79999912	1.97897300	4.12976500
144.87999912	1.97897300	4.12976500
144.95999912	1.97897300	4.12976500
145.03999912	1.97897300	4.12976500
145.11999912	1.97897300	4.12976500
145.19999912	1.97897300	4.12976500
145.27999912	1.97897300	4.12976500
145.35999912	1.97897300	4.12976500
145.43999912	1.97897300	4.12976500
145.51999912	1.93456800	4.12976500
145.59999912	1.97897300	4.12976500
145.67999911	1.93456800	4.12976500
145.75999911	1.93456800	4.12976500
145.83999911	1.97897300	4.12976500
145.91999911	1.93456800	4.12976500
145.99999911	1.97897300	4.12976500
146.07999911	1.93456800	4.12976500
146.15999911	1.97897300	4.12976500
146.23999911	1.97897300	4.12976500
146.31999911	1.93456800	4.12976500
146.39999911	1.93456800	4.12976500
146.47999911	1.97897300	3.95458800
146.55999911	1.93456800	3.95458800
146.63999911	1.93456800	3.95458800
146.71999911	1.93456800	4.12976500
146.79999911	1.93456800	3.95458800
146.87999911	1.93456800	3.95458800
146.95999911	1.93456800	3.95458800
147.03999911	1.93456800	3.95458800
147.11999911	1.93456800	3.95458800
147.19999911	1.93456800	4.12976500
147.27999910	1.93456800	3.95458800
147.35999910	1.93456800	4.12976500
147.43999910	1.93456800	3.95458800
147.51999910	1.93456800	3.95458800
147.59999910	1.93456800	3.95458800
147.67999910	1.93456800	3.95458800
147.75999910	1.93456800	3.95458800
147.83999910	1.97897300	3.95458800
147.91999910	1.93456800	3.95458800
147.99999910	1.93456800	3.95458800
148.07999910	1.93456800	3.95458800
148.15999910	1.93456800	3.95458800
148.23999910	1.93456800	3.95458800
148.31999910	1.93456800	3.95458800
148.39999910	1.93456800	3.95458800
148.47999910	1.93456800	3.95458800
148.55999910	1.93456800	3.95458800
148.63999910	1.93456800	3.95458800
148.71999910	1.93456800	3.95458800
148.79999910	1.93456800	3.95458800
148.87999910	1.93456800	3.95458800
148.95999909	1.93456800	3.95458800
149.03999909	1.93456800	3.77880200
149.11999909	1.93456800	3.95458800
149.19999909	1.93456800	3.95458800
149.27999909	1.93456800	3.95458800
149.35999909	1.93456800	3.95458800
149.43999909	1.93456800	3.77880200
149.51999909	1.93456800	3.95458800
149.59999909	1.93456800	3.77880200
149.67999909	1.93456800	3.95458800
149.75999909	1.93456800	3.77880200
149.83999909	1.93456800	3.95458800
149.91999909	1.93456800	3.77880200
149.99999909	1.93456800	3.95458800
150.07999909	1.93456800	3.95458800
150.15999909	1.93456800	3.95458800
150.23999909	1.93456800	3.95458800
150.31999909	1.93456800	3.77880200
150.39999909	1.93456800	3.95458800
150.47999909	1.93456800	3.77880200
150.55999908	1.93456800	3.95458800
150.63999908	1.93456800	3.77880200
150.71999908	1.93456800	3.77880200
150.79999908	1.93456800	3.77880200
150.87999908	1.93456800	3.77880200
150.95999908	1.93456800	3.95458800
151.03999908	1.93456800	3.95458800
151.11999908	1.93456800	3.77880200
151.19999908	1.93456800	3.77880200
151.27999908	1.93456800	3.77880200
151.35999908	1.93456800	3.77880200
151.43999908	1.93456800	3.77880200
151.51999908	1.93456800	3.95458800
151.59999908	1.93456800	3.77880200
151.67999908	1.93456800	3.77880200
151.75999908	1.93456800	3.95458800
151.83999908	1.93456800	3.77880200
151.91999908	1.93456800	3.95458800
151.99999908	1.93456800	3.77880200
152.07999908	1.93456800	3.77880200
152.15999908	1.93456800	3.95458800
152.23999907	1.93456800	3.77880200
152.31999907	1.93456800	3.77880200
152.39999907	1.93456800	3.77880200
152.47999907	1.93456800	3.77880200
152.55999907	1.93456800	3.77880200
152.63999907	1.93456800	3.77880200
152.71999907	1.93456800	3.77880200
152.79999907	1.93456800	3.77880200
152.87999907	1.93456800	3.77880200
152.95999907	1.93456800	3.77880200
153.03999907	1.93456800	3.77880200
153.11999907	1.93456800	3.77880200
153.19999907	1.93456800	3.77880200
153.27999907	1.97897300	4.30555200
153.35999907	2.02322500	7.81640100
153.43999907	1.89031600	2.90108900
153.51999907	1.97897300	4.83230100
153.59999907	1.93456800	4.12976500
153.67999907	1.97897300	4.30555200
153.75999907	1.93456800	4.12976500
153.83999907	1.93456800	3.60301500
153.91999906	1.93456800	-0.08239998
153.99999906	1.93456800	0.26795250
154.07999906	1.93456800	0.26795250
154.15999906	1.93456800	-0.08239998
154.23999906	1.97897300	-0.78432570
154.31999906	1.93456800	-0.78432570
154.39999906	1.97897300	-0.78432570
154.47999906	1.93456800	-0.78432570
154.55999906	1.93456800	-0.78432570
154.63999906	2.02322500	-0.78432570
154.71999906	2.02322500	-0.78432570
154.79999906	2.02322500	-0.78432570
154.87999906	2.02322500	-0.78432570
154.95999906	2.02322500	-0.78432570
155.03999906	2.02322500	-0.78432570
155.11999906	2.02322500	-0.78432570
155.19999906	2.02322500	-0.78432570
155.27999906	2.02322500	-0.78432570
155.35999906	2.02322500	-0.78432570
155.43999906	2.02322500	-0.78432570
155.51999905	2.02322500	-0.78432570
155.59999905	2.02322500	-0.78432570
155.67999905	2.02322500	-0.78432570
155.75999905	2.02322500	-0.78432570
155.83999905	2.02322500	-0.78432570
155.91999905	2.02322500	-0.78432570
155.99999905	2.02322500	-0.78432570
156.07999905	2.02322500	-0.78432570
156.15999905	2.02322500	-0.78432570
156.23999905	2.02322500	-0.78432570
156.31999905	2.02322500	-0.78432570
156.39999905	2.02322500	-0.78432570
156.47999905	2.02322500	-0.78432570
156.55999905	2.02322500	-0.78432570
156.63999905	2.02322500	-0.78432570
156.71999905	2.02322500	-0.78432570
156.79999905	2.02322500	-0.78432570
156.87999905	2.02322500	-0.78432570
156.95999905	2.02322500	-0.78432570
157.03999905	2.02322500	-0.78432570
157.11999905	2.02322500	-0.78432570
157.19999904	2.02322500	-0.78432570
157.27999904	2.02322500	-0.78432570
157.35999904	2.06762900	-0.60914950
157.43999904	2.02322500	-0.60914950
157.51999904	2.02322500	-0.78432570
157.59999904	2.02322500	-0.60914950
157.67999904	2.02322500	-0.60914950
157.75999904	2.02322500	-0.60914950
157.83999904	2.02322500	-0.60914950
157.91999904	2.06762900	-0.60914950
157.99999904	2.02322500	-0.43336280
158.07999904	2.02322500	-0.43336280
158.15999904	2.02322500	-0.43336280
158.23999904	2.02322500	-0.43336280
158.31999904	2.02322500	-0.25818660
158.39999904	2.02322500	-0.08239998
158.47999904	2.02322500	0.09277627
158.55999904	2.02322500	0.44373910
158.63999904	2.02322500	0.61891540
158.71999904	2.02322500	0.61891540
158.79999903	2.02322500	0.61891540
158.87999903	2.02322500	0.79470200
158.95999903	2.02322500	0.79470200
159.03999903	2.02322500	0.79470200
159.11999903	2.02322500	0.61891540
159.19999903	2.02322500	0.79470200
159.27999903	2.02322500	0.79470200
159.35999903	2.02322500	0.79470200
159.43999903	2.02322500	0.79470200
159.51999903	2.02322500	0.79470200
159.59999903	2.02322500	0.79470200
159.67999903	2.02322500	0.79470200
159.75999903	2.02322500	0.79470200
159.83999903	2.02322500	0.79470200
159.91999903	2.02322500	0.79470200
159.99999903	2.02322500	0.79470200
160.07999903	2.02322500	0.79470200
160.15999903	2.02322500	0.79470200
160.23999903	1.97897300	0.79470200
160.31999903	2.02322500	0.79470200
160.39999903	2.02322500	0.79470200
160.47999902	1.97897300	0.79470200
160.55999902	1.97897300	0.79470200
160.63999902	1.97897300	0.79470200
160.71999902	2.02322500	0.79470200
160.79999902	1.97897300	0.79470200
160.87999902	1.97897300	0.79470200
160.95999902	2.02322500	0.79470200
161.03999902	1.97897300	0.79470200
161.11999902	1.97897300	0.79470200
161.19999902	1.97897300	0.79470200
161.27999902	1.97897300	0.79470200
161.35999902	1.97897300	0.79470200
161.43999902	1.97897300	0.96987830
161.51999902	1.97897300	0.79470200
161.59999902	1.97897300	0.79470200
161.67999902	1.97897300	0.79470200
161.75999902	1.93456800	0.79470200
161.83999902	1.97897300	0.79470200
161.91999902	1.93456800	0.79470200
161.99999902	1.97897300	0.96987830
162.07999901	1.97897300	0.96987830
162.15999901	1.93456800	0.96987830
162.23999901	1.97897300	0.79470200
162.31999901	1.93456800	0.79470200
162.39999901	1.93456800	0.79470200
162.47999901	1.93456800	0.79470200
162.55999901	1.93456800	0.79470200
162.63999901	1.97897300	0.79470200
162.71999901	1.93456800	0.96987830
162.79999901	1.97897300	0.79470200
162.87999901	1.93456800	0.79470200
162.95999901	1.97897300	0.79470200
163.03999901	1.97897300	0.79470200
163.11999901	1.93456800	0.79470200
163.19999901	1.97897300	0.96987830
163.27999901	1.97897300	0.79470200
163.35999901	1.93456800	0.96987830
163.43999901	1.97897300	0.96987830
163.51999901	1.93456800	0.79470200
163.59999901	1.93456800	0.96987830
163.67999901	1.93456800	0.79470200
163.75999900	1.93456800	0.79470200
163.83999900	1.97897300	0.79470200
163.91999900	1.93456800	0.79470200
163.99999900	1.93456800	0.96987830
164.07999900	1.97897300	0.96987830
164.15999900	1.93456800	0.79470200
164.23999900	1.93456800	0.96987830
164.31999900	1.93456800	0.79470200
164.39999900	1.93456800	0.96987830
164.47999900	1.93456800	0.96987830
164.55999900	1.93456800	0.79470200
164.63999900	1.93456800	0.96987830
164.71999900	1.93456800	0.96987830
164.79999900	1.93456800	0.96987830
164.87999900	1.97897300	0.96987830
164.95999900	1.93456800	0.96987830
165.03999900	1.93456800	0.96987830
165.11999900	1.93456800	0.96987830
165.19999900	1.93456800	0.79470200
165.27999900	1.93456800	0.96987830
165.35999900	1.93456800	0.96987830
165.43999899	1.97897300	0.96987830
165.51999899	1.97897300	0.96987830
165.59999899	1.93456800	0.96987830
165.67999899	1.97897300	0.96987830
165.75999899	1.93456800	0.96987830
165.83999899	1.93456800	0.96987830
165.91999899	1.93456800	0.96987830
165.99999899	1.93456800	0.96987830
166.07999899	1.93456800	0.96987830
166.15999899	1.93456800	0.96987830
166.23999899	1.93456800	0.79470200
166.31999899	1.97897300	0.96987830
166.39999899	1.93456800	0.79470200
166.47999899	1.93456800	0.96987830
166.55999899	1.89031600	11.85339000
166.63999899	2.02322500	4.48072800
166.71999899	1.93456800	6.93868800
166.79999899	1.93456800	5.88519000
166.87999899	1.93456800	6.23615200
166.95999899	1.93456800	6.06097600
167.03999898	1.93456800	6.06097600
167.11999898	1.93456800	6.06097600
167.19999898	1.93456800	6.06097600
167.27999898	1.93456800	6.06097600
167.35999898	1.93456800	6.06097600
167.43999898	1.93456800	6.06097600
167.51999898	1.93456800	6.06097600
167.59999898	1.93456800	5.88519000
167.67999898	1.93456800	6.06097600
167.75999898	1.93456800	5.88519000
167.83999898	1.93456800	5.71001300
167.91999898	1.93456800	5.88519000
167.99999898	1.93456800	6.06097600
168.07999898	1.97897300	6.06097600
168.15999898	1.97897300	6.06097600
168.23999898	1.97897300	6.06097600
168.31999898	1.97897300	9.04507500
168.39999898	1.93456800	7.11386400
168.47999898	1.97897300	5.88519000
168.55999898	1.97897300	6.23615200
168.63999898	1.97897300	6.06097600
168.71999897	1.97897300	5.88519000
168.79999897	1.97897300	6.06097600
168.87999897	1.97897300	5.88519000
168.95999897	1.97897300	6.06097600
169.03999897	1.97897300	5.88519000
169.11999897	1.97897300	5.88519000
169.19999897	1.97897300	5.88519000
169.27999897	1.97897300	5.88519000
169.35999897	1.97897300	5.88519000
169.43999897	1.97897300	5.88519000
169.51999897	1.97897300	5.88519000
169.59999897	1.97897300	5.88519000
169.67999897	1.97897300	5.88519000
169.75999897	1.97897300	5.88519000
169.83999897	1.97897300	5.88519000
169.91999897	1.97897300	5.88519000
169.99999897	1.97897300	5.88519000
170.07999897	1.97897300	5.88519000
170.15999897	2.02322500	5.88519000
170.23999897	1.97897300	5.71001300
170.31999896	2.02322500	5.71001300
170.39999896	2.02322500	5.88519000
170.47999896	1.97897300	5.71001300
170.55999896	1.97897300	5.71001300
170.63999896	2.02322500	5.71001300
170.71999896	1.97897300	5.71001300
170.79999896	1.97897300	5.71001300
170.87999896	1.97897300	5.71001300
170.95999896	2.02322500	5.71001300
171.03999896	2.02322500	5.53422600
171.11999896	2.02322500	5.53422600
171.19999896	1.97897300	5.53422600
171.27999896	1.97897300	5.53422600
171.35999896	1.97897300	5.53422600
171.43999896	2.02322500	5.53422600
171.51999896	1.97897300	5.53422600
171.59999896	2.02322500	5.53422600
171.67999896	1.97897300	5.35844000
171.75999896	1.97897300	4.48072800
171.83999896	2.02322500	4.12976500
171.91999896	2.02322500	4.30555200
171.99999895	1.97897300	4.30555200
172.07999895	1.97897300	4.12976500
172.15999895	1.97897300	4.30555200
172.23999895	2.02322500	4.12976500
172.31999895	1.97897300	4.12976500
172.39999895	1.97897300	4.30555200
172.47999895	2.02322500	4.12976500
172.55999895	2.02322500	4.12976500
172.63999895	1.97897300	4.12976500
172.71999895	2.02322500	4.12976500
172.79999895	1.97897300	4.12976500
172.87999895	2.02322500	4.12976500
172.95999895	2.02322500	4.12976500
173.03999895	1.97897300	4.12976500
173.11999895	1.97897300	4.12976500
173.19999895	1.97897300	4.12976500
173.27999895	2.02322500	4.12976500
173.35999895	1.97897300	4.12976500
173.43999895	1.97897300	4.12976500
173.51999895	1.97897300	4.12976500
173.59999894	1.97897300	4.12976500
173.67999894	1.97897300	4.12976500
173.75999894	1.97897300	4.12976500
173.83999894	1.97897300	4.12976500
173.91999894	1.97897300	4.12976500
173.99999894	1.97897300	4.12976500
174.07999894	1.97897300	4.12976500
174.15999894	1.97897300	4.12976500
174.23999894	1.93456800	4.12976500
174.31999894	1.93456800	3.95458800
174.39999894	1.97897300	4.12976500
174.47999894	1.93456800	4.12976500
174.55999894	1.97897300	4.12976500
174.63999894	1.93456800	4.12976500
174.71999894	1.93456800	4.12976500
174.79999894	1.93456800	4.12976500
174.87999894	1.93456800	4.12976500
174.95999894	1.93456800	3.95458800
175.03999894	1.93456800	3.95458800
175.11999894	1.93456800	3.95458800
175.19999894	1.93456800	3.95458800
175.27999893	1.93456800	3.95458800
175.35999893	1.93456800	4.12976500
175.43999893	1.97897300	4.12976500
175.51999893	1.93456800	4.12976500
175.59999893	1.93456800	3.95458800
175.67999893	1.93456800	3.95458800
175.75999893	1.93456800	3.95458800
175.83999893	1.93456800	3.95458800
175.91999893	1.93456800	4.12976500
175.99999893	1.93456800	3.95458800
176.07999893	1.93456800	3.95458800
176.15999893	1.93456800	3.95458800
176.23999893	1.93456800	3.95458800
176.31999893	1.93456800	3.95458800
176.39999893	1.93456800	3.95458800
176.47999893	1.93456800	3.95458800
176.55999893	1.93456800	3.95458800
176.63999893	1.93456800	3.95458800
176.71999893	1.93456800	3.95458800
176.79999893	1.93456800	3.95458800
176.87999893	1.93456800	3.95458800
176.95999892	1.93456800	3.95458800
177.03999892	1.93456800	3.77880200
177.11999892	1.93456800	3.95458800
177.19999892	1.93456800	3.95458800
177.27999892	1.93456800	3.95458800
177.35999892	1.93456800	3.95458800
177.43999892	1.93456800	3.95458800
177.51999892	1.93456800	3.95458800
177.59999892	1.93456800	3.95458800
177.67999892	1.93456800	3.95458800
177.75999892	1.93456800	3.95458800
177.83999892	1.93456800	3.95458800
177.91999892	1.93456800	3.95458800
177.99999892	1.93456800	3.77880200
178.07999892	1.93456800	3.95458800
178.15999892	1.93456800	3.95458800
178.23999892	1.93456800	3.95458800
178.31999892	1.93456800	3.95458800
178.39999892	1.93456800	3.95458800
178.47999892	1.93456800	3.95458800
178.55999891	1.93456800	3.95458800
178.63999891	1.93456800	3.95458800
178.71999891	1.93456800	3.77880200
178.79999891	1.93456800	3.95458800
178.87999891	1.93456800	3.95458800
178.95999891	1.93456800	3.95458800
179.03999891	1.93456800	3.77880200
179.11999891	1.93456800	3.77880200
179.19999891	1.93456800	3.95458800
179.27999891	1.93456800	3.77880200
179.35999891	1.93456800	3.95458800
179.43999891	1.93456800	3.95458800
179.51999891	1.93456800	3.95458800
179.59999891	1.93456800	3.95458800
179.67999891	1.93456800	3.95458800
179.75999891	1.93456800	3.77880200
179.83999891	1.93456800	3.77880200
179.91999891	1.97897300	3.77880200
179.99999891	1.93456800	3.77880200
180.07999891	1.93456800	3.77880200
180.15999891	1.93456800	3.77880200
180.23999890	1.93456800	3.77880200
180.31999890	1.93456800	3.95458800
180.39999890	1.93456800	3.77880200
180.47999890	1.93456800	3.95458800
180.55999890	1.93456800	3.77880200
180.63999890	1.93456800	3.77880200
180.71999890	1.93456800	3.77880200
180.79999890	1.93456800	3.95458800
180.87999890	1.93456800	3.77880200
180.95999890	1.93456800	3.95458800
181.03999890	1.93456800	3.77880200
181.11999890	1.93456800	3.77880200
181.19999890	1.93456800	3.77880200
181.27999890	1.93456800	3.77880200
181.35999890	1.93456800	3.77880200
181.43999890	1.93456800	3.77880200
181.51999890	1.93456800	3.95458800
181.59999890	1.93456800	3.77880200
181.67999890	1.93456800	3.77880200
181.75999890	1.97897300	4.12976500
181.83999889	2.02322500	7.99157700
181.91999889	1.89031600	2.90108900
181.99999889	1.93456800	4.83230100
182.07999889	1.97897300	4.12976500
182.15999889	1.93456800	4.30555200
182.23999889	1.93456800	4.12976500
182.31999889	1.97897300	3.60301500
182.39999889	1.97897300	-0.08239998
182.47999889	1.93456800	0.26795250
182.55999889	1.97897300	0.09277627
182.63999889	1.93456800	-0.08239998
182.71999889	1.97897300	-0.78432570
182.79999889	1.97897300	-0.78432570
182.87999889	1.93456800	-0.78432570
182.95999889	1.93456800	-0.78432570
183.03999889	1.97897300	-0.78432570
183.11999889	1.97897300	-0.78432570
183.19999889	2.02322500	-0.78432570
183.27999889	2.02322500	-0.78432570
183.35999889	2.02322500	-0.78432570
183.43999889	2.02322500	-0.78432570
183.51999888	2.02322500	-0.78432570
183.59999888	2.02322500	-0.78432570
183.67999888	1.97897300	-0.78432570
183.75999888	2.02322500	-0.78432570
183.83999888	2.02322500	-0.78432570
183.91999888	2.02322500	-0.78432570
183.99999888	2.02322500	-0.78432570
184.07999888	2.02322500	-0.78432570
184.15999888	2.02322500	-0.78432570
184.23999888	2.02322500	-0.78432570
184.31999888	2.02322500	-0.78432570
184.39999888	2.02322500	-0.78432570
184.47999888	2.02322500	-0.78432570
184.55999888	2.02322500	-0.78432570
184.63999888	2.02322500	-0.78432570
184.71999888	2.02322500	-0.78432570
184.79999888	2.02322500	-0.78432570
184.87999888	2.02322500	-0.78432570
184.95999888	2.02322500	-0.78432570
185.03999888	2.02322500	-0.78432570
185.11999887	2.02322500	-0.78432570
185.19999887	2.02322500	-0.78432570
185.27999887	2.02322500	-0.78432570
185.35999887	2.02322500	-0.78432570
185.43999887	2.02322500	-0.60914950
185.51999887	2.02322500	-0.78432570
185.59999887	2.02322500	-0.60914950
185.67999887	2.02322500	-0.60914950
185.75999887	2.02322500	-0.78432570
185.83999887	2.02322500	-0.60914950
185.91999887	2.02322500	-0.60914950
185.99999887	2.02322500	-0.60914950
186.07999887	2.02322500	-0.60914950
186.15999887	2.02322500	-0.60914950
186.23999887	2.02322500	-0.43336280
186.31999887	2.02322500	-0.60914950
186.39999887	2.02322500	-0.43336280
186.47999887	2.02322500	-0.60914950
186.55999887	2.02322500	-0.43336280
186.63999887	2.02322500	-0.25818660
186.71999887	2.02322500	-0.25818660
186.79999886	2.02322500	-0.25818660
186.87999886	2.02322500	-0.08239998
186.95999886	2.02322500	0.09277627
187.03999886	2.02322500	0.44373910
187.11999886	2.02322500	0.61891540
187.19999886	2.02322500	0.61891540
187.27999886	2.02322500	0.61891540
187.35999886	2.02322500	0.61891540
187.43999886	2.02322500	0.79470200
187.51999886	2.02322500	0.79470200
187.59999886	2.02322500	0.79470200
187.67999886	2.02322500	0.79470200
187.75999886	2.02322500	0.79470200
187.83999886	2.02322500	0.79470200
187.91999886	2.02322500	0.79470200
187.99999886	2.02322500	0.79470200
188.07999886	2.02322500	0.79470200
188.15999886	2.02322500	0.79470200
188.23999886	2.02322500	0.79470200
188.31999886	2.02322500	0.79470200
188.39999886	2.02322500	0.79470200
188.47999885	1.97897300	0.79470200
188.55999885	2.02322500	0.79470200
188.63999885	1.97897300	0.79470200
188.71999885	1.97897300	0.79470200
188.79999885	1.97897300	0.79470200
188.87999885	2.02322500	0.79470200
188.95999885	1.97897300	0.79470200
189.03999885	2.02322500	0.79470200
189.11999885	1.97897300	0.79470200
189.19999885	1.97897300	0.79470200
189.27999885	1.97897300	0.79470200
189.35999885	1.97897300	0.79470200
189.43999885	1.97897300	0.79470200
189.51999885	1.97897300	0.79470200
189.59999885	1.97897300	0.79470200
189.67999885	1.97897300	0.79470200
189.75999885	1.97897300	0.79470200
189.83999885	1.97897300	0.79470200
189.91999885	1.97897300	0.79470200
189.99999885	1.97897300	0.79470200
190.07999884	1.97897300	0.79470200
190.15999884	1.97897300	0.79470200
190.23999884	1.97897300	0.79470200
190.31999884	1.93456800	0.79470200
190.39999884	1.97897300	0.79470200
190.47999884	1.97897300	0.79470200
190.55999884	1.93456800	0.96987830
190.63999884	1.97897300	0.79470200
190.71999884	1.93456800	0.96987830
190.79999884	1.93456800	0.79470200
190.87999884	1.97897300	0.79470200
190.95999884	1.93456800	0.79470200
191.03999884	1.93456800	0.79470200
191.11999884	1.93456800	0.96987830
191.19999884	1.93456800	0.96987830
191.27999884	1.93456800	0.79470200
191.35999884	1.93456800	0.79470200
191.43999884	1.93456800	0.79470200
191.51999884	1.93456800	0.79470200
191.59999884	1.93456800	0.96987830
191.67999884	1.93456800	0.96987830
191.75999883	1.93456800	0.79470200
191.83999883	1.93456800	0.96987830
191.91999883	1.97897300	0.79470200
191.99999883	1.93456800	0.79470200
192.07999883	1.93456800	0.96987830
192.15999883	1.93456800	0.96987830
192.23999883	1.97897300	0.79470200
192.31999883	1.97897300	0.79470200
192.39999883	1.93456800	0.79470200
192.47999883	1.97897300	0.96987830
192.55999883	1.93456800	0.96987830
192.63999883	1.93456800	0.79470200
192.71999883	1.93456800	0.79470200
192.79999883	1.97897300	0.79470200
192.87999883	1.93456800	0.96987830
192.95999883	1.93456800	0.79470200
193.03999883	1.93456800	0.96987830
193.11999883	1.93456800	0.96987830
193.19999883	1.93456800	0.96987830
193.27999883	1.93456800	0.96987830
193.35999882	1.93456800	0.96987830
193.43999882	1.93456800	0.96987830
193.51999882	1.97897300	0.96987830
193.59999882	1.93456800	0.96987830
193.67999882	1.93456800	0.96987830
193.75999882	1.97897300	0.79470200
193.83999882	1.93456800	0.96987830
193.91999882	1.93456800	0.96987830
193.99999882	1.93456800	0.96987830
194.07999882	1.97897300	0.96987830
194.15999882	1.93456800	0.96987830
194.23999882	1.93456800	0.96987830
194.31999882	1.93456800	0.96987830
194.39999882	1.93456800	0.96987830
194.47999882	1.93456800	0.96987830
194.55999882	1.93456800	0.96987830
194.63999882	1.97897300	0.96987830
194.71999882	1.93456800	0.96987830
194.79999882	1.93456800	0.96987830
194.87999882	1.93456800	0.79470200
194.95999882	1.93456800	1.32145100
195.03999881	1.93456800	10.97568000
195.11999881	1.93456800	4.30555200
195.19999881	1.93456800	6.93868800
195.27999881	1.93456800	5.88519000
195.35999881	1.93456800	6.23615200
195.43999881	1.93456800	5.88519000
195.51999881	1.93456800	6.06097600
195.59999881	1.93456800	5.88519000
195.67999881	1.93456800	5.88519000
195.75999881	1.93456800	5.88519000
195.83999881	1.93456800	6.06097600
195.91999881	1.93456800	6.06097600
195.99999881	1.93456800	6.06097600
196.07999881	1.97897300	6.06097600
196.15999881	1.93456800	6.06097600
196.23999881	1.93456800	6.06097600
196.31999881	1.93456800	5.53422600
196.39999881	1.93456800	6.23615200
196.47999881	1.93456800	5.88519000
196.55999881	1.97897300	6.06097600
196.63999880	1.97897300	6.06097600
196.71999880	1.97897300	6.23615200
196.79999880	1.97897300	9.22025200
196.87999880	1.93456800	5.88519000
196.95999880	1.97897300	6.41193900
197.03999880	1.97897300	5.88519000
197.11999880	1.97897300	6.06097600
197.19999880	1.97897300	6.06097600
197.27999880	1.97897300	6.06097600
197.35999880	1.97897300	6.06097600
197.43999880	1.97897300	5.88519000
197.51999880	1.97897300	5.88519000
197.59999880	1.97897300	6.06097600
197.67999880	1.97897300	5.88519000
197.75999880	1.97897300	5.88519000
197.83999880	1.97897300	5.88519000
197.91999880	1.97897300	5.88519000
197.99999880	1.97897300	5.88519000
198.07999880	1.97897300	5.88519000
198.15999880	1.97897300	5.88519000
198.23999880	2.02322500	5.88519000
198.31999879	1.97897300	5.88519000
198.39999879	1.97897300	5.88519000
198.47999879	1.97897300	5.71001300
198.55999879	1.97897300	5.88519000
198.63999879	2.02322500	5.88519000
198.71999879	1.97897300	5.71001300
198.79999879	1.97897300	5.71001300
198.87999879	2.02322500	5.71001300
198.95999879	2.02322500	5.71001300
199.03999879	1.97897300	5.71001300
199.11999879	2.02322500	5.71001300
199.19999879	1.97897300	5.71001300
199.27999879	2.02322500	5.71001300
199.35999879	1.97897300	5.71001300
199.43999879	2.02322500	5.71001300
199.51999879	1.97897300	5.71001300
199.59999879	2.02322500	5.53422600
199.67999879	1.97897300	5.53422600
199.75999879	1.97897300	5.53422600
199.83999879	1.97897300	5.53422600
199.91999878	2.02322500	5.53422600
199.99999878	1.97897300	5.53422600
200.07999878	2.02322500	5.53422600
200.15999878	2.02322500	5.35844000
200.23999878	2.02322500	4.12976500
