Time	Channel A	Channel B
(us)	(V)	(V)

0.00000000	2.82113100	3.42783900
0.08000000	2.82113100	3.42783900
0.16000000	2.82113100	3.42783900
0.24000000	2.77687900	3.42783900
0.32000000	2.82113100	3.42783900
0.40000000	2.82113100	3.60301500
0.48000000	2.82113100	3.42783900
0.56000000	2.82113100	3.42783900
0.64000000	2.82113100	3.42783900
0.72000000	2.82113100	3.42783900
0.80000000	2.82113100	3.42783900
0.87999999	2.82113100	3.42783900
0.95999999	2.82113100	3.42783900
1.03999999	2.82113100	3.42783900
1.11999999	2.82113100	3.42783900
1.19999999	2.82113100	3.60301500
1.27999999	2.82113100	3.60301500
1.35999999	2.82113100	3.60301500
1.43999999	2.82113100	3.60301500
1.51999999	2.82113100	3.60301500
1.59999999	2.82113100	3.60301500
1.67999999	2.82113100	3.60301500
1.75999999	2.82113100	3.60301500
1.83999999	2.82113100	3.60301500
1.91999999	2.82113100	3.60301500
1.99999999	2.82113100	3.60301500
2.07999999	2.82113100	3.60301500
2.15999999	2.82113100	3.60301500
2.23999999	2.82113100	3.60301500
2.31999999	2.82113100	3.60301500
2.39999999	2.82113100	3.77880200
2.47999998	2.82113100	3.60301500
2.55999998	2.82113100	3.77880200
2.63999998	2.82113100	3.60301500
2.71999998	2.77687900	3.77880200
2.79999998	2.82113100	3.60301500
2.87999998	2.82113100	3.60301500
2.95999998	2.77687900	3.77880200
3.03999998	2.82113100	3.77880200
3.11999998	2.77687900	3.60301500
3.19999998	2.77687900	3.60301500
3.27999998	2.82113100	3.77880200
3.35999998	2.82113100	3.77880200
3.43999998	2.82113100	3.77880200
3.51999998	2.82113100	3.77880200
3.59999998	2.82113100	3.77880200
3.67999998	2.82113100	3.95458800
3.75999998	2.82113100	3.77880200
3.83999998	2.82113100	3.77880200
3.91999998	2.82113100	3.77880200
3.99999998	2.82113100	3.77880200
4.07999998	2.82113100	3.77880200
4.15999997	2.82113100	3.77880200
4.23999997	2.82113100	3.77880200
4.31999997	2.82113100	3.77880200
4.39999997	2.77687900	3.95458800
4.47999997	2.82113100	3.95458800
4.55999997	2.82113100	3.77880200
4.63999997	2.82113100	3.95458800
4.71999997	2.82113100	3.95458800
4.79999997	2.82113100	3.95458800
4.87999997	2.82113100	3.95458800
4.95999997	2.82113100	3.95458800
5.03999997	2.77687900	3.95458800
5.11999997	2.82113100	3.95458800
5.19999997	2.82113100	3.95458800
5.27999997	2.82113100	3.95458800
5.35999997	2.82113100	3.95458800
5.43999997	2.82113100	3.95458800
5.51999997	2.82113100	3.95458800
5.59999997	2.82113100	4.12976500
5.67999997	2.77687900	10.09796000
5.75999996	2.82113100	3.42783900
5.83999996	2.82113100	4.83230100
5.91999996	2.82113100	4.30555200
5.99999996	2.82113100	4.30555200
6.07999996	2.82113100	4.12976500
6.15999996	2.82113100	3.77880200
6.23999996	2.82113100	0.61891540
6.31999996	2.82113100	0.26795250
6.39999996	2.82113100	0.26795250
6.47999996	2.82113100	0.09277627
6.55999996	2.86553500	-0.43336280
6.63999996	2.86553500	-0.78432570
6.71999996	2.86553500	-0.60914950
6.79999996	2.90978700	-0.78432570
6.87999996	2.86553500	-0.78432570
6.95999996	2.86553500	-0.60914950
7.03999996	2.90978700	-0.60914950
7.11999996	2.90978700	-0.60914950
7.19999996	2.90978700	-0.60914950
7.27999996	2.90978700	-0.60914950
7.35999996	2.90978700	-0.43336280
7.43999995	2.90978700	-0.60914950
7.51999995	2.90978700	-0.43336280
7.59999995	2.90978700	-0.43336280
7.67999995	2.90978700	-0.43336280
7.75999995	2.90978700	-0.43336280
7.83999995	2.90978700	-0.25818660
7.91999995	2.90978700	-0.25818660
7.99999995	2.90978700	0.26795250
8.07999995	2.90978700	0.61891540
8.15999995	2.90978700	0.61891540
8.23999995	2.95419200	0.61891540
8.31999995	2.95419200	0.79470200
8.39999995	2.95419200	0.79470200
8.47999995	2.95419200	0.61891540
8.55999995	2.95419200	0.79470200
8.63999995	2.95419200	0.79470200
8.71999995	2.95419200	0.79470200
8.79999995	2.95419200	0.79470200
8.87999995	2.95419200	0.79470200
8.95999995	2.95419200	0.79470200
9.03999995	2.95419200	0.79470200
9.11999994	2.95419200	0.79470200
9.19999994	2.95419200	0.79470200
9.27999994	2.95419200	0.79470200
9.35999994	2.95419200	0.79470200
9.43999994	2.95419200	0.79470200
9.51999994	2.95419200	0.79470200
9.59999994	2.95419200	0.79470200
9.67999994	2.95419200	0.79470200
9.75999994	2.95419200	0.96987830
9.83999994	2.99859600	0.96987830
9.91999994	2.99859600	0.79470200
9.99999994	2.99859600	0.79470200
10.07999994	2.95419200	0.79470200
10.15999994	2.99859600	0.96987830
10.23999994	2.99859600	0.96987830
10.31999994	2.95419200	0.96987830
10.39999994	2.99859600	0.96987830
10.47999994	2.99859600	0.96987830
10.55999994	2.95419200	0.96987830
10.63999994	2.99859600	0.96987830
10.71999993	2.95419200	0.96987830
10.79999993	2.99859600	0.96987830
10.87999993	2.99859600	0.96987830
10.95999993	2.99859600	0.96987830
11.03999993	2.99859600	0.96987830
11.11999993	2.99859600	0.96987830
11.19999993	2.95419200	0.96987830
11.27999993	2.95419200	0.96987830
11.35999993	2.99859600	0.96987830
11.43999993	2.99859600	0.96987830
11.51999993	2.99859600	1.14566500
11.59999993	2.99859600	0.96987830
11.67999993	2.95419200	0.96987830
11.75999993	2.99859600	1.14566500
11.83999993	2.99859600	0.96987830
11.91999993	2.99859600	1.14566500
11.99999993	2.99859600	0.96987830
12.07999993	2.95419200	0.96987830
12.15999993	2.95419200	1.14566500
12.23999993	2.95419200	1.14566500
12.31999993	2.99859600	1.14566500
12.39999992	2.99859600	0.96987830
12.47999992	2.95419200	0.96987830
12.55999992	2.99859600	1.14566500
12.63999992	2.95419200	1.14566500
12.71999992	2.95419200	1.14566500
12.79999992	2.95419200	1.14566500
12.87999992	2.95419200	0.96987830
12.95999992	2.95419200	1.14566500
13.03999992	2.95419200	1.14566500
13.11999992	2.95419200	1.14566500
13.19999992	2.95419200	1.14566500
13.27999992	2.95419200	1.14566500
13.35999992	2.95419200	1.14566500
13.43999992	2.95419200	1.14566500
13.51999992	2.95419200	1.14566500
13.59999992	2.95419200	1.14566500
13.67999992	2.95419200	1.32145100
13.75999992	2.95419200	1.14566500
13.83999992	2.95419200	1.14566500
13.91999992	2.95419200	1.14566500
13.99999991	2.95419200	1.14566500
14.07999991	2.95419200	1.14566500
14.15999991	2.95419200	1.14566500
14.23999991	2.90978700	1.14566500
14.31999991	2.90978700	1.14566500
14.39999991	2.90978700	1.14566500
14.47999991	2.90978700	1.14566500
14.55999991	2.90978700	1.14566500
14.63999991	2.90978700	1.14566500
14.71999991	2.90978700	1.14566500
14.79999991	2.90978700	1.14566500
14.87999991	2.90978700	1.14566500
14.95999991	2.90978700	1.14566500
15.03999991	2.90978700	1.14566500
15.11999991	2.86553500	1.14566500
15.19999991	2.90978700	1.32145100
15.27999991	2.90978700	1.32145100
15.35999991	2.86553500	1.14566500
15.43999991	2.86553500	1.14566500
15.51999991	2.86553500	1.32145100
15.59999991	2.90978700	1.32145100
15.67999990	2.86553500	1.32145100
15.75999990	2.86553500	1.14566500
15.83999990	2.86553500	1.14566500
15.91999990	2.82113100	1.14566500
15.99999990	2.82113100	1.32145100
16.07999990	2.82113100	1.14566500
16.15999990	2.82113100	1.32145100
16.23999990	2.82113100	1.32145100
16.31999990	2.82113100	1.32145100
16.39999990	2.82113100	1.32145100
16.47999990	2.82113100	1.14566500
16.55999990	2.82113100	1.32145100
16.63999990	2.82113100	1.32145100
16.71999990	2.82113100	1.14566500
16.79999990	2.82113100	1.32145100
16.87999990	2.82113100	1.32145100
16.95999990	2.82113100	1.32145100
17.03999990	2.82113100	1.14566500
17.11999990	2.82113100	1.32145100
17.19999990	2.82113100	1.14566500
17.27999989	2.82113100	1.32145100
17.35999989	2.82113100	1.14566500
17.43999989	2.82113100	1.32145100
17.51999989	2.82113100	1.32145100
17.59999989	2.82113100	1.32145100
17.67999989	2.82113100	1.14566500
17.75999989	2.82113100	1.32145100
17.83999989	2.82113100	1.14566500
17.91999989	2.82113100	1.14566500
17.99999989	2.82113100	1.32145100
18.07999989	2.82113100	1.14566500
18.15999989	2.82113100	1.32145100
18.23999989	2.82113100	1.32145100
18.31999989	2.82113100	1.32145100
18.39999989	2.82113100	1.32145100
18.47999989	2.82113100	1.32145100
18.55999989	2.82113100	1.32145100
18.63999989	2.82113100	1.14566500
18.71999989	2.82113100	1.32145100
18.79999989	2.82113100	1.32145100
18.87999989	2.82113100	1.32145100
18.95999988	2.82113100	1.14566500
19.03999988	2.82113100	1.14566500
19.11999988	2.82113100	1.14566500
19.19999988	2.82113100	1.32145100
19.27999988	2.82113100	1.32145100
19.35999988	2.82113100	1.32145100
19.43999988	2.82113100	1.14566500
19.51999988	2.82113100	1.32145100
19.59999988	2.82113100	1.14566500
19.67999988	2.82113100	1.32145100
19.75999988	2.82113100	1.32145100
19.83999988	2.82113100	1.32145100
19.91999988	2.82113100	1.32145100
19.99999988	2.82113100	1.32145100
20.07999988	2.82113100	1.32145100
20.15999988	2.82113100	1.14566500
20.23999988	2.82113100	1.32145100
20.31999988	2.82113100	1.14566500
20.39999988	2.82113100	1.32145100
20.47999988	2.82113100	1.32145100
20.55999988	2.82113100	1.14566500
20.63999987	2.82113100	1.32145100
20.71999987	2.82113100	1.14566500
20.79999987	2.82113100	1.32145100
20.87999987	2.82113100	1.32145100
20.95999987	2.82113100	1.14566500
21.03999987	2.82113100	1.14566500
21.11999987	2.82113100	1.14566500
21.19999987	2.82113100	1.14566500
21.27999987	2.82113100	1.14566500
21.35999987	2.82113100	1.14566500
21.43999987	2.82113100	1.14566500
21.51999987	2.77687900	1.14566500
21.59999987	2.82113100	1.14566500
21.67999987	2.82113100	1.14566500
21.75999987	2.77687900	1.14566500
21.83999987	2.82113100	1.14566500
21.91999987	2.82113100	1.14566500
21.99999987	2.82113100	1.14566500
22.07999987	2.82113100	1.14566500
22.15999987	2.82113100	1.14566500
22.23999986	2.82113100	1.14566500
22.31999986	2.82113100	1.14566500
22.39999986	2.82113100	1.14566500
22.47999986	2.82113100	1.14566500
22.55999986	2.82113100	1.14566500
22.63999986	2.82113100	1.14566500
22.71999986	2.82113100	1.14566500
22.79999986	2.82113100	1.14566500
22.87999986	2.82113100	1.14566500
22.95999986	2.82113100	1.14566500
23.03999986	2.82113100	1.14566500
23.11999986	2.82113100	1.14566500
23.19999986	2.82113100	1.14566500
23.27999986	2.82113100	1.14566500
23.35999986	2.82113100	0.96987830
23.43999986	2.82113100	1.14566500
23.51999986	2.82113100	1.14566500
23.59999986	2.82113100	1.14566500
23.67999986	2.82113100	1.14566500
23.75999986	2.82113100	1.14566500
23.83999986	2.82113100	1.14566500
23.91999985	2.82113100	1.14566500
23.99999985	2.82113100	1.14566500
24.07999985	2.82113100	0.96987830
24.15999985	2.82113100	1.14566500
24.23999985	2.82113100	0.96987830
24.31999985	2.82113100	1.14566500
24.39999985	2.77687900	0.96987830
24.47999985	2.82113100	0.96987830
24.55999985	2.82113100	1.14566500
24.63999985	2.82113100	1.14566500
24.71999985	2.82113100	0.96987830
24.79999985	2.77687900	0.96987830
24.87999985	2.82113100	0.96987830
24.95999985	2.82113100	0.96987830
25.03999985	2.82113100	0.96987830
25.11999985	2.82113100	0.96987830
25.19999985	2.82113100	0.96987830
25.27999985	2.82113100	0.96987830
25.35999985	2.82113100	0.96987830
25.43999985	2.82113100	0.96987830
25.51999984	2.82113100	0.96987830
25.59999984	2.82113100	0.96987830
25.67999984	2.82113100	0.96987830
25.75999984	2.82113100	0.96987830
25.83999984	2.82113100	0.96987830
25.91999984	2.82113100	0.96987830
25.99999984	2.82113100	0.96987830
26.07999984	2.82113100	0.96987830
26.15999984	2.82113100	0.96987830
26.23999984	2.82113100	0.96987830
26.31999984	2.82113100	0.79470200
26.39999984	2.82113100	0.96987830
26.47999984	2.82113100	0.96987830
26.55999984	2.82113100	0.96987830
26.63999984	2.82113100	0.79470200
26.71999984	2.82113100	0.96987830
26.79999984	2.82113100	0.79470200
26.87999984	2.82113100	0.79470200
26.95999984	2.82113100	0.79470200
27.03999984	2.82113100	0.79470200
27.11999984	2.82113100	0.79470200
27.19999983	2.82113100	0.96987830
27.27999983	2.82113100	0.79470200
27.35999983	2.82113100	0.79470200
27.43999983	2.82113100	0.79470200
27.51999983	2.82113100	0.79470200
27.59999983	2.82113100	0.79470200
27.67999983	2.82113100	0.79470200
27.75999983	2.82113100	0.79470200
27.83999983	2.82113100	0.79470200
27.91999983	2.82113100	0.79470200
27.99999983	2.82113100	0.61891540
28.07999983	2.82113100	0.79470200
28.15999983	2.82113100	0.79470200
28.23999983	2.82113100	0.79470200
28.31999983	2.82113100	0.79470200
28.39999983	2.86553500	0.61891540
28.47999983	2.82113100	0.79470200
28.55999983	2.82113100	0.61891540
28.63999983	2.86553500	0.61891540
28.71999983	2.82113100	0.61891540
28.79999982	2.82113100	0.61891540
28.87999982	2.82113100	0.79470200
28.95999982	2.82113100	0.61891540
29.03999982	2.86553500	6.93868800
29.11999982	2.77687900	6.06097600
29.19999982	2.82113100	5.88519000
29.27999982	2.86553500	5.53422600
29.35999982	2.86553500	5.88519000
29.43999982	2.86553500	5.53422600
29.51999982	2.86553500	5.53422600
29.59999982	2.86553500	5.18326400
29.67999982	2.86553500	3.95458800
29.75999982	2.90978700	4.12976500
29.83999982	2.86553500	3.95458800
29.91999982	2.90978700	4.12976500
29.99999982	2.90978700	3.95458800
30.07999982	2.90978700	3.95458800
30.15999982	2.90978700	3.95458800
30.23999982	2.90978700	3.95458800
30.31999982	2.90978700	3.95458800
30.39999982	2.90978700	3.95458800
30.47999981	2.90978700	3.77880200
30.55999981	2.90978700	3.95458800
30.63999981	2.90978700	3.95458800
30.71999981	2.95419200	3.77880200
30.79999981	2.90978700	3.77880200
30.87999981	2.95419200	3.77880200
30.95999981	2.95419200	3.77880200
31.03999981	2.95419200	3.77880200
31.11999981	2.95419200	3.77880200
31.19999981	2.95419200	3.77880200
31.27999981	2.95419200	3.60301500
31.35999981	2.95419200	3.77880200
31.43999981	2.95419200	3.60301500
31.51999981	2.95419200	3.60301500
31.59999981	2.95419200	3.60301500
31.67999981	2.95419200	3.60301500
31.75999981	2.95419200	3.60301500
31.83999981	2.99859600	3.42783900
31.91999981	2.95419200	3.42783900
31.99999981	2.99859600	3.60301500
32.07999981	2.99859600	3.60301500
32.15999980	2.99859600	3.42783900
32.23999980	2.99859600	3.42783900
32.31999980	2.99859600	3.42783900
32.39999980	2.99859600	3.42783900
32.47999980	2.99859600	3.42783900
32.55999980	2.99859600	3.42783900
32.63999980	2.99859600	3.42783900
32.71999980	2.99859600	3.42783900
32.79999980	2.99859600	3.42783900
32.87999980	2.99859600	3.42783900
32.95999980	2.99859600	3.42783900
33.03999980	2.99859600	3.42783900
33.11999980	2.99859600	3.42783900
33.19999980	2.99859600	3.25205200
33.27999980	2.99859600	3.42783900
33.35999980	2.99859600	3.42783900
33.43999980	2.99859600	3.25205200
33.51999980	2.99859600	3.25205200
33.59999980	2.99859600	3.25205200
33.67999980	2.99859600	3.25205200
33.75999979	2.99859600	3.25205200
33.83999979	2.99859600	3.25205200
33.91999979	2.99859600	3.25205200
33.99999979	3.04284800	3.07687600
34.07999979	2.99859600	3.25205200
34.15999979	2.99859600	3.25205200
34.23999979	2.99859600	3.25205200
34.31999979	2.99859600	3.07687600
34.39999979	3.04284800	3.07687600
34.47999979	2.99859600	3.25205200
34.55999979	2.99859600	3.07687600
34.63999979	2.99859600	3.07687600
34.71999979	2.99859600	3.07687600
34.79999979	3.04284800	3.07687600
34.87999979	2.99859600	3.07687600
34.95999979	2.99859600	3.07687600
35.03999979	2.99859600	3.07687600
35.11999979	2.99859600	3.07687600
35.19999979	3.04284800	3.07687600
35.27999979	2.99859600	3.07687600
35.35999979	2.99859600	3.07687600
35.43999978	2.99859600	3.07687600
35.51999978	2.99859600	3.07687600
35.59999978	2.99859600	2.90108900
35.67999978	2.99859600	2.90108900
35.75999978	2.99859600	2.90108900
35.83999978	2.99859600	2.90108900
35.91999978	2.99859600	2.90108900
35.99999978	2.99859600	2.90108900
36.07999978	2.99859600	2.90108900
36.15999978	2.99859600	2.90108900
36.23999978	2.99859600	2.90108900
36.31999978	2.99859600	2.72530300
36.39999978	2.95419200	2.72530300
36.47999978	2.95419200	2.72530300
36.55999978	2.95419200	2.72530300
36.63999978	2.95419200	2.72530300
36.71999978	2.95419200	2.72530300
36.79999978	2.95419200	2.72530300
36.87999978	2.95419200	2.72530300
36.95999978	2.95419200	2.72530300
37.03999977	2.95419200	2.72530300
37.11999977	2.95419200	2.72530300
37.19999977	2.95419200	2.72530300
37.27999977	2.95419200	2.72530300
37.35999977	2.95419200	2.72530300
37.43999977	2.90978700	2.55012700
37.51999977	2.90978700	2.55012700
37.59999977	2.90978700	2.55012700
37.67999977	2.90978700	2.55012700
37.75999977	2.90978700	2.55012700
37.83999977	2.90978700	2.55012700
37.91999977	2.90978700	2.55012700
37.99999977	2.90978700	2.55012700
38.07999977	2.90978700	2.55012700
38.15999977	2.90978700	2.55012700
38.23999977	2.90978700	2.55012700
38.31999977	2.86553500	2.55012700
38.39999977	2.86553500	2.55012700
38.47999977	2.86553500	2.37434000
38.55999977	2.86553500	2.37434000
38.63999977	2.86553500	2.37434000
38.71999976	2.86553500	2.37434000
38.79999976	2.82113100	2.37434000
38.87999976	2.82113100	2.37434000
38.95999976	2.82113100	2.37434000
39.03999976	2.86553500	2.37434000
39.11999976	2.82113100	2.37434000
39.19999976	2.82113100	2.37434000
39.27999976	2.82113100	2.37434000
39.35999976	2.82113100	2.37434000
39.43999976	2.82113100	2.37434000
39.51999976	2.86553500	2.37434000
39.59999976	2.82113100	2.37434000
39.67999976	2.82113100	2.37434000
39.75999976	2.82113100	2.37434000
39.83999976	2.82113100	2.37434000
39.91999976	2.82113100	2.55012700
39.99999976	2.82113100	2.37434000
40.07999976	2.82113100	2.37434000
40.15999976	2.82113100	2.37434000
40.23999976	2.82113100	2.37434000
40.31999975	2.86553500	2.37434000
40.39999975	2.82113100	2.37434000
40.47999975	2.82113100	2.55012700
40.55999975	2.82113100	2.55012700
40.63999975	2.82113100	2.37434000
40.71999975	2.82113100	2.37434000
40.79999975	2.82113100	2.37434000
40.87999975	2.82113100	2.55012700
40.95999975	2.82113100	2.55012700
41.03999975	2.82113100	2.37434000
41.11999975	2.82113100	2.55012700
41.19999975	2.82113100	2.55012700
41.27999975	2.82113100	2.55012700
41.35999975	2.82113100	2.55012700
41.43999975	2.82113100	2.55012700
41.51999975	2.82113100	2.55012700
41.59999975	2.82113100	2.55012700
41.67999975	2.82113100	2.55012700
41.75999975	2.82113100	2.55012700
41.83999975	2.82113100	2.55012700
41.91999975	2.82113100	2.72530300
41.99999974	2.82113100	2.72530300
42.07999974	2.82113100	2.72530300
42.15999974	2.82113100	2.72530300
42.23999974	2.82113100	2.55012700
42.31999974	2.82113100	2.72530300
42.39999974	2.82113100	2.72530300
42.47999974	2.82113100	2.72530300
42.55999974	2.82113100	2.72530300
42.63999974	2.82113100	2.72530300
42.71999974	2.82113100	2.90108900
42.79999974	2.82113100	2.72530300
42.87999974	2.82113100	2.90108900
42.95999974	2.82113100	2.90108900
43.03999974	2.82113100	2.90108900
43.11999974	2.82113100	3.07687600
43.19999974	2.82113100	3.07687600
43.27999974	2.82113100	3.07687600
43.35999974	2.82113100	3.07687600
43.43999974	2.82113100	3.07687600
43.51999974	2.82113100	3.07687600
43.59999974	2.82113100	3.07687600
43.67999973	2.82113100	3.07687600
43.75999973	2.82113100	3.25205200
43.83999973	2.82113100	3.07687600
43.91999973	2.82113100	3.25205200
43.99999973	2.82113100	3.25205200
44.07999973	2.82113100	3.25205200
44.15999973	2.82113100	3.25205200
44.23999973	2.82113100	3.25205200
44.31999973	2.82113100	3.25205200
44.39999973	2.82113100	3.25205200
44.47999973	2.82113100	3.25205200
44.55999973	2.82113100	3.25205200
44.63999973	2.82113100	3.25205200
44.71999973	2.82113100	3.25205200
44.79999973	2.82113100	3.42783900
44.87999973	2.82113100	3.42783900
44.95999973	2.86553500	3.42783900
45.03999973	2.86553500	3.42783900
45.11999973	2.82113100	3.42783900
45.19999973	2.86553500	3.42783900
45.27999972	2.86553500	3.42783900
45.35999972	2.86553500	3.42783900
45.43999972	2.86553500	3.42783900
45.51999972	2.82113100	3.42783900
45.59999972	2.86553500	3.42783900
45.67999972	2.86553500	3.42783900
45.75999972	2.86553500	3.42783900
45.83999972	2.82113100	3.42783900
45.91999972	2.86553500	3.60301500
45.99999972	2.86553500	3.42783900
46.07999972	2.86553500	3.42783900
46.15999972	2.86553500	3.60301500
46.23999972	2.82113100	3.60301500
46.31999972	2.82113100	3.60301500
46.39999972	2.86553500	3.60301500
46.47999972	2.86553500	3.77880200
46.55999972	2.86553500	3.60301500
46.63999972	2.86553500	3.60301500
46.71999972	2.86553500	3.60301500
46.79999972	2.82113100	3.77880200
46.87999972	2.86553500	3.77880200
46.95999971	2.86553500	3.77880200
47.03999971	2.82113100	3.77880200
47.11999971	2.86553500	3.77880200
47.19999971	2.86553500	3.77880200
47.27999971	2.86553500	3.77880200
47.35999971	2.86553500	3.95458800
47.43999971	2.82113100	3.95458800
47.51999971	2.86553500	3.95458800
47.59999971	2.86553500	3.95458800
47.67999971	2.86553500	3.95458800
47.75999971	2.82113100	3.95458800
47.83999971	2.86553500	3.95458800
47.91999971	2.86553500	3.95458800
47.99999971	2.86553500	3.95458800
48.07999971	2.86553500	3.95458800
48.15999971	2.86553500	3.95458800
48.23999971	2.86553500	3.95458800
48.31999971	2.86553500	3.95458800
48.39999971	2.86553500	4.12976500
48.47999971	2.86553500	3.95458800
48.55999970	2.86553500	3.95458800
48.63999970	2.86553500	4.12976500
48.71999970	2.86553500	3.95458800
48.79999970	2.86553500	4.12976500
48.87999970	2.82113100	4.12976500
48.95999970	2.86553500	4.12976500
49.03999970	2.86553500	4.12976500
49.11999970	2.86553500	4.12976500
49.19999970	2.90978700	4.48072800
49.27999970	2.95419200	6.93868800
49.35999970	2.90978700	3.42783900
49.43999970	2.90978700	5.00747700
49.51999970	2.90978700	4.12976500
49.59999970	2.90978700	4.12976500
49.67999970	2.90978700	1.84759100
49.75999970	2.90978700	0.44373910
49.83999970	2.90978700	0.44373910
49.91999970	2.90978700	0.26795250
49.99999970	2.90978700	0.26795250
50.07999970	2.95419200	-0.60914950
50.15999970	2.95419200	-0.60914950
50.23999969	2.95419200	-0.60914950
50.31999969	2.95419200	-0.43336280
50.39999969	2.95419200	-0.43336280
50.47999969	2.95419200	-0.43336280
50.55999969	2.95419200	-0.43336280
50.63999969	2.99859600	-0.25818660
50.71999969	2.99859600	-0.08239998
50.79999969	2.99859600	0.79470200
50.87999969	2.99859600	0.61891540
50.95999969	2.99859600	0.79470200
51.03999969	2.99859600	0.79470200
51.11999969	2.99859600	0.79470200
51.19999969	2.99859600	0.79470200
51.27999969	3.04284800	0.79470200
51.35999969	2.99859600	0.79470200
51.43999969	3.04284800	0.79470200
51.51999969	3.08725200	0.79470200
51.59999969	3.04284800	0.96987830
51.67999969	3.04284800	0.96987830
51.75999969	3.04284800	0.79470200
51.83999968	3.04284800	0.79470200
51.91999968	3.08725200	0.96987830
51.99999968	3.08725200	0.79470200
52.07999968	3.08725200	0.96987830
52.15999968	3.08725200	0.96987830
52.23999968	3.08725200	0.96987830
52.31999968	3.08725200	0.96987830
52.39999968	3.08725200	0.96987830
52.47999968	3.08725200	0.96987830
52.55999968	3.08725200	0.96987830
52.63999968	3.08725200	0.96987830
52.71999968	3.08725200	0.96987830
52.79999968	3.08725200	0.96987830
52.87999968	3.08725200	0.96987830
52.95999968	3.08725200	0.96987830
53.03999968	3.13150400	1.14566500
53.11999968	3.13150400	0.96987830
53.19999968	3.13150400	0.96987830
53.27999968	3.13150400	0.96987830
53.35999968	3.13150400	1.14566500
53.43999968	3.13150400	1.14566500
53.51999967	3.13150400	0.96987830
53.59999967	3.13150400	1.14566500
53.67999967	3.13150400	0.96987830
53.75999967	3.13150400	1.14566500
53.83999967	3.13150400	1.14566500
53.91999967	3.13150400	1.14566500
53.99999967	3.13150400	1.14566500
54.07999967	3.13150400	1.14566500
54.15999967	3.13150400	1.14566500
54.23999967	3.13150400	1.14566500
54.31999967	3.13150400	1.14566500
54.39999967	3.13150400	1.14566500
54.47999967	3.13150400	1.14566500
54.55999967	3.13150400	1.14566500
54.63999967	3.13150400	1.14566500
54.71999967	3.13150400	1.14566500
54.79999967	3.13150400	1.14566500
54.87999967	3.13150400	1.32145100
54.95999967	3.13150400	1.14566500
55.03999967	3.13150400	1.14566500
55.11999967	3.13150400	1.14566500
55.19999966	3.13150400	1.14566500
55.27999966	3.13150400	1.32145100
55.35999966	3.13150400	1.14566500
55.43999966	3.13150400	1.32145100
55.51999966	3.13150400	1.32145100
55.59999966	3.13150400	1.32145100
55.67999966	3.13150400	1.32145100
55.75999966	3.13150400	1.14566500
55.83999966	3.13150400	1.32145100
55.91999966	3.13150400	1.32145100
55.99999966	3.13150400	1.32145100
56.07999966	3.13150400	1.32145100
56.15999966	3.13150400	1.32145100
56.23999966	3.13150400	1.32145100
56.31999966	3.13150400	1.32145100
56.39999966	3.13150400	1.32145100
56.47999966	3.13150400	1.32145100
56.55999966	3.13150400	1.32145100
56.63999966	3.08725200	1.32145100
56.71999966	3.08725200	1.32145100
56.79999965	3.08725200	1.32145100
56.87999965	3.08725200	1.32145100
56.95999965	3.08725200	1.32145100
57.03999965	3.08725200	1.32145100
57.11999965	3.08725200	1.32145100
57.19999965	3.08725200	1.32145100
57.27999965	3.08725200	1.32145100
57.35999965	3.08725200	1.32145100
57.43999965	3.08725200	1.32145100
57.51999965	3.08725200	1.32145100
57.59999965	3.08725200	1.32145100
57.67999965	3.08725200	1.32145100
57.75999965	3.08725200	1.32145100
57.83999965	3.08725200	1.32145100
57.91999965	3.04284800	1.32145100
57.99999965	3.04284800	1.32145100
58.07999965	3.04284800	1.32145100
58.15999965	3.04284800	1.32145100
58.23999965	3.04284800	1.32145100
58.31999965	3.04284800	1.32145100
58.39999965	3.04284800	1.32145100
58.47999964	2.99859600	1.32145100
58.55999964	3.04284800	1.32145100
58.63999964	2.99859600	1.32145100
58.71999964	2.99859600	1.32145100
58.79999964	2.99859600	1.32145100
58.87999964	2.99859600	1.32145100
58.95999964	2.99859600	1.32145100
59.03999964	2.99859600	1.32145100
59.11999964	2.95419200	1.32145100
59.19999964	2.95419200	1.32145100
59.27999964	2.95419200	1.32145100
59.35999964	2.95419200	1.32145100
59.43999964	2.95419200	1.32145100
59.51999964	2.95419200	1.32145100
59.59999964	2.95419200	1.32145100
59.67999964	2.95419200	1.32145100
59.75999964	2.95419200	1.32145100
59.83999964	2.90978700	1.32145100
59.91999964	2.90978700	1.32145100
59.99999964	2.90978700	1.32145100
60.07999963	2.90978700	1.32145100
60.15999963	2.90978700	1.32145100
60.23999963	2.90978700	1.32145100
60.31999963	2.90978700	1.32145100
60.39999963	2.90978700	1.32145100
60.47999963	2.90978700	1.32145100
60.55999963	2.90978700	1.32145100
60.63999963	2.86553500	1.32145100
60.71999963	2.86553500	1.32145100
60.79999963	2.86553500	1.32145100
60.87999963	2.86553500	1.32145100
60.95999963	2.86553500	1.32145100
61.03999963	2.86553500	1.32145100
61.11999963	2.86553500	1.32145100
61.19999963	2.86553500	1.32145100
61.27999963	2.86553500	1.32145100
61.35999963	2.86553500	1.32145100
61.43999963	2.86553500	1.32145100
61.51999963	2.86553500	1.32145100
61.59999963	2.86553500	1.32145100
61.67999963	2.86553500	1.32145100
61.75999962	2.86553500	1.32145100
61.83999962	2.82113100	1.32145100
61.91999962	2.82113100	1.32145100
61.99999962	2.86553500	1.32145100
62.07999962	2.86553500	1.32145100
62.15999962	2.86553500	1.32145100
62.23999962	2.86553500	1.32145100
62.31999962	2.86553500	1.32145100
62.39999962	2.86553500	1.32145100
62.47999962	2.90978700	1.32145100
62.55999962	2.90978700	1.32145100
62.63999962	2.90978700	1.32145100
62.71999962	2.90978700	1.32145100
62.79999962	2.86553500	1.32145100
62.87999962	2.86553500	1.32145100
62.95999962	2.86553500	1.32145100
63.03999962	2.86553500	1.32145100
63.11999962	2.86553500	1.32145100
63.19999962	2.86553500	1.32145100
63.27999962	2.86553500	1.32145100
63.35999961	2.82113100	1.32145100
63.43999961	2.82113100	1.32145100
63.51999961	2.86553500	1.32145100
63.59999961	2.86553500	1.32145100
63.67999961	2.82113100	1.32145100
63.75999961	2.86553500	1.32145100
63.83999961	2.86553500	1.32145100
63.91999961	2.86553500	1.32145100
63.99999961	2.86553500	1.32145100
64.07999961	2.86553500	1.32145100
64.15999961	2.86553500	1.32145100
64.23999961	2.86553500	1.32145100
64.31999961	2.86553500	1.32145100
64.39999961	2.82113100	1.32145100
64.47999961	2.82113100	1.32145100
64.55999961	2.82113100	1.32145100
64.63999961	2.82113100	1.32145100
64.71999961	2.82113100	1.14566500
64.79999961	2.82113100	1.32145100
64.87999961	2.82113100	1.32145100
64.95999961	2.82113100	1.14566500
65.03999960	2.86553500	1.32145100
65.11999960	2.82113100	1.14566500
65.19999960	2.82113100	1.14566500
65.27999960	2.86553500	1.14566500
65.35999960	2.82113100	1.14566500
65.43999960	2.82113100	1.14566500
65.51999960	2.86553500	1.14566500
65.59999960	2.82113100	1.14566500
65.67999960	2.82113100	1.14566500
65.75999960	2.82113100	1.14566500
65.83999960	2.82113100	1.14566500
65.91999960	2.82113100	1.14566500
65.99999960	2.86553500	1.14566500
66.07999960	2.82113100	1.14566500
66.15999960	2.82113100	1.14566500
66.23999960	2.82113100	1.14566500
66.31999960	2.82113100	1.14566500
66.39999960	2.82113100	1.14566500
66.47999960	2.86553500	1.14566500
66.55999960	2.82113100	1.14566500
66.63999959	2.86553500	1.14566500
66.71999959	2.86553500	1.14566500
66.79999959	2.90978700	1.14566500
66.87999959	2.90978700	1.14566500
66.95999959	2.86553500	1.14566500
67.03999959	2.86553500	1.14566500
67.11999959	2.86553500	1.14566500
67.19999959	2.86553500	1.14566500
67.27999959	2.86553500	1.14566500
67.35999959	2.86553500	1.14566500
67.43999959	2.86553500	0.96987830
67.51999959	2.86553500	1.14566500
67.59999959	2.86553500	0.96987830
67.67999959	2.90978700	0.96987830
67.75999959	2.86553500	0.96987830
67.83999959	2.86553500	0.96987830
67.91999959	2.86553500	0.96987830
67.99999959	2.90978700	0.96987830
68.07999959	2.86553500	0.96987830
68.15999959	2.86553500	0.96987830
68.23999959	2.90978700	0.96987830
68.31999958	2.86553500	0.96987830
68.39999958	2.86553500	0.96987830
68.47999958	2.90978700	0.96987830
68.55999958	2.90978700	0.96987830
68.63999958	2.86553500	0.96987830
68.71999958	2.86553500	0.96987830
68.79999958	2.86553500	0.96987830
68.87999958	2.90978700	0.96987830
68.95999958	2.90978700	0.96987830
69.03999958	2.90978700	0.96987830
69.11999958	2.90978700	0.96987830
69.19999958	2.86553500	0.96987830
69.27999958	2.90978700	0.96987830
69.35999958	2.90978700	0.96987830
69.43999958	2.90978700	0.79470200
69.51999958	2.90978700	0.79470200
69.59999958	2.90978700	0.96987830
69.67999958	2.90978700	0.96987830
69.75999958	2.90978700	0.96987830
69.83999958	2.90978700	0.96987830
69.91999958	2.90978700	0.79470200
69.99999957	2.90978700	0.96987830
70.07999957	2.90978700	0.79470200
70.15999957	2.90978700	0.79470200
70.23999957	2.90978700	0.79470200
70.31999957	2.90978700	0.79470200
70.39999957	2.90978700	0.79470200
70.47999957	2.90978700	0.79470200
70.55999957	2.90978700	0.79470200
70.63999957	2.90978700	0.79470200
70.71999957	2.90978700	0.79470200
70.79999957	2.90978700	0.79470200
70.87999957	2.90978700	0.79470200
70.95999957	2.90978700	0.79470200
71.03999957	2.90978700	0.79470200
71.11999957	2.95419200	0.79470200
71.19999957	2.90978700	0.61891540
71.27999957	2.90978700	0.61891540
71.35999957	2.90978700	0.79470200
71.43999957	2.95419200	0.61891540
71.51999957	2.95419200	0.61891540
71.59999956	2.90978700	0.61891540
71.67999956	2.95419200	0.61891540
71.75999956	2.90978700	0.61891540
71.83999956	2.90978700	0.61891540
71.91999956	2.95419200	0.61891540
71.99999956	2.90978700	0.61891540
72.07999956	2.95419200	0.61891540
72.15999956	2.95419200	0.44373910
72.23999956	2.95419200	-0.08239998
72.31999956	2.95419200	-0.43336280
72.39999956	2.90978700	-0.60914950
72.47999956	2.95419200	-0.60914950
72.55999956	2.95419200	-0.60914950
72.63999956	2.95419200	-0.60914950
72.71999956	2.95419200	-0.60914950
72.79999956	2.95419200	-0.78432570
72.87999956	2.95419200	-0.60914950
72.95999956	2.95419200	-0.78432570
73.03999956	2.95419200	-0.78432570
73.11999956	2.95419200	-0.60914950
73.19999956	2.95419200	-0.78432570
73.27999955	2.95419200	-0.78432570
73.35999955	2.95419200	-0.78432570
73.43999955	2.95419200	-0.78432570
73.51999955	2.95419200	-0.78432570
73.59999955	2.95419200	-0.78432570
73.67999955	2.95419200	-0.78432570
73.75999955	2.95419200	-0.78432570
73.83999955	2.95419200	-0.78432570
73.91999955	2.95419200	-0.78432570
73.99999955	2.95419200	-0.78432570
74.07999955	2.95419200	-0.78432570
74.15999955	2.95419200	-0.78432570
74.23999955	2.95419200	-0.78432570
74.31999955	2.95419200	-0.78432570
74.39999955	2.95419200	-0.78432570
74.47999955	2.95419200	-0.78432570
74.55999955	2.90978700	-0.78432570
74.63999955	2.95419200	-0.78432570
74.71999955	2.90978700	-0.78432570
74.79999955	2.90978700	-0.78432570
74.87999954	2.90978700	-0.78432570
74.95999954	2.90978700	-0.78432570
75.03999954	2.90978700	-0.78432570
75.11999954	2.95419200	-0.78432570
75.19999954	2.95419200	-0.60914950
75.27999954	2.95419200	-0.78432570
75.35999954	2.90978700	-0.78432570
75.43999954	2.95419200	-0.60914950
75.51999954	2.90978700	-0.60914950
75.59999954	2.90978700	-0.43336280
75.67999954	2.90978700	-0.08239998
75.75999954	2.90978700	0.44373910
75.83999954	2.90978700	2.02337700
75.91999954	2.95419200	2.19916400
75.99999954	2.95419200	4.83230100
76.07999954	2.95419200	1.32145100
76.15999954	2.90978700	0.26795250
76.23999954	2.95419200	-0.43336280
76.31999954	2.95419200	-0.60914950
76.39999954	2.95419200	-0.78432570
76.47999954	2.90978700	-0.60914950
76.55999953	2.90978700	-0.43336280
76.63999953	2.90978700	0.44373910
76.71999953	2.95419200	2.55012700
76.79999953	2.90978700	4.30555200
76.87999953	2.95419200	4.12976500
76.95999953	2.90978700	3.95458800
77.03999953	2.95419200	3.77880200
77.11999953	2.90978700	3.60301500
77.19999953	2.90978700	3.77880200
77.27999953	2.90978700	3.95458800
77.35999953	2.90978700	0.96987830
77.43999953	2.95419200	-0.08239998
77.51999953	2.90978700	0.61891540
77.59999953	2.90978700	1.84759100
77.67999953	2.90978700	5.35844000
77.75999953	2.90978700	3.60301500
77.83999953	2.90978700	12.02918000
77.91999953	2.90978700	0.61891540
77.99999953	2.90978700	4.30555200
78.07999953	2.90978700	2.02337700
78.15999952	2.90978700	1.49662800
78.23999952	2.90978700	-0.60914950
78.31999952	2.90978700	-0.78432570
78.39999952	2.90978700	-0.78432570
78.47999952	2.90978700	-0.96011230
78.55999952	2.90978700	-0.96011230
78.63999952	2.90978700	-0.96011230
78.71999952	2.90978700	-0.96011230
78.79999952	2.90978700	-0.96011230
78.87999952	2.86553500	-1.13589900
78.95999952	2.86553500	-0.78432570
79.03999952	2.86553500	-0.78432570
79.11999952	2.86553500	-0.78432570
79.19999952	2.82113100	-0.78432570
79.27999952	2.82113100	-0.96011230
79.35999952	2.86553500	-0.96011230
79.43999952	2.86553500	-0.96011230
79.51999952	2.86553500	-0.96011230
79.59999952	2.86553500	-0.96011230
79.67999952	2.86553500	-0.96011230
79.75999952	2.86553500	-0.96011230
79.83999951	2.82113100	-0.78432570
79.91999951	2.86553500	-0.78432570
79.99999951	2.82113100	-0.78432570
80.07999951	2.82113100	-0.96011230
80.15999951	2.86553500	-0.96011230
80.23999951	2.86553500	-0.96011230
80.31999951	2.82113100	-0.96011230
80.39999951	2.86553500	-0.96011230
80.47999951	2.86553500	-0.96011230
80.55999951	2.82113100	-0.96011230
80.63999951	2.86553500	-0.78432570
80.71999951	2.82113100	-0.78432570
80.79999951	2.82113100	-0.78432570
80.87999951	2.82113100	-0.78432570
80.95999951	2.82113100	-0.60914950
81.03999951	2.82113100	-0.60914950
81.11999951	2.82113100	-0.60914950
81.19999951	2.82113100	-0.60914950
81.27999951	2.86553500	-0.78432570
81.35999951	2.82113100	-0.78432570
81.43999951	2.86553500	-0.78432570
81.51999950	2.82113100	-0.78432570
81.59999950	2.82113100	-0.96011230
81.67999950	2.82113100	-1.13589900
81.75999950	2.82113100	-0.96011230
81.83999950	2.82113100	-0.78432570
81.91999950	2.86553500	-0.96011230
81.99999950	2.86553500	-0.78432570
82.07999950	2.86553500	-0.78432570
82.15999950	2.82113100	-0.78432570
82.23999950	2.82113100	-0.78432570
82.31999950	2.86553500	-0.60914950
82.39999950	2.82113100	-0.60914950
82.47999950	2.86553500	-0.43336280
82.55999950	2.82113100	-0.08239998
82.63999950	2.82113100	-0.08239998
82.71999950	2.86553500	-0.08239998
82.79999950	2.86553500	-0.43336280
82.87999950	2.82113100	-0.60914950
82.95999950	2.86553500	-0.78432570
83.03999950	2.82113100	-0.78432570
83.11999949	2.82113100	-0.78432570
83.19999949	2.86553500	-0.60914950
83.27999949	2.86553500	-0.43336280
83.35999949	2.82113100	-0.25818660
83.43999949	2.86553500	0.44373910
83.51999949	2.82113100	1.49662800
83.59999949	2.82113100	2.02337700
83.67999949	2.82113100	2.72530300
83.75999949	2.82113100	3.07687600
83.83999949	2.82113100	4.30555200
83.91999949	2.86553500	4.12976500
83.99999949	2.82113100	4.12976500
84.07999949	2.86553500	3.95458800
84.15999949	2.86553500	3.95458800
84.23999949	2.86553500	3.95458800
84.31999949	2.82113100	3.95458800
84.39999949	2.82113100	3.95458800
84.47999949	2.86553500	3.95458800
84.55999949	2.82113100	3.95458800
84.63999949	2.82113100	3.95458800
84.71999949	2.82113100	3.95458800
84.79999948	2.86553500	3.77880200
84.87999948	2.86553500	3.95458800
84.95999948	2.82113100	3.77880200
85.03999948	2.82113100	3.95458800
85.11999948	2.82113100	3.95458800
85.19999948	2.90978700	0.44373910
85.27999948	2.77687900	0.79470200
85.35999948	2.86553500	0.79470200
85.43999948	2.82113100	4.30555200
85.51999948	2.82113100	4.83230100
85.59999948	2.82113100	6.06097600
85.67999948	2.82113100	11.50243000
85.75999948	2.86553500	1.84759100
85.83999948	2.82113100	5.18326400
85.91999948	2.82113100	3.42783900
85.99999948	2.82113100	3.95458800
86.07999948	2.82113100	3.60301500
86.15999948	2.86553500	3.77880200
86.23999948	2.86553500	3.77880200
86.31999948	2.82113100	3.77880200
86.39999947	2.82113100	3.95458800
86.47999947	2.82113100	3.95458800
86.55999947	2.86553500	4.12976500
86.63999947	2.82113100	4.12976500
86.71999947	2.82113100	3.95458800
86.79999947	2.82113100	4.12976500
86.87999947	2.82113100	4.12976500
86.95999947	2.82113100	4.12976500
87.03999947	2.82113100	4.12976500
87.11999947	2.86553500	4.12976500
87.19999947	2.86553500	4.12976500
87.27999947	2.82113100	4.12976500
87.35999947	2.82113100	4.12976500
87.43999947	2.86553500	4.12976500
87.51999947	2.86553500	4.12976500
87.59999947	2.82113100	4.12976500
87.67999947	2.82113100	4.12976500
87.75999947	2.82113100	4.12976500
87.83999947	2.86553500	4.12976500
87.91999947	2.82113100	3.77880200
87.99999947	2.82113100	4.12976500
88.07999946	2.86553500	4.12976500
88.15999946	2.82113100	4.12976500
88.23999946	2.82113100	4.12976500
88.31999946	2.82113100	0.44373910
88.39999946	2.90978700	-0.25818660
88.47999946	2.82113100	0.96987830
88.55999946	2.86553500	3.77880200
88.63999946	2.82113100	5.71001300
88.71999946	2.86553500	6.93868800
88.79999946	2.77687900	10.09796000
88.87999946	2.86553500	2.37434000
88.95999946	2.82113100	5.00747700
89.03999946	2.82113100	3.77880200
89.11999946	2.82113100	4.30555200
89.19999946	2.86553500	3.77880200
89.27999946	2.86553500	4.12976500
89.35999946	2.82113100	4.12976500
89.43999946	2.82113100	4.12976500
89.51999946	2.82113100	4.12976500
89.59999946	2.82113100	4.12976500
89.67999945	2.86553500	4.12976500
89.75999945	2.82113100	4.12976500
89.83999945	2.86553500	4.12976500
89.91999945	2.82113100	4.30555200
89.99999945	2.82113100	4.12976500
90.07999945	2.82113100	4.12976500
90.15999945	2.82113100	4.12976500
90.23999945	2.82113100	4.12976500
90.31999945	2.82113100	4.12976500
90.39999945	2.82113100	4.12976500
90.47999945	2.82113100	4.12976500
90.55999945	2.82113100	4.12976500
90.63999945	2.82113100	4.12976500
90.71999945	2.86553500	4.30555200
90.79999945	2.82113100	4.12976500
90.87999945	2.82113100	4.12976500
90.95999945	2.82113100	4.12976500
91.03999945	2.82113100	4.12976500
91.11999945	2.86553500	4.30555200
91.19999945	2.82113100	4.12976500
91.27999945	2.82113100	3.95458800
91.35999944	2.82113100	4.12976500
91.43999944	2.86553500	4.12976500
91.51999944	2.82113100	4.30555200
91.59999944	2.82113100	4.12976500
91.67999944	2.86553500	-1.48686200
91.75999944	2.90978700	1.14566500
91.83999944	2.82113100	3.60301500
91.91999944	2.82113100	6.23615200
91.99999944	2.82113100	9.57182500
92.07999944	2.82113100	4.83230100
92.15999944	2.86553500	4.48072800
92.23999944	2.86553500	4.48072800
92.31999944	2.86553500	3.95458800
92.39999944	2.82113100	4.30555200
92.47999944	2.82113100	4.12976500
92.55999944	2.82113100	4.30555200
92.63999944	2.82113100	4.30555200
92.71999944	2.82113100	4.12976500
92.79999944	2.82113100	4.30555200
92.87999944	2.82113100	4.30555200
92.95999944	2.82113100	4.30555200
93.03999943	2.82113100	4.30555200
93.11999943	2.82113100	3.77880200
93.19999943	2.86553500	0.26795250
93.27999943	2.86553500	0.26795250
93.35999943	2.82113100	0.26795250
93.43999943	2.82113100	0.09277627
93.51999943	2.86553500	-0.78432570
93.59999943	2.82113100	-0.78432570
93.67999943	2.82113100	-0.78432570
93.75999943	2.86553500	-0.78432570
93.83999943	2.82113100	-0.78432570
93.91999943	2.82113100	-0.78432570
93.99999943	2.82113100	-0.78432570
94.07999943	2.90978700	-0.60914950
94.15999943	2.90978700	-0.60914950
94.23999943	2.90978700	-0.78432570
94.31999943	2.86553500	-0.78432570
94.39999943	2.86553500	-0.78432570
94.47999943	2.90978700	-0.78432570
94.55999943	2.90978700	-0.60914950
94.63999942	2.90978700	-0.78432570
94.71999942	2.90978700	-0.60914950
94.79999942	2.90978700	-0.60914950
94.87999942	2.90978700	-0.60914950
94.95999942	2.90978700	-0.60914950
95.03999942	2.90978700	-0.60914950
95.11999942	2.86553500	-0.60914950
95.19999942	2.90978700	-0.60914950
95.27999942	2.86553500	-0.60914950
95.35999942	2.90978700	-0.60914950
95.43999942	2.90978700	-0.60914950
95.51999942	2.86553500	-0.60914950
95.59999942	2.90978700	-0.60914950
95.67999942	2.90978700	-0.43336280
95.75999942	2.90978700	-0.60914950
95.83999942	2.86553500	-0.43336280
95.91999942	2.90978700	-0.43336280
95.99999942	2.86553500	-0.25818660
96.07999942	2.86553500	-0.43336280
96.15999942	2.86553500	-0.25818660
96.23999942	2.90978700	-0.08239998
96.31999941	2.90978700	-0.08239998
96.39999941	2.86553500	0.26795250
96.47999941	2.90978700	0.79470200
96.55999941	2.86553500	1.32145100
96.63999941	2.86553500	2.55012700
96.71999941	2.86553500	6.06097600
96.79999941	2.86553500	5.71001300
96.87999941	2.86553500	5.71001300
96.95999941	2.86553500	5.71001300
97.03999941	2.82113100	5.88519000
97.11999941	2.82113100	5.71001300
97.19999941	2.82113100	6.58711500
97.27999941	2.82113100	6.23615200
97.35999941	2.82113100	5.53422600
97.43999941	2.82113100	5.88519000
97.51999941	2.82113100	5.71001300
97.59999941	2.82113100	5.71001300
97.67999941	2.82113100	5.71001300
97.75999941	2.82113100	5.71001300
97.83999941	2.82113100	5.53422600
97.91999940	2.82113100	5.71001300
97.99999940	2.82113100	5.53422600
98.07999940	2.82113100	5.71001300
98.15999940	2.82113100	5.53422600
98.23999940	2.86553500	5.71001300
98.31999940	2.86553500	5.71001300
98.39999940	2.82113100	5.71001300
98.47999940	2.82113100	5.53422600
98.55999940	2.86553500	5.71001300
98.63999940	2.86553500	5.71001300
98.71999940	2.82113100	5.71001300
98.79999940	2.82113100	5.71001300
98.87999940	2.86553500	5.71001300
98.95999940	2.86553500	5.71001300
99.03999940	2.86553500	5.71001300
99.11999940	2.86553500	5.71001300
99.19999940	2.86553500	5.71001300
99.27999940	2.82113100	5.71001300
99.35999940	2.82113100	5.71001300
99.43999940	2.82113100	5.71001300
99.51999940	2.86553500	5.71001300
99.59999939	2.82113100	5.71001300
99.67999939	2.82113100	5.71001300
99.75999939	2.82113100	5.53422600
99.83999939	2.82113100	5.71001300
99.91999939	2.82113100	5.71001300
99.99999939	2.82113100	5.71001300
100.07999939	2.82113100	5.71001300
100.15999939	2.82113100	5.71001300
100.23999939	2.82113100	5.71001300
100.31999939	2.86553500	5.71001300
100.39999939	2.82113100	5.71001300
100.47999939	2.86553500	5.71001300
100.55999939	2.82113100	5.71001300
100.63999939	2.82113100	5.71001300
100.71999939	2.82113100	5.71001300
100.79999939	2.82113100	5.71001300
100.87999939	2.82113100	5.71001300
100.95999939	2.82113100	5.53422600
101.03999939	2.82113100	5.71001300
101.11999939	2.82113100	5.53422600
101.19999938	2.82113100	5.53422600
101.27999938	2.82113100	5.53422600
101.35999938	2.82113100	5.53422600
101.43999938	2.82113100	5.53422600
101.51999938	2.82113100	5.71001300
101.59999938	2.82113100	5.53422600
101.67999938	2.82113100	5.53422600
101.75999938	2.82113100	5.53422600
101.83999938	2.82113100	5.53422600
101.91999938	2.82113100	5.53422600
101.99999938	2.82113100	5.53422600
102.07999938	2.82113100	5.53422600
102.15999938	2.82113100	5.53422600
102.23999938	2.82113100	5.53422600
102.31999938	2.82113100	5.53422600
102.39999938	2.82113100	5.53422600
102.47999938	2.82113100	5.53422600
102.55999938	2.82113100	5.53422600
102.63999938	2.82113100	5.35844000
102.71999938	2.82113100	5.18326400
102.79999938	2.82113100	4.83230100
102.87999937	2.86553500	4.65651400
102.95999937	2.82113100	4.65651400
103.03999937	2.82113100	4.65651400
103.11999937	2.82113100	4.65651400
103.19999937	2.82113100	4.83230100
103.27999937	2.82113100	4.83230100
103.35999937	2.82113100	5.00747700
103.43999937	2.82113100	5.18326400
103.51999937	2.82113100	5.18326400
103.59999937	2.82113100	5.18326400
103.67999937	2.82113100	5.35844000
103.75999937	2.82113100	5.35844000
103.83999937	2.86553500	5.35844000
103.91999937	2.86553500	5.35844000
103.99999937	2.82113100	5.35844000
104.07999937	2.82113100	5.35844000
104.15999937	2.82113100	5.35844000
104.23999937	2.82113100	5.35844000
104.31999937	2.86553500	5.35844000
104.39999937	2.82113100	5.18326400
104.47999937	2.82113100	5.18326400
104.55999936	2.82113100	5.18326400
104.63999936	2.82113100	4.83230100
104.71999936	2.82113100	4.83230100
104.79999936	2.82113100	4.83230100
104.87999936	2.82113100	4.83230100
104.95999936	2.82113100	4.65651400
105.03999936	2.82113100	4.65651400
105.11999936	2.82113100	4.65651400
105.19999936	2.82113100	4.65651400
105.27999936	2.82113100	4.65651400
105.35999936	2.82113100	4.48072800
105.43999936	2.82113100	4.48072800
105.51999936	2.82113100	4.48072800
105.59999936	2.82113100	4.48072800
105.67999936	2.82113100	4.48072800
105.75999936	2.82113100	4.48072800
105.83999936	2.82113100	4.48072800
105.91999936	2.82113100	4.48072800
105.99999936	2.82113100	4.48072800
106.07999936	2.82113100	4.48072800
106.15999935	2.82113100	4.48072800
106.23999935	2.82113100	4.48072800
106.31999935	2.82113100	4.48072800
106.39999935	2.82113100	4.48072800
106.47999935	2.82113100	4.48072800
106.55999935	2.82113100	4.48072800
106.63999935	2.82113100	4.48072800
106.71999935	2.82113100	4.48072800
106.79999935	2.82113100	4.48072800
106.87999935	2.82113100	4.48072800
106.95999935	2.82113100	4.48072800
107.03999935	2.82113100	4.48072800
107.11999935	2.82113100	4.48072800
107.19999935	2.82113100	4.48072800
107.27999935	2.82113100	4.48072800
107.35999935	2.82113100	4.48072800
107.43999935	2.82113100	4.48072800
107.51999935	2.82113100	4.48072800
107.59999935	2.82113100	4.48072800
107.67999935	2.82113100	4.48072800
107.75999935	2.82113100	4.48072800
107.83999934	2.82113100	4.48072800
107.91999934	2.82113100	4.65651400
107.99999934	2.82113100	4.65651400
108.07999934	2.82113100	4.48072800
108.15999934	2.82113100	4.65651400
108.23999934	2.82113100	4.65651400
108.31999934	2.82113100	4.65651400
108.39999934	2.82113100	4.83230100
108.47999934	2.82113100	4.83230100
108.55999934	2.86553500	5.00747700
108.63999934	2.82113100	5.18326400
108.71999934	2.82113100	5.18326400
108.79999934	2.82113100	5.18326400
108.87999934	2.82113100	5.18326400
108.95999934	2.82113100	5.00747700
109.03999934	2.82113100	5.00747700
109.11999934	2.82113100	4.83230100
109.19999934	2.82113100	4.83230100
109.27999934	2.82113100	4.83230100
109.35999934	2.82113100	4.65651400
109.43999933	2.82113100	4.65651400
109.51999933	2.82113100	4.65651400
109.59999933	2.82113100	4.65651400
109.67999933	2.82113100	4.48072800
109.75999933	2.82113100	4.65651400
109.83999933	2.82113100	4.65651400
109.91999933	2.82113100	4.65651400
109.99999933	2.82113100	4.48072800
110.07999933	2.82113100	4.48072800
110.15999933	2.82113100	4.48072800
110.23999933	2.82113100	4.48072800
110.31999933	2.82113100	4.48072800
110.39999933	2.82113100	4.48072800
110.47999933	2.82113100	4.65651400
110.55999933	2.82113100	4.48072800
110.63999933	2.82113100	4.48072800
110.71999933	2.86553500	4.48072800
110.79999933	2.82113100	4.65651400
110.87999933	2.82113100	4.48072800
110.95999933	2.82113100	4.48072800
111.03999933	2.82113100	4.65651400
111.11999932	2.82113100	4.48072800
111.19999932	2.82113100	4.65651400
111.27999932	2.82113100	4.48072800
111.35999932	2.82113100	4.65651400
111.43999932	2.82113100	4.48072800
111.51999932	2.82113100	4.65651400
111.59999932	2.82113100	4.65651400
111.67999932	2.82113100	4.48072800
111.75999932	2.82113100	4.65651400
111.83999932	2.82113100	4.65651400
111.91999932	2.82113100	4.65651400
111.99999932	2.82113100	4.65651400
112.07999932	2.82113100	4.65651400
112.15999932	2.82113100	4.83230100
112.23999932	2.82113100	4.83230100
112.31999932	2.82113100	4.83230100
112.39999932	2.82113100	4.83230100
112.47999932	2.82113100	4.83230100
112.55999932	2.82113100	4.83230100
112.63999932	2.82113100	5.00747700
112.71999931	2.82113100	5.00747700
112.79999931	2.82113100	5.00747700
112.87999931	2.82113100	5.00747700
112.95999931	2.82113100	5.18326400
113.03999931	2.82113100	5.00747700
113.11999931	2.82113100	5.18326400
113.19999931	2.82113100	5.00747700
113.27999931	2.82113100	5.18326400
113.35999931	2.82113100	5.00747700
113.43999931	2.82113100	5.00747700
113.51999931	2.82113100	5.00747700
113.59999931	2.82113100	5.00747700
113.67999931	2.82113100	5.00747700
113.75999931	2.82113100	4.83230100
113.83999931	2.82113100	4.83230100
113.91999931	2.86553500	4.83230100
113.99999931	2.82113100	4.83230100
114.07999931	2.82113100	4.83230100
114.15999931	2.82113100	4.83230100
114.23999931	2.82113100	4.83230100
114.31999931	2.82113100	4.65651400
114.39999930	2.82113100	4.65651400
114.47999930	2.82113100	4.65651400
114.55999930	2.82113100	4.65651400
114.63999930	2.82113100	4.65651400
114.71999930	2.82113100	4.65651400
114.79999930	2.82113100	4.65651400
114.87999930	2.82113100	4.65651400
114.95999930	2.82113100	4.83230100
115.03999930	2.82113100	4.83230100
115.11999930	2.82113100	4.65651400
115.19999930	2.82113100	4.65651400
115.27999930	2.82113100	4.83230100
115.35999930	2.82113100	4.65651400
115.43999930	2.82113100	4.83230100
115.51999930	2.82113100	4.65651400
115.59999930	2.82113100	4.65651400
115.67999930	2.82113100	4.65651400
115.75999930	2.82113100	4.48072800
115.83999930	2.82113100	4.12976500
115.91999930	2.82113100	2.55012700
115.99999930	2.82113100	1.84759100
116.07999929	2.82113100	1.67241400
116.15999929	2.82113100	0.79470200
116.23999929	2.82113100	0.61891540
116.31999929	2.82113100	0.61891540
116.39999929	2.82113100	0.79470200
116.47999929	2.82113100	0.61891540
116.55999929	2.82113100	0.61891540
116.63999929	2.82113100	0.79470200
116.71999929	2.82113100	0.61891540
116.79999929	2.82113100	0.61891540
116.87999929	2.86553500	0.79470200
116.95999929	2.86553500	0.61891540
117.03999929	2.82113100	0.79470200
117.11999929	2.82113100	0.79470200
117.19999929	2.82113100	0.79470200
117.27999929	2.82113100	0.61891540
117.35999929	2.82113100	0.79470200
117.43999929	2.82113100	0.79470200
117.51999929	2.82113100	0.79470200
117.59999929	2.82113100	0.79470200
117.67999928	2.82113100	0.79470200
117.75999928	2.82113100	0.79470200
117.83999928	2.82113100	0.79470200
117.91999928	2.82113100	0.79470200
117.99999928	2.86553500	0.79470200
118.07999928	2.82113100	0.79470200
118.15999928	2.82113100	0.79470200
118.23999928	2.82113100	0.79470200
118.31999928	2.82113100	0.79470200
118.39999928	2.82113100	0.79470200
118.47999928	2.86553500	0.79470200
118.55999928	2.82113100	0.79470200
118.63999928	2.82113100	0.79470200
118.71999928	2.82113100	0.79470200
118.79999928	2.82113100	0.79470200
118.87999928	2.82113100	0.79470200
118.95999928	2.82113100	0.79470200
119.03999928	2.82113100	0.79470200
119.11999928	2.82113100	0.79470200
119.19999928	2.82113100	0.79470200
119.27999928	2.82113100	0.79470200
119.35999927	2.82113100	0.79470200
119.43999927	2.82113100	0.79470200
119.51999927	2.82113100	0.96987830
119.59999927	2.82113100	0.79470200
119.67999927	2.82113100	0.96987830
119.75999927	2.82113100	0.79470200
119.83999927	2.82113100	0.79470200
119.91999927	2.82113100	0.79470200
119.99999927	2.82113100	0.79470200
120.07999927	2.82113100	0.79470200
120.15999927	2.82113100	0.79470200
120.23999927	2.82113100	0.96987830
120.31999927	2.82113100	0.79470200
120.39999927	2.82113100	0.79470200
120.47999927	2.82113100	0.96987830
120.55999927	2.82113100	0.79470200
120.63999927	2.82113100	0.96987830
120.71999927	2.82113100	0.96987830
120.79999927	2.82113100	0.96987830
120.87999927	2.82113100	0.96987830
120.95999926	2.82113100	0.96987830
121.03999926	2.82113100	0.96987830
121.11999926	2.82113100	0.96987830
121.19999926	2.82113100	0.96987830
121.27999926	2.82113100	0.96987830
121.35999926	2.82113100	0.96987830
121.43999926	2.82113100	0.96987830
121.51999926	2.82113100	0.96987830
121.59999926	2.82113100	0.96987830
121.67999926	2.82113100	0.96987830
121.75999926	2.82113100	0.96987830
121.83999926	2.82113100	0.96987830
121.91999926	2.82113100	0.96987830
121.99999926	2.82113100	0.96987830
122.07999926	2.82113100	0.96987830
122.15999926	2.82113100	0.96987830
122.23999926	2.82113100	0.96987830
122.31999926	2.82113100	0.96987830
122.39999926	2.82113100	0.96987830
122.47999926	2.82113100	0.79470200
122.55999926	2.82113100	0.96987830
122.63999925	2.82113100	0.96987830
122.71999925	2.82113100	0.96987830
122.79999925	2.82113100	0.96987830
122.87999925	2.82113100	0.96987830
122.95999925	2.82113100	0.96987830
123.03999925	2.82113100	0.96987830
123.11999925	2.82113100	0.96987830
123.19999925	2.82113100	0.96987830
123.27999925	2.82113100	0.96987830
123.35999925	2.82113100	0.96987830
123.43999925	2.82113100	0.79470200
123.51999925	2.82113100	0.96987830
123.59999925	2.82113100	0.96987830
123.67999925	2.82113100	0.96987830
123.75999925	2.82113100	0.96987830
123.83999925	2.82113100	0.96987830
123.91999925	2.82113100	0.96987830
123.99999925	2.82113100	0.96987830
124.07999925	2.82113100	0.96987830
124.15999925	2.82113100	0.96987830
124.23999924	2.82113100	0.96987830
124.31999924	2.82113100	0.96987830
124.39999924	2.82113100	0.96987830
124.47999924	2.82113100	0.96987830
124.55999924	2.82113100	0.96987830
124.63999924	2.82113100	0.96987830
124.71999924	2.82113100	0.96987830
124.79999924	2.82113100	0.96987830
124.87999924	2.82113100	0.96987830
124.95999924	2.82113100	0.96987830
125.03999924	2.82113100	0.96987830
125.11999924	2.82113100	0.96987830
125.19999924	2.82113100	0.96987830
125.27999924	2.82113100	0.96987830
125.35999924	2.82113100	0.96987830
125.43999924	2.82113100	0.96987830
125.51999924	2.82113100	0.96987830
125.59999924	2.82113100	0.96987830
125.67999924	2.82113100	0.96987830
125.75999924	2.82113100	0.96987830
125.83999924	2.82113100	0.96987830
125.91999923	2.82113100	0.96987830
125.99999923	2.82113100	0.96987830
126.07999923	2.82113100	0.96987830
126.15999923	2.82113100	0.96987830
126.23999923	2.82113100	0.96987830
126.31999923	2.82113100	0.96987830
126.39999923	2.82113100	0.96987830
126.47999923	2.82113100	0.96987830
126.55999923	2.82113100	0.96987830
126.63999923	2.82113100	0.96987830
126.71999923	2.82113100	0.96987830
126.79999923	2.82113100	0.96987830
126.87999923	2.82113100	0.96987830
126.95999923	2.82113100	0.96987830
127.03999923	2.82113100	0.96987830
127.11999923	2.82113100	0.96987830
127.19999923	2.82113100	0.96987830
127.27999923	2.82113100	0.96987830
127.35999923	2.82113100	0.96987830
127.43999923	2.82113100	0.96987830
127.51999923	2.82113100	1.14566500
127.59999922	2.82113100	0.96987830
127.67999922	2.82113100	0.96987830
127.75999922	2.82113100	0.96987830
127.83999922	2.82113100	0.96987830
127.91999922	2.82113100	0.96987830
127.99999922	2.82113100	0.96987830
128.07999922	2.82113100	0.96987830
128.15999922	2.82113100	0.96987830
128.23999922	2.82113100	0.96987830
128.31999922	2.82113100	0.96987830
128.39999922	2.82113100	0.96987830
128.47999922	2.82113100	0.96987830
128.55999922	2.82113100	0.96987830
128.63999922	2.82113100	0.96987830
128.71999922	2.82113100	0.96987830
128.79999922	2.82113100	0.96987830
128.87999922	2.82113100	0.96987830
128.95999922	2.82113100	0.96987830
129.03999922	2.82113100	0.96987830
129.11999922	2.82113100	0.96987830
129.19999921	2.82113100	0.96987830
129.27999921	2.82113100	0.96987830
129.35999921	2.82113100	0.96987830
129.43999921	2.82113100	0.96987830
129.51999921	2.82113100	0.96987830
129.59999921	2.82113100	0.96987830
129.67999921	2.82113100	0.96987830
129.75999921	2.82113100	0.96987830
129.83999921	2.82113100	0.96987830
129.91999921	2.82113100	0.96987830
129.99999921	2.82113100	0.96987830
130.07999921	2.82113100	0.96987830
130.15999921	2.82113100	0.96987830
130.23999921	2.82113100	0.96987830
130.31999921	2.82113100	0.96987830
130.39999921	2.82113100	0.96987830
130.47999921	2.82113100	0.96987830
130.55999921	2.82113100	0.96987830
130.63999921	2.82113100	0.96987830
130.71999921	2.82113100	0.96987830
130.79999921	2.82113100	0.96987830
130.87999920	2.82113100	0.96987830
130.95999920	2.82113100	0.96987830
131.03999920	2.82113100	0.96987830
131.11999920	2.82113100	0.96987830
131.19999920	2.82113100	0.96987830
131.27999920	2.82113100	0.96987830
131.35999920	2.82113100	0.96987830
131.43999920	2.82113100	0.96987830
131.51999920	2.82113100	0.96987830
131.59999920	2.82113100	0.96987830
131.67999920	2.82113100	0.96987830
131.75999920	2.82113100	0.96987830
131.83999920	2.82113100	0.96987830
131.91999920	2.82113100	0.96987830
131.99999920	2.82113100	0.96987830
132.07999920	2.82113100	0.96987830
132.15999920	2.82113100	0.96987830
132.23999920	2.82113100	0.96987830
132.31999920	2.82113100	0.79470200
132.39999920	2.82113100	0.79470200
132.47999919	2.82113100	0.79470200
132.55999919	2.82113100	0.96987830
132.63999919	2.82113100	0.96987830
132.71999919	2.82113100	0.96987830
132.79999919	2.82113100	0.96987830
132.87999919	2.82113100	0.79470200
132.95999919	2.82113100	0.79470200
133.03999919	2.82113100	0.79470200
133.11999919	2.82113100	0.96987830
133.19999919	2.82113100	0.79470200
133.27999919	2.82113100	0.79470200
133.35999919	2.82113100	0.79470200
133.43999919	2.82113100	0.79470200
133.51999919	2.82113100	0.79470200
133.59999919	2.82113100	0.96987830
133.67999919	2.82113100	0.96987830
133.75999919	2.82113100	0.79470200
133.83999919	2.82113100	0.79470200
133.91999919	2.82113100	0.79470200
133.99999919	2.82113100	0.79470200
134.07999919	2.82113100	0.79470200
134.15999918	2.82113100	0.79470200
134.23999918	2.82113100	0.96987830
134.31999918	2.82113100	0.79470200
134.39999918	2.82113100	0.79470200
134.47999918	2.82113100	0.79470200
134.55999918	2.82113100	0.96987830
134.63999918	2.82113100	0.79470200
134.71999918	2.82113100	0.79470200
134.79999918	2.82113100	0.79470200
134.87999918	2.82113100	0.79470200
134.95999918	2.82113100	0.79470200
135.03999918	2.82113100	0.79470200
135.11999918	2.82113100	0.79470200
135.19999918	2.82113100	0.79470200
135.27999918	2.82113100	0.79470200
135.35999918	2.82113100	0.79470200
135.43999918	2.82113100	0.79470200
135.51999918	2.82113100	0.79470200
135.59999918	2.82113100	0.79470200
135.67999918	2.82113100	0.79470200
135.75999917	2.82113100	0.79470200
135.83999917	2.82113100	0.79470200
135.91999917	2.82113100	0.79470200
135.99999917	2.82113100	0.79470200
136.07999917	2.82113100	0.79470200
136.15999917	2.82113100	0.79470200
136.23999917	2.82113100	0.61891540
136.31999917	2.82113100	0.61891540
136.39999917	2.82113100	0.79470200
136.47999917	2.82113100	6.76290200
136.55999917	2.77687900	6.76290200
136.63999917	2.82113100	5.71001300
136.71999917	2.82113100	6.06097600
136.79999917	2.82113100	5.71001300
136.87999917	2.77687900	5.53422600
136.95999917	2.82113100	5.71001300
137.03999917	2.82113100	5.71001300
137.11999917	2.82113100	5.88519000
137.19999917	2.82113100	5.71001300
137.27999917	2.77687900	5.71001300
137.35999917	2.82113100	5.71001300
137.43999916	2.82113100	6.76290200
137.51999916	2.82113100	5.00747700
137.59999916	2.82113100	5.53422600
137.67999916	2.86553500	5.18326400
137.75999916	2.90978700	5.35844000
137.83999916	2.86553500	4.12976500
137.91999916	2.86553500	4.30555200
137.99999916	2.90978700	4.12976500
138.07999916	2.90978700	4.12976500
138.15999916	2.90978700	4.12976500
138.23999916	2.86553500	4.12976500
138.31999916	2.86553500	4.12976500
138.39999916	2.86553500	4.12976500
138.47999916	2.86553500	4.12976500
138.55999916	2.86553500	4.12976500
138.63999916	2.90978700	4.12976500
138.71999916	2.90978700	4.12976500
138.79999916	2.86553500	3.95458800
138.87999916	2.86553500	4.12976500
138.95999916	2.90978700	3.95458800
139.03999915	2.90978700	3.95458800
139.11999915	2.90978700	3.95458800
139.19999915	2.86553500	3.95458800
139.27999915	2.90978700	3.95458800
139.35999915	2.90978700	3.95458800
139.43999915	2.90978700	3.95458800
139.51999915	2.90978700	3.95458800
139.59999915	2.90978700	3.95458800
139.67999915	2.90978700	3.95458800
139.75999915	2.90978700	3.95458800
139.83999915	2.90978700	3.95458800
139.91999915	2.90978700	3.77880200
139.99999915	2.90978700	3.77880200
140.07999915	2.90978700	3.77880200
140.15999915	2.90978700	3.77880200
140.23999915	2.90978700	3.77880200
140.31999915	2.90978700	3.77880200
140.39999915	2.90978700	3.77880200
140.47999915	2.90978700	3.77880200
140.55999915	2.90978700	3.77880200
140.63999915	2.90978700	3.77880200
140.71999914	2.90978700	3.77880200
140.79999914	2.90978700	3.77880200
140.87999914	2.90978700	3.77880200
140.95999914	2.90978700	3.77880200
141.03999914	2.90978700	3.60301500
141.11999914	2.86553500	3.77880200
141.19999914	2.90978700	3.60301500
141.27999914	2.90978700	3.60301500
141.35999914	2.90978700	3.77880200
141.43999914	2.90978700	3.60301500
141.51999914	2.90978700	3.60301500
141.59999914	2.90978700	3.60301500
141.67999914	2.90978700	3.60301500
141.75999914	2.90978700	3.60301500
141.83999914	2.90978700	3.60301500
141.91999914	2.90978700	3.60301500
141.99999914	2.90978700	3.60301500
142.07999914	2.90978700	3.60301500
142.15999914	2.90978700	3.60301500
142.23999914	2.86553500	3.42783900
142.31999914	2.90978700	3.60301500
142.39999913	2.90978700	3.60301500
142.47999913	2.86553500	3.60301500
142.55999913	2.86553500	3.60301500
142.63999913	2.86553500	3.60301500
142.71999913	2.86553500	3.60301500
142.79999913	2.90978700	3.60301500
142.87999913	2.86553500	3.60301500
142.95999913	2.86553500	3.42783900
143.03999913	2.86553500	3.42783900
143.11999913	2.86553500	3.42783900
143.19999913	2.82113100	3.42783900
143.27999913	2.86553500	3.42783900
143.35999913	2.86553500	3.42783900
143.43999913	2.82113100	3.42783900
143.51999913	2.86553500	3.42783900
143.59999913	2.82113100	3.42783900
143.67999913	2.86553500	3.42783900
143.75999913	2.86553500	3.42783900
143.83999913	2.86553500	3.42783900
143.91999913	2.82113100	3.42783900
143.99999912	2.86553500	3.42783900
144.07999912	2.82113100	3.42783900
144.15999912	2.82113100	3.42783900
144.23999912	2.82113100	3.42783900
144.31999912	2.82113100	3.42783900
144.39999912	2.82113100	3.42783900
144.47999912	2.82113100	3.42783900
144.55999912	2.82113100	3.42783900
144.63999912	2.82113100	3.42783900
144.71999912	2.82113100	3.42783900
144.79999912	2.82113100	3.42783900
144.87999912	2.82113100	3.42783900
144.95999912	2.82113100	3.42783900
145.03999912	2.82113100	3.42783900
145.11999912	2.82113100	3.42783900
145.19999912	2.82113100	3.42783900
145.27999912	2.82113100	3.42783900
145.35999912	2.82113100	3.42783900
145.43999912	2.82113100	3.42783900
145.51999912	2.82113100	3.42783900
145.59999912	2.82113100	3.42783900
145.67999911	2.82113100	3.42783900
145.75999911	2.82113100	3.42783900
145.83999911	2.82113100	3.42783900
145.91999911	2.82113100	3.42783900
145.99999911	2.82113100	3.42783900
146.07999911	2.82113100	3.42783900
146.15999911	2.82113100	3.25205200
146.23999911	2.82113100	3.42783900
146.31999911	2.82113100	3.42783900
146.39999911	2.82113100	3.25205200
146.47999911	2.82113100	3.42783900
146.55999911	2.82113100	3.25205200
146.63999911	2.82113100	3.25205200
146.71999911	2.82113100	3.25205200
146.79999911	2.82113100	3.42783900
146.87999911	2.82113100	3.42783900
146.95999911	2.82113100	3.25205200
147.03999911	2.82113100	3.25205200
147.11999911	2.82113100	3.42783900
147.19999911	2.82113100	3.25205200
147.27999910	2.82113100	3.42783900
147.35999910	2.82113100	3.25205200
147.43999910	2.82113100	3.42783900
147.51999910	2.82113100	3.25205200
147.59999910	2.82113100	3.42783900
147.67999910	2.82113100	3.25205200
147.75999910	2.82113100	3.25205200
147.83999910	2.82113100	3.25205200
147.91999910	2.82113100	3.42783900
147.99999910	2.82113100	3.42783900
148.07999910	2.82113100	3.25205200
148.15999910	2.82113100	3.25205200
148.23999910	2.82113100	3.25205200
148.31999910	2.82113100	3.25205200
148.39999910	2.82113100	3.42783900
148.47999910	2.82113100	3.25205200
148.55999910	2.82113100	3.25205200
148.63999910	2.82113100	3.25205200
148.71999910	2.82113100	3.25205200
148.79999910	2.82113100	3.42783900
148.87999910	2.82113100	3.42783900
148.95999909	2.82113100	3.25205200
149.03999909	2.82113100	3.42783900
149.11999909	2.82113100	3.42783900
149.19999909	2.82113100	3.25205200
149.27999909	2.82113100	3.25205200
149.35999909	2.82113100	3.25205200
149.43999909	2.82113100	3.25205200
149.51999909	2.82113100	3.42783900
149.59999909	2.82113100	3.42783900
149.67999909	2.82113100	3.42783900
149.75999909	2.82113100	3.25205200
149.83999909	2.77687900	3.42783900
149.91999909	2.82113100	3.42783900
149.99999909	2.82113100	3.42783900
150.07999909	2.82113100	3.42783900
150.15999909	2.82113100	3.42783900
150.23999909	2.82113100	3.42783900
150.31999909	2.82113100	3.42783900
150.39999909	2.82113100	3.25205200
150.47999909	2.82113100	3.42783900
150.55999908	2.82113100	3.42783900
150.63999908	2.82113100	3.42783900
150.71999908	2.82113100	3.42783900
150.79999908	2.82113100	3.42783900
150.87999908	2.82113100	3.42783900
150.95999908	2.82113100	3.42783900
151.03999908	2.82113100	3.42783900
151.11999908	2.82113100	3.42783900
151.19999908	2.82113100	3.42783900
151.27999908	2.82113100	3.42783900
151.35999908	2.82113100	3.42783900
151.43999908	2.82113100	3.42783900
151.51999908	2.82113100	3.42783900
151.59999908	2.82113100	3.42783900
151.67999908	2.82113100	3.42783900
151.75999908	2.82113100	3.42783900
151.83999908	2.82113100	3.42783900
151.91999908	2.82113100	3.42783900
151.99999908	2.82113100	3.42783900
152.07999908	2.82113100	3.42783900
152.15999908	2.82113100	3.42783900
152.23999907	2.82113100	3.42783900
152.31999907	2.82113100	3.42783900
152.39999907	2.82113100	3.42783900
152.47999907	2.82113100	3.42783900
152.55999907	2.82113100	3.60301500
152.63999907	2.82113100	3.42783900
152.71999907	2.82113100	3.42783900
152.79999907	2.82113100	3.42783900
152.87999907	2.82113100	3.42783900
152.95999907	2.82113100	3.60301500
153.03999907	2.82113100	3.60301500
153.11999907	2.82113100	3.60301500
153.19999907	2.82113100	3.60301500
153.27999907	2.82113100	3.60301500
153.35999907	2.82113100	3.60301500
153.43999907	2.82113100	3.60301500
153.51999907	2.82113100	3.60301500
153.59999907	2.82113100	3.60301500
153.67999907	2.82113100	3.60301500
153.75999907	2.82113100	3.60301500
153.83999907	2.82113100	3.60301500
153.91999906	2.82113100	3.60301500
153.99999906	2.82113100	3.60301500
154.07999906	2.82113100	3.60301500
154.15999906	2.82113100	3.77880200
154.23999906	2.82113100	3.60301500
154.31999906	2.82113100	3.77880200
154.39999906	2.82113100	3.77880200
154.47999906	2.82113100	3.77880200
154.55999906	2.82113100	3.77880200
154.63999906	2.82113100	3.77880200
154.71999906	2.82113100	3.77880200
154.79999906	2.82113100	3.77880200
154.87999906	2.82113100	3.77880200
154.95999906	2.82113100	3.77880200
155.03999906	2.82113100	3.77880200
155.11999906	2.82113100	3.77880200
155.19999906	2.82113100	3.77880200
155.27999906	2.82113100	3.77880200
155.35999906	2.82113100	3.95458800
155.43999906	2.82113100	3.95458800
155.51999905	2.82113100	3.95458800
155.59999905	2.82113100	3.77880200
155.67999905	2.82113100	3.77880200
155.75999905	2.82113100	3.95458800
155.83999905	2.82113100	3.95458800
155.91999905	2.82113100	3.95458800
155.99999905	2.82113100	3.95458800
156.07999905	2.82113100	3.95458800
156.15999905	2.82113100	3.95458800
156.23999905	2.82113100	3.95458800
156.31999905	2.82113100	3.95458800
156.39999905	2.82113100	3.95458800
156.47999905	2.82113100	4.12976500
156.55999905	2.82113100	3.95458800
156.63999905	2.82113100	3.95458800
156.71999905	2.82113100	4.12976500
156.79999905	2.82113100	10.09796000
156.87999905	2.77687900	5.53422600
156.95999905	2.82113100	3.95458800
157.03999905	2.82113100	4.65651400
157.11999905	2.82113100	4.30555200
157.19999904	2.82113100	4.48072800
157.27999904	2.82113100	3.77880200
157.35999904	2.82113100	0.26795250
157.43999904	2.86553500	0.26795250
157.51999904	2.86553500	0.26795250
157.59999904	2.86553500	0.09277627
157.67999904	2.86553500	-0.08239998
157.75999904	2.86553500	-0.60914950
157.83999904	2.86553500	-0.78432570
157.91999904	2.90978700	-0.78432570
157.99999904	2.90978700	-0.78432570
158.07999904	2.90978700	-0.60914950
158.15999904	2.90978700	-0.60914950
158.23999904	2.90978700	-0.60914950
158.31999904	2.90978700	-0.60914950
158.39999904	2.90978700	-0.60914950
158.47999904	2.90978700	-0.60914950
158.55999904	2.90978700	-0.43336280
158.63999904	2.90978700	-0.60914950
158.71999904	2.95419200	-0.43336280
158.79999903	2.90978700	-0.43336280
158.87999903	2.95419200	-0.43336280
158.95999903	2.95419200	-0.43336280
159.03999903	2.95419200	-0.25818660
159.11999903	2.95419200	0.09277627
159.19999903	2.95419200	0.61891540
159.27999903	2.95419200	0.61891540
159.35999903	2.95419200	0.61891540
159.43999903	2.95419200	0.61891540
159.51999903	2.95419200	0.79470200
159.59999903	2.95419200	0.61891540
159.67999903	2.95419200	0.79470200
159.75999903	2.95419200	0.79470200
159.83999903	2.95419200	0.79470200
159.91999903	2.95419200	0.79470200
159.99999903	2.99859600	0.79470200
160.07999903	2.99859600	0.79470200
160.15999903	2.95419200	0.79470200
160.23999903	2.99859600	0.96987830
160.31999903	2.95419200	0.79470200
160.39999903	2.95419200	0.96987830
160.47999902	2.99859600	0.79470200
160.55999902	2.99859600	0.96987830
160.63999902	2.99859600	0.96987830
160.71999902	2.99859600	0.96987830
160.79999902	2.99859600	0.79470200
160.87999902	2.99859600	0.96987830
160.95999902	2.99859600	0.96987830
161.03999902	2.99859600	0.96987830
161.11999902	2.99859600	0.96987830
161.19999902	2.99859600	0.96987830
161.27999902	2.99859600	0.96987830
161.35999902	2.99859600	0.96987830
161.43999902	2.99859600	0.96987830
161.51999902	2.99859600	0.96987830
161.59999902	2.99859600	0.96987830
161.67999902	2.99859600	0.96987830
161.75999902	2.99859600	0.96987830
161.83999902	2.99859600	0.96987830
161.91999902	2.99859600	0.96987830
161.99999902	2.99859600	0.96987830
162.07999901	2.99859600	0.96987830
162.15999901	2.99859600	0.96987830
162.23999901	2.99859600	0.96987830
162.31999901	2.99859600	0.96987830
162.39999901	2.99859600	0.96987830
162.47999901	2.99859600	0.96987830
162.55999901	2.99859600	1.14566500
162.63999901	2.99859600	1.14566500
162.71999901	2.99859600	1.14566500
162.79999901	2.99859600	1.14566500
162.87999901	2.99859600	1.14566500
162.95999901	2.99859600	1.14566500
163.03999901	2.99859600	1.14566500
163.11999901	2.99859600	1.14566500
163.19999901	2.99859600	1.14566500
163.27999901	2.99859600	1.14566500
163.35999901	2.99859600	1.14566500
163.43999901	2.99859600	1.14566500
163.51999901	2.99859600	1.14566500
163.59999901	2.99859600	1.14566500
163.67999901	2.99859600	1.14566500
163.75999900	2.99859600	1.14566500
163.83999900	2.99859600	1.14566500
163.91999900	2.99859600	1.14566500
163.99999900	2.99859600	1.14566500
164.07999900	2.99859600	1.14566500
164.15999900	2.99859600	1.14566500
164.23999900	2.99859600	1.14566500
164.31999900	2.99859600	1.14566500
164.39999900	2.99859600	1.14566500
164.47999900	2.95419200	1.14566500
164.55999900	2.99859600	1.14566500
164.63999900	2.99859600	1.14566500
164.71999900	2.99859600	1.32145100
164.79999900	2.99859600	1.14566500
164.87999900	2.95419200	1.14566500
164.95999900	2.95419200	1.14566500
165.03999900	2.95419200	1.14566500
165.11999900	2.95419200	1.32145100
165.19999900	2.95419200	1.14566500
165.27999900	2.95419200	1.14566500
165.35999900	2.95419200	1.14566500
165.43999899	2.95419200	1.14566500
165.51999899	2.95419200	1.14566500
165.59999899	2.90978700	1.14566500
165.67999899	2.95419200	1.14566500
165.75999899	2.95419200	1.32145100
165.83999899	2.90978700	1.32145100
165.91999899	2.90978700	1.32145100
165.99999899	2.95419200	1.14566500
166.07999899	2.90978700	1.14566500
166.15999899	2.90978700	1.14566500
166.23999899	2.90978700	1.14566500
166.31999899	2.90978700	1.32145100
166.39999899	2.90978700	1.32145100
166.47999899	2.90978700	1.32145100
166.55999899	2.90978700	1.14566500
166.63999899	2.90978700	1.14566500
166.71999899	2.90978700	1.32145100
166.79999899	2.90978700	1.14566500
166.87999899	2.86553500	1.14566500
166.95999899	2.90978700	1.32145100
167.03999898	2.86553500	1.14566500
167.11999898	2.86553500	1.32145100
167.19999898	2.86553500	1.32145100
167.27999898	2.82113100	1.32145100
167.35999898	2.86553500	1.32145100
167.43999898	2.82113100	1.32145100
167.51999898	2.82113100	1.32145100
167.59999898	2.82113100	1.14566500
167.67999898	2.82113100	1.32145100
167.75999898	2.82113100	1.14566500
167.83999898	2.82113100	1.32145100
167.91999898	2.82113100	1.32145100
167.99999898	2.82113100	1.32145100
168.07999898	2.82113100	1.32145100
168.15999898	2.82113100	1.32145100
168.23999898	2.82113100	1.32145100
168.31999898	2.82113100	1.32145100
168.39999898	2.82113100	1.14566500
168.47999898	2.82113100	1.32145100
168.55999898	2.86553500	1.32145100
168.63999898	2.86553500	1.14566500
168.71999897	2.82113100	1.32145100
168.79999897	2.82113100	1.32145100
168.87999897	2.82113100	1.32145100
168.95999897	2.82113100	1.32145100
169.03999897	2.82113100	1.32145100
169.11999897	2.82113100	1.14566500
169.19999897	2.82113100	1.32145100
169.27999897	2.86553500	1.32145100
169.35999897	2.82113100	1.32145100
169.43999897	2.82113100	1.32145100
169.51999897	2.82113100	1.32145100
169.59999897	2.82113100	1.32145100
169.67999897	2.82113100	1.32145100
169.75999897	2.82113100	1.32145100
169.83999897	2.82113100	1.32145100
169.91999897	2.82113100	1.32145100
169.99999897	2.82113100	1.14566500
170.07999897	2.82113100	1.32145100
170.15999897	2.82113100	1.32145100
170.23999897	2.82113100	1.32145100
170.31999896	2.82113100	1.32145100
170.39999896	2.82113100	1.14566500
170.47999896	2.82113100	1.14566500
170.55999896	2.82113100	1.32145100
170.63999896	2.82113100	1.32145100
170.71999896	2.82113100	1.32145100
170.79999896	2.82113100	1.32145100
170.87999896	2.82113100	1.14566500
170.95999896	2.82113100	1.14566500
171.03999896	2.82113100	1.32145100
171.11999896	2.82113100	1.32145100
171.19999896	2.82113100	1.32145100
171.27999896	2.82113100	1.32145100
171.35999896	2.82113100	1.14566500
171.43999896	2.82113100	1.14566500
171.51999896	2.82113100	1.32145100
171.59999896	2.82113100	1.32145100
171.67999896	2.82113100	1.32145100
171.75999896	2.82113100	1.14566500
171.83999896	2.82113100	1.14566500
171.91999896	2.82113100	1.32145100
171.99999895	2.82113100	1.14566500
172.07999895	2.82113100	1.14566500
172.15999895	2.82113100	1.32145100
172.23999895	2.82113100	1.14566500
172.31999895	2.82113100	1.32145100
172.39999895	2.82113100	1.14566500
172.47999895	2.82113100	1.14566500
172.55999895	2.82113100	1.14566500
172.63999895	2.82113100	1.32145100
172.71999895	2.82113100	1.14566500
172.79999895	2.82113100	1.32145100
172.87999895	2.82113100	1.14566500
172.95999895	2.82113100	1.14566500
173.03999895	2.82113100	1.14566500
173.11999895	2.82113100	1.14566500
173.19999895	2.82113100	1.14566500
173.27999895	2.82113100	1.14566500
173.35999895	2.82113100	1.14566500
173.43999895	2.82113100	1.14566500
173.51999895	2.82113100	1.14566500
173.59999894	2.82113100	1.14566500
173.67999894	2.82113100	1.14566500
173.75999894	2.82113100	1.14566500
173.83999894	2.82113100	1.14566500
173.91999894	2.86553500	1.14566500
173.99999894	2.86553500	1.14566500
174.07999894	2.82113100	1.14566500
174.15999894	2.82113100	1.14566500
174.23999894	2.82113100	1.14566500
174.31999894	2.82113100	1.14566500
174.39999894	2.82113100	1.14566500
174.47999894	2.82113100	1.14566500
174.55999894	2.82113100	1.14566500
174.63999894	2.82113100	1.14566500
174.71999894	2.82113100	1.14566500
174.79999894	2.82113100	0.96987830
174.87999894	2.82113100	1.14566500
174.95999894	2.82113100	1.14566500
175.03999894	2.82113100	1.14566500
175.11999894	2.82113100	1.14566500
175.19999894	2.82113100	1.14566500
175.27999893	2.82113100	1.14566500
175.35999893	2.82113100	1.14566500
175.43999893	2.82113100	1.14566500
175.51999893	2.82113100	0.96987830
175.59999893	2.82113100	1.14566500
175.67999893	2.82113100	1.14566500
175.75999893	2.82113100	1.14566500
175.83999893	2.82113100	0.96987830
175.91999893	2.82113100	1.14566500
175.99999893	2.82113100	0.96987830
176.07999893	2.82113100	0.96987830
176.15999893	2.82113100	0.96987830
176.23999893	2.82113100	1.14566500
176.31999893	2.82113100	0.96987830
176.39999893	2.82113100	0.96987830
176.47999893	2.82113100	0.96987830
176.55999893	2.82113100	0.96987830
176.63999893	2.82113100	0.96987830
176.71999893	2.82113100	0.96987830
176.79999893	2.82113100	0.96987830
176.87999893	2.82113100	0.96987830
176.95999892	2.82113100	0.96987830
177.03999892	2.82113100	0.96987830
177.11999892	2.82113100	0.96987830
177.19999892	2.82113100	0.96987830
177.27999892	2.82113100	0.96987830
177.35999892	2.82113100	0.96987830
177.43999892	2.82113100	0.96987830
177.51999892	2.82113100	0.96987830
177.59999892	2.82113100	0.96987830
177.67999892	2.82113100	0.96987830
177.75999892	2.82113100	0.79470200
177.83999892	2.82113100	0.79470200
177.91999892	2.82113100	0.96987830
177.99999892	2.82113100	0.96987830
178.07999892	2.82113100	0.96987830
178.15999892	2.82113100	0.96987830
178.23999892	2.82113100	0.79470200
178.31999892	2.82113100	0.79470200
178.39999892	2.82113100	0.79470200
178.47999892	2.82113100	0.79470200
178.55999891	2.82113100	0.79470200
178.63999891	2.86553500	0.79470200
178.71999891	2.82113100	0.79470200
178.79999891	2.82113100	0.79470200
178.87999891	2.86553500	0.79470200
178.95999891	2.82113100	0.79470200
179.03999891	2.82113100	0.79470200
179.11999891	2.86553500	0.79470200
179.19999891	2.86553500	0.79470200
179.27999891	2.82113100	0.79470200
179.35999891	2.82113100	0.79470200
179.43999891	2.82113100	0.79470200
179.51999891	2.82113100	0.79470200
179.59999891	2.86553500	0.61891540
179.67999891	2.86553500	0.79470200
179.75999891	2.86553500	0.79470200
179.83999891	2.82113100	0.61891540
179.91999891	2.86553500	0.79470200
179.99999891	2.82113100	0.61891540
180.07999891	2.82113100	0.79470200
180.15999891	2.86553500	0.79470200
180.23999890	2.86553500	0.61891540
180.31999890	2.86553500	0.61891540
180.39999890	2.82113100	0.61891540
180.47999890	2.86553500	0.61891540
180.55999890	2.86553500	0.61891540
180.63999890	2.90978700	4.12976500
180.71999890	2.90978700	5.53422600
180.79999890	2.86553500	4.83230100
180.87999890	2.86553500	2.55012700
180.95999890	2.86553500	-0.60914950
181.03999890	2.86553500	-0.43336280
181.11999890	2.86553500	-0.43336280
181.19999890	2.86553500	-0.43336280
181.27999890	2.86553500	-0.43336280
181.35999890	2.86553500	0.44373910
181.43999890	2.86553500	5.71001300
181.51999890	2.86553500	5.53422600
181.59999890	2.90978700	4.12976500
181.67999890	2.90978700	4.65651400
181.75999890	2.90978700	4.30555200
181.83999889	2.86553500	3.77880200
181.91999889	2.86553500	-0.25818660
181.99999889	2.95419200	2.72530300
182.07999889	2.90978700	5.53422600
182.15999889	2.90978700	5.53422600
182.23999889	2.90978700	3.77880200
182.31999889	2.90978700	4.30555200
182.39999889	2.90978700	1.84759100
182.47999889	2.90978700	0.44373910
182.55999889	2.90978700	4.12976500
182.63999889	2.90978700	4.12976500
182.71999889	2.90978700	3.95458800
182.79999889	2.90978700	4.12976500
182.87999889	2.90978700	4.12976500
182.95999889	2.90978700	4.12976500
183.03999889	2.90978700	4.12976500
183.11999889	2.90978700	-1.48686200
183.19999889	2.95419200	0.79470200
183.27999889	2.90978700	6.76290200
183.35999889	2.95419200	3.42783900
183.43999889	2.90978700	7.28965100
183.51999888	2.90978700	3.25205200
183.59999888	2.95419200	4.83230100
183.67999888	2.90978700	3.95458800
183.75999888	2.90978700	4.12976500
183.83999888	2.95419200	4.12976500
183.91999888	2.95419200	4.12976500
183.99999888	2.90978700	4.12976500
184.07999888	2.90978700	4.12976500
184.15999888	2.90978700	4.12976500
184.23999888	2.90978700	4.12976500
184.31999888	2.90978700	4.12976500
184.39999888	2.90978700	4.12976500
184.47999888	2.90978700	4.12976500
184.55999888	2.90978700	4.12976500
184.63999888	2.90978700	4.12976500
184.71999888	2.90978700	4.12976500
184.79999888	2.90978700	4.12976500
184.87999888	2.90978700	4.12976500
184.95999888	2.90978700	4.12976500
185.03999888	2.90978700	3.77880200
185.11999887	2.90978700	2.37434000
185.19999887	2.90978700	0.26795250
185.27999887	2.90978700	0.09277627
185.35999887	2.90978700	-0.08239998
185.43999887	2.90978700	-0.60914950
185.51999887	2.90978700	-0.96011230
185.59999887	2.90978700	-0.96011230
185.67999887	2.90978700	-0.78432570
185.75999887	2.90978700	-0.96011230
185.83999887	2.86553500	-0.96011230
185.91999887	2.86553500	-0.96011230
185.99999887	2.86553500	-0.96011230
186.07999887	2.86553500	-0.96011230
186.15999887	2.86553500	-0.96011230
186.23999887	2.86553500	-0.96011230
186.31999887	2.86553500	-0.78432570
186.39999887	2.82113100	-0.96011230
186.47999887	2.82113100	-0.96011230
186.55999887	2.82113100	-0.96011230
186.63999887	2.86553500	-0.96011230
186.71999887	2.82113100	-0.96011230
186.79999886	2.82113100	-0.96011230
186.87999886	2.82113100	-0.96011230
186.95999886	2.82113100	-0.96011230
187.03999886	2.82113100	-0.96011230
187.11999886	2.82113100	-0.96011230
187.19999886	2.86553500	-0.96011230
187.27999886	2.86553500	-0.96011230
187.35999886	2.82113100	-0.96011230
187.43999886	2.82113100	-0.96011230
187.51999886	2.82113100	-0.96011230
187.59999886	2.82113100	-0.96011230
187.67999886	2.82113100	-0.96011230
187.75999886	2.82113100	-0.96011230
187.83999886	2.82113100	-0.96011230
187.91999886	2.82113100	-0.96011230
187.99999886	2.82113100	-0.96011230
188.07999886	2.82113100	-0.78432570
188.15999886	2.82113100	-0.96011230
188.23999886	2.82113100	-0.96011230
188.31999886	2.82113100	-0.96011230
188.39999886	2.82113100	-0.96011230
188.47999885	2.82113100	-0.78432570
188.55999885	2.82113100	-0.96011230
188.63999885	2.82113100	-0.96011230
188.71999885	2.82113100	-0.96011230
188.79999885	2.82113100	-0.96011230
188.87999885	2.82113100	-0.96011230
188.95999885	2.82113100	-0.96011230
189.03999885	2.82113100	-0.96011230
189.11999885	2.82113100	-0.78432570
189.19999885	2.82113100	-0.96011230
189.27999885	2.82113100	-0.96011230
189.35999885	2.82113100	-0.96011230
189.43999885	2.82113100	-0.96011230
189.51999885	2.82113100	-0.78432570
189.59999885	2.82113100	-0.96011230
189.67999885	2.82113100	-0.96011230
189.75999885	2.82113100	-0.96011230
189.83999885	2.82113100	-0.96011230
189.91999885	2.82113100	-0.96011230
189.99999885	2.82113100	-0.78432570
190.07999884	2.82113100	-0.78432570
190.15999884	2.82113100	-0.78432570
190.23999884	2.86553500	-0.96011230
190.31999884	2.86553500	-0.78432570
190.39999884	2.82113100	-0.78432570
190.47999884	2.82113100	-0.60914950
190.55999884	2.82113100	-0.60914950
190.63999884	2.82113100	-0.60914950
190.71999884	2.82113100	-0.25818660
190.79999884	2.82113100	-0.25818660
190.87999884	2.82113100	-0.08239998
190.95999884	2.82113100	0.09277627
191.03999884	2.86553500	0.79470200
191.11999884	2.82113100	-0.08239998
191.19999884	2.82113100	-0.60914950
191.27999884	2.82113100	-0.60914950
191.35999884	2.82113100	-0.78432570
191.43999884	2.82113100	-0.78432570
191.51999884	2.82113100	-0.60914950
191.59999884	2.82113100	-0.43336280
191.67999884	2.82113100	-0.43336280
191.75999883	2.82113100	-0.08239998
191.83999883	2.82113100	1.14566500
191.91999883	2.82113100	1.67241400
191.99999883	2.82113100	1.84759100
192.07999883	2.82113100	2.02337700
192.15999883	2.82113100	2.19916400
192.23999883	2.82113100	2.55012700
192.31999883	2.82113100	3.07687600
192.39999883	2.82113100	5.53422600
192.47999883	2.82113100	5.35844000
192.55999883	2.82113100	3.77880200
192.63999883	2.82113100	4.12976500
192.71999883	2.82113100	3.77880200
192.79999883	2.82113100	4.12976500
192.87999883	2.82113100	3.95458800
192.95999883	2.82113100	3.95458800
193.03999883	2.82113100	4.12976500
193.11999883	2.82113100	3.95458800
193.19999883	2.82113100	4.12976500
193.27999883	2.82113100	4.12976500
193.35999882	2.82113100	4.12976500
193.43999882	2.82113100	4.12976500
193.51999882	2.82113100	3.77880200
193.59999882	2.82113100	3.95458800
193.67999882	2.82113100	3.95458800
193.75999882	2.82113100	3.95458800
193.83999882	2.82113100	3.95458800
193.91999882	2.82113100	0.26795250
193.99999882	2.90978700	-0.08239998
194.07999882	2.82113100	0.79470200
194.15999882	2.82113100	4.30555200
194.23999882	2.82113100	5.18326400
194.31999882	2.82113100	7.81640100
194.39999882	2.82113100	8.69411300
194.47999882	2.82113100	2.55012700
194.55999882	2.82113100	4.83230100
194.63999882	2.82113100	3.77880200
194.71999882	2.82113100	4.12976500
194.79999882	2.82113100	3.60301500
194.87999882	2.82113100	4.12976500
194.95999882	2.82113100	3.95458800
195.03999881	2.82113100	4.12976500
195.11999881	2.82113100	4.12976500
195.19999881	2.82113100	4.12976500
195.27999881	2.82113100	4.12976500
195.35999881	2.82113100	4.12976500
195.43999881	2.82113100	4.12976500
195.51999881	2.82113100	4.12976500
195.59999881	2.82113100	4.12976500
195.67999881	2.82113100	4.12976500
195.75999881	2.82113100	4.12976500
195.83999881	2.82113100	4.12976500
195.91999881	2.82113100	4.30555200
195.99999881	2.82113100	4.12976500
196.07999881	2.82113100	4.12976500
196.15999881	2.82113100	4.12976500
196.23999881	2.82113100	4.12976500
196.31999881	2.82113100	4.12976500
196.39999881	2.82113100	4.12976500
196.47999881	2.82113100	4.12976500
196.55999881	2.82113100	4.12976500
196.63999880	2.82113100	4.12976500
196.71999880	2.82113100	3.95458800
196.79999880	2.82113100	4.12976500
196.87999880	2.82113100	3.95458800
196.95999880	2.82113100	4.12976500
197.03999880	2.82113100	4.12976500
197.11999880	2.82113100	-1.31107500
197.19999880	2.82113100	1.14566500
197.27999880	2.82113100	1.32145100
197.35999880	2.86553500	7.28965100
197.43999880	2.82113100	4.12976500
197.51999880	2.82113100	9.04507500
197.59999880	2.82113100	2.72530300
197.67999880	2.82113100	5.18326400
197.75999880	2.82113100	3.95458800
197.83999880	2.82113100	4.30555200
197.91999880	2.82113100	3.95458800
197.99999880	2.82113100	4.12976500
198.07999880	2.82113100	4.12976500
198.15999880	2.82113100	4.12976500
198.23999880	2.82113100	4.12976500
198.31999879	2.82113100	4.12976500
198.39999879	2.82113100	4.30555200
198.47999879	2.82113100	4.12976500
198.55999879	2.82113100	4.12976500
198.63999879	2.82113100	4.12976500
198.71999879	2.82113100	4.12976500
198.79999879	2.82113100	4.12976500
198.87999879	2.82113100	4.30555200
198.95999879	2.82113100	4.30555200
199.03999879	2.82113100	4.12976500
199.11999879	2.82113100	4.30555200
199.19999879	2.82113100	4.30555200
199.27999879	2.82113100	4.30555200
199.35999879	2.82113100	4.12976500
199.43999879	2.82113100	4.12976500
199.51999879	2.82113100	4.12976500
199.59999879	2.82113100	4.12976500
199.67999879	2.82113100	4.12976500
199.75999879	2.82113100	4.12976500
199.83999879	2.82113100	4.12976500
199.91999878	2.82113100	4.12976500
199.99999878	2.82113100	4.12976500
200.07999878	2.86553500	1.14566500
200.15999878	2.77687900	1.14566500
200.23999878	2.82113100	7.64061400
