Time	Channel A	Channel B
(us)	(V)	(V)

0.00000000	2.95419200	5.71001300
0.08000000	2.90978700	5.71001300
0.16000000	2.90978700	5.71001300
0.24000000	2.90978700	5.71001300
0.32000000	2.90978700	5.71001300
0.40000000	2.90978700	5.71001300
0.48000000	2.95419200	5.71001300
0.56000000	2.90978700	5.71001300
0.64000000	2.95419200	5.71001300
0.72000000	2.95419200	5.71001300
0.80000000	2.95419200	5.71001300
0.87999999	2.95419200	5.71001300
0.95999999	2.95419200	5.71001300
1.03999999	2.95419200	5.71001300
1.11999999	2.95419200	5.71001300
1.19999999	2.95419200	5.71001300
1.27999999	2.90978700	5.53422600
1.35999999	2.90978700	5.71001300
1.43999999	2.95419200	5.71001300
1.51999999	2.95419200	5.53422600
1.59999999	2.90978700	5.71001300
1.67999999	2.95419200	5.71001300
1.75999999	2.90978700	5.71001300
1.83999999	2.90978700	5.71001300
1.91999999	2.90978700	5.71001300
1.99999999	2.90978700	5.53422600
2.07999999	2.95419200	5.71001300
2.15999999	2.90978700	5.71001300
2.23999999	2.90978700	5.71001300
2.31999999	2.90978700	5.71001300
2.39999999	2.90978700	5.71001300
2.47999998	2.90978700	5.71001300
2.55999998	2.95419200	5.71001300
2.63999998	2.90978700	5.71001300
2.71999998	2.90978700	5.53422600
2.79999998	2.90978700	5.53422600
2.87999998	2.95419200	5.71001300
2.95999998	2.90978700	5.53422600
3.03999998	2.90978700	5.71001300
3.11999998	2.90978700	5.53422600
3.19999998	2.90978700	5.53422600
3.27999998	2.90978700	5.53422600
3.35999998	2.90978700	5.53422600
3.43999998	2.90978700	5.53422600
3.51999998	2.90978700	5.53422600
3.59999998	2.90978700	5.53422600
3.67999998	2.90978700	5.53422600
3.75999998	2.90978700	5.53422600
3.83999998	2.90978700	5.53422600
3.91999998	2.90978700	5.53422600
3.99999998	2.90978700	5.53422600
4.07999998	2.90978700	5.53422600
4.15999997	2.90978700	5.53422600
4.23999997	2.90978700	5.53422600
4.31999997	2.90978700	5.53422600
4.39999997	2.90978700	5.53422600
4.47999997	2.90978700	5.53422600
4.55999997	2.90978700	5.53422600
4.63999997	2.90978700	5.53422600
4.71999997	2.90978700	5.53422600
4.79999997	2.90978700	5.53422600
4.87999997	2.90978700	5.35844000
4.95999997	2.90978700	5.53422600
5.03999997	2.95419200	5.53422600
5.11999997	2.90978700	5.53422600
5.19999997	2.90978700	5.35844000
5.27999997	2.90978700	5.53422600
5.35999997	2.90978700	5.35844000
5.43999997	2.90978700	5.53422600
5.51999997	2.90978700	5.35844000
5.59999997	2.90978700	5.53422600
5.67999997	2.90978700	5.53422600
5.75999996	2.90978700	5.53422600
5.83999996	2.95419200	5.35844000
5.91999996	2.90978700	5.53422600
5.99999996	2.90978700	5.35844000
6.07999996	2.90978700	5.53422600
6.15999996	2.90978700	5.53422600
6.23999996	2.90978700	5.35844000
6.31999996	2.90978700	5.35844000
6.39999996	2.90978700	5.18326400
6.47999996	2.95419200	5.00747700
6.55999996	2.90978700	4.83230100
6.63999996	2.90978700	4.83230100
6.71999996	2.90978700	4.65651400
6.79999996	2.90978700	4.48072800
6.87999996	2.90978700	4.48072800
6.95999996	2.90978700	4.48072800
7.03999996	2.90978700	4.48072800
7.11999996	2.90978700	4.48072800
7.19999996	2.90978700	4.48072800
7.27999996	2.90978700	4.48072800
7.35999996	2.90978700	4.48072800
7.43999995	2.90978700	4.48072800
7.51999995	2.90978700	4.48072800
7.59999995	2.90978700	4.48072800
7.67999995	2.90978700	4.48072800
7.75999995	2.90978700	4.48072800
7.83999995	2.90978700	4.48072800
7.91999995	2.90978700	4.48072800
7.99999995	2.90978700	4.48072800
8.07999995	2.90978700	4.48072800
8.15999995	2.90978700	4.48072800
8.23999995	2.90978700	4.48072800
8.31999995	2.90978700	4.48072800
8.39999995	2.90978700	4.48072800
8.47999995	2.90978700	4.48072800
8.55999995	2.90978700	4.48072800
8.63999995	2.90978700	4.48072800
8.71999995	2.90978700	4.48072800
8.79999995	2.90978700	4.48072800
8.87999995	2.90978700	4.48072800
8.95999995	2.90978700	4.48072800
9.03999995	2.90978700	4.48072800
9.11999994	2.90978700	4.48072800
9.19999994	2.90978700	4.48072800
9.27999994	2.95419200	4.48072800
9.35999994	2.90978700	4.48072800
9.43999994	2.90978700	4.48072800
9.51999994	2.90978700	4.48072800
9.59999994	2.90978700	4.65651400
9.67999994	2.90978700	4.48072800
9.75999994	2.90978700	4.48072800
9.83999994	2.95419200	4.48072800
9.91999994	2.90978700	4.48072800
9.99999994	2.90978700	4.65651400
10.07999994	2.90978700	4.48072800
10.15999994	2.90978700	4.65651400
10.23999994	2.90978700	4.65651400
10.31999994	2.90978700	4.83230100
10.39999994	2.90978700	5.00747700
10.47999994	2.90978700	5.18326400
10.55999994	2.90978700	5.18326400
10.63999994	2.90978700	5.35844000
10.71999993	2.90978700	5.18326400
10.79999993	2.95419200	5.18326400
10.87999993	2.90978700	5.00747700
10.95999993	2.90978700	5.00747700
11.03999993	2.90978700	4.83230100
11.11999993	2.90978700	4.83230100
11.19999993	2.90978700	4.83230100
11.27999993	2.90978700	4.65651400
11.35999993	2.90978700	4.65651400
11.43999993	2.90978700	4.65651400
11.51999993	2.90978700	4.48072800
11.59999993	2.95419200	4.65651400
11.67999993	2.95419200	4.48072800
11.75999993	2.90978700	4.65651400
11.83999993	2.90978700	4.48072800
11.91999993	2.90978700	4.48072800
11.99999993	2.90978700	4.48072800
12.07999993	2.90978700	4.48072800
12.15999993	2.90978700	4.48072800
12.23999993	2.90978700	4.48072800
12.31999993	2.90978700	4.48072800
12.39999992	2.90978700	4.48072800
12.47999992	2.90978700	4.48072800
12.55999992	2.90978700	4.48072800
12.63999992	2.90978700	4.48072800
12.71999992	2.95419200	4.48072800
12.79999992	2.90978700	4.65651400
12.87999992	2.90978700	4.48072800
12.95999992	2.90978700	4.48072800
13.03999992	2.90978700	4.48072800
13.11999992	2.95419200	4.48072800
13.19999992	2.90978700	4.48072800
13.27999992	2.95419200	4.48072800
13.35999992	2.90978700	4.48072800
13.43999992	2.90978700	4.48072800
13.51999992	2.90978700	4.65651400
13.59999992	2.90978700	4.65651400
13.67999992	2.90978700	4.65651400
13.75999992	2.90978700	4.65651400
13.83999992	2.90978700	4.65651400
13.91999992	2.90978700	4.83230100
13.99999991	2.90978700	4.83230100
14.07999991	2.90978700	4.83230100
14.15999991	2.90978700	4.83230100
14.23999991	2.90978700	4.83230100
14.31999991	2.90978700	5.00747700
14.39999991	2.90978700	5.00747700
14.47999991	2.90978700	5.00747700
14.55999991	2.90978700	5.18326400
14.63999991	2.90978700	5.18326400
14.71999991	2.90978700	5.18326400
14.79999991	2.90978700	5.00747700
14.87999991	2.90978700	5.18326400
14.95999991	2.90978700	5.18326400
15.03999991	2.90978700	5.18326400
15.11999991	2.90978700	5.18326400
15.19999991	2.90978700	5.18326400
15.27999991	2.90978700	5.00747700
15.35999991	2.90978700	5.00747700
15.43999991	2.90978700	5.00747700
15.51999991	2.90978700	5.00747700
15.59999991	2.90978700	4.83230100
15.67999990	2.90978700	5.00747700
15.75999990	2.90978700	4.83230100
15.83999990	2.90978700	4.83230100
15.91999990	2.90978700	4.83230100
15.99999990	2.90978700	4.83230100
16.07999990	2.90978700	4.65651400
16.15999990	2.90978700	4.65651400
16.23999990	2.90978700	4.65651400
16.31999990	2.90978700	4.65651400
16.39999990	2.90978700	4.65651400
16.47999990	2.90978700	4.65651400
16.55999990	2.90978700	4.65651400
16.63999990	2.90978700	4.65651400
16.71999990	2.90978700	4.65651400
16.79999990	2.90978700	4.48072800
16.87999990	2.90978700	4.65651400
16.95999990	2.90978700	4.65651400
17.03999990	2.90978700	4.65651400
17.11999990	2.90978700	4.65651400
17.19999990	2.90978700	4.65651400
17.27999989	2.90978700	4.65651400
17.35999989	2.90978700	4.65651400
17.43999989	2.90978700	4.48072800
17.51999989	2.90978700	4.30555200
17.59999989	2.90978700	2.72530300
17.67999989	2.90978700	1.84759100
17.75999989	2.90978700	1.67241400
17.83999989	2.90978700	0.61891540
17.91999989	2.90978700	0.79470200
17.99999989	2.90978700	0.61891540
18.07999989	2.90978700	0.61891540
18.15999989	2.90978700	0.61891540
18.23999989	2.90978700	0.61891540
18.31999989	2.90978700	0.61891540
18.39999989	2.90978700	0.61891540
18.47999989	2.90978700	0.61891540
18.55999989	2.90978700	0.61891540
18.63999989	2.95419200	0.79470200
18.71999989	2.90978700	0.79470200
18.79999989	2.90978700	0.79470200
18.87999989	2.90978700	0.79470200
18.95999988	2.90978700	0.79470200
19.03999988	2.90978700	0.61891540
19.11999988	2.90978700	0.79470200
19.19999988	2.90978700	0.79470200
19.27999988	2.90978700	0.79470200
19.35999988	2.90978700	0.79470200
19.43999988	2.90978700	0.79470200
19.51999988	2.90978700	0.79470200
19.59999988	2.90978700	0.79470200
19.67999988	2.95419200	0.79470200
19.75999988	2.90978700	0.79470200
19.83999988	2.90978700	0.79470200
19.91999988	2.90978700	0.79470200
19.99999988	2.90978700	0.79470200
20.07999988	2.90978700	0.79470200
20.15999988	2.95419200	0.79470200
20.23999988	2.90978700	0.79470200
20.31999988	2.90978700	0.79470200
20.39999988	2.90978700	0.79470200
20.47999988	2.90978700	0.79470200
20.55999988	2.90978700	0.79470200
20.63999987	2.90978700	0.79470200
20.71999987	2.90978700	0.79470200
20.79999987	2.90978700	0.79470200
20.87999987	2.90978700	0.79470200
20.95999987	2.90978700	0.79470200
21.03999987	2.90978700	0.79470200
21.11999987	2.90978700	0.96987830
21.19999987	2.90978700	0.96987830
21.27999987	2.90978700	0.79470200
21.35999987	2.90978700	0.79470200
21.43999987	2.90978700	0.79470200
21.51999987	2.90978700	0.79470200
21.59999987	2.90978700	0.79470200
21.67999987	2.90978700	0.79470200
21.75999987	2.90978700	0.79470200
21.83999987	2.90978700	0.79470200
21.91999987	2.90978700	0.79470200
21.99999987	2.90978700	0.96987830
22.07999987	2.90978700	0.79470200
22.15999987	2.90978700	0.96987830
22.23999986	2.90978700	0.79470200
22.31999986	2.90978700	0.79470200
22.39999986	2.95419200	0.79470200
22.47999986	2.90978700	0.79470200
22.55999986	2.90978700	0.79470200
22.63999986	2.90978700	0.79470200
22.71999986	2.90978700	0.96987830
22.79999986	2.90978700	0.96987830
22.87999986	2.90978700	0.96987830
22.95999986	2.90978700	0.96987830
23.03999986	2.90978700	0.79470200
23.11999986	2.90978700	0.79470200
23.19999986	2.90978700	0.96987830
23.27999986	2.90978700	0.96987830
23.35999986	2.90978700	0.96987830
23.43999986	2.90978700	0.96987830
23.51999986	2.90978700	0.96987830
23.59999986	2.90978700	0.96987830
23.67999986	2.90978700	0.79470200
23.75999986	2.90978700	0.96987830
23.83999986	2.90978700	0.96987830
23.91999985	2.90978700	0.96987830
23.99999985	2.90978700	0.96987830
24.07999985	2.90978700	0.96987830
24.15999985	2.90978700	0.96987830
24.23999985	2.90978700	0.96987830
24.31999985	2.90978700	0.96987830
24.39999985	2.90978700	0.96987830
24.47999985	2.90978700	0.96987830
24.55999985	2.90978700	0.96987830
24.63999985	2.90978700	0.96987830
24.71999985	2.90978700	0.96987830
24.79999985	2.90978700	0.96987830
24.87999985	2.90978700	0.96987830
24.95999985	2.90978700	0.96987830
25.03999985	2.90978700	0.96987830
25.11999985	2.90978700	0.96987830
25.19999985	2.90978700	0.96987830
25.27999985	2.90978700	0.96987830
25.35999985	2.90978700	0.96987830
25.43999985	2.90978700	0.96987830
25.51999984	2.90978700	0.96987830
25.59999984	2.90978700	0.96987830
25.67999984	2.90978700	0.96987830
25.75999984	2.90978700	0.96987830
25.83999984	2.90978700	0.96987830
25.91999984	2.90978700	0.96987830
25.99999984	2.90978700	0.96987830
26.07999984	2.90978700	0.96987830
26.15999984	2.90978700	0.96987830
26.23999984	2.90978700	0.96987830
26.31999984	2.90978700	0.96987830
26.39999984	2.90978700	0.96987830
26.47999984	2.90978700	0.96987830
26.55999984	2.90978700	0.96987830
26.63999984	2.90978700	0.96987830
26.71999984	2.90978700	0.96987830
26.79999984	2.90978700	0.96987830
26.87999984	2.90978700	0.96987830
26.95999984	2.90978700	0.96987830
27.03999984	2.90978700	0.96987830
27.11999984	2.90978700	0.96987830
27.19999983	2.90978700	0.96987830
27.27999983	2.90978700	0.96987830
27.35999983	2.90978700	0.96987830
27.43999983	2.90978700	0.96987830
27.51999983	2.90978700	0.96987830
27.59999983	2.90978700	0.96987830
27.67999983	2.90978700	0.96987830
27.75999983	2.90978700	0.96987830
27.83999983	2.90978700	0.96987830
27.91999983	2.90978700	0.96987830
27.99999983	2.90978700	0.96987830
28.07999983	2.90978700	0.96987830
28.15999983	2.90978700	0.96987830
28.23999983	2.90978700	0.96987830
28.31999983	2.90978700	0.96987830
28.39999983	2.90978700	0.96987830
28.47999983	2.90978700	0.96987830
28.55999983	2.90978700	0.96987830
28.63999983	2.90978700	0.96987830
28.71999983	2.90978700	0.96987830
28.79999982	2.90978700	0.96987830
28.87999982	2.90978700	0.96987830
28.95999982	2.90978700	0.96987830
29.03999982	2.90978700	0.96987830
29.11999982	2.90978700	0.96987830
29.19999982	2.90978700	0.96987830
29.27999982	2.90978700	0.96987830
29.35999982	2.90978700	0.96987830
29.43999982	2.90978700	0.96987830
29.51999982	2.90978700	0.96987830
29.59999982	2.90978700	0.96987830
29.67999982	2.90978700	0.96987830
29.75999982	2.90978700	0.96987830
29.83999982	2.90978700	0.96987830
29.91999982	2.90978700	0.96987830
29.99999982	2.90978700	0.96987830
30.07999982	2.90978700	0.96987830
30.15999982	2.90978700	0.96987830
30.23999982	2.90978700	0.96987830
30.31999982	2.90978700	0.96987830
30.39999982	2.90978700	0.96987830
30.47999981	2.90978700	0.96987830
30.55999981	2.90978700	0.96987830
30.63999981	2.90978700	0.96987830
30.71999981	2.90978700	0.96987830
30.79999981	2.90978700	0.96987830
30.87999981	2.90978700	0.96987830
30.95999981	2.90978700	0.96987830
31.03999981	2.90978700	0.96987830
31.11999981	2.90978700	0.96987830
31.19999981	2.90978700	0.96987830
31.27999981	2.90978700	0.96987830
31.35999981	2.90978700	0.96987830
31.43999981	2.90978700	0.96987830
31.51999981	2.90978700	0.96987830
31.59999981	2.90978700	0.96987830
31.67999981	2.90978700	0.96987830
31.75999981	2.90978700	0.96987830
31.83999981	2.90978700	0.96987830
31.91999981	2.90978700	0.96987830
31.99999981	2.90978700	0.96987830
32.07999981	2.90978700	0.96987830
32.15999980	2.90978700	0.96987830
32.23999980	2.90978700	0.96987830
32.31999980	2.90978700	0.96987830
32.39999980	2.90978700	0.96987830
32.47999980	2.90978700	0.96987830
32.55999980	2.90978700	0.96987830
32.63999980	2.90978700	0.79470200
32.71999980	2.90978700	0.96987830
32.79999980	2.90978700	0.79470200
32.87999980	2.90978700	0.96987830
32.95999980	2.90978700	0.96987830
33.03999980	2.90978700	0.79470200
33.11999980	2.90978700	0.96987830
33.19999980	2.90978700	0.96987830
33.27999980	2.90978700	0.96987830
33.35999980	2.90978700	0.79470200
33.43999980	2.90978700	0.79470200
33.51999980	2.90978700	0.96987830
33.59999980	2.90978700	0.79470200
33.67999980	2.90978700	0.79470200
33.75999979	2.90978700	0.96987830
33.83999979	2.90978700	0.96987830
33.91999979	2.90978700	0.79470200
33.99999979	2.90978700	0.96987830
34.07999979	2.90978700	0.96987830
34.15999979	2.90978700	0.96987830
34.23999979	2.90978700	0.96987830
34.31999979	2.90978700	0.79470200
34.39999979	2.90978700	0.79470200
34.47999979	2.90978700	0.79470200
34.55999979	2.90978700	0.79470200
34.63999979	2.90978700	0.96987830
34.71999979	2.90978700	0.79470200
34.79999979	2.90978700	0.79470200
34.87999979	2.90978700	0.79470200
34.95999979	2.90978700	0.79470200
35.03999979	2.90978700	0.79470200
35.11999979	2.90978700	0.79470200
35.19999979	2.90978700	0.79470200
35.27999979	2.90978700	0.79470200
35.35999979	2.90978700	0.79470200
35.43999978	2.90978700	0.79470200
35.51999978	2.90978700	0.79470200
35.59999978	2.90978700	0.79470200
35.67999978	2.90978700	0.79470200
35.75999978	2.90978700	0.79470200
35.83999978	2.90978700	0.79470200
35.91999978	2.90978700	0.79470200
35.99999978	2.90978700	0.79470200
36.07999978	2.90978700	0.79470200
36.15999978	2.90978700	0.79470200
36.23999978	2.90978700	0.79470200
36.31999978	2.90978700	0.96987830
36.39999978	2.90978700	0.79470200
36.47999978	2.90978700	0.79470200
36.55999978	2.90978700	0.79470200
36.63999978	2.90978700	0.79470200
36.71999978	2.90978700	0.79470200
36.79999978	2.90978700	0.79470200
36.87999978	2.90978700	0.79470200
36.95999978	2.90978700	0.79470200
37.03999977	2.90978700	0.79470200
37.11999977	2.90978700	0.79470200
37.19999977	2.90978700	0.79470200
37.27999977	2.90978700	0.79470200
37.35999977	2.90978700	0.79470200
37.43999977	2.90978700	0.79470200
37.51999977	2.90978700	0.79470200
37.59999977	2.90978700	0.61891540
37.67999977	2.90978700	0.79470200
37.75999977	2.90978700	0.79470200
37.83999977	2.90978700	0.79470200
37.91999977	2.90978700	0.79470200
37.99999977	2.90978700	0.96987830
38.07999977	2.86553500	8.16736300
38.15999977	2.90978700	5.53422600
38.23999977	2.90978700	6.23615200
38.31999977	2.90978700	5.88519000
38.39999977	2.90978700	5.88519000
38.47999977	2.90978700	5.53422600
38.55999977	2.90978700	5.88519000
38.63999977	2.90978700	5.71001300
38.71999976	2.90978700	5.88519000
38.79999976	2.90978700	5.71001300
38.87999976	2.90978700	5.71001300
38.95999976	2.90978700	5.71001300
39.03999976	2.90978700	6.41193900
39.11999976	2.90978700	5.00747700
39.19999976	2.95419200	5.71001300
39.27999976	2.95419200	5.18326400
39.35999976	2.95419200	5.35844000
39.43999976	2.95419200	4.12976500
39.51999976	2.95419200	4.30555200
39.59999976	2.95419200	4.12976500
39.67999976	2.95419200	4.30555200
39.75999976	2.95419200	4.12976500
39.83999976	2.95419200	4.12976500
39.91999976	2.95419200	4.12976500
39.99999976	2.95419200	4.12976500
40.07999976	2.95419200	4.12976500
40.15999976	2.95419200	4.12976500
40.23999976	2.95419200	4.12976500
40.31999975	2.95419200	4.12976500
40.39999975	2.95419200	3.95458800
40.47999975	2.95419200	4.12976500
40.55999975	2.95419200	3.95458800
40.63999975	2.95419200	3.95458800
40.71999975	2.99859600	4.12976500
40.79999975	2.95419200	3.95458800
40.87999975	2.95419200	3.95458800
40.95999975	2.95419200	3.95458800
41.03999975	2.99859600	3.95458800
41.11999975	2.99859600	3.95458800
41.19999975	2.95419200	3.95458800
41.27999975	2.99859600	3.95458800
41.35999975	2.95419200	3.77880200
41.43999975	2.95419200	3.95458800
41.51999975	2.99859600	3.95458800
41.59999975	2.99859600	3.95458800
41.67999975	2.95419200	3.77880200
41.75999975	2.95419200	3.77880200
41.83999975	2.95419200	3.77880200
41.91999975	2.99859600	3.77880200
41.99999974	2.99859600	3.77880200
42.07999974	2.99859600	3.77880200
42.15999974	2.99859600	3.77880200
42.23999974	2.99859600	3.77880200
42.31999974	2.95419200	3.77880200
42.39999974	2.95419200	3.77880200
42.47999974	2.99859600	3.77880200
42.55999974	2.99859600	3.77880200
42.63999974	2.99859600	3.77880200
42.71999974	2.99859600	3.77880200
42.79999974	2.95419200	3.77880200
42.87999974	2.99859600	3.60301500
42.95999974	2.95419200	3.60301500
43.03999974	2.95419200	3.60301500
43.11999974	2.99859600	3.60301500
43.19999974	2.95419200	3.60301500
43.27999974	2.99859600	3.60301500
43.35999974	2.95419200	3.77880200
43.43999974	2.95419200	3.60301500
43.51999974	2.95419200	3.60301500
43.59999974	2.95419200	3.60301500
43.67999973	2.95419200	3.60301500
43.75999973	2.95419200	3.60301500
43.83999973	2.95419200	3.60301500
43.91999973	2.95419200	3.42783900
43.99999973	2.95419200	3.42783900
44.07999973	2.95419200	3.42783900
44.15999973	2.95419200	3.42783900
44.23999973	2.95419200	3.42783900
44.31999973	2.95419200	3.42783900
44.39999973	2.95419200	3.42783900
44.47999973	2.95419200	3.42783900
44.55999973	2.95419200	3.42783900
44.63999973	2.95419200	3.42783900
44.71999973	2.95419200	3.42783900
44.79999973	2.95419200	3.42783900
44.87999973	2.95419200	3.42783900
44.95999973	2.95419200	3.42783900
45.03999973	2.95419200	3.42783900
45.11999973	2.95419200	3.42783900
45.19999973	2.95419200	3.42783900
45.27999972	2.95419200	3.42783900
45.35999972	2.95419200	3.42783900
45.43999972	2.95419200	3.42783900
45.51999972	2.95419200	3.42783900
45.59999972	2.90978700	3.42783900
45.67999972	2.90978700	3.42783900
45.75999972	2.90978700	3.42783900
45.83999972	2.90978700	3.42783900
45.91999972	2.90978700	3.42783900
45.99999972	2.90978700	3.42783900
46.07999972	2.90978700	3.42783900
46.15999972	2.90978700	3.42783900
46.23999972	2.90978700	3.42783900
46.31999972	2.90978700	3.42783900
46.39999972	2.90978700	3.42783900
46.47999972	2.90978700	3.42783900
46.55999972	2.90978700	3.42783900
46.63999972	2.90978700	3.42783900
46.71999972	2.90978700	3.42783900
46.79999972	2.90978700	3.42783900
46.87999972	2.90978700	3.42783900
46.95999971	2.90978700	3.42783900
47.03999971	2.90978700	3.42783900
47.11999971	2.90978700	3.25205200
47.19999971	2.90978700	3.42783900
47.27999971	2.90978700	3.42783900
47.35999971	2.90978700	3.42783900
47.43999971	2.90978700	3.42783900
47.51999971	2.90978700	3.42783900
47.59999971	2.90978700	3.25205200
47.67999971	2.90978700	3.42783900
47.75999971	2.90978700	3.25205200
47.83999971	2.90978700	3.25205200
47.91999971	2.90978700	3.42783900
47.99999971	2.90978700	3.42783900
48.07999971	2.90978700	3.25205200
48.15999971	2.90978700	3.42783900
48.23999971	2.90978700	3.42783900
48.31999971	2.90978700	3.42783900
48.39999971	2.90978700	3.42783900
48.47999971	2.90978700	3.25205200
48.55999970	2.90978700	3.25205200
48.63999970	2.90978700	3.25205200
48.71999970	2.90978700	3.42783900
48.79999970	2.90978700	3.42783900
48.87999970	2.90978700	3.42783900
48.95999970	2.90978700	3.25205200
49.03999970	2.90978700	3.25205200
49.11999970	2.90978700	3.25205200
49.19999970	2.90978700	3.25205200
49.27999970	2.90978700	3.42783900
49.35999970	2.90978700	3.25205200
49.43999970	2.90978700	3.25205200
49.51999970	2.90978700	3.25205200
49.59999970	2.90978700	3.42783900
49.67999970	2.90978700	3.42783900
49.75999970	2.90978700	3.25205200
49.83999970	2.90978700	3.25205200
49.91999970	2.90978700	3.25205200
49.99999970	2.90978700	3.25205200
50.07999970	2.90978700	3.25205200
50.15999970	2.90978700	3.42783900
50.23999969	2.90978700	3.25205200
50.31999969	2.90978700	3.42783900
50.39999969	2.90978700	3.42783900
50.47999969	2.90978700	3.42783900
50.55999969	2.90978700	3.42783900
50.63999969	2.90978700	3.42783900
50.71999969	2.90978700	3.42783900
50.79999969	2.90978700	3.42783900
50.87999969	2.90978700	3.25205200
50.95999969	2.90978700	3.42783900
51.03999969	2.90978700	3.42783900
51.11999969	2.90978700	3.42783900
51.19999969	2.90978700	3.42783900
51.27999969	2.90978700	3.42783900
51.35999969	2.90978700	3.42783900
51.43999969	2.90978700	3.42783900
51.51999969	2.90978700	3.42783900
51.59999969	2.90978700	3.42783900
51.67999969	2.90978700	3.42783900
51.75999969	2.90978700	3.42783900
51.83999968	2.90978700	3.42783900
51.91999968	2.90978700	3.42783900
51.99999968	2.90978700	3.42783900
52.07999968	2.90978700	3.42783900
52.15999968	2.90978700	3.42783900
52.23999968	2.90978700	3.42783900
52.31999968	2.90978700	3.42783900
52.39999968	2.90978700	3.42783900
52.47999968	2.90978700	3.42783900
52.55999968	2.90978700	3.42783900
52.63999968	2.90978700	3.42783900
52.71999968	2.90978700	3.42783900
52.79999968	2.90978700	3.42783900
52.87999968	2.90978700	3.42783900
52.95999968	2.90978700	3.42783900
53.03999968	2.90978700	3.42783900
53.11999968	2.90978700	3.42783900
53.19999968	2.90978700	3.42783900
53.27999968	2.90978700	3.42783900
53.35999968	2.90978700	3.42783900
53.43999968	2.90978700	3.42783900
53.51999967	2.90978700	3.42783900
53.59999967	2.90978700	3.42783900
53.67999967	2.90978700	3.42783900
53.75999967	2.90978700	3.42783900
53.83999967	2.90978700	3.42783900
53.91999967	2.90978700	3.42783900
53.99999967	2.90978700	3.42783900
54.07999967	2.90978700	3.42783900
54.15999967	2.90978700	3.42783900
54.23999967	2.90978700	3.60301500
54.31999967	2.90978700	3.42783900
54.39999967	2.90978700	3.60301500
54.47999967	2.90978700	3.60301500
54.55999967	2.90978700	3.42783900
54.63999967	2.90978700	3.42783900
54.71999967	2.90978700	3.60301500
54.79999967	2.90978700	3.60301500
54.87999967	2.90978700	3.60301500
54.95999967	2.90978700	3.60301500
55.03999967	2.90978700	3.60301500
55.11999967	2.90978700	3.60301500
55.19999966	2.90978700	3.60301500
55.27999966	2.90978700	3.60301500
55.35999966	2.90978700	3.60301500
55.43999966	2.90978700	3.60301500
55.51999966	2.90978700	3.77880200
55.59999966	2.90978700	3.77880200
55.67999966	2.90978700	3.60301500
55.75999966	2.90978700	3.60301500
55.83999966	2.90978700	3.77880200
55.91999966	2.90978700	3.77880200
55.99999966	2.90978700	3.77880200
56.07999966	2.90978700	3.77880200
56.15999966	2.90978700	3.77880200
56.23999966	2.90978700	3.77880200
56.31999966	2.90978700	3.77880200
56.39999966	2.90978700	3.77880200
56.47999966	2.90978700	3.77880200
56.55999966	2.90978700	3.77880200
56.63999966	2.90978700	3.95458800
56.71999966	2.90978700	3.77880200
56.79999965	2.90978700	3.77880200
56.87999965	2.90978700	3.77880200
56.95999965	2.90978700	3.77880200
57.03999965	2.90978700	3.77880200
57.11999965	2.90978700	3.95458800
57.19999965	2.90978700	3.77880200
57.27999965	2.90978700	3.77880200
57.35999965	2.90978700	3.95458800
57.43999965	2.90978700	3.95458800
57.51999965	2.90978700	3.95458800
57.59999965	2.90978700	3.95458800
57.67999965	2.90978700	3.95458800
57.75999965	2.90978700	3.95458800
57.83999965	2.90978700	3.95458800
57.91999965	2.90978700	3.95458800
57.99999965	2.90978700	3.95458800
58.07999965	2.90978700	3.95458800
58.15999965	2.90978700	3.95458800
58.23999965	2.90978700	3.95458800
58.31999965	2.90978700	4.30555200
58.39999965	2.95419200	8.34254000
58.47999964	2.90978700	2.72530300
58.55999964	2.90978700	5.00747700
58.63999964	2.90978700	3.95458800
58.71999964	2.90978700	4.48072800
58.79999964	2.90978700	4.12976500
58.87999964	2.90978700	3.77880200
58.95999964	2.90978700	0.61891540
59.03999964	2.90978700	0.26795250
59.11999964	2.95419200	0.26795250
59.19999964	2.95419200	0.09277627
59.27999964	2.95419200	-0.78432570
59.35999964	2.95419200	-0.78432570
59.43999964	2.95419200	-0.78432570
59.51999964	2.95419200	-0.78432570
59.59999964	2.95419200	-0.60914950
59.67999964	2.95419200	-0.60914950
59.75999964	2.99859600	-0.60914950
59.83999964	2.99859600	-0.43336280
59.91999964	2.99859600	-0.60914950
59.99999964	2.99859600	-0.60914950
60.07999963	2.99859600	-0.60914950
60.15999963	2.99859600	-0.60914950
60.23999963	2.99859600	-0.43336280
60.31999963	2.99859600	-0.60914950
60.39999963	2.99859600	-0.43336280
60.47999963	2.99859600	-0.43336280
60.55999963	2.99859600	-0.25818660
60.63999963	3.04284800	-0.08239998
60.71999963	3.04284800	0.26795250
60.79999963	3.04284800	0.61891540
60.87999963	3.04284800	0.79470200
60.95999963	3.04284800	0.79470200
61.03999963	3.04284800	0.79470200
61.11999963	3.04284800	0.79470200
61.19999963	3.04284800	0.79470200
61.27999963	3.04284800	0.79470200
61.35999963	3.04284800	0.79470200
61.43999963	3.04284800	0.79470200
61.51999963	3.08725200	0.79470200
61.59999963	3.08725200	0.79470200
61.67999963	3.08725200	0.79470200
61.75999962	3.08725200	0.79470200
61.83999962	3.04284800	0.79470200
61.91999962	3.04284800	0.79470200
61.99999962	3.08725200	0.79470200
62.07999962	3.08725200	0.79470200
62.15999962	3.08725200	0.96987830
62.23999962	3.08725200	0.79470200
62.31999962	3.08725200	0.79470200
62.39999962	3.08725200	0.96987830
62.47999962	3.08725200	0.96987830
62.55999962	3.08725200	0.96987830
62.63999962	3.08725200	0.96987830
62.71999962	3.08725200	0.79470200
62.79999962	3.08725200	0.96987830
62.87999962	3.08725200	0.96987830
62.95999962	3.08725200	0.96987830
63.03999962	3.08725200	0.96987830
63.11999962	3.08725200	0.96987830
63.19999962	3.08725200	0.96987830
63.27999962	3.08725200	0.96987830
63.35999961	3.08725200	0.96987830
63.43999961	3.08725200	0.96987830
63.51999961	3.08725200	0.96987830
63.59999961	3.08725200	0.96987830
63.67999961	3.08725200	0.96987830
63.75999961	3.08725200	1.14566500
63.83999961	3.08725200	0.96987830
63.91999961	3.08725200	0.96987830
63.99999961	3.08725200	0.96987830
64.07999961	3.08725200	0.96987830
64.15999961	3.08725200	0.96987830
64.23999961	3.08725200	0.96987830
64.31999961	3.08725200	0.96987830
64.39999961	3.08725200	0.96987830
64.47999961	3.08725200	0.96987830
64.55999961	3.08725200	0.96987830
64.63999961	3.08725200	1.14566500
64.71999961	3.08725200	1.14566500
64.79999961	3.08725200	1.14566500
64.87999961	3.08725200	1.14566500
64.95999961	3.08725200	1.14566500
65.03999960	3.08725200	1.14566500
65.11999960	3.08725200	0.96987830
65.19999960	3.08725200	1.14566500
65.27999960	3.08725200	1.14566500
65.35999960	3.08725200	1.14566500
65.43999960	3.08725200	1.14566500
65.51999960	3.08725200	0.96987830
65.59999960	3.08725200	1.14566500
65.67999960	3.08725200	0.96987830
65.75999960	3.08725200	1.14566500
65.83999960	3.08725200	1.14566500
65.91999960	3.04284800	1.14566500
65.99999960	3.04284800	1.14566500
66.07999960	3.08725200	1.14566500
66.15999960	3.08725200	1.14566500
66.23999960	3.04284800	1.14566500
66.31999960	3.08725200	1.14566500
66.39999960	3.04284800	1.14566500
66.47999960	3.04284800	1.14566500
66.55999960	3.04284800	1.14566500
66.63999959	3.04284800	1.14566500
66.71999959	3.04284800	1.14566500
66.79999959	3.04284800	1.14566500
66.87999959	3.04284800	1.14566500
66.95999959	3.04284800	1.14566500
67.03999959	3.04284800	1.14566500
67.11999959	2.99859600	1.32145100
67.19999959	3.04284800	1.14566500
67.27999959	2.99859600	1.14566500
67.35999959	2.99859600	1.14566500
67.43999959	2.99859600	1.14566500
67.51999959	2.99859600	1.14566500
67.59999959	2.99859600	1.32145100
67.67999959	2.99859600	1.14566500
67.75999959	2.99859600	1.14566500
67.83999959	2.99859600	1.32145100
67.91999959	2.99859600	1.32145100
67.99999959	2.99859600	1.14566500
68.07999959	2.95419200	1.32145100
68.15999959	2.95419200	1.14566500
68.23999959	2.99859600	1.14566500
68.31999958	2.95419200	1.32145100
68.39999958	2.95419200	1.14566500
68.47999958	2.95419200	1.32145100
68.55999958	2.95419200	1.32145100
68.63999958	2.95419200	1.32145100
68.71999958	2.95419200	1.32145100
68.79999958	2.95419200	1.32145100
68.87999958	2.95419200	1.14566500
68.95999958	2.95419200	1.14566500
69.03999958	2.90978700	1.32145100
69.11999958	2.90978700	1.32145100
69.19999958	2.95419200	1.14566500
69.27999958	2.90978700	1.32145100
69.35999958	2.90978700	1.32145100
69.43999958	2.90978700	1.32145100
69.51999958	2.90978700	1.32145100
69.59999958	2.90978700	1.14566500
69.67999958	2.90978700	1.32145100
69.75999958	2.95419200	1.14566500
69.83999958	2.90978700	1.14566500
69.91999958	2.90978700	1.32145100
69.99999957	2.90978700	1.32145100
70.07999957	2.90978700	1.32145100
70.15999957	2.90978700	1.14566500
70.23999957	2.90978700	1.32145100
70.31999957	2.90978700	1.32145100
70.39999957	2.90978700	1.14566500
70.47999957	2.90978700	1.32145100
70.55999957	2.90978700	1.14566500
70.63999957	2.90978700	1.32145100
70.71999957	2.95419200	1.32145100
70.79999957	2.90978700	1.32145100
70.87999957	2.90978700	1.14566500
70.95999957	2.90978700	1.14566500
71.03999957	2.95419200	1.14566500
71.11999957	2.90978700	1.32145100
71.19999957	2.90978700	1.32145100
71.27999957	2.90978700	1.32145100
71.35999957	2.90978700	1.32145100
71.43999957	2.90978700	1.32145100
71.51999957	2.90978700	1.14566500
71.59999956	2.90978700	1.32145100
71.67999956	2.90978700	1.14566500
71.75999956	2.90978700	1.32145100
71.83999956	2.90978700	1.32145100
71.91999956	2.90978700	1.32145100
71.99999956	2.90978700	1.32145100
72.07999956	2.90978700	1.32145100
72.15999956	2.90978700	1.32145100
72.23999956	2.90978700	1.32145100
72.31999956	2.90978700	1.32145100
72.39999956	2.90978700	1.32145100
72.47999956	2.90978700	1.32145100
72.55999956	2.90978700	1.32145100
72.63999956	2.90978700	1.32145100
72.71999956	2.90978700	1.32145100
72.79999956	2.90978700	1.32145100
72.87999956	2.90978700	1.14566500
72.95999956	2.90978700	1.14566500
73.03999956	2.90978700	1.14566500
73.11999956	2.90978700	1.14566500
73.19999956	2.90978700	1.14566500
73.27999955	2.90978700	1.14566500
73.35999955	2.90978700	1.14566500
73.43999955	2.90978700	1.32145100
73.51999955	2.90978700	1.32145100
73.59999955	2.90978700	1.14566500
73.67999955	2.90978700	1.14566500
73.75999955	2.90978700	1.14566500
73.83999955	2.90978700	1.14566500
73.91999955	2.90978700	1.32145100
73.99999955	2.90978700	1.14566500
74.07999955	2.90978700	1.32145100
74.15999955	2.90978700	1.32145100
74.23999955	2.90978700	1.14566500
74.31999955	2.90978700	1.14566500
74.39999955	2.90978700	1.14566500
74.47999955	2.90978700	1.14566500
74.55999955	2.90978700	1.14566500
74.63999955	2.90978700	1.32145100
74.71999955	2.90978700	1.14566500
74.79999955	2.90978700	1.14566500
74.87999954	2.90978700	1.14566500
74.95999954	2.90978700	1.14566500
75.03999954	2.90978700	1.14566500
75.11999954	2.90978700	1.14566500
75.19999954	2.90978700	1.14566500
75.27999954	2.90978700	1.14566500
75.35999954	2.90978700	1.14566500
75.43999954	2.95419200	1.14566500
75.51999954	2.95419200	1.14566500
75.59999954	2.95419200	1.14566500
75.67999954	2.90978700	1.14566500
75.75999954	2.90978700	1.14566500
75.83999954	2.90978700	1.14566500
75.91999954	2.90978700	1.14566500
75.99999954	2.90978700	1.14566500
76.07999954	2.90978700	1.14566500
76.15999954	2.90978700	1.14566500
76.23999954	2.95419200	1.14566500
76.31999954	2.90978700	1.14566500
76.39999954	2.90978700	1.14566500
76.47999954	2.90978700	1.14566500
76.55999953	2.90978700	1.14566500
76.63999953	2.90978700	1.14566500
76.71999953	2.90978700	1.14566500
76.79999953	2.90978700	1.14566500
76.87999953	2.90978700	0.96987830
76.95999953	2.90978700	0.96987830
77.03999953	2.90978700	1.14566500
77.11999953	2.90978700	1.14566500
77.19999953	2.90978700	0.96987830
77.27999953	2.90978700	1.14566500
77.35999953	2.90978700	1.14566500
77.43999953	2.90978700	0.96987830
77.51999953	2.90978700	0.96987830
77.59999953	2.90978700	0.96987830
77.67999953	2.90978700	0.96987830
77.75999953	2.90978700	0.96987830
77.83999953	2.90978700	0.96987830
77.91999953	2.90978700	0.96987830
77.99999953	2.90978700	0.96987830
78.07999953	2.90978700	0.96987830
78.15999952	2.90978700	0.96987830
78.23999952	2.90978700	0.96987830
78.31999952	2.90978700	0.96987830
78.39999952	2.90978700	0.96987830
78.47999952	2.90978700	0.96987830
78.55999952	2.90978700	0.96987830
78.63999952	2.90978700	0.96987830
78.71999952	2.90978700	0.96987830
78.79999952	2.90978700	0.96987830
78.87999952	2.90978700	0.96987830
78.95999952	2.90978700	0.96987830
79.03999952	2.90978700	0.79470200
79.11999952	2.90978700	0.96987830
79.19999952	2.90978700	0.96987830
79.27999952	2.90978700	0.96987830
79.35999952	2.90978700	0.96987830
79.43999952	2.90978700	0.79470200
79.51999952	2.95419200	0.96987830
79.59999952	2.90978700	0.96987830
79.67999952	2.90978700	0.79470200
79.75999952	2.90978700	0.79470200
79.83999951	2.90978700	0.79470200
79.91999951	2.90978700	0.79470200
79.99999951	2.90978700	0.96987830
80.07999951	2.95419200	0.79470200
80.15999951	2.95419200	0.79470200
80.23999951	2.90978700	0.79470200
80.31999951	2.95419200	0.79470200
80.39999951	2.90978700	0.79470200
80.47999951	2.90978700	0.79470200
80.55999951	2.90978700	0.79470200
80.63999951	2.90978700	0.79470200
80.71999951	2.95419200	0.79470200
80.79999951	2.95419200	0.79470200
80.87999951	2.95419200	0.79470200
80.95999951	2.95419200	0.79470200
81.03999951	2.90978700	0.79470200
81.11999951	2.95419200	0.79470200
81.19999951	2.90978700	0.61891540
81.27999951	2.95419200	0.61891540
81.35999951	2.95419200	0.61891540
81.43999951	2.95419200	0.61891540
81.51999950	2.95419200	0.61891540
81.59999950	2.95419200	0.61891540
81.67999950	2.95419200	0.79470200
81.75999950	2.95419200	0.61891540
81.83999950	2.95419200	0.61891540
81.91999950	2.90978700	0.61891540
81.99999950	2.95419200	0.61891540
82.07999950	2.95419200	0.61891540
82.15999950	2.95419200	0.61891540
82.23999950	2.95419200	0.61891540
82.31999950	2.95419200	0.61891540
82.39999950	2.95419200	0.61891540
82.47999950	2.90978700	0.44373910
82.55999950	2.95419200	0.61891540
82.63999950	2.95419200	-0.43336280
82.71999950	2.95419200	-0.43336280
82.79999950	2.95419200	-0.43336280
82.87999950	2.95419200	-0.43336280
82.95999950	2.95419200	-0.43336280
83.03999950	2.95419200	-0.60914950
83.11999949	2.95419200	-0.60914950
83.19999949	2.95419200	-0.78432570
83.27999949	2.95419200	0.09277627
83.35999949	2.95419200	6.58711500
83.43999949	2.95419200	5.18326400
83.51999949	2.99859600	4.83230100
83.59999949	2.95419200	4.30555200
83.67999949	2.95419200	4.30555200
83.75999949	2.95419200	4.12976500
83.83999949	2.95419200	2.02337700
83.91999949	2.99859600	-0.96011230
83.99999949	2.95419200	2.02337700
84.07999949	2.99859600	5.71001300
84.15999949	2.95419200	6.76290200
84.23999949	2.99859600	3.07687600
84.31999949	2.95419200	3.77880200
84.39999949	2.95419200	-0.78432570
84.47999949	2.99859600	-0.60914950
84.55999949	2.95419200	-0.43336280
84.63999949	2.99859600	5.35844000
84.71999949	2.95419200	4.48072800
84.79999948	2.99859600	4.30555200
84.87999948	2.95419200	4.12976500
84.95999948	2.95419200	3.77880200
85.03999948	2.95419200	3.77880200
85.11999948	2.95419200	3.95458800
85.19999948	2.99859600	0.26795250
85.27999948	2.95419200	0.96987830
85.35999948	2.99859600	6.58711500
85.43999948	2.99859600	2.90108900
85.51999948	2.99859600	7.99157700
85.59999948	2.99859600	2.72530300
85.67999948	2.95419200	4.83230100
85.75999948	2.99859600	3.60301500
85.83999948	2.95419200	3.42783900
85.91999948	2.95419200	3.60301500
85.99999948	2.99859600	3.95458800
86.07999948	2.99859600	3.95458800
86.15999948	2.99859600	4.12976500
86.23999948	2.95419200	4.12976500
86.31999948	2.99859600	4.12976500
86.39999947	2.99859600	4.12976500
86.47999947	2.99859600	4.12976500
86.55999947	2.99859600	4.12976500
86.63999947	2.95419200	4.12976500
86.71999947	2.99859600	4.12976500
86.79999947	2.99859600	4.12976500
86.87999947	2.99859600	4.12976500
86.95999947	2.95419200	4.12976500
87.03999947	2.99859600	4.12976500
87.11999947	2.99859600	4.12976500
87.19999947	2.95419200	4.12976500
87.27999947	2.99859600	4.12976500
87.35999947	2.95419200	4.12976500
87.43999947	2.95419200	3.77880200
87.51999947	2.95419200	3.95458800
87.59999947	2.95419200	3.95458800
87.67999947	2.95419200	4.12976500
87.75999947	2.95419200	4.12976500
87.83999947	2.95419200	3.42783900
87.91999947	2.90978700	0.79470200
87.99999947	2.99859600	0.79470200
88.07999946	2.95419200	0.96987830
88.15999946	2.95419200	5.88519000
88.23999946	2.95419200	2.72530300
88.31999946	2.90978700	9.22025200
88.39999946	2.95419200	8.34254000
88.47999946	2.95419200	2.55012700
88.55999946	2.95419200	4.65651400
88.63999946	2.95419200	3.60301500
88.71999946	2.95419200	3.95458800
88.79999946	2.95419200	3.42783900
88.87999946	2.95419200	3.60301500
88.95999946	2.90978700	3.42783900
89.03999946	2.95419200	3.60301500
89.11999946	2.90978700	3.77880200
89.19999946	2.90978700	3.95458800
89.27999946	2.90978700	3.95458800
89.35999946	2.90978700	3.95458800
89.43999946	2.90978700	3.95458800
89.51999946	2.90978700	3.95458800
89.59999946	2.90978700	3.95458800
89.67999945	2.90978700	4.12976500
89.75999945	2.90978700	4.12976500
89.83999945	2.90978700	3.95458800
89.91999945	2.90978700	4.12976500
89.99999945	2.90978700	3.95458800
90.07999945	2.90978700	3.95458800
90.15999945	2.95419200	4.12976500
90.23999945	2.90978700	3.95458800
90.31999945	2.90978700	3.95458800
90.39999945	2.90978700	3.95458800
90.47999945	2.90978700	3.95458800
90.55999945	2.90978700	3.95458800
90.63999945	2.90978700	3.95458800
90.71999945	2.90978700	3.95458800
90.79999945	2.90978700	3.77880200
90.87999945	2.90978700	3.95458800
90.95999945	2.90978700	3.95458800
91.03999945	2.90978700	3.95458800
91.11999945	2.90978700	3.95458800
91.19999945	2.95419200	-0.43336280
91.27999945	2.90978700	0.44373910
91.35999944	2.90978700	0.79470200
91.43999944	2.90978700	0.79470200
91.51999944	2.90978700	5.18326400
91.59999944	2.90978700	3.25205200
91.67999944	2.90978700	6.41193900
91.75999944	2.82113100	7.11386400
91.83999944	2.95419200	5.53422600
91.91999944	2.90978700	3.25205200
91.99999944	2.90978700	3.60301500
92.07999944	2.90978700	2.90108900
92.15999944	2.90978700	2.55012700
92.23999944	2.90978700	2.72530300
92.31999944	2.90978700	2.72530300
92.39999944	2.90978700	2.90108900
92.47999944	2.90978700	3.25205200
92.55999944	2.90978700	3.42783900
92.63999944	2.90978700	3.60301500
92.71999944	2.90978700	3.60301500
92.79999944	2.90978700	3.95458800
92.87999944	2.90978700	3.77880200
92.95999944	2.90978700	3.95458800
93.03999943	2.90978700	3.95458800
93.11999943	2.90978700	3.95458800
93.19999943	2.90978700	3.95458800
93.27999943	2.90978700	3.95458800
93.35999943	2.90978700	3.95458800
93.43999943	2.90978700	3.95458800
93.51999943	2.90978700	3.95458800
93.59999943	2.90978700	3.95458800
93.67999943	2.90978700	3.95458800
93.75999943	2.90978700	3.95458800
93.83999943	2.90978700	3.95458800
93.91999943	2.90978700	3.95458800
93.99999943	2.90978700	3.95458800
94.07999943	2.90978700	4.12976500
94.15999943	2.90978700	4.12976500
94.23999943	2.90978700	3.77880200
94.31999943	2.90978700	3.95458800
94.39999943	2.90978700	3.95458800
94.47999943	2.90978700	3.95458800
94.55999943	2.90978700	4.12976500
94.63999942	2.90978700	3.95458800
94.71999942	2.90978700	1.49662800
94.79999942	2.86553500	0.61891540
94.87999942	2.90978700	0.61891540
94.95999942	2.90978700	1.14566500
95.03999942	2.86553500	6.23615200
95.11999942	2.90978700	2.19916400
95.19999942	2.90978700	10.09796000
95.27999942	3.04284800	5.71001300
95.35999942	2.90978700	4.48072800
95.43999942	2.95419200	3.42783900
95.51999942	2.90978700	3.77880200
95.59999942	2.90978700	3.25205200
95.67999942	2.90978700	3.42783900
95.75999942	2.90978700	3.42783900
95.83999942	2.90978700	3.60301500
95.91999942	2.90978700	3.77880200
95.99999942	2.90978700	3.95458800
96.07999942	2.90978700	3.95458800
96.15999942	2.90978700	3.95458800
96.23999942	2.90978700	3.95458800
96.31999941	2.90978700	3.95458800
96.39999941	2.90978700	4.12976500
96.47999941	2.90978700	4.12976500
96.55999941	2.90978700	3.95458800
96.63999941	2.90978700	3.95458800
96.71999941	2.90978700	4.12976500
96.79999941	2.90978700	4.12976500
96.87999941	2.90978700	3.95458800
96.95999941	2.90978700	4.12976500
97.03999941	2.90978700	4.12976500
97.11999941	2.90978700	4.12976500
97.19999941	2.90978700	4.12976500
97.27999941	2.90978700	4.12976500
97.35999941	2.90978700	4.12976500
97.43999941	2.90978700	4.12976500
97.51999941	2.90978700	3.77880200
97.59999941	2.90978700	4.12976500
97.67999941	2.90978700	3.95458800
97.75999941	2.90978700	4.12976500
97.83999941	2.90978700	4.12976500
97.91999940	2.90978700	1.84759100
97.99999940	2.86553500	-0.08239998
98.07999940	2.90978700	0.79470200
98.15999940	2.90978700	1.32145100
98.23999940	2.90978700	7.11386400
98.31999940	2.90978700	2.37434000
98.39999940	2.90978700	12.20435000
98.47999940	2.90978700	2.55012700
98.55999940	2.90978700	5.18326400
98.63999940	2.90978700	3.95458800
98.71999940	2.90978700	4.30555200
98.79999940	2.90978700	3.95458800
98.87999940	2.90978700	3.95458800
98.95999940	2.90978700	4.12976500
99.03999940	2.90978700	4.12976500
99.11999940	2.90978700	4.12976500
99.19999940	2.90978700	4.12976500
99.27999940	2.90978700	4.12976500
99.35999940	2.90978700	4.12976500
99.43999940	2.90978700	4.12976500
99.51999940	2.90978700	4.12976500
99.59999939	2.90978700	4.12976500
99.67999939	2.90978700	4.12976500
99.75999939	2.90978700	4.30555200
99.83999939	2.90978700	4.12976500
99.91999939	2.90978700	4.12976500
99.99999939	2.90978700	4.12976500
100.07999939	2.90978700	4.12976500
100.15999939	2.90978700	4.30555200
100.23999939	2.90978700	4.12976500
100.31999939	2.90978700	4.12976500
100.39999939	2.90978700	4.12976500
100.47999939	2.90978700	4.12976500
100.55999939	2.90978700	4.12976500
100.63999939	2.90978700	4.12976500
100.71999939	2.90978700	4.30555200
100.79999939	2.90978700	4.30555200
100.87999939	2.90978700	4.12976500
100.95999939	2.90978700	3.95458800
101.03999939	2.90978700	4.30555200
101.11999939	2.90978700	4.12976500
101.19999938	2.90978700	4.12976500
101.27999938	2.90978700	4.12976500
101.35999938	2.95419200	-0.60914950
101.43999938	2.90978700	1.14566500
101.51999938	2.90978700	6.41193900
101.59999938	2.90978700	3.77880200
101.67999938	2.90978700	8.51832700
101.75999938	2.90978700	2.90108900
101.83999938	2.90978700	5.18326400
101.91999938	2.90978700	4.12976500
101.99999938	2.90978700	4.12976500
102.07999938	2.90978700	4.30555200
102.15999938	2.90978700	4.30555200
102.23999938	2.90978700	4.30555200
102.31999938	2.90978700	4.30555200
102.39999938	2.90978700	4.30555200
102.47999938	2.90978700	4.30555200
102.55999938	2.90978700	4.30555200
102.63999938	2.90978700	4.30555200
102.71999938	2.90978700	4.30555200
102.79999938	2.90978700	4.30555200
102.87999937	2.90978700	4.30555200
102.95999937	2.90978700	3.77880200
103.03999937	2.90978700	0.09277627
103.11999937	2.90978700	0.26795250
103.19999937	2.90978700	0.26795250
103.27999937	2.90978700	0.09277627
103.35999937	2.90978700	-0.25818660
103.43999937	2.90978700	-0.78432570
103.51999937	2.90978700	-0.78432570
103.59999937	2.90978700	-0.60914950
103.67999937	2.90978700	-0.60914950
103.75999937	2.90978700	-0.60914950
103.83999937	2.95419200	-0.60914950
103.91999937	2.95419200	-0.60914950
103.99999937	2.95419200	-0.60914950
104.07999937	2.95419200	-0.60914950
104.15999937	2.95419200	-0.60914950
104.23999937	2.95419200	-0.43336280
104.31999937	2.95419200	-0.43336280
104.39999937	2.95419200	-0.43336280
104.47999937	2.95419200	-0.43336280
104.55999936	2.95419200	-0.43336280
104.63999936	2.95419200	-0.43336280
104.71999936	2.95419200	-0.25818660
104.79999936	2.95419200	-0.08239998
104.87999936	2.95419200	0.09277627
104.95999936	2.95419200	0.61891540
105.03999936	2.95419200	0.61891540
105.11999936	2.95419200	0.61891540
105.19999936	2.95419200	0.61891540
105.27999936	2.95419200	0.61891540
105.35999936	2.95419200	0.61891540
105.43999936	2.95419200	0.79470200
105.51999936	2.95419200	0.61891540
105.59999936	2.95419200	0.79470200
105.67999936	2.95419200	0.79470200
105.75999936	2.95419200	0.61891540
105.83999936	2.95419200	0.61891540
105.91999936	2.95419200	0.61891540
105.99999936	2.95419200	0.79470200
106.07999936	2.95419200	0.61891540
106.15999935	2.95419200	0.79470200
106.23999935	2.95419200	0.79470200
106.31999935	2.95419200	0.79470200
106.39999935	2.95419200	0.79470200
106.47999935	2.95419200	0.79470200
106.55999935	2.95419200	0.79470200
106.63999935	2.95419200	0.79470200
106.71999935	2.95419200	0.79470200
106.79999935	2.95419200	0.79470200
106.87999935	2.95419200	0.79470200
106.95999935	2.95419200	0.79470200
107.03999935	2.95419200	0.79470200
107.11999935	2.95419200	0.79470200
107.19999935	2.95419200	0.79470200
107.27999935	2.95419200	0.96987830
107.35999935	2.95419200	0.79470200
107.43999935	2.95419200	0.96987830
107.51999935	2.95419200	0.79470200
107.59999935	2.90978700	0.79470200
107.67999935	2.90978700	0.79470200
107.75999935	2.90978700	0.96987830
107.83999934	2.95419200	10.97568000
107.91999934	2.90978700	7.99157700
107.99999934	2.90978700	5.18326400
108.07999934	2.90978700	6.41193900
108.15999934	2.90978700	5.88519000
108.23999934	2.90978700	6.06097600
108.31999934	2.90978700	6.06097600
108.39999934	2.90978700	6.06097600
108.47999934	2.90978700	6.06097600
108.55999934	2.90978700	5.88519000
108.63999934	2.90978700	6.06097600
108.71999934	2.90978700	6.06097600
108.79999934	2.90978700	6.06097600
108.87999934	2.90978700	6.06097600
108.95999934	2.90978700	6.06097600
109.03999934	2.90978700	5.88519000
109.11999934	2.90978700	5.88519000
109.19999934	2.90978700	6.23615200
109.27999934	2.90978700	6.23615200
109.35999934	2.90978700	6.23615200
109.43999933	2.90978700	6.06097600
109.51999933	2.90978700	6.58711500
109.59999933	2.90978700	9.39603900
109.67999933	2.90978700	8.16736300
109.75999933	2.90978700	5.71001300
109.83999933	2.90978700	6.58711500
109.91999933	2.90978700	5.88519000
109.99999933	2.90978700	6.41193900
110.07999933	2.90978700	6.23615200
110.15999933	2.90978700	6.41193900
110.23999933	2.90978700	6.41193900
110.31999933	2.90978700	6.23615200
110.39999933	2.90978700	6.23615200
110.47999933	2.90978700	6.23615200
110.55999933	2.90978700	6.23615200
110.63999933	2.95419200	6.23615200
110.71999933	2.90978700	6.23615200
110.79999933	2.90978700	6.23615200
110.87999933	2.90978700	6.23615200
110.95999933	2.90978700	6.23615200
111.03999933	2.90978700	6.23615200
111.11999932	2.90978700	6.23615200
111.19999932	2.90978700	6.23615200
111.27999932	2.90978700	6.23615200
111.35999932	2.90978700	6.23615200
111.43999932	2.90978700	6.23615200
111.51999932	2.90978700	6.23615200
111.59999932	2.90978700	6.23615200
111.67999932	2.90978700	6.23615200
111.75999932	2.90978700	6.23615200
111.83999932	2.90978700	6.23615200
111.91999932	2.90978700	6.23615200
111.99999932	2.90978700	6.23615200
112.07999932	2.90978700	6.23615200
112.15999932	2.90978700	6.23615200
112.23999932	2.90978700	6.23615200
112.31999932	2.90978700	6.23615200
112.39999932	2.90978700	6.23615200
112.47999932	2.90978700	6.23615200
112.55999932	2.90978700	6.23615200
112.63999932	2.90978700	6.23615200
112.71999931	2.90978700	6.23615200
112.79999931	2.90978700	6.23615200
112.87999931	2.90978700	6.06097600
112.95999931	2.90978700	6.23615200
113.03999931	2.90978700	6.06097600
113.11999931	2.90978700	6.23615200
113.19999931	2.90978700	6.23615200
113.27999931	2.90978700	6.23615200
113.35999931	2.90978700	6.06097600
113.43999931	2.90978700	6.06097600
113.51999931	2.90978700	6.06097600
113.59999931	2.90978700	6.06097600
113.67999931	2.90978700	6.06097600
113.75999931	2.90978700	6.06097600
113.83999931	2.90978700	6.06097600
113.91999931	2.90978700	6.06097600
113.99999931	2.90978700	6.06097600
114.07999931	2.90978700	6.06097600
114.15999931	2.90978700	6.06097600
114.23999931	2.90978700	6.06097600
114.31999931	2.90978700	6.06097600
114.39999930	2.90978700	5.88519000
114.47999930	2.90978700	6.06097600
114.55999930	2.90978700	5.88519000
114.63999930	2.90978700	6.06097600
114.71999930	2.90978700	5.88519000
114.79999930	2.90978700	6.06097600
114.87999930	2.90978700	5.88519000
114.95999930	2.90978700	5.88519000
115.03999930	2.90978700	5.88519000
115.11999930	2.90978700	5.88519000
115.19999930	2.90978700	6.06097600
115.27999930	2.90978700	5.88519000
115.35999930	2.90978700	5.88519000
115.43999930	2.90978700	5.88519000
115.51999930	2.90978700	5.88519000
115.59999930	2.90978700	5.88519000
115.67999930	2.90978700	5.88519000
115.75999930	2.90978700	5.88519000
115.83999930	2.90978700	6.06097600
115.91999930	2.90978700	5.88519000
115.99999930	2.90978700	5.88519000
116.07999929	2.90978700	5.88519000
116.15999929	2.90978700	5.88519000
116.23999929	2.90978700	5.88519000
116.31999929	2.90978700	5.88519000
116.39999929	2.90978700	5.88519000
116.47999929	2.90978700	5.88519000
116.55999929	2.90978700	5.88519000
116.63999929	2.90978700	5.88519000
116.71999929	2.90978700	5.71001300
116.79999929	2.90978700	5.88519000
116.87999929	2.90978700	5.88519000
116.95999929	2.90978700	5.88519000
117.03999929	2.90978700	5.71001300
117.11999929	2.90978700	5.88519000
117.19999929	2.90978700	5.71001300
117.27999929	2.90978700	5.88519000
117.35999929	2.90978700	5.71001300
117.43999929	2.90978700	5.71001300
117.51999929	2.90978700	5.71001300
117.59999929	2.90978700	5.71001300
117.67999928	2.90978700	5.71001300
117.75999928	2.90978700	5.71001300
117.83999928	2.90978700	5.71001300
117.91999928	2.90978700	5.53422600
117.99999928	2.90978700	5.53422600
118.07999928	2.90978700	5.53422600
118.15999928	2.90978700	5.53422600
118.23999928	2.90978700	5.53422600
118.31999928	2.90978700	5.53422600
118.39999928	2.90978700	5.53422600
118.47999928	2.90978700	5.53422600
118.55999928	2.90978700	5.53422600
118.63999928	2.90978700	5.53422600
118.71999928	2.90978700	5.53422600
118.79999928	2.90978700	5.53422600
118.87999928	2.90978700	5.53422600
118.95999928	2.90978700	5.35844000
119.03999928	2.90978700	4.48072800
119.11999928	2.90978700	4.48072800
119.19999928	2.90978700	4.48072800
119.27999928	2.90978700	4.48072800
119.35999927	2.90978700	4.48072800
119.43999927	2.90978700	4.48072800
119.51999927	2.90978700	4.48072800
119.59999927	2.90978700	4.48072800
119.67999927	2.90978700	4.48072800
119.75999927	2.90978700	4.48072800
119.83999927	2.90978700	4.48072800
119.91999927	2.90978700	4.48072800
119.99999927	2.90978700	4.48072800
120.07999927	2.90978700	4.48072800
120.15999927	2.90978700	4.48072800
120.23999927	2.90978700	4.48072800
120.31999927	2.90978700	4.48072800
120.39999927	2.90978700	4.48072800
120.47999927	2.90978700	4.30555200
120.55999927	2.90978700	4.30555200
120.63999927	2.90978700	4.30555200
120.71999927	2.90978700	4.48072800
120.79999927	2.90978700	4.30555200
120.87999927	2.90978700	4.48072800
120.95999926	2.90978700	4.48072800
121.03999926	2.90978700	4.30555200
121.11999926	2.90978700	4.30555200
121.19999926	2.90978700	4.48072800
121.27999926	2.90978700	4.48072800
121.35999926	2.90978700	4.30555200
121.43999926	2.90978700	4.30555200
121.51999926	2.90978700	4.30555200
121.59999926	2.90978700	4.30555200
121.67999926	2.90978700	4.30555200
121.75999926	2.90978700	4.48072800
121.83999926	2.90978700	4.30555200
121.91999926	2.90978700	4.30555200
121.99999926	2.90978700	4.48072800
122.07999926	2.90978700	4.30555200
122.15999926	2.90978700	4.48072800
122.23999926	2.90978700	4.30555200
122.31999926	2.90978700	4.30555200
122.39999926	2.90978700	4.30555200
122.47999926	2.90978700	4.30555200
122.55999926	2.90978700	4.30555200
122.63999925	2.90978700	4.30555200
122.71999925	2.90978700	4.30555200
122.79999925	2.90978700	4.12976500
122.87999925	2.90978700	4.30555200
122.95999925	2.90978700	4.30555200
123.03999925	2.90978700	4.48072800
123.11999925	2.90978700	4.30555200
123.19999925	2.90978700	4.30555200
123.27999925	2.90978700	4.30555200
123.35999925	2.90978700	4.30555200
123.43999925	2.90978700	4.30555200
123.51999925	2.90978700	4.30555200
123.59999925	2.90978700	4.30555200
123.67999925	2.90978700	4.30555200
123.75999925	2.90978700	4.30555200
123.83999925	2.90978700	4.30555200
123.91999925	2.90978700	4.30555200
123.99999925	2.90978700	4.30555200
124.07999925	2.90978700	4.12976500
124.15999925	2.90978700	4.30555200
124.23999924	2.90978700	4.30555200
124.31999924	2.90978700	4.30555200
124.39999924	2.90978700	4.30555200
124.47999924	2.90978700	4.30555200
124.55999924	2.90978700	4.30555200
124.63999924	2.90978700	4.30555200
124.71999924	2.90978700	4.30555200
124.79999924	2.90978700	4.30555200
124.87999924	2.90978700	4.30555200
124.95999924	2.90978700	4.30555200
125.03999924	2.90978700	4.30555200
125.11999924	2.90978700	4.30555200
125.19999924	2.90978700	4.30555200
125.27999924	2.90978700	4.30555200
125.35999924	2.90978700	4.30555200
125.43999924	2.90978700	4.30555200
125.51999924	2.90978700	4.30555200
125.59999924	2.90978700	4.30555200
125.67999924	2.90978700	4.30555200
125.75999924	2.90978700	4.30555200
125.83999924	2.90978700	4.30555200
125.91999923	2.90978700	4.30555200
125.99999923	2.90978700	4.30555200
126.07999923	2.90978700	4.30555200
126.15999923	2.90978700	4.30555200
126.23999923	2.90978700	4.30555200
126.31999923	2.90978700	4.30555200
126.39999923	2.90978700	4.30555200
126.47999923	2.90978700	4.30555200
126.55999923	2.90978700	4.30555200
126.63999923	2.90978700	4.30555200
126.71999923	2.90978700	4.30555200
126.79999923	2.90978700	4.30555200
126.87999923	2.90978700	4.30555200
126.95999923	2.90978700	4.30555200
127.03999923	2.90978700	4.30555200
127.11999923	2.90978700	4.30555200
127.19999923	2.90978700	4.12976500
127.27999923	2.90978700	4.30555200
127.35999923	2.90978700	4.12976500
127.43999923	2.90978700	4.30555200
127.51999923	2.90978700	4.30555200
127.59999922	2.90978700	4.30555200
127.67999922	2.90978700	5.00747700
127.75999922	2.90978700	4.48072800
127.83999922	2.90978700	4.12976500
127.91999922	2.90978700	0.61891540
127.99999922	2.90978700	0.44373910
128.07999922	2.90978700	0.44373910
128.15999922	2.90978700	0.26795250
128.23999922	2.90978700	0.26795250
128.31999922	2.90978700	-0.60914950
128.39999922	2.90978700	-0.60914950
128.47999922	2.90978700	-0.60914950
128.55999922	2.90978700	-0.60914950
128.63999922	2.90978700	-0.43336280
128.71999922	2.90978700	-0.43336280
128.79999922	2.90978700	-0.60914950
128.87999922	2.90978700	-0.43336280
128.95999922	2.90978700	-0.43336280
129.03999922	2.90978700	-0.43336280
129.11999922	2.90978700	-0.43336280
129.19999921	2.90978700	-0.43336280
129.27999921	2.90978700	-0.25818660
129.35999921	2.90978700	-0.08239998
129.43999921	2.95419200	0.26795250
129.51999921	2.95419200	0.61891540
129.59999921	2.90978700	0.61891540
129.67999921	2.90978700	0.61891540
129.75999921	2.90978700	0.61891540
129.83999921	2.90978700	0.61891540
129.91999921	2.90978700	0.61891540
129.99999921	2.90978700	0.79470200
130.07999921	2.90978700	0.61891540
130.15999921	2.90978700	0.61891540
130.23999921	2.90978700	0.61891540
130.31999921	2.90978700	0.61891540
130.39999921	2.90978700	0.61891540
130.47999921	2.90978700	0.61891540
130.55999921	2.90978700	0.61891540
130.63999921	2.90978700	0.61891540
130.71999921	2.90978700	0.79470200
130.79999921	2.90978700	0.79470200
130.87999920	2.90978700	0.61891540
130.95999920	2.90978700	0.61891540
131.03999920	2.90978700	0.79470200
131.11999920	2.90978700	0.61891540
131.19999920	2.90978700	0.61891540
131.27999920	2.90978700	0.61891540
131.35999920	2.90978700	0.79470200
131.43999920	2.90978700	0.79470200
131.51999920	2.90978700	0.79470200
131.59999920	2.90978700	0.61891540
131.67999920	2.90978700	0.61891540
131.75999920	2.90978700	0.79470200
131.83999920	2.90978700	0.79470200
131.91999920	2.90978700	0.79470200
131.99999920	2.90978700	0.61891540
132.07999920	2.90978700	0.79470200
132.15999920	2.90978700	0.79470200
132.23999920	2.90978700	0.79470200
132.31999920	2.90978700	0.61891540
132.39999920	2.90978700	0.79470200
132.47999919	2.90978700	0.79470200
132.55999919	2.90978700	0.79470200
132.63999919	2.90978700	0.79470200
132.71999919	2.90978700	0.79470200
132.79999919	2.90978700	0.79470200
132.87999919	2.90978700	0.79470200
132.95999919	2.90978700	0.79470200
133.03999919	2.90978700	0.79470200
133.11999919	2.90978700	0.79470200
133.19999919	2.90978700	0.79470200
133.27999919	2.90978700	0.79470200
133.35999919	2.90978700	0.79470200
133.43999919	2.90978700	0.79470200
133.51999919	2.90978700	0.79470200
133.59999919	2.90978700	0.79470200
133.67999919	2.90978700	0.79470200
133.75999919	2.90978700	0.79470200
133.83999919	2.90978700	0.96987830
133.91999919	2.90978700	0.79470200
133.99999919	2.90978700	0.79470200
134.07999919	2.90978700	0.79470200
134.15999918	2.90978700	0.79470200
134.23999918	2.90978700	0.79470200
134.31999918	2.90978700	0.79470200
134.39999918	2.90978700	0.79470200
134.47999918	2.90978700	0.79470200
134.55999918	2.90978700	0.96987830
134.63999918	2.90978700	0.79470200
134.71999918	2.90978700	0.79470200
134.79999918	2.90978700	0.79470200
134.87999918	2.90978700	0.79470200
134.95999918	2.90978700	0.79470200
135.03999918	2.90978700	0.79470200
135.11999918	2.90978700	0.79470200
135.19999918	2.90978700	0.79470200
135.27999918	2.90978700	0.96987830
135.35999918	2.90978700	0.96987830
135.43999918	2.90978700	0.79470200
135.51999918	2.90978700	0.79470200
135.59999918	2.90978700	0.96987830
135.67999918	2.90978700	0.96987830
135.75999917	2.90978700	0.79470200
135.83999917	2.90978700	0.79470200
135.91999917	2.90978700	0.96987830
135.99999917	2.90978700	0.79470200
136.07999917	2.90978700	0.79470200
136.15999917	2.90978700	0.96987830
136.23999917	2.90978700	0.79470200
136.31999917	2.90978700	0.96987830
136.39999917	2.90978700	0.79470200
136.47999917	2.90978700	0.79470200
136.55999917	2.90978700	0.96987830
136.63999917	2.90978700	0.79470200
136.71999917	2.90978700	0.79470200
136.79999917	2.90978700	0.79470200
136.87999917	2.90978700	0.96987830
136.95999917	2.90978700	0.96987830
137.03999917	2.90978700	0.96987830
137.11999917	2.90978700	0.96987830
137.19999917	2.90978700	0.96987830
137.27999917	2.90978700	0.96987830
137.35999917	2.90978700	0.96987830
137.43999916	2.90978700	0.96987830
137.51999916	2.90978700	0.96987830
137.59999916	2.90978700	0.96987830
137.67999916	2.90978700	0.96987830
137.75999916	2.90978700	0.79470200
137.83999916	2.90978700	0.79470200
137.91999916	2.90978700	0.96987830
137.99999916	2.90978700	0.96987830
138.07999916	2.90978700	0.79470200
138.15999916	2.90978700	0.96987830
138.23999916	2.90978700	0.96987830
138.31999916	2.90978700	0.96987830
138.39999916	2.90978700	0.96987830
138.47999916	2.90978700	0.96987830
138.55999916	2.90978700	0.96987830
138.63999916	2.90978700	0.96987830
138.71999916	2.90978700	0.96987830
138.79999916	2.90978700	0.96987830
138.87999916	2.90978700	0.96987830
138.95999916	2.90978700	0.96987830
139.03999915	2.90978700	0.96987830
139.11999915	2.90978700	0.96987830
139.19999915	2.90978700	0.96987830
139.27999915	2.90978700	0.96987830
139.35999915	2.90978700	0.96987830
139.43999915	2.90978700	0.79470200
139.51999915	2.90978700	0.96987830
139.59999915	2.90978700	0.96987830
139.67999915	2.90978700	0.96987830
139.75999915	2.90978700	0.96987830
139.83999915	2.90978700	0.96987830
139.91999915	2.90978700	0.96987830
139.99999915	2.90978700	0.96987830
140.07999915	2.90978700	0.96987830
140.15999915	2.90978700	0.96987830
140.23999915	2.90978700	0.96987830
140.31999915	2.90978700	0.96987830
140.39999915	2.90978700	0.96987830
140.47999915	2.90978700	0.96987830
140.55999915	2.90978700	0.96987830
140.63999915	2.90978700	0.96987830
140.71999914	2.90978700	0.96987830
140.79999914	2.90978700	0.96987830
140.87999914	2.90978700	0.96987830
140.95999914	2.90978700	0.79470200
141.03999914	2.90978700	0.96987830
141.11999914	2.90978700	0.96987830
141.19999914	2.90978700	0.96987830
141.27999914	2.90978700	0.96987830
141.35999914	2.90978700	0.79470200
141.43999914	2.90978700	0.96987830
141.51999914	2.90978700	0.96987830
141.59999914	2.90978700	0.96987830
141.67999914	2.90978700	0.96987830
141.75999914	2.90978700	0.96987830
141.83999914	2.90978700	0.96987830
141.91999914	2.90978700	0.96987830
141.99999914	2.90978700	0.96987830
142.07999914	2.90978700	0.96987830
142.15999914	2.90978700	0.96987830
142.23999914	2.90978700	0.96987830
142.31999914	2.90978700	0.96987830
142.39999913	2.90978700	0.96987830
142.47999913	2.86553500	0.96987830
142.55999913	2.90978700	0.96987830
142.63999913	2.90978700	0.96987830
142.71999913	2.90978700	0.79470200
142.79999913	2.90978700	0.79470200
142.87999913	2.90978700	0.96987830
142.95999913	2.90978700	0.96987830
143.03999913	2.90978700	0.96987830
143.11999913	2.90978700	0.96987830
143.19999913	2.90978700	0.96987830
143.27999913	2.90978700	0.79470200
143.35999913	2.90978700	0.96987830
143.43999913	2.90978700	0.96987830
143.51999913	2.90978700	0.79470200
143.59999913	2.90978700	0.79470200
143.67999913	2.90978700	0.96987830
143.75999913	2.90978700	0.79470200
143.83999913	2.90978700	0.79470200
143.91999913	2.90978700	0.79470200
143.99999912	2.90978700	0.79470200
144.07999912	2.90978700	0.79470200
144.15999912	2.90978700	0.79470200
144.23999912	2.90978700	0.79470200
144.31999912	2.90978700	0.79470200
144.39999912	2.86553500	0.96987830
144.47999912	2.90978700	0.79470200
144.55999912	2.90978700	0.96987830
144.63999912	2.90978700	0.79470200
144.71999912	2.90978700	0.96987830
144.79999912	2.90978700	0.79470200
144.87999912	2.90978700	0.79470200
144.95999912	2.90978700	0.79470200
145.03999912	2.90978700	0.79470200
145.11999912	2.90978700	0.79470200
145.19999912	2.90978700	0.96987830
145.27999912	2.90978700	0.96987830
145.35999912	2.90978700	0.79470200
145.43999912	2.90978700	0.79470200
145.51999912	2.90978700	0.79470200
145.59999912	2.90978700	0.79470200
145.67999911	2.90978700	0.79470200
145.75999911	2.90978700	0.96987830
145.83999911	2.90978700	0.79470200
145.91999911	2.90978700	0.79470200
145.99999911	2.86553500	0.79470200
146.07999911	2.90978700	0.79470200
146.15999911	2.90978700	0.79470200
146.23999911	2.86553500	0.79470200
146.31999911	2.90978700	0.79470200
146.39999911	2.86553500	0.79470200
146.47999911	2.90978700	0.79470200
146.55999911	2.90978700	0.79470200
146.63999911	2.90978700	0.79470200
146.71999911	2.90978700	0.79470200
146.79999911	2.90978700	0.79470200
146.87999911	2.90978700	0.79470200
146.95999911	2.90978700	0.79470200
147.03999911	2.90978700	0.79470200
147.11999911	2.90978700	0.96987830
147.19999911	2.90978700	0.79470200
147.27999910	2.90978700	0.79470200
147.35999910	2.90978700	0.79470200
147.43999910	2.90978700	0.79470200
147.51999910	2.90978700	0.79470200
147.59999910	2.90978700	0.79470200
147.67999910	2.90978700	0.79470200
147.75999910	2.90978700	0.79470200
147.83999910	2.90978700	9.04507500
147.91999910	2.86553500	6.93868800
147.99999910	2.90978700	5.53422600
148.07999910	2.90978700	6.23615200
148.15999910	2.86553500	5.71001300
148.23999910	2.90978700	5.88519000
148.31999910	2.90978700	5.88519000
148.39999910	2.90978700	5.88519000
148.47999910	2.90978700	5.71001300
148.55999910	2.86553500	5.71001300
148.63999910	2.90978700	5.88519000
148.71999910	2.86553500	5.88519000
148.79999910	2.90978700	5.71001300
148.87999910	2.86553500	5.88519000
148.95999909	2.90978700	5.71001300
149.03999909	2.86553500	7.11386400
149.11999909	2.90978700	5.35844000
149.19999909	2.90978700	5.88519000
149.27999909	2.90978700	5.53422600
149.35999909	2.95419200	5.71001300
149.43999909	2.95419200	5.53422600
149.51999909	2.90978700	5.53422600
149.59999909	2.95419200	5.53422600
149.67999909	2.90978700	5.35844000
149.75999909	2.95419200	4.83230100
149.83999909	2.95419200	4.12976500
149.91999909	2.95419200	4.30555200
149.99999909	2.95419200	4.30555200
150.07999909	2.95419200	4.12976500
150.15999909	2.95419200	4.30555200
150.23999909	2.95419200	4.12976500
150.31999909	2.95419200	4.12976500
150.39999909	2.95419200	4.12976500
150.47999909	2.95419200	4.12976500
150.55999908	2.95419200	4.12976500
150.63999908	2.95419200	4.12976500
150.71999908	2.95419200	4.12976500
150.79999908	2.95419200	4.12976500
150.87999908	2.95419200	4.12976500
150.95999908	2.95419200	4.12976500
151.03999908	2.95419200	4.12976500
151.11999908	2.95419200	4.12976500
151.19999908	2.95419200	4.12976500
151.27999908	2.95419200	4.12976500
151.35999908	2.95419200	4.12976500
151.43999908	2.95419200	3.95458800
151.51999908	2.95419200	3.95458800
151.59999908	2.95419200	3.95458800
151.67999908	2.95419200	3.95458800
151.75999908	2.95419200	3.95458800
151.83999908	2.95419200	3.95458800
151.91999908	2.95419200	3.95458800
151.99999908	2.95419200	3.95458800
152.07999908	2.95419200	3.95458800
152.15999908	2.95419200	3.95458800
152.23999907	2.95419200	3.95458800
152.31999907	2.95419200	3.95458800
152.39999907	2.95419200	3.95458800
152.47999907	2.95419200	3.95458800
152.55999907	2.95419200	3.95458800
152.63999907	2.90978700	3.95458800
152.71999907	2.90978700	3.95458800
152.79999907	2.95419200	3.77880200
152.87999907	2.95419200	3.77880200
152.95999907	2.95419200	3.77880200
153.03999907	2.90978700	3.77880200
153.11999907	2.95419200	3.77880200
153.19999907	2.90978700	3.77880200
153.27999907	2.90978700	3.77880200
153.35999907	2.90978700	3.77880200
153.43999907	2.95419200	3.77880200
153.51999907	2.90978700	3.77880200
153.59999907	2.90978700	3.77880200
153.67999907	2.90978700	3.77880200
153.75999907	2.90978700	3.77880200
153.83999907	2.90978700	3.60301500
153.91999906	2.90978700	3.60301500
153.99999906	2.90978700	3.77880200
154.07999906	2.90978700	3.77880200
154.15999906	2.90978700	3.77880200
154.23999906	2.90978700	3.60301500
154.31999906	2.90978700	3.60301500
154.39999906	2.90978700	3.77880200
154.47999906	2.90978700	3.60301500
154.55999906	2.90978700	3.60301500
154.63999906	2.90978700	3.60301500
154.71999906	2.90978700	3.60301500
154.79999906	2.90978700	3.77880200
154.87999906	2.90978700	3.60301500
154.95999906	2.90978700	3.60301500
155.03999906	2.90978700	3.60301500
155.11999906	2.90978700	3.60301500
155.19999906	2.90978700	3.60301500
155.27999906	2.90978700	3.60301500
155.35999906	2.90978700	3.60301500
155.43999906	2.90978700	3.60301500
155.51999905	2.90978700	3.60301500
155.59999905	2.90978700	3.60301500
155.67999905	2.90978700	3.60301500
155.75999905	2.90978700	3.60301500
155.83999905	2.90978700	3.60301500
155.91999905	2.90978700	3.60301500
155.99999905	2.90978700	3.60301500
156.07999905	2.90978700	3.60301500
156.15999905	2.90978700	3.60301500
156.23999905	2.90978700	3.60301500
156.31999905	2.90978700	3.42783900
156.39999905	2.90978700	3.42783900
156.47999905	2.90978700	3.60301500
156.55999905	2.90978700	3.60301500
156.63999905	2.90978700	3.42783900
156.71999905	2.90978700	3.42783900
156.79999905	2.90978700	3.42783900
156.87999905	2.90978700	3.42783900
156.95999905	2.90978700	3.42783900
157.03999905	2.90978700	3.42783900
157.11999905	2.90978700	3.42783900
157.19999904	2.86553500	3.42783900
157.27999904	2.86553500	3.42783900
157.35999904	2.90978700	3.42783900
157.43999904	2.86553500	3.42783900
157.51999904	2.90978700	3.42783900
157.59999904	2.90978700	3.42783900
157.67999904	2.90978700	3.42783900
157.75999904	2.90978700	3.42783900
157.83999904	2.90978700	3.42783900
157.91999904	2.90978700	3.42783900
157.99999904	2.90978700	3.42783900
158.07999904	2.90978700	3.42783900
158.15999904	2.90978700	3.42783900
158.23999904	2.90978700	3.42783900
158.31999904	2.90978700	3.42783900
158.39999904	2.90978700	3.42783900
158.47999904	2.90978700	3.42783900
158.55999904	2.90978700	3.42783900
158.63999904	2.90978700	3.42783900
158.71999904	2.90978700	3.42783900
158.79999903	2.90978700	3.42783900
158.87999903	2.90978700	3.42783900
158.95999903	2.90978700	3.42783900
159.03999903	2.90978700	3.42783900
159.11999903	2.86553500	3.42783900
159.19999903	2.90978700	3.42783900
159.27999903	2.90978700	3.42783900
159.35999903	2.90978700	3.42783900
159.43999903	2.90978700	3.42783900
159.51999903	2.86553500	3.42783900
159.59999903	2.90978700	3.42783900
159.67999903	2.90978700	3.42783900
159.75999903	2.90978700	3.42783900
159.83999903	2.90978700	3.42783900
159.91999903	2.90978700	3.42783900
159.99999903	2.90978700	3.42783900
160.07999903	2.90978700	3.42783900
160.15999903	2.90978700	3.42783900
160.23999903	2.90978700	3.42783900
160.31999903	2.90978700	3.42783900
160.39999903	2.90978700	3.42783900
160.47999902	2.90978700	3.42783900
160.55999902	2.90978700	3.42783900
160.63999902	2.90978700	3.42783900
160.71999902	2.90978700	3.42783900
160.79999902	2.90978700	3.42783900
160.87999902	2.86553500	3.42783900
160.95999902	2.86553500	3.42783900
161.03999902	2.90978700	3.42783900
161.11999902	2.86553500	3.42783900
161.19999902	2.90978700	3.42783900
161.27999902	2.86553500	3.42783900
161.35999902	2.90978700	3.42783900
161.43999902	2.86553500	3.42783900
161.51999902	2.86553500	3.42783900
161.59999902	2.86553500	3.42783900
161.67999902	2.86553500	3.42783900
161.75999902	2.90978700	3.42783900
161.83999902	2.90978700	3.42783900
161.91999902	2.90978700	3.42783900
161.99999902	2.90978700	3.42783900
162.07999901	2.90978700	3.42783900
162.15999901	2.90978700	3.42783900
162.23999901	2.90978700	3.42783900
162.31999901	2.90978700	3.42783900
162.39999901	2.90978700	3.42783900
162.47999901	2.90978700	3.42783900
162.55999901	2.90978700	3.42783900
162.63999901	2.90978700	3.42783900
162.71999901	2.90978700	3.42783900
162.79999901	2.86553500	3.42783900
162.87999901	2.86553500	3.42783900
162.95999901	2.86553500	3.42783900
163.03999901	2.86553500	3.42783900
163.11999901	2.90978700	3.42783900
163.19999901	2.90978700	3.60301500
163.27999901	2.90978700	3.60301500
163.35999901	2.90978700	3.60301500
163.43999901	2.90978700	3.60301500
163.51999901	2.90978700	3.60301500
163.59999901	2.90978700	3.60301500
163.67999901	2.90978700	3.42783900
163.75999900	2.86553500	3.60301500
163.83999900	2.86553500	3.60301500
163.91999900	2.90978700	3.60301500
163.99999900	2.90978700	3.60301500
164.07999900	2.90978700	3.60301500
164.15999900	2.90978700	3.60301500
164.23999900	2.90978700	3.60301500
164.31999900	2.90978700	3.60301500
164.39999900	2.90978700	3.60301500
164.47999900	2.90978700	3.60301500
164.55999900	2.90978700	3.60301500
164.63999900	2.90978700	3.60301500
164.71999900	2.86553500	3.60301500
164.79999900	2.86553500	3.60301500
164.87999900	2.86553500	3.77880200
164.95999900	2.90978700	3.60301500
165.03999900	2.90978700	3.77880200
165.11999900	2.90978700	3.60301500
165.19999900	2.90978700	3.60301500
165.27999900	2.90978700	3.60301500
165.35999900	2.90978700	3.60301500
165.43999899	2.90978700	3.77880200
165.51999899	2.90978700	3.77880200
165.59999899	2.90978700	3.60301500
165.67999899	2.90978700	3.77880200
165.75999899	2.90978700	3.77880200
165.83999899	2.90978700	3.77880200
165.91999899	2.86553500	3.77880200
165.99999899	2.90978700	3.77880200
166.07999899	2.90978700	3.77880200
166.15999899	2.90978700	3.77880200
166.23999899	2.90978700	3.77880200
166.31999899	2.90978700	3.77880200
166.39999899	2.90978700	3.77880200
166.47999899	2.90978700	3.77880200
166.55999899	2.90978700	3.95458800
166.63999899	2.90978700	3.77880200
166.71999899	2.90978700	3.77880200
166.79999899	2.90978700	3.77880200
166.87999899	2.90978700	3.95458800
166.95999899	2.90978700	3.77880200
167.03999898	2.90978700	3.95458800
167.11999898	2.86553500	3.95458800
167.19999898	2.90978700	3.95458800
167.27999898	2.86553500	3.77880200
167.35999898	2.86553500	3.95458800
167.43999898	2.90978700	3.95458800
167.51999898	2.90978700	3.95458800
167.59999898	2.90978700	3.95458800
167.67999898	2.90978700	3.95458800
167.75999898	2.86553500	3.95458800
167.83999898	2.90978700	3.95458800
167.91999898	2.90978700	3.95458800
167.99999898	2.90978700	3.95458800
168.07999898	2.86553500	3.95458800
168.15999898	2.90978700	3.95458800
168.23999898	2.90978700	9.22025200
168.31999898	2.86553500	6.06097600
168.39999898	2.86553500	3.60301500
168.47999898	2.90978700	4.65651400
168.55999898	2.90978700	4.12976500
168.63999898	2.90978700	4.30555200
168.71999897	2.90978700	3.95458800
168.79999897	2.90978700	2.72530300
168.87999897	2.86553500	0.26795250
168.95999897	2.90978700	0.26795250
169.03999897	2.86553500	0.09277627
169.11999897	2.90978700	-0.08239998
169.19999897	2.95419200	-0.60914950
169.27999897	2.95419200	-0.78432570
169.35999897	2.95419200	-0.78432570
169.43999897	2.95419200	-0.60914950
169.51999897	2.95419200	-0.78432570
169.59999897	2.95419200	-0.78432570
169.67999897	2.95419200	-0.78432570
169.75999897	2.95419200	-0.78432570
169.83999897	2.95419200	-0.60914950
169.91999897	2.95419200	-0.78432570
169.99999897	2.95419200	-0.60914950
170.07999897	2.99859600	-0.60914950
170.15999897	2.99859600	-0.60914950
170.23999897	2.99859600	-0.60914950
170.31999896	2.99859600	-0.43336280
170.39999896	2.99859600	-0.43336280
170.47999896	2.99859600	-0.43336280
170.55999896	2.99859600	-0.43336280
170.63999896	2.99859600	-0.43336280
170.71999896	2.99859600	-0.25818660
170.79999896	2.99859600	-0.25818660
170.87999896	2.99859600	0.09277627
170.95999896	2.99859600	0.79470200
171.03999896	2.99859600	0.61891540
171.11999896	2.99859600	0.61891540
171.19999896	2.99859600	0.79470200
171.27999896	3.04284800	0.61891540
171.35999896	2.99859600	0.79470200
171.43999896	3.04284800	0.79470200
171.51999896	3.04284800	0.79470200
171.59999896	2.99859600	0.79470200
171.67999896	3.04284800	0.79470200
171.75999896	2.99859600	0.79470200
171.83999896	3.04284800	0.79470200
171.91999896	3.04284800	0.79470200
171.99999895	3.04284800	0.79470200
172.07999895	3.04284800	0.79470200
172.15999895	3.04284800	0.79470200
172.23999895	3.04284800	0.79470200
172.31999895	3.04284800	0.79470200
172.39999895	3.04284800	0.79470200
172.47999895	3.04284800	0.79470200
172.55999895	3.04284800	0.79470200
172.63999895	3.04284800	0.96987830
172.71999895	3.04284800	0.96987830
172.79999895	3.04284800	0.96987830
172.87999895	3.08725200	0.79470200
172.95999895	3.04284800	0.79470200
173.03999895	3.08725200	0.96987830
173.11999895	3.08725200	0.96987830
173.19999895	3.04284800	0.96987830
173.27999895	3.04284800	0.96987830
173.35999895	3.04284800	0.96987830
173.43999895	3.04284800	0.96987830
173.51999895	3.04284800	0.96987830
173.59999894	3.04284800	0.96987830
173.67999894	3.04284800	0.96987830
173.75999894	3.04284800	0.96987830
173.83999894	3.08725200	0.96987830
173.91999894	3.04284800	0.96987830
173.99999894	3.04284800	0.96987830
174.07999894	3.04284800	0.96987830
174.15999894	3.04284800	0.96987830
174.23999894	3.04284800	0.96987830
174.31999894	3.04284800	0.96987830
174.39999894	3.04284800	0.96987830
174.47999894	3.04284800	0.96987830
174.55999894	3.04284800	1.14566500
174.63999894	3.08725200	0.96987830
174.71999894	3.04284800	1.14566500
174.79999894	3.04284800	0.96987830
174.87999894	3.04284800	0.96987830
174.95999894	3.04284800	0.96987830
175.03999894	3.04284800	0.96987830
175.11999894	3.04284800	1.14566500
175.19999894	3.04284800	1.14566500
175.27999893	3.04284800	0.96987830
175.35999893	3.04284800	1.14566500
175.43999893	2.99859600	1.14566500
175.51999893	2.99859600	1.14566500
175.59999893	3.04284800	1.14566500
175.67999893	3.04284800	1.14566500
175.75999893	2.99859600	1.14566500
175.83999893	3.04284800	1.14566500
175.91999893	2.99859600	1.14566500
175.99999893	2.99859600	1.14566500
176.07999893	2.99859600	1.14566500
176.15999893	2.99859600	1.14566500
176.23999893	2.99859600	1.14566500
176.31999893	2.99859600	1.14566500
176.39999893	2.99859600	1.14566500
176.47999893	2.99859600	1.14566500
176.55999893	2.99859600	1.14566500
176.63999893	2.99859600	1.14566500
176.71999893	2.99859600	1.14566500
176.79999893	2.99859600	1.14566500
176.87999893	2.99859600	1.14566500
176.95999892	2.99859600	1.14566500
177.03999892	2.99859600	1.14566500
177.11999892	2.95419200	1.14566500
177.19999892	2.99859600	1.14566500
177.27999892	2.95419200	1.14566500
177.35999892	2.99859600	1.14566500
177.43999892	2.95419200	1.14566500
177.51999892	2.95419200	1.14566500
177.59999892	2.95419200	1.14566500
177.67999892	2.95419200	1.14566500
177.75999892	2.95419200	1.14566500
177.83999892	2.95419200	1.14566500
177.91999892	2.95419200	1.14566500
177.99999892	2.95419200	1.14566500
178.07999892	2.90978700	1.14566500
178.15999892	2.90978700	1.14566500
178.23999892	2.95419200	1.14566500
178.31999892	2.95419200	1.14566500
178.39999892	2.90978700	1.14566500
178.47999892	2.90978700	1.14566500
178.55999891	2.90978700	1.14566500
178.63999891	2.90978700	1.14566500
178.71999891	2.90978700	1.14566500
178.79999891	2.90978700	1.14566500
178.87999891	2.90978700	1.32145100
178.95999891	2.90978700	1.14566500
179.03999891	2.90978700	1.32145100
179.11999891	2.90978700	1.32145100
179.19999891	2.90978700	1.14566500
179.27999891	2.90978700	1.14566500
179.35999891	2.90978700	1.14566500
179.43999891	2.90978700	1.14566500
179.51999891	2.90978700	1.14566500
179.59999891	2.90978700	1.14566500
179.67999891	2.90978700	1.32145100
179.75999891	2.90978700	1.32145100
179.83999891	2.90978700	1.14566500
179.91999891	2.90978700	1.14566500
179.99999891	2.90978700	1.14566500
180.07999891	2.90978700	1.14566500
180.15999891	2.90978700	1.14566500
180.23999890	2.90978700	1.14566500
180.31999890	2.90978700	1.14566500
180.39999890	2.90978700	1.14566500
180.47999890	2.90978700	1.14566500
180.55999890	2.90978700	1.14566500
180.63999890	2.90978700	1.14566500
180.71999890	2.90978700	1.32145100
180.79999890	2.90978700	1.14566500
180.87999890	2.90978700	1.14566500
180.95999890	2.90978700	1.14566500
181.03999890	2.90978700	1.32145100
181.11999890	2.90978700	1.14566500
181.19999890	2.90978700	1.14566500
181.27999890	2.90978700	1.14566500
181.35999890	2.90978700	1.14566500
181.43999890	2.90978700	1.32145100
181.51999890	2.90978700	1.14566500
181.59999890	2.90978700	1.32145100
181.67999890	2.90978700	1.32145100
181.75999890	2.90978700	1.14566500
181.83999889	2.90978700	1.32145100
181.91999889	2.90978700	1.32145100
181.99999889	2.90978700	1.14566500
182.07999889	2.90978700	1.32145100
182.15999889	2.90978700	1.14566500
182.23999889	2.90978700	1.14566500
182.31999889	2.90978700	1.32145100
182.39999889	2.90978700	1.14566500
182.47999889	2.90978700	1.14566500
182.55999889	2.90978700	1.14566500
182.63999889	2.90978700	1.14566500
182.71999889	2.90978700	1.32145100
182.79999889	2.90978700	1.14566500
182.87999889	2.86553500	1.14566500
182.95999889	2.90978700	1.14566500
183.03999889	2.90978700	1.14566500
183.11999889	2.90978700	1.14566500
183.19999889	2.90978700	1.32145100
183.27999889	2.90978700	1.14566500
183.35999889	2.90978700	1.32145100
183.43999889	2.90978700	1.14566500
183.51999888	2.90978700	1.14566500
183.59999888	2.90978700	1.14566500
183.67999888	2.90978700	1.14566500
183.75999888	2.90978700	1.14566500
183.83999888	2.86553500	1.14566500
183.91999888	2.86553500	1.14566500
183.99999888	2.86553500	1.14566500
184.07999888	2.90978700	1.14566500
184.15999888	2.90978700	1.14566500
184.23999888	2.90978700	1.14566500
184.31999888	2.90978700	1.14566500
184.39999888	2.90978700	1.14566500
184.47999888	2.90978700	1.14566500
184.55999888	2.86553500	1.14566500
184.63999888	2.90978700	1.14566500
184.71999888	2.90978700	1.14566500
184.79999888	2.86553500	1.14566500
184.87999888	2.90978700	1.14566500
184.95999888	2.90978700	1.14566500
185.03999888	2.90978700	1.14566500
185.11999887	2.90978700	1.14566500
185.19999887	2.90978700	1.14566500
185.27999887	2.90978700	1.14566500
185.35999887	2.90978700	1.14566500
185.43999887	2.90978700	1.14566500
185.51999887	2.90978700	1.14566500
185.59999887	2.90978700	1.14566500
185.67999887	2.90978700	1.14566500
185.75999887	2.90978700	1.14566500
185.83999887	2.90978700	1.14566500
185.91999887	2.90978700	1.14566500
185.99999887	2.86553500	1.14566500
186.07999887	2.90978700	0.96987830
186.15999887	2.90978700	1.14566500
186.23999887	2.90978700	1.14566500
186.31999887	2.86553500	1.14566500
186.39999887	2.90978700	1.14566500
186.47999887	2.90978700	1.14566500
186.55999887	2.90978700	1.14566500
186.63999887	2.86553500	0.96987830
186.71999887	2.90978700	1.14566500
186.79999886	2.86553500	1.14566500
186.87999886	2.90978700	1.14566500
186.95999886	2.90978700	1.14566500
187.03999886	2.86553500	1.14566500
187.11999886	2.90978700	0.96987830
187.19999886	2.86553500	0.96987830
187.27999886	2.86553500	0.96987830
187.35999886	2.90978700	0.96987830
187.43999886	2.90978700	0.96987830
187.51999886	2.86553500	0.96987830
187.59999886	2.90978700	1.14566500
187.67999886	2.90978700	0.96987830
187.75999886	2.90978700	0.96987830
187.83999886	2.86553500	0.96987830
187.91999886	2.90978700	0.96987830
187.99999886	2.86553500	0.96987830
188.07999886	2.90978700	0.96987830
188.15999886	2.90978700	0.96987830
188.23999886	2.90978700	0.96987830
188.31999886	2.86553500	0.96987830
188.39999886	2.90978700	0.96987830
188.47999885	2.90978700	0.96987830
188.55999885	2.90978700	0.96987830
188.63999885	2.90978700	0.96987830
188.71999885	2.90978700	0.96987830
188.79999885	2.90978700	0.96987830
188.87999885	2.90978700	0.96987830
188.95999885	2.90978700	0.79470200
189.03999885	2.90978700	0.96987830
189.11999885	2.90978700	0.96987830
189.19999885	2.90978700	0.96987830
189.27999885	2.90978700	0.79470200
189.35999885	2.90978700	0.96987830
189.43999885	2.90978700	0.79470200
189.51999885	2.90978700	0.79470200
189.59999885	2.90978700	0.79470200
189.67999885	2.90978700	0.79470200
189.75999885	2.90978700	0.96987830
189.83999885	2.90978700	0.96987830
189.91999885	2.90978700	0.96987830
189.99999885	2.90978700	0.79470200
190.07999884	2.90978700	0.79470200
190.15999884	2.90978700	8.51832700
190.23999884	2.90978700	8.16736300
190.31999884	2.90978700	5.18326400
190.39999884	2.90978700	6.41193900
190.47999884	2.90978700	5.88519000
190.55999884	2.95419200	5.88519000
190.63999884	2.90978700	5.88519000
190.71999884	2.95419200	5.88519000
190.79999884	2.90978700	5.88519000
190.87999884	2.90978700	5.88519000
190.95999884	2.95419200	5.88519000
191.03999884	2.95419200	5.71001300
191.11999884	2.95419200	5.53422600
191.19999884	2.95419200	5.88519000
191.27999884	2.95419200	5.88519000
191.35999884	2.95419200	5.88519000
191.43999884	2.95419200	5.71001300
191.51999884	2.95419200	5.71001300
191.59999884	2.95419200	6.58711500
191.67999884	2.95419200	4.83230100
191.75999883	2.99859600	5.53422600
191.83999883	2.99859600	5.00747700
191.91999883	2.99859600	4.12976500
191.99999883	2.99859600	4.30555200
192.07999883	2.99859600	4.12976500
192.15999883	2.99859600	4.12976500
192.23999883	2.99859600	4.12976500
192.31999883	2.99859600	3.95458800
192.39999883	2.99859600	4.12976500
192.47999883	2.99859600	4.12976500
192.55999883	3.04284800	3.95458800
192.63999883	2.99859600	4.12976500
192.71999883	2.99859600	3.95458800
192.79999883	3.04284800	3.95458800
192.87999883	2.99859600	3.95458800
192.95999883	3.04284800	3.95458800
193.03999883	3.04284800	3.95458800
193.11999883	3.04284800	3.95458800
193.19999883	3.04284800	3.77880200
193.27999883	3.04284800	3.77880200
193.35999882	3.04284800	3.77880200
193.43999882	3.08725200	3.77880200
193.51999882	3.04284800	3.77880200
193.59999882	3.08725200	3.77880200
193.67999882	3.08725200	3.77880200
193.75999882	3.08725200	3.77880200
193.83999882	3.08725200	3.77880200
193.91999882	3.04284800	3.77880200
193.99999882	3.08725200	3.77880200
194.07999882	3.08725200	3.60301500
194.15999882	3.08725200	3.60301500
194.23999882	3.08725200	3.60301500
194.31999882	3.08725200	3.60301500
194.39999882	3.08725200	3.60301500
194.47999882	3.08725200	3.60301500
194.55999882	3.08725200	3.60301500
194.63999882	3.08725200	3.60301500
194.71999882	3.08725200	3.60301500
194.79999882	3.08725200	3.42783900
194.87999882	3.08725200	3.42783900
194.95999882	3.08725200	3.42783900
195.03999881	3.08725200	3.42783900
195.11999881	3.08725200	3.42783900
195.19999881	3.08725200	3.42783900
195.27999881	3.13150400	3.42783900
195.35999881	3.08725200	3.42783900
195.43999881	3.08725200	3.42783900
195.51999881	3.08725200	3.42783900
195.59999881	3.08725200	3.42783900
195.67999881	3.08725200	3.42783900
195.75999881	3.08725200	3.42783900
195.83999881	3.08725200	3.42783900
195.91999881	3.08725200	3.42783900
195.99999881	3.13150400	3.42783900
196.07999881	3.13150400	3.42783900
196.15999881	3.08725200	3.42783900
196.23999881	3.08725200	3.42783900
196.31999881	3.08725200	3.42783900
196.39999881	3.13150400	3.42783900
196.47999881	3.08725200	3.25205200
196.55999881	3.13150400	3.25205200
196.63999880	3.13150400	3.25205200
196.71999880	3.13150400	3.42783900
196.79999880	3.08725200	3.25205200
196.87999880	3.08725200	3.07687600
196.95999880	3.08725200	3.25205200
197.03999880	3.08725200	3.25205200
197.11999880	3.08725200	3.25205200
197.19999880	3.08725200	3.07687600
197.27999880	3.08725200	3.07687600
197.35999880	3.08725200	3.07687600
197.43999880	3.08725200	3.07687600
197.51999880	3.08725200	3.25205200
197.59999880	3.08725200	3.07687600
197.67999880	3.08725200	3.07687600
197.75999880	3.08725200	3.07687600
197.83999880	3.08725200	3.07687600
197.91999880	3.08725200	3.07687600
197.99999880	3.08725200	3.07687600
198.07999880	3.08725200	3.07687600
198.15999880	3.08725200	3.07687600
198.23999880	3.08725200	3.07687600
198.31999879	3.08725200	3.07687600
198.39999879	3.08725200	3.07687600
198.47999879	3.08725200	3.07687600
198.55999879	3.08725200	3.07687600
198.63999879	3.04284800	3.07687600
198.71999879	3.04284800	3.07687600
198.79999879	3.04284800	2.90108900
198.87999879	3.04284800	2.90108900
198.95999879	3.04284800	3.07687600
199.03999879	3.04284800	2.90108900
199.11999879	3.04284800	2.90108900
199.19999879	2.99859600	2.90108900
199.27999879	2.99859600	2.90108900
199.35999879	2.99859600	2.90108900
199.43999879	3.04284800	2.90108900
199.51999879	2.99859600	2.90108900
199.59999879	2.99859600	2.90108900
199.67999879	2.99859600	2.90108900
199.75999879	2.99859600	2.90108900
199.83999879	2.99859600	2.90108900
199.91999878	2.99859600	2.90108900
199.99999878	2.99859600	2.72530300
200.07999878	2.99859600	2.72530300
200.15999878	2.99859600	2.72530300
200.23999878	2.99859600	2.72530300
