Time	Channel A	Channel B
(us)	(V)	(V)

0.00000000	3.08725200	1.14566500
0.08000000	3.08725200	1.14566500
0.16000000	3.08725200	1.14566500
0.24000000	3.08725200	1.14566500
0.32000000	3.08725200	1.14566500
0.40000000	3.08725200	1.14566500
0.48000000	3.08725200	1.14566500
0.56000000	3.08725200	1.14566500
0.64000000	3.08725200	1.14566500
0.72000000	3.08725200	1.14566500
0.80000000	3.08725200	1.14566500
0.87999999	3.04284800	1.14566500
0.95999999	3.08725200	1.14566500
1.03999999	3.04284800	1.14566500
1.11999999	3.08725200	1.14566500
1.19999999	3.04284800	1.14566500
1.27999999	3.04284800	1.14566500
1.35999999	3.04284800	1.14566500
1.43999999	3.04284800	1.14566500
1.51999999	2.99859600	1.14566500
1.59999999	3.04284800	1.14566500
1.67999999	3.04284800	1.32145100
1.75999999	2.99859600	1.14566500
1.83999999	2.99859600	1.14566500
1.91999999	2.99859600	1.14566500
1.99999999	2.99859600	1.14566500
2.07999999	2.99859600	1.32145100
2.15999999	2.99859600	1.14566500
2.23999999	2.99859600	1.14566500
2.31999999	2.99859600	1.14566500
2.39999999	2.99859600	1.14566500
2.47999998	2.99859600	1.14566500
2.55999998	2.99859600	1.32145100
2.63999998	2.95419200	1.14566500
2.71999998	2.99859600	1.14566500
2.79999998	2.99859600	1.14566500
2.87999998	2.95419200	1.32145100
2.95999998	2.95419200	1.14566500
3.03999998	2.95419200	1.14566500
3.11999998	2.95419200	1.14566500
3.19999998	2.95419200	1.32145100
3.27999998	2.95419200	1.14566500
3.35999998	2.95419200	1.32145100
3.43999998	2.95419200	1.32145100
3.51999998	2.95419200	1.14566500
3.59999998	2.95419200	1.32145100
3.67999998	2.95419200	1.14566500
3.75999998	2.95419200	1.14566500
3.83999998	2.95419200	1.14566500
3.91999998	2.95419200	1.14566500
3.99999998	2.95419200	1.14566500
4.07999998	2.95419200	1.14566500
4.15999997	2.90978700	1.14566500
4.23999997	2.95419200	1.14566500
4.31999997	2.95419200	1.14566500
4.39999997	2.95419200	1.32145100
4.47999997	2.95419200	1.14566500
4.55999997	2.95419200	1.32145100
4.63999997	2.95419200	1.14566500
4.71999997	2.95419200	1.14566500
4.79999997	2.95419200	1.32145100
4.87999997	2.95419200	1.32145100
4.95999997	2.95419200	1.14566500
5.03999997	2.95419200	1.32145100
5.11999997	2.95419200	1.32145100
5.19999997	2.95419200	1.14566500
5.27999997	2.95419200	1.14566500
5.35999997	2.90978700	1.32145100
5.43999997	2.95419200	1.14566500
5.51999997	2.95419200	1.32145100
5.59999997	2.90978700	1.32145100
5.67999997	2.95419200	1.32145100
5.75999996	2.95419200	1.14566500
5.83999996	2.95419200	1.32145100
5.91999996	2.95419200	1.14566500
5.99999996	2.95419200	1.32145100
6.07999996	2.90978700	1.32145100
6.15999996	2.95419200	1.32145100
6.23999996	2.95419200	1.32145100
6.31999996	2.95419200	1.14566500
6.39999996	2.95419200	1.32145100
6.47999996	2.95419200	1.32145100
6.55999996	2.95419200	1.32145100
6.63999996	2.95419200	1.14566500
6.71999996	2.90978700	1.32145100
6.79999996	2.95419200	1.32145100
6.87999996	2.95419200	1.14566500
6.95999996	2.90978700	1.14566500
7.03999996	2.95419200	1.32145100
7.11999996	2.95419200	1.14566500
7.19999996	2.95419200	1.14566500
7.27999996	2.95419200	1.14566500
7.35999996	2.95419200	1.32145100
7.43999995	2.90978700	1.14566500
7.51999995	2.90978700	1.32145100
7.59999995	2.90978700	1.32145100
7.67999995	2.90978700	1.32145100
7.75999995	2.90978700	1.14566500
7.83999995	2.90978700	1.14566500
7.91999995	2.90978700	1.14566500
7.99999995	2.90978700	1.14566500
8.07999995	2.95419200	1.14566500
8.15999995	2.90978700	1.14566500
8.23999995	2.95419200	1.14566500
8.31999995	2.95419200	1.14566500
8.39999995	2.95419200	1.14566500
8.47999995	2.95419200	1.14566500
8.55999995	2.95419200	1.14566500
8.63999995	2.95419200	1.14566500
8.71999995	2.90978700	1.14566500
8.79999995	2.95419200	1.14566500
8.87999995	2.95419200	1.14566500
8.95999995	2.95419200	1.14566500
9.03999995	2.90978700	1.14566500
9.11999994	2.90978700	1.14566500
9.19999994	2.95419200	1.14566500
9.27999994	2.95419200	1.14566500
9.35999994	2.95419200	1.14566500
9.43999994	2.90978700	1.14566500
9.51999994	2.90978700	1.14566500
9.59999994	2.90978700	1.14566500
9.67999994	2.95419200	1.14566500
9.75999994	2.95419200	1.14566500
9.83999994	2.95419200	1.14566500
9.91999994	2.95419200	1.14566500
9.99999994	2.95419200	1.14566500
10.07999994	2.95419200	1.14566500
10.15999994	2.95419200	1.14566500
10.23999994	2.95419200	1.14566500
10.31999994	2.95419200	1.14566500
10.39999994	2.95419200	1.14566500
10.47999994	2.95419200	1.14566500
10.55999994	2.95419200	1.14566500
10.63999994	2.95419200	1.14566500
10.71999993	2.90978700	1.14566500
10.79999993	2.95419200	1.14566500
10.87999993	2.90978700	1.14566500
10.95999993	2.95419200	1.14566500
11.03999993	2.95419200	1.14566500
11.11999993	2.90978700	1.14566500
11.19999993	2.90978700	0.96987830
11.27999993	2.90978700	0.96987830
11.35999993	2.90978700	0.96987830
11.43999993	2.90978700	1.14566500
11.51999993	2.90978700	0.96987830
11.59999993	2.90978700	0.96987830
11.67999993	2.95419200	1.14566500
11.75999993	2.90978700	0.96987830
11.83999993	2.95419200	0.96987830
11.91999993	2.90978700	0.96987830
11.99999993	2.90978700	0.96987830
12.07999993	2.95419200	0.96987830
12.15999993	2.90978700	0.96987830
12.23999993	2.90978700	0.96987830
12.31999993	2.95419200	0.96987830
12.39999992	2.95419200	0.96987830
12.47999992	2.95419200	0.96987830
12.55999992	2.90978700	0.96987830
12.63999992	2.90978700	0.96987830
12.71999992	2.95419200	1.14566500
12.79999992	2.90978700	0.96987830
12.87999992	2.90978700	0.96987830
12.95999992	2.90978700	0.96987830
13.03999992	2.95419200	0.96987830
13.11999992	2.90978700	0.96987830
13.19999992	2.90978700	0.96987830
13.27999992	2.95419200	0.96987830
13.35999992	2.90978700	0.96987830
13.43999992	2.90978700	0.96987830
13.51999992	2.95419200	0.96987830
13.59999992	2.95419200	0.96987830
13.67999992	2.95419200	0.96987830
13.75999992	2.95419200	0.96987830
13.83999992	2.95419200	0.96987830
13.91999992	2.95419200	0.79470200
13.99999991	2.95419200	0.79470200
14.07999991	2.95419200	0.79470200
14.15999991	2.95419200	0.79470200
14.23999991	2.95419200	0.79470200
14.31999991	2.95419200	0.79470200
14.39999991	2.95419200	0.79470200
14.47999991	2.95419200	0.79470200
14.55999991	2.95419200	0.96987830
14.63999991	2.95419200	0.79470200
14.71999991	2.95419200	0.79470200
14.79999991	2.95419200	0.79470200
14.87999991	2.95419200	0.79470200
14.95999991	2.95419200	0.79470200
15.03999991	2.95419200	0.79470200
15.11999991	2.95419200	0.79470200
15.19999991	2.95419200	0.79470200
15.27999991	2.95419200	0.79470200
15.35999991	2.95419200	0.61891540
15.43999991	2.95419200	0.79470200
15.51999991	2.95419200	0.61891540
15.59999991	2.95419200	0.79470200
15.67999990	2.95419200	0.79470200
15.75999990	2.95419200	0.61891540
15.83999990	2.95419200	0.79470200
15.91999990	2.95419200	0.61891540
15.99999990	2.95419200	0.61891540
16.07999990	2.95419200	0.61891540
16.15999990	2.95419200	0.61891540
16.23999990	2.95419200	0.61891540
16.31999990	2.95419200	0.61891540
16.39999990	2.95419200	4.48072800
16.47999990	2.95419200	6.06097600
16.55999990	2.95419200	5.88519000
16.63999990	2.95419200	5.53422600
16.71999990	2.95419200	5.71001300
16.79999990	2.95419200	5.53422600
16.87999990	2.95419200	5.35844000
16.95999990	2.99859600	3.95458800
17.03999990	2.99859600	4.30555200
17.11999990	2.99859600	3.95458800
17.19999990	2.95419200	4.12976500
17.27999989	2.99859600	3.95458800
17.35999989	2.99859600	3.95458800
17.43999989	2.99859600	3.95458800
17.51999989	2.99859600	3.95458800
17.59999989	2.99859600	3.95458800
17.67999989	2.99859600	3.95458800
17.75999989	2.99859600	3.95458800
17.83999989	2.99859600	3.95458800
17.91999989	2.99859600	3.95458800
17.99999989	3.04284800	3.77880200
18.07999989	3.04284800	3.77880200
18.15999989	2.99859600	3.77880200
18.23999989	3.04284800	3.77880200
18.31999989	3.04284800	3.77880200
18.39999989	3.04284800	3.77880200
18.47999989	3.04284800	3.77880200
18.55999989	3.08725200	3.77880200
18.63999989	3.08725200	3.77880200
18.71999989	3.04284800	3.60301500
18.79999989	3.08725200	3.60301500
18.87999989	3.08725200	3.60301500
18.95999988	3.08725200	3.60301500
19.03999988	3.08725200	3.60301500
19.11999988	3.08725200	3.60301500
19.19999988	3.08725200	3.42783900
19.27999988	3.08725200	3.60301500
19.35999988	3.08725200	3.60301500
19.43999988	3.08725200	3.42783900
19.51999988	3.08725200	3.42783900
19.59999988	3.08725200	3.42783900
19.67999988	3.08725200	3.42783900
19.75999988	3.08725200	3.42783900
19.83999988	3.08725200	3.42783900
19.91999988	3.13150400	3.42783900
19.99999988	3.08725200	3.42783900
20.07999988	3.13150400	3.42783900
20.15999988	3.13150400	3.42783900
20.23999988	3.13150400	3.42783900
20.31999988	3.08725200	3.42783900
20.39999988	3.13150400	3.42783900
20.47999988	3.08725200	3.25205200
20.55999988	3.13150400	3.42783900
20.63999987	3.13150400	3.25205200
20.71999987	3.08725200	3.25205200
20.79999987	3.13150400	3.25205200
20.87999987	3.13150400	3.25205200
20.95999987	3.13150400	3.25205200
21.03999987	3.13150400	3.25205200
21.11999987	3.13150400	3.25205200
21.19999987	3.13150400	3.25205200
21.27999987	3.13150400	3.25205200
21.35999987	3.13150400	3.07687600
21.43999987	3.13150400	3.25205200
21.51999987	3.13150400	3.25205200
21.59999987	3.13150400	3.25205200
21.67999987	3.13150400	3.07687600
21.75999987	3.13150400	3.07687600
21.83999987	3.13150400	3.07687600
21.91999987	3.13150400	3.07687600
21.99999987	3.13150400	3.07687600
22.07999987	3.13150400	3.07687600
22.15999987	3.13150400	3.07687600
22.23999986	3.13150400	3.07687600
22.31999986	3.13150400	3.07687600
22.39999986	3.13150400	3.07687600
22.47999986	3.13150400	3.07687600
22.55999986	3.08725200	3.07687600
22.63999986	3.13150400	3.07687600
22.71999986	3.08725200	2.90108900
22.79999986	3.08725200	2.90108900
22.87999986	3.08725200	2.90108900
22.95999986	3.08725200	2.90108900
23.03999986	3.08725200	3.07687600
23.11999986	3.08725200	2.90108900
23.19999986	3.08725200	2.90108900
23.27999986	3.08725200	2.90108900
23.35999986	3.08725200	2.90108900
23.43999986	3.08725200	2.90108900
23.51999986	3.08725200	2.72530300
23.59999986	3.08725200	2.90108900
23.67999986	3.08725200	2.72530300
23.75999986	3.08725200	2.72530300
23.83999986	3.08725200	2.72530300
23.91999985	3.08725200	2.72530300
23.99999985	3.08725200	2.72530300
24.07999985	3.04284800	2.72530300
24.15999985	3.04284800	2.72530300
24.23999985	3.08725200	2.72530300
24.31999985	3.08725200	2.72530300
24.39999985	3.04284800	2.72530300
24.47999985	2.99859600	2.72530300
24.55999985	3.04284800	2.55012700
24.63999985	2.99859600	2.55012700
24.71999985	3.04284800	2.55012700
24.79999985	3.04284800	2.55012700
24.87999985	2.99859600	2.55012700
24.95999985	2.99859600	2.55012700
25.03999985	2.99859600	2.55012700
25.11999985	2.99859600	2.55012700
25.19999985	2.99859600	2.55012700
25.27999985	2.99859600	2.55012700
25.35999985	2.99859600	2.55012700
25.43999985	2.99859600	2.37434000
25.51999984	2.99859600	2.37434000
25.59999984	2.95419200	2.37434000
25.67999984	2.95419200	2.37434000
25.75999984	2.95419200	2.37434000
25.83999984	2.95419200	2.37434000
25.91999984	2.95419200	2.37434000
25.99999984	2.95419200	2.37434000
26.07999984	2.95419200	2.37434000
26.15999984	2.95419200	2.37434000
26.23999984	2.95419200	2.37434000
26.31999984	2.95419200	2.37434000
26.39999984	2.95419200	2.37434000
26.47999984	2.95419200	2.37434000
26.55999984	2.95419200	2.37434000
26.63999984	2.95419200	2.37434000
26.71999984	2.95419200	2.37434000
26.79999984	2.95419200	2.37434000
26.87999984	2.95419200	2.37434000
26.95999984	2.95419200	2.37434000
27.03999984	2.95419200	2.37434000
27.11999984	2.95419200	2.37434000
27.19999983	2.95419200	2.37434000
27.27999983	2.95419200	2.37434000
27.35999983	2.95419200	2.37434000
27.43999983	2.95419200	2.37434000
27.51999983	2.95419200	2.37434000
27.59999983	2.95419200	2.37434000
27.67999983	2.95419200	2.37434000
27.75999983	2.95419200	2.37434000
27.83999983	2.95419200	2.37434000
27.91999983	2.95419200	2.37434000
27.99999983	2.95419200	2.37434000
28.07999983	2.95419200	2.37434000
28.15999983	2.95419200	2.37434000
28.23999983	2.95419200	2.37434000
28.31999983	2.90978700	2.37434000
28.39999983	2.95419200	2.55012700
28.47999983	2.95419200	2.37434000
28.55999983	2.95419200	2.55012700
28.63999983	2.90978700	2.37434000
28.71999983	2.95419200	2.37434000
28.79999982	2.95419200	2.55012700
28.87999982	2.95419200	2.37434000
28.95999982	2.95419200	2.55012700
29.03999982	2.95419200	2.55012700
29.11999982	2.95419200	2.55012700
29.19999982	2.95419200	2.55012700
29.27999982	2.95419200	2.55012700
29.35999982	2.95419200	2.55012700
29.43999982	2.95419200	2.72530300
29.51999982	2.95419200	2.72530300
29.59999982	2.95419200	2.72530300
29.67999982	2.95419200	2.72530300
29.75999982	2.95419200	2.72530300
29.83999982	2.95419200	2.72530300
29.91999982	2.95419200	2.72530300
29.99999982	2.95419200	2.72530300
30.07999982	2.95419200	2.72530300
30.15999982	2.95419200	2.90108900
30.23999982	2.95419200	2.90108900
30.31999982	2.95419200	2.90108900
30.39999982	2.95419200	2.90108900
30.47999981	2.95419200	2.90108900
30.55999981	2.95419200	3.07687600
30.63999981	2.95419200	3.07687600
30.71999981	2.95419200	3.07687600
30.79999981	2.95419200	3.07687600
30.87999981	2.95419200	3.07687600
30.95999981	2.95419200	3.07687600
31.03999981	2.95419200	3.07687600
31.11999981	2.95419200	3.07687600
31.19999981	2.95419200	3.25205200
31.27999981	2.95419200	3.25205200
31.35999981	2.95419200	3.07687600
31.43999981	2.95419200	3.25205200
31.51999981	2.95419200	3.42783900
31.59999981	2.95419200	3.25205200
31.67999981	2.90978700	3.25205200
31.75999981	2.95419200	3.25205200
31.83999981	2.95419200	3.25205200
31.91999981	2.95419200	3.42783900
31.99999981	2.95419200	3.42783900
32.07999981	2.95419200	3.42783900
32.15999980	2.95419200	3.42783900
32.23999980	2.95419200	3.42783900
32.31999980	2.95419200	3.42783900
32.39999980	2.95419200	3.42783900
32.47999980	2.95419200	3.42783900
32.55999980	2.95419200	3.42783900
32.63999980	2.95419200	3.42783900
32.71999980	2.95419200	3.42783900
32.79999980	2.95419200	3.42783900
32.87999980	2.95419200	3.42783900
32.95999980	2.95419200	3.42783900
33.03999980	2.95419200	3.42783900
33.11999980	2.95419200	3.42783900
33.19999980	2.95419200	3.42783900
33.27999980	2.95419200	3.42783900
33.35999980	2.95419200	3.60301500
33.43999980	2.95419200	3.60301500
33.51999980	2.95419200	3.60301500
33.59999980	2.95419200	3.60301500
33.67999980	2.95419200	3.60301500
33.75999979	2.95419200	3.60301500
33.83999979	2.95419200	3.77880200
33.91999979	2.95419200	3.77880200
33.99999979	2.95419200	3.60301500
34.07999979	2.95419200	3.60301500
34.15999979	2.95419200	3.60301500
34.23999979	2.95419200	3.77880200
34.31999979	2.95419200	3.77880200
34.39999979	2.95419200	3.77880200
34.47999979	2.95419200	3.77880200
34.55999979	2.95419200	3.77880200
34.63999979	2.95419200	3.77880200
34.71999979	2.95419200	3.77880200
34.79999979	2.95419200	3.95458800
34.87999979	2.95419200	3.77880200
34.95999979	2.95419200	3.95458800
35.03999979	2.95419200	3.77880200
35.11999979	2.95419200	3.95458800
35.19999979	2.95419200	3.95458800
35.27999979	2.95419200	3.95458800
35.35999979	2.95419200	3.95458800
35.43999978	2.95419200	3.95458800
35.51999978	2.95419200	4.12976500
35.59999978	2.95419200	3.95458800
35.67999978	2.95419200	3.95458800
35.75999978	2.95419200	3.95458800
35.83999978	2.95419200	3.95458800
35.91999978	2.95419200	4.12976500
35.99999978	2.95419200	4.12976500
36.07999978	2.95419200	4.12976500
36.15999978	2.95419200	4.12976500
36.23999978	2.95419200	4.12976500
36.31999978	2.99859600	4.12976500
36.39999978	2.95419200	4.12976500
36.47999978	2.95419200	4.12976500
36.55999978	2.95419200	4.12976500
36.63999978	2.95419200	7.46482800
36.71999978	2.99859600	3.60301500
36.79999978	2.99859600	5.00747700
36.87999978	2.99859600	4.30555200
36.95999978	2.99859600	4.12976500
37.03999977	2.99859600	2.19916400
37.11999977	2.99859600	0.26795250
37.19999977	2.99859600	0.44373910
37.27999977	2.99859600	0.26795250
37.35999977	3.04284800	0.26795250
37.43999977	3.04284800	-0.60914950
37.51999977	3.04284800	-0.60914950
37.59999977	3.04284800	-0.60914950
37.67999977	3.08725200	-0.43336280
37.75999977	3.08725200	-0.43336280
37.83999977	3.08725200	-0.43336280
37.91999977	3.08725200	-0.25818660
37.99999977	3.08725200	-0.25818660
38.07999977	3.08725200	0.61891540
38.15999977	3.08725200	0.79470200
38.23999977	3.08725200	0.79470200
38.31999977	3.13150400	0.61891540
38.39999977	3.08725200	0.79470200
38.47999977	3.13150400	0.61891540
38.55999977	3.13150400	0.79470200
38.63999977	3.13150400	0.79470200
38.71999976	3.13150400	0.79470200
38.79999976	3.13150400	0.79470200
38.87999976	3.17590900	0.79470200
38.95999976	3.13150400	0.79470200
39.03999976	3.13150400	0.79470200
39.11999976	3.13150400	0.96987830
39.19999976	3.13150400	0.79470200
39.27999976	3.17590900	0.79470200
39.35999976	3.17590900	0.96987830
39.43999976	3.17590900	0.79470200
39.51999976	3.17590900	0.96987830
39.59999976	3.17590900	0.79470200
39.67999976	3.17590900	0.96987830
39.75999976	3.17590900	0.96987830
39.83999976	3.17590900	0.96987830
39.91999976	3.17590900	0.96987830
39.99999976	3.17590900	0.96987830
40.07999976	3.17590900	0.96987830
40.15999976	3.17590900	0.96987830
40.23999976	3.17590900	0.96987830
40.31999975	3.17590900	0.96987830
40.39999975	3.17590900	0.96987830
40.47999975	3.22016000	0.96987830
40.55999975	3.22016000	0.96987830
40.63999975	3.22016000	0.96987830
40.71999975	3.22016000	1.14566500
40.79999975	3.22016000	1.14566500
40.87999975	3.22016000	1.14566500
40.95999975	3.22016000	1.14566500
41.03999975	3.22016000	1.14566500
41.11999975	3.26456500	1.14566500
41.19999975	3.22016000	1.14566500
41.27999975	3.26456500	1.14566500
41.35999975	3.22016000	1.14566500
41.43999975	3.22016000	1.14566500
41.51999975	3.22016000	1.14566500
41.59999975	3.22016000	1.14566500
41.67999975	3.26456500	1.14566500
41.75999975	3.22016000	1.14566500
41.83999975	3.22016000	1.14566500
41.91999975	3.26456500	1.14566500
41.99999974	3.22016000	1.32145100
42.07999974	3.22016000	1.14566500
42.15999974	3.26456500	1.14566500
42.23999974	3.26456500	1.14566500
42.31999974	3.22016000	1.14566500
42.39999974	3.26456500	1.14566500
42.47999974	3.22016000	1.14566500
42.55999974	3.22016000	1.32145100
42.63999974	3.26456500	1.32145100
42.71999974	3.26456500	1.32145100
42.79999974	3.22016000	1.14566500
42.87999974	3.26456500	1.14566500
42.95999974	3.22016000	1.32145100
43.03999974	3.26456500	1.32145100
43.11999974	3.22016000	1.32145100
43.19999974	3.22016000	1.14566500
43.27999974	3.22016000	1.32145100
43.35999974	3.22016000	1.32145100
43.43999974	3.22016000	1.32145100
43.51999974	3.22016000	1.32145100
43.59999974	3.22016000	1.32145100
43.67999973	3.22016000	1.32145100
43.75999973	3.22016000	1.32145100
43.83999973	3.22016000	1.32145100
43.91999973	3.22016000	1.32145100
43.99999973	3.17590900	1.32145100
44.07999973	3.17590900	1.32145100
44.15999973	3.17590900	1.32145100
44.23999973	3.17590900	1.32145100
44.31999973	3.17590900	1.32145100
44.39999973	3.17590900	1.32145100
44.47999973	3.17590900	1.32145100
44.55999973	3.17590900	1.32145100
44.63999973	3.17590900	1.32145100
44.71999973	3.17590900	1.32145100
44.79999973	3.17590900	1.32145100
44.87999973	3.17590900	1.32145100
44.95999973	3.17590900	1.32145100
45.03999973	3.17590900	1.32145100
45.11999973	3.17590900	1.32145100
45.19999973	3.13150400	1.32145100
45.27999972	3.13150400	1.32145100
45.35999972	3.13150400	1.32145100
45.43999972	3.13150400	1.32145100
45.51999972	3.13150400	1.32145100
45.59999972	3.13150400	1.32145100
45.67999972	3.13150400	1.32145100
45.75999972	3.08725200	1.32145100
45.83999972	3.08725200	1.32145100
45.91999972	3.08725200	1.32145100
45.99999972	3.08725200	1.32145100
46.07999972	3.08725200	1.32145100
46.15999972	3.13150400	1.32145100
46.23999972	3.08725200	1.32145100
46.31999972	3.08725200	1.32145100
46.39999972	3.08725200	1.32145100
46.47999972	3.08725200	1.32145100
46.55999972	3.04284800	1.32145100
46.63999972	3.08725200	1.32145100
46.71999972	3.04284800	1.32145100
46.79999972	3.04284800	1.32145100
46.87999972	3.04284800	1.32145100
46.95999971	3.04284800	1.32145100
47.03999971	2.99859600	1.32145100
47.11999971	2.99859600	1.32145100
47.19999971	2.99859600	1.32145100
47.27999971	2.99859600	1.32145100
47.35999971	2.99859600	1.32145100
47.43999971	2.99859600	1.32145100
47.51999971	2.99859600	1.32145100
47.59999971	2.99859600	1.32145100
47.67999971	2.99859600	1.32145100
47.75999971	2.99859600	1.32145100
47.83999971	2.99859600	1.32145100
47.91999971	2.99859600	1.32145100
47.99999971	2.95419200	1.32145100
48.07999971	2.99859600	1.32145100
48.15999971	2.95419200	1.32145100
48.23999971	2.99859600	1.32145100
48.31999971	2.95419200	1.32145100
48.39999971	2.95419200	1.32145100
48.47999971	2.95419200	1.32145100
48.55999970	2.95419200	1.32145100
48.63999970	2.95419200	1.32145100
48.71999970	2.95419200	1.32145100
48.79999970	2.95419200	1.32145100
48.87999970	2.95419200	1.32145100
48.95999970	2.95419200	1.32145100
49.03999970	2.99859600	1.32145100
49.11999970	2.95419200	1.32145100
49.19999970	2.95419200	1.32145100
49.27999970	2.95419200	1.32145100
49.35999970	2.95419200	1.32145100
49.43999970	2.95419200	1.32145100
49.51999970	2.95419200	1.32145100
49.59999970	2.99859600	1.32145100
49.67999970	2.99859600	1.32145100
49.75999970	2.99859600	1.32145100
49.83999970	2.99859600	1.32145100
49.91999970	2.99859600	1.32145100
49.99999970	2.95419200	1.32145100
50.07999970	2.99859600	1.32145100
50.15999970	2.95419200	1.32145100
50.23999969	2.95419200	1.32145100
50.31999969	2.95419200	1.32145100
50.39999969	2.95419200	1.32145100
50.47999969	2.95419200	1.32145100
50.55999969	2.95419200	1.32145100
50.63999969	2.95419200	1.32145100
50.71999969	2.95419200	1.32145100
50.79999969	2.95419200	1.32145100
50.87999969	2.95419200	1.32145100
50.95999969	2.95419200	1.32145100
51.03999969	2.95419200	1.32145100
51.11999969	2.95419200	1.32145100
51.19999969	2.95419200	1.32145100
51.27999969	2.95419200	1.32145100
51.35999969	2.95419200	1.32145100
51.43999969	2.95419200	1.32145100
51.51999969	2.95419200	1.32145100
51.59999969	2.95419200	1.32145100
51.67999969	2.95419200	1.32145100
51.75999969	2.95419200	1.32145100
51.83999968	2.95419200	1.32145100
51.91999968	2.95419200	1.32145100
51.99999968	2.95419200	1.14566500
52.07999968	2.95419200	1.32145100
52.15999968	2.95419200	1.32145100
52.23999968	2.95419200	1.14566500
52.31999968	2.95419200	1.14566500
52.39999968	2.95419200	1.32145100
52.47999968	2.95419200	1.32145100
52.55999968	2.95419200	1.14566500
52.63999968	2.95419200	1.14566500
52.71999968	2.95419200	1.32145100
52.79999968	2.95419200	1.32145100
52.87999968	2.95419200	1.14566500
52.95999968	2.95419200	1.14566500
53.03999968	2.95419200	1.14566500
53.11999968	2.95419200	1.14566500
53.19999968	2.95419200	1.14566500
53.27999968	2.95419200	1.14566500
53.35999968	2.95419200	1.14566500
53.43999968	2.95419200	1.14566500
53.51999967	2.95419200	1.14566500
53.59999967	2.95419200	1.14566500
53.67999967	2.95419200	1.14566500
53.75999967	2.95419200	1.14566500
53.83999967	2.99859600	1.14566500
53.91999967	2.99859600	1.14566500
53.99999967	2.99859600	1.14566500
54.07999967	2.99859600	1.14566500
54.15999967	2.99859600	1.14566500
54.23999967	2.99859600	1.14566500
54.31999967	2.99859600	1.14566500
54.39999967	2.95419200	1.14566500
54.47999967	2.99859600	1.14566500
54.55999967	2.99859600	1.14566500
54.63999967	2.95419200	1.14566500
54.71999967	2.99859600	1.14566500
54.79999967	2.99859600	1.14566500
54.87999967	2.99859600	1.14566500
54.95999967	2.99859600	0.96987830
55.03999967	2.95419200	0.96987830
55.11999967	2.95419200	1.14566500
55.19999966	2.99859600	1.14566500
55.27999966	2.95419200	1.14566500
55.35999966	2.99859600	1.14566500
55.43999966	2.95419200	0.96987830
55.51999966	2.99859600	0.96987830
55.59999966	2.99859600	0.96987830
55.67999966	2.99859600	0.96987830
55.75999966	2.99859600	0.96987830
55.83999966	2.99859600	0.96987830
55.91999966	2.99859600	0.96987830
55.99999966	2.99859600	0.96987830
56.07999966	2.99859600	0.96987830
56.15999966	2.99859600	0.96987830
56.23999966	2.95419200	0.96987830
56.31999966	2.99859600	0.96987830
56.39999966	2.99859600	0.96987830
56.47999966	2.99859600	0.96987830
56.55999966	2.99859600	0.96987830
56.63999966	2.99859600	0.96987830
56.71999966	2.99859600	0.96987830
56.79999965	2.99859600	0.79470200
56.87999965	2.99859600	0.96987830
56.95999965	2.99859600	0.96987830
57.03999965	2.99859600	0.79470200
57.11999965	2.99859600	0.96987830
57.19999965	2.99859600	0.96987830
57.27999965	2.99859600	0.79470200
57.35999965	2.99859600	0.79470200
57.43999965	2.99859600	0.79470200
57.51999965	2.99859600	0.79470200
57.59999965	2.99859600	0.79470200
57.67999965	2.99859600	0.79470200
57.75999965	2.99859600	0.79470200
57.83999965	2.99859600	0.79470200
57.91999965	2.99859600	0.79470200
57.99999965	2.99859600	0.79470200
58.07999965	2.99859600	0.79470200
58.15999965	2.99859600	0.61891540
58.23999965	2.99859600	0.79470200
58.31999965	2.99859600	0.61891540
58.39999965	2.99859600	0.79470200
58.47999964	2.99859600	0.61891540
58.55999964	2.99859600	0.79470200
58.63999964	2.99859600	0.79470200
58.71999964	2.99859600	0.61891540
58.79999964	2.99859600	0.61891540
58.87999964	2.99859600	0.61891540
58.95999964	3.04284800	0.61891540
59.03999964	3.04284800	0.61891540
59.11999964	3.04284800	0.61891540
59.19999964	3.04284800	0.61891540
59.27999964	3.04284800	0.61891540
59.35999964	3.04284800	0.61891540
59.43999964	3.04284800	0.61891540
59.51999964	3.04284800	0.44373910
59.59999964	3.04284800	-0.43336280
59.67999964	3.04284800	-0.43336280
59.75999964	3.04284800	-0.43336280
59.83999964	3.08725200	-0.60914950
59.91999964	3.08725200	-0.60914950
59.99999964	3.04284800	-0.60914950
60.07999963	3.04284800	-0.60914950
60.15999963	3.04284800	-0.60914950
60.23999963	3.04284800	-0.60914950
60.31999963	3.04284800	-0.60914950
60.39999963	3.08725200	-0.60914950
60.47999963	3.04284800	-0.60914950
60.55999963	3.04284800	-0.78432570
60.63999963	3.04284800	-0.78432570
60.71999963	3.04284800	-0.78432570
60.79999963	3.04284800	-0.78432570
60.87999963	3.04284800	-0.78432570
60.95999963	3.04284800	-0.78432570
61.03999963	3.04284800	-0.78432570
61.11999963	3.04284800	-0.78432570
61.19999963	3.04284800	-0.78432570
61.27999963	3.04284800	-0.78432570
61.35999963	3.04284800	-0.78432570
61.43999963	3.04284800	-0.78432570
61.51999963	3.04284800	-0.78432570
61.59999963	3.04284800	-0.78432570
61.67999963	3.04284800	-0.78432570
61.75999962	3.04284800	-0.78432570
61.83999962	3.04284800	-0.78432570
61.91999962	2.99859600	-0.78432570
61.99999962	3.04284800	-0.78432570
62.07999962	2.99859600	-0.78432570
62.15999962	3.04284800	-0.78432570
62.23999962	2.99859600	-0.78432570
62.31999962	2.99859600	-0.78432570
62.39999962	3.04284800	-0.78432570
62.47999962	2.99859600	-0.78432570
62.55999962	3.04284800	-0.78432570
62.63999962	3.04284800	-0.78432570
62.71999962	2.99859600	-0.78432570
62.79999962	2.99859600	-0.78432570
62.87999962	2.99859600	-0.60914950
62.95999962	3.04284800	-0.43336280
63.03999962	3.04284800	-0.43336280
63.11999962	3.04284800	0.09277627
63.19999962	3.04284800	0.26795250
63.27999962	3.04284800	2.02337700
63.35999961	3.04284800	2.02337700
63.43999961	3.04284800	4.12976500
63.51999961	3.04284800	1.14566500
63.59999961	3.04284800	0.09277627
63.67999961	3.04284800	-0.60914950
63.75999961	2.99859600	-0.78432570
63.83999961	3.04284800	-0.78432570
63.91999961	2.99859600	-0.60914950
63.99999961	3.04284800	-0.43336280
64.07999961	2.99859600	-0.08239998
64.15999961	2.99859600	2.02337700
64.23999961	2.99859600	3.60301500
64.31999961	2.99859600	4.48072800
64.39999961	2.99859600	4.12976500
64.47999961	3.04284800	4.12976500
64.55999961	2.99859600	3.77880200
64.63999961	2.99859600	3.77880200
64.71999961	2.99859600	3.95458800
64.79999961	2.99859600	-1.31107500
64.87999961	3.08725200	0.61891540
64.95999961	2.99859600	0.61891540
65.03999960	2.99859600	3.07687600
65.11999960	2.99859600	4.83230100
65.19999960	2.99859600	5.35844000
65.27999960	2.99859600	11.15146000
65.35999960	2.99859600	0.44373910
65.43999960	2.99859600	3.95458800
65.51999960	2.99859600	1.67241400
65.59999960	2.99859600	0.61891540
65.67999960	2.99859600	-0.78432570
65.75999960	2.99859600	-0.78432570
65.83999960	2.99859600	-0.96011230
65.91999960	2.95419200	-0.96011230
65.99999960	2.99859600	-0.96011230
66.07999960	2.95419200	-0.96011230
66.15999960	2.95419200	-1.13589900
66.23999960	2.95419200	-0.96011230
66.31999960	2.95419200	-0.96011230
66.39999960	2.95419200	-1.13589900
66.47999960	2.95419200	-0.96011230
66.55999960	2.95419200	-0.96011230
66.63999959	2.95419200	-1.13589900
66.71999959	2.95419200	-0.96011230
66.79999959	2.95419200	-0.96011230
66.87999959	2.95419200	-0.96011230
66.95999959	2.95419200	-0.96011230
67.03999959	2.95419200	-0.96011230
67.11999959	2.95419200	-0.96011230
67.19999959	2.95419200	-0.96011230
67.27999959	2.95419200	-0.96011230
67.35999959	2.95419200	-0.96011230
67.43999959	2.95419200	-0.96011230
67.51999959	2.95419200	-0.78432570
67.59999959	2.95419200	-0.78432570
67.67999959	2.95419200	-0.78432570
67.75999959	2.95419200	-0.60914950
67.83999959	2.95419200	-0.60914950
67.91999959	2.95419200	-0.43336280
67.99999959	2.95419200	-0.43336280
68.07999959	2.95419200	-0.25818660
68.15999959	2.95419200	-0.08239998
68.23999959	2.95419200	-0.08239998
68.31999958	2.95419200	-0.25818660
68.39999958	2.95419200	-0.43336280
68.47999958	2.95419200	-0.78432570
68.55999958	2.95419200	-0.78432570
68.63999958	2.95419200	-0.78432570
68.71999958	2.95419200	-0.96011230
68.79999958	2.95419200	-0.78432570
68.87999958	2.95419200	-0.96011230
68.95999958	2.95419200	-0.78432570
69.03999958	2.95419200	-0.78432570
69.11999958	2.95419200	-0.78432570
69.19999958	2.95419200	-0.60914950
69.27999958	2.95419200	-0.60914950
69.35999958	2.95419200	-0.60914950
69.43999958	2.95419200	0.09277627
69.51999958	2.95419200	0.26795250
69.59999958	2.95419200	0.96987830
69.67999958	2.95419200	0.61891540
69.75999958	2.95419200	0.09277627
69.83999958	2.95419200	-0.43336280
69.91999958	2.95419200	-0.60914950
69.99999957	2.95419200	-0.78432570
70.07999957	2.95419200	-0.60914950
70.15999957	2.95419200	-0.43336280
70.23999957	2.95419200	-0.08239998
70.31999957	2.95419200	1.14566500
70.39999957	2.95419200	2.02337700
70.47999957	2.95419200	2.55012700
70.55999957	2.95419200	3.07687600
70.63999957	2.95419200	4.12976500
70.71999957	2.95419200	3.77880200
70.79999957	2.95419200	3.77880200
70.87999957	2.95419200	3.77880200
70.95999957	2.95419200	3.95458800
71.03999957	2.95419200	3.95458800
71.11999957	2.95419200	3.95458800
71.19999957	2.95419200	3.77880200
71.27999957	2.95419200	1.32145100
71.35999957	2.95419200	0.44373910
71.43999957	2.95419200	0.79470200
71.51999957	2.95419200	3.95458800
71.59999956	2.95419200	4.83230100
71.67999956	2.95419200	5.53422600
71.75999956	2.95419200	12.38014000
71.83999956	2.95419200	1.14566500
71.91999956	2.95419200	4.65651400
71.99999956	2.95419200	3.07687600
72.07999956	2.95419200	3.42783900
72.15999956	2.95419200	2.72530300
72.23999956	2.95419200	2.37434000
72.31999956	2.95419200	2.55012700
72.39999956	2.95419200	2.90108900
72.47999956	2.95419200	3.25205200
72.55999956	2.95419200	3.60301500
72.63999956	2.95419200	3.77880200
72.71999956	2.95419200	3.95458800
72.79999956	2.95419200	3.95458800
72.87999956	2.95419200	3.95458800
72.95999956	2.95419200	3.95458800
73.03999956	2.95419200	3.95458800
73.11999956	2.95419200	3.95458800
73.19999956	2.95419200	3.95458800
73.27999955	2.95419200	3.95458800
73.35999955	2.95419200	3.95458800
73.43999955	2.95419200	4.12976500
73.51999955	2.95419200	4.12976500
73.59999955	2.95419200	3.95458800
73.67999955	2.95419200	4.12976500
73.75999955	2.95419200	4.12976500
73.83999955	2.95419200	3.95458800
73.91999955	2.95419200	4.12976500
73.99999955	2.95419200	4.12976500
74.07999955	2.95419200	4.12976500
74.15999955	2.95419200	3.95458800
74.23999955	2.95419200	3.77880200
74.31999955	2.95419200	4.12976500
74.39999955	2.95419200	3.95458800
74.47999955	2.95419200	4.12976500
74.55999955	2.95419200	4.12976500
74.63999955	2.99859600	-0.78432570
74.71999955	2.95419200	0.79470200
74.79999955	2.95419200	0.96987830
74.87999954	2.95419200	3.95458800
74.95999954	2.90978700	5.18326400
75.03999954	2.95419200	5.88519000
75.11999954	2.90978700	12.38014000
75.19999954	2.95419200	1.67241400
75.27999954	2.95419200	5.35844000
75.35999954	2.95419200	3.60301500
75.43999954	2.95419200	4.30555200
75.51999954	2.95419200	3.77880200
75.59999954	2.95419200	4.12976500
75.67999954	2.95419200	3.95458800
75.75999954	2.95419200	4.12976500
75.83999954	2.95419200	3.95458800
75.91999954	2.95419200	4.12976500
75.99999954	2.95419200	4.12976500
76.07999954	2.95419200	4.12976500
76.15999954	2.95419200	4.12976500
76.23999954	2.95419200	4.12976500
76.31999954	2.95419200	4.12976500
76.39999954	2.95419200	4.12976500
76.47999954	2.95419200	4.12976500
76.55999953	2.95419200	4.12976500
76.63999953	2.95419200	4.12976500
76.71999953	2.95419200	4.12976500
76.79999953	2.95419200	4.12976500
76.87999953	2.95419200	4.12976500
76.95999953	2.95419200	4.12976500
77.03999953	2.95419200	4.12976500
77.11999953	2.95419200	4.12976500
77.19999953	2.95419200	4.12976500
77.27999953	2.95419200	4.12976500
77.35999953	2.95419200	4.12976500
77.43999953	2.95419200	4.12976500
77.51999953	2.95419200	3.95458800
77.59999953	2.95419200	4.12976500
77.67999953	2.95419200	4.12976500
77.75999953	2.95419200	4.12976500
77.83999953	2.95419200	4.12976500
77.91999953	2.95419200	3.07687600
77.99999953	2.90978700	0.61891540
78.07999953	2.95419200	0.96987830
78.15999952	2.95419200	6.23615200
78.23999952	2.95419200	3.60301500
78.31999952	2.90978700	10.09796000
78.39999952	2.95419200	3.60301500
78.47999952	2.95419200	4.83230100
78.55999952	2.95419200	4.30555200
78.63999952	2.95419200	4.30555200
78.71999952	2.95419200	4.12976500
78.79999952	2.95419200	4.12976500
78.87999952	2.95419200	4.30555200
78.95999952	2.95419200	4.12976500
79.03999952	2.95419200	4.12976500
79.11999952	2.95419200	4.12976500
79.19999952	2.95419200	4.30555200
79.27999952	2.95419200	4.12976500
79.35999952	2.95419200	4.30555200
79.43999952	2.95419200	4.12976500
79.51999952	2.95419200	4.30555200
79.59999952	2.95419200	4.30555200
79.67999952	2.95419200	4.30555200
79.75999952	2.95419200	4.30555200
79.83999951	2.95419200	4.30555200
79.91999951	2.95419200	4.30555200
79.99999951	2.95419200	4.30555200
80.07999951	2.95419200	4.30555200
80.15999951	2.95419200	4.30555200
80.23999951	2.95419200	4.30555200
80.31999951	2.95419200	4.30555200
80.39999951	2.95419200	4.12976500
80.47999951	2.95419200	3.60301500
80.55999951	2.95419200	0.61891540
80.63999951	2.95419200	0.26795250
80.71999951	2.95419200	0.09277627
80.79999951	2.95419200	0.09277627
80.87999951	2.95419200	-0.60914950
80.95999951	2.95419200	-0.78432570
81.03999951	2.95419200	-0.78432570
81.11999951	2.95419200	-0.78432570
81.19999951	2.95419200	-0.78432570
81.27999951	2.99859600	-0.60914950
81.35999951	2.99859600	-0.78432570
81.43999951	2.99859600	-0.60914950
81.51999950	2.99859600	-0.60914950
81.59999950	2.99859600	-0.78432570
81.67999950	2.99859600	-0.60914950
81.75999950	2.99859600	-0.78432570
81.83999950	2.99859600	-0.60914950
81.91999950	2.99859600	-0.60914950
81.99999950	2.99859600	-0.60914950
82.07999950	2.99859600	-0.60914950
82.15999950	2.99859600	-0.60914950
82.23999950	2.99859600	-0.78432570
82.31999950	2.99859600	-0.60914950
82.39999950	2.99859600	-0.60914950
82.47999950	2.99859600	-0.60914950
82.55999950	2.99859600	-0.60914950
82.63999950	2.99859600	-0.60914950
82.71999950	2.99859600	-0.60914950
82.79999950	2.99859600	-0.60914950
82.87999950	2.99859600	-0.43336280
82.95999950	2.99859600	-0.43336280
83.03999950	2.99859600	-0.43336280
83.11999949	2.99859600	-0.43336280
83.19999949	2.99859600	-0.43336280
83.27999949	2.99859600	-0.25818660
83.35999949	2.99859600	-0.25818660
83.43999949	2.99859600	-0.08239998
83.51999949	2.99859600	-0.08239998
83.59999949	2.99859600	0.44373910
83.67999949	2.99859600	0.96987830
83.75999949	2.95419200	1.67241400
83.83999949	2.99859600	5.53422600
83.91999949	2.95419200	5.88519000
83.99999949	2.95419200	5.88519000
84.07999949	2.95419200	5.71001300
84.15999949	2.95419200	5.71001300
84.23999949	2.95419200	5.71001300
84.31999949	2.95419200	5.71001300
84.39999949	2.95419200	6.58711500
84.47999949	2.95419200	6.23615200
84.55999949	2.95419200	5.53422600
84.63999949	2.95419200	5.88519000
84.71999949	2.95419200	5.53422600
84.79999948	2.95419200	5.71001300
84.87999948	2.95419200	5.71001300
84.95999948	2.95419200	5.71001300
85.03999948	2.95419200	5.71001300
85.11999948	2.95419200	5.71001300
85.19999948	2.95419200	5.71001300
85.27999948	2.95419200	5.71001300
85.35999948	2.95419200	5.71001300
85.43999948	2.95419200	5.71001300
85.51999948	2.95419200	5.71001300
85.59999948	2.95419200	5.71001300
85.67999948	2.95419200	5.71001300
85.75999948	2.95419200	5.71001300
85.83999948	2.95419200	5.71001300
85.91999948	2.95419200	5.71001300
85.99999948	2.95419200	5.71001300
86.07999948	2.95419200	5.71001300
86.15999948	2.95419200	5.71001300
86.23999948	2.95419200	5.71001300
86.31999948	2.95419200	5.71001300
86.39999947	2.95419200	5.71001300
86.47999947	2.95419200	5.71001300
86.55999947	2.95419200	5.71001300
86.63999947	2.95419200	5.71001300
86.71999947	2.95419200	5.71001300
86.79999947	2.95419200	5.71001300
86.87999947	2.95419200	5.71001300
86.95999947	2.95419200	5.71001300
87.03999947	2.95419200	5.71001300
87.11999947	2.95419200	5.71001300
87.19999947	2.95419200	5.71001300
87.27999947	2.95419200	5.71001300
87.35999947	2.95419200	5.71001300
87.43999947	2.95419200	5.71001300
87.51999947	2.95419200	5.71001300
87.59999947	2.95419200	5.71001300
87.67999947	2.95419200	5.71001300
87.75999947	2.95419200	5.71001300
87.83999947	2.95419200	5.71001300
87.91999947	2.95419200	5.71001300
87.99999947	2.95419200	5.71001300
88.07999946	2.95419200	5.71001300
88.15999946	2.95419200	5.71001300
88.23999946	2.95419200	5.71001300
88.31999946	2.90978700	5.53422600
88.39999946	2.95419200	5.71001300
88.47999946	2.95419200	5.71001300
88.55999946	2.95419200	5.71001300
88.63999946	2.95419200	5.53422600
88.71999946	2.95419200	5.53422600
88.79999946	2.95419200	5.71001300
88.87999946	2.95419200	5.71001300
88.95999946	2.95419200	5.53422600
89.03999946	2.95419200	5.53422600
89.11999946	2.95419200	5.71001300
89.19999946	2.95419200	5.53422600
89.27999946	2.95419200	5.53422600
89.35999946	2.95419200	5.53422600
89.43999946	2.95419200	5.53422600
89.51999946	2.95419200	5.53422600
89.59999946	2.95419200	5.53422600
89.67999945	2.90978700	5.53422600
89.75999945	2.95419200	5.53422600
89.83999945	2.95419200	5.53422600
89.91999945	2.90978700	5.53422600
89.99999945	2.95419200	5.53422600
90.07999945	2.95419200	5.53422600
90.15999945	2.95419200	5.53422600
90.23999945	2.95419200	5.53422600
90.31999945	2.95419200	5.53422600
90.39999945	2.95419200	5.53422600
90.47999945	2.95419200	5.53422600
90.55999945	2.95419200	5.53422600
90.63999945	2.95419200	5.53422600
90.71999945	2.95419200	5.53422600
90.79999945	2.95419200	5.53422600
90.87999945	2.95419200	5.53422600
90.95999945	2.95419200	5.53422600
91.03999945	2.95419200	5.53422600
91.11999945	2.95419200	5.53422600
91.19999945	2.95419200	5.53422600
91.27999945	2.95419200	5.53422600
91.35999944	2.95419200	5.53422600
91.43999944	2.95419200	5.53422600
91.51999944	2.95419200	5.53422600
91.59999944	2.95419200	5.53422600
91.67999944	2.95419200	5.53422600
91.75999944	2.95419200	5.53422600
91.83999944	2.95419200	5.53422600
91.91999944	2.95419200	5.53422600
91.99999944	2.95419200	5.53422600
92.07999944	2.95419200	5.53422600
92.15999944	2.95419200	5.53422600
92.23999944	2.90978700	5.53422600
92.31999944	2.95419200	5.53422600
92.39999944	2.95419200	5.53422600
92.47999944	2.95419200	5.53422600
92.55999944	2.95419200	5.53422600
92.63999944	2.95419200	5.53422600
92.71999944	2.95419200	5.35844000
92.79999944	2.90978700	5.18326400
92.87999944	2.95419200	4.83230100
92.95999944	2.95419200	4.48072800
93.03999943	2.95419200	4.48072800
93.11999943	2.95419200	4.48072800
93.19999943	2.95419200	4.48072800
93.27999943	2.95419200	4.48072800
93.35999943	2.90978700	4.48072800
93.43999943	2.95419200	4.48072800
93.51999943	2.95419200	4.48072800
93.59999943	2.95419200	4.48072800
93.67999943	2.95419200	4.48072800
93.75999943	2.95419200	4.65651400
93.83999943	2.90978700	4.48072800
93.91999943	2.90978700	4.48072800
93.99999943	2.95419200	4.48072800
94.07999943	2.95419200	4.48072800
94.15999943	2.95419200	4.48072800
94.23999943	2.90978700	4.48072800
94.31999943	2.95419200	4.48072800
94.39999943	2.95419200	4.48072800
94.47999943	2.90978700	4.48072800
94.55999943	2.95419200	4.48072800
94.63999942	2.95419200	4.48072800
94.71999942	2.95419200	4.48072800
94.79999942	2.95419200	4.48072800
94.87999942	2.95419200	4.48072800
94.95999942	2.95419200	4.65651400
95.03999942	2.95419200	4.48072800
95.11999942	2.95419200	4.65651400
95.19999942	2.95419200	4.65651400
95.27999942	2.95419200	4.48072800
95.35999942	2.95419200	4.65651400
95.43999942	2.95419200	4.65651400
95.51999942	2.95419200	4.65651400
95.59999942	2.95419200	4.83230100
95.67999942	2.95419200	5.00747700
95.75999942	2.95419200	5.18326400
95.83999942	2.95419200	5.35844000
95.91999942	2.95419200	5.35844000
95.99999942	2.95419200	5.35844000
96.07999942	2.95419200	5.35844000
96.15999942	2.95419200	5.35844000
96.23999942	2.95419200	5.35844000
96.31999941	2.90978700	5.18326400
96.39999941	2.95419200	5.18326400
96.47999941	2.95419200	5.18326400
96.55999941	2.95419200	5.00747700
96.63999941	2.95419200	4.83230100
96.71999941	2.95419200	4.83230100
96.79999941	2.95419200	4.83230100
96.87999941	2.95419200	4.83230100
96.95999941	2.95419200	4.65651400
97.03999941	2.95419200	4.65651400
97.11999941	2.95419200	4.48072800
97.19999941	2.95419200	4.48072800
97.27999941	2.95419200	4.65651400
97.35999941	2.95419200	4.65651400
97.43999941	2.95419200	4.65651400
97.51999941	2.90978700	4.65651400
97.59999941	2.95419200	4.48072800
97.67999941	2.95419200	4.48072800
97.75999941	2.95419200	4.65651400
97.83999941	2.95419200	4.48072800
97.91999940	2.95419200	4.48072800
97.99999940	2.90978700	4.48072800
98.07999940	2.95419200	4.48072800
98.15999940	2.95419200	4.48072800
98.23999940	2.95419200	4.65651400
98.31999940	2.95419200	4.48072800
98.39999940	2.95419200	4.48072800
98.47999940	2.95419200	4.65651400
98.55999940	2.95419200	4.48072800
98.63999940	2.95419200	4.48072800
98.71999940	2.95419200	4.48072800
98.79999940	2.95419200	4.48072800
98.87999940	2.95419200	4.48072800
98.95999940	2.95419200	4.65651400
99.03999940	2.90978700	4.48072800
99.11999940	2.95419200	4.48072800
99.19999940	2.95419200	4.65651400
99.27999940	2.90978700	4.65651400
99.35999940	2.95419200	4.65651400
99.43999940	2.95419200	4.65651400
99.51999940	2.95419200	4.48072800
99.59999939	2.95419200	4.65651400
99.67999939	2.95419200	4.83230100
99.75999939	2.95419200	4.83230100
99.83999939	2.95419200	5.00747700
99.91999939	2.95419200	5.18326400
99.99999939	2.95419200	5.18326400
100.07999939	2.95419200	5.35844000
100.15999939	2.95419200	5.35844000
100.23999939	2.95419200	5.18326400
100.31999939	2.90978700	5.35844000
100.39999939	2.95419200	5.35844000
100.47999939	2.95419200	5.18326400
100.55999939	2.95419200	5.18326400
100.63999939	2.95419200	5.35844000
100.71999939	2.95419200	5.18326400
100.79999939	2.95419200	5.18326400
100.87999939	2.90978700	5.18326400
100.95999939	2.95419200	5.18326400
101.03999939	2.95419200	5.18326400
101.11999939	2.95419200	5.18326400
101.19999938	2.95419200	5.00747700
101.27999938	2.95419200	5.00747700
101.35999938	2.95419200	4.83230100
101.43999938	2.95419200	4.83230100
101.51999938	2.95419200	4.83230100
101.59999938	2.95419200	4.83230100
101.67999938	2.95419200	4.83230100
101.75999938	2.95419200	4.83230100
101.83999938	2.95419200	4.65651400
101.91999938	2.95419200	4.65651400
101.99999938	2.90978700	4.48072800
102.07999938	2.95419200	4.65651400
102.15999938	2.95419200	4.65651400
102.23999938	2.95419200	4.65651400
102.31999938	2.95419200	4.65651400
102.39999938	2.95419200	4.65651400
102.47999938	2.90978700	4.48072800
102.55999938	2.90978700	4.48072800
102.63999938	2.90978700	4.48072800
102.71999938	2.95419200	4.65651400
102.79999938	2.90978700	4.65651400
102.87999937	2.95419200	4.65651400
102.95999937	2.95419200	4.12976500
103.03999937	2.95419200	3.42783900
103.11999937	2.95419200	2.02337700
103.19999937	2.95419200	1.84759100
103.27999937	2.95419200	1.67241400
103.35999937	2.95419200	0.79470200
103.43999937	2.95419200	0.61891540
103.51999937	2.90978700	0.61891540
103.59999937	2.95419200	0.79470200
103.67999937	2.95419200	0.61891540
103.75999937	2.95419200	0.79470200
103.83999937	2.95419200	0.79470200
103.91999937	2.95419200	0.61891540
103.99999937	2.95419200	0.61891540
104.07999937	2.95419200	0.61891540
104.15999937	2.95419200	0.79470200
104.23999937	2.95419200	0.79470200
104.31999937	2.95419200	0.61891540
104.39999937	2.95419200	0.79470200
104.47999937	2.95419200	0.79470200
104.55999936	2.95419200	0.79470200
104.63999936	2.95419200	0.79470200
104.71999936	2.95419200	0.79470200
104.79999936	2.95419200	0.79470200
104.87999936	2.95419200	0.79470200
104.95999936	2.95419200	0.79470200
105.03999936	2.95419200	0.79470200
105.11999936	2.95419200	0.79470200
105.19999936	2.95419200	0.79470200
105.27999936	2.95419200	0.79470200
105.35999936	2.95419200	0.79470200
105.43999936	2.95419200	0.79470200
105.51999936	2.95419200	0.79470200
105.59999936	2.95419200	0.79470200
105.67999936	2.95419200	0.79470200
105.75999936	2.95419200	0.79470200
105.83999936	2.95419200	0.79470200
105.91999936	2.95419200	0.79470200
105.99999936	2.95419200	0.79470200
106.07999936	2.95419200	0.79470200
106.15999935	2.95419200	0.79470200
106.23999935	2.95419200	0.79470200
106.31999935	2.95419200	0.79470200
106.39999935	2.95419200	0.79470200
106.47999935	2.90978700	0.79470200
106.55999935	2.95419200	0.79470200
106.63999935	2.95419200	0.79470200
106.71999935	2.95419200	0.79470200
106.79999935	2.95419200	0.79470200
106.87999935	2.95419200	0.79470200
106.95999935	2.95419200	0.79470200
107.03999935	2.95419200	0.79470200
107.11999935	2.95419200	0.79470200
107.19999935	2.95419200	0.79470200
107.27999935	2.95419200	0.96987830
107.35999935	2.95419200	0.79470200
107.43999935	2.95419200	0.79470200
107.51999935	2.95419200	0.96987830
107.59999935	2.95419200	0.96987830
107.67999935	2.95419200	0.79470200
107.75999935	2.95419200	0.79470200
107.83999934	2.95419200	0.79470200
107.91999934	2.95419200	0.79470200
107.99999934	2.95419200	0.96987830
108.07999934	2.95419200	0.79470200
108.15999934	2.95419200	0.79470200
108.23999934	2.95419200	0.96987830
108.31999934	2.95419200	0.96987830
108.39999934	2.95419200	0.79470200
108.47999934	2.90978700	0.96987830
108.55999934	2.95419200	0.96987830
108.63999934	2.95419200	0.96987830
108.71999934	2.95419200	0.96987830
108.79999934	2.95419200	0.96987830
108.87999934	2.95419200	0.96987830
108.95999934	2.95419200	0.79470200
109.03999934	2.95419200	0.96987830
109.11999934	2.90978700	0.96987830
109.19999934	2.95419200	0.96987830
109.27999934	2.95419200	0.96987830
109.35999934	2.95419200	0.96987830
109.43999933	2.95419200	0.96987830
109.51999933	2.95419200	0.96987830
109.59999933	2.95419200	0.96987830
109.67999933	2.95419200	0.96987830
109.75999933	2.95419200	0.96987830
109.83999933	2.95419200	0.96987830
109.91999933	2.90978700	0.96987830
109.99999933	2.95419200	0.96987830
110.07999933	2.95419200	0.96987830
110.15999933	2.95419200	0.96987830
110.23999933	2.95419200	0.96987830
110.31999933	2.95419200	0.96987830
110.39999933	2.90978700	0.96987830
110.47999933	2.95419200	0.96987830
110.55999933	2.95419200	0.96987830
110.63999933	2.90978700	0.96987830
110.71999933	2.95419200	0.96987830
110.79999933	2.95419200	0.96987830
110.87999933	2.95419200	0.79470200
110.95999933	2.90978700	0.96987830
111.03999933	2.95419200	0.96987830
111.11999932	2.95419200	0.96987830
111.19999932	2.95419200	0.96987830
111.27999932	2.95419200	0.96987830
111.35999932	2.95419200	0.96987830
111.43999932	2.95419200	0.79470200
111.51999932	2.95419200	0.96987830
111.59999932	2.95419200	0.96987830
111.67999932	2.95419200	0.96987830
111.75999932	2.90978700	0.96987830
111.83999932	2.95419200	0.96987830
111.91999932	2.95419200	0.96987830
111.99999932	2.95419200	0.96987830
112.07999932	2.95419200	0.96987830
112.15999932	2.95419200	0.96987830
112.23999932	2.95419200	0.96987830
112.31999932	2.95419200	0.96987830
112.39999932	2.95419200	0.96987830
112.47999932	2.95419200	0.96987830
112.55999932	2.95419200	0.96987830
112.63999932	2.95419200	0.96987830
112.71999931	2.95419200	0.96987830
112.79999931	2.95419200	1.14566500
112.87999931	2.95419200	0.96987830
112.95999931	2.95419200	0.96987830
113.03999931	2.90978700	0.96987830
113.11999931	2.95419200	0.96987830
113.19999931	2.95419200	0.96987830
113.27999931	2.95419200	0.96987830
113.35999931	2.95419200	0.96987830
113.43999931	2.95419200	0.96987830
113.51999931	2.90978700	0.96987830
113.59999931	2.90978700	0.96987830
113.67999931	2.90978700	0.96987830
113.75999931	2.95419200	0.96987830
113.83999931	2.95419200	0.96987830
113.91999931	2.90978700	0.96987830
113.99999931	2.95419200	0.96987830
114.07999931	2.95419200	0.96987830
114.15999931	2.95419200	0.96987830
114.23999931	2.90978700	0.96987830
114.31999931	2.90978700	0.96987830
114.39999930	2.95419200	0.96987830
114.47999930	2.95419200	0.96987830
114.55999930	2.95419200	0.96987830
114.63999930	2.95419200	0.96987830
114.71999930	2.95419200	1.14566500
114.79999930	2.95419200	0.96987830
114.87999930	2.95419200	0.96987830
114.95999930	2.95419200	0.96987830
115.03999930	2.95419200	0.96987830
115.11999930	2.95419200	0.96987830
115.19999930	2.95419200	0.96987830
115.27999930	2.95419200	0.96987830
115.35999930	2.95419200	0.96987830
115.43999930	2.95419200	0.96987830
115.51999930	2.95419200	0.96987830
115.59999930	2.90978700	0.96987830
115.67999930	2.90978700	0.96987830
115.75999930	2.95419200	0.96987830
115.83999930	2.95419200	0.96987830
115.91999930	2.95419200	0.96987830
115.99999930	2.95419200	0.96987830
116.07999929	2.95419200	0.96987830
116.15999929	2.90978700	0.96987830
116.23999929	2.95419200	0.96987830
116.31999929	2.95419200	0.96987830
116.39999929	2.95419200	0.96987830
116.47999929	2.95419200	0.96987830
116.55999929	2.95419200	0.96987830
116.63999929	2.95419200	0.96987830
116.71999929	2.95419200	0.96987830
116.79999929	2.95419200	0.96987830
116.87999929	2.95419200	0.96987830
116.95999929	2.95419200	0.96987830
117.03999929	2.90978700	0.96987830
117.11999929	2.95419200	0.96987830
117.19999929	2.90978700	0.96987830
117.27999929	2.95419200	0.96987830
117.35999929	2.95419200	0.96987830
117.43999929	2.95419200	0.96987830
117.51999929	2.90978700	0.96987830
117.59999929	2.90978700	0.96987830
117.67999928	2.95419200	0.96987830
117.75999928	2.90978700	0.96987830
117.83999928	2.95419200	0.96987830
117.91999928	2.90978700	0.96987830
117.99999928	2.95419200	0.96987830
118.07999928	2.95419200	0.96987830
118.15999928	2.90978700	0.96987830
118.23999928	2.95419200	0.96987830
118.31999928	2.95419200	0.96987830
118.39999928	2.95419200	0.96987830
118.47999928	2.90978700	0.96987830
118.55999928	2.95419200	0.96987830
118.63999928	2.95419200	0.96987830
118.71999928	2.95419200	0.96987830
118.79999928	2.95419200	0.96987830
118.87999928	2.95419200	0.79470200
118.95999928	2.90978700	0.79470200
119.03999928	2.95419200	0.96987830
119.11999928	2.95419200	0.96987830
119.19999928	2.90978700	0.79470200
119.27999928	2.90978700	0.96987830
119.35999927	2.90978700	0.79470200
119.43999927	2.95419200	0.96987830
119.51999927	2.95419200	0.96987830
119.59999927	2.95419200	0.96987830
119.67999927	2.95419200	0.96987830
119.75999927	2.90978700	0.96987830
119.83999927	2.90978700	0.96987830
119.91999927	2.95419200	0.96987830
119.99999927	2.90978700	0.79470200
120.07999927	2.90978700	0.79470200
120.15999927	2.95419200	0.79470200
120.23999927	2.90978700	0.96987830
120.31999927	2.95419200	0.79470200
120.39999927	2.95419200	0.96987830
120.47999927	2.90978700	0.96987830
120.55999927	2.95419200	0.79470200
120.63999927	2.90978700	0.79470200
120.71999927	2.95419200	0.79470200
120.79999927	2.95419200	0.96987830
120.87999927	2.95419200	0.79470200
120.95999926	2.90978700	0.79470200
121.03999926	2.90978700	0.79470200
121.11999926	2.95419200	0.79470200
121.19999926	2.90978700	0.79470200
121.27999926	2.90978700	0.79470200
121.35999926	2.95419200	0.79470200
121.43999926	2.90978700	0.79470200
121.51999926	2.95419200	0.79470200
121.59999926	2.95419200	0.79470200
121.67999926	2.90978700	0.79470200
121.75999926	2.95419200	0.79470200
121.83999926	2.95419200	0.79470200
121.91999926	2.90978700	0.79470200
121.99999926	2.95419200	0.79470200
122.07999926	2.95419200	0.79470200
122.15999926	2.95419200	0.79470200
122.23999926	2.95419200	0.79470200
122.31999926	2.95419200	0.79470200
122.39999926	2.95419200	0.79470200
122.47999926	2.90978700	0.79470200
122.55999926	2.90978700	0.79470200
122.63999925	2.95419200	0.79470200
122.71999925	2.90978700	0.79470200
122.79999925	2.90978700	0.79470200
122.87999925	2.90978700	0.79470200
122.95999925	2.90978700	0.79470200
123.03999925	2.95419200	0.79470200
123.11999925	2.90978700	0.79470200
123.19999925	2.90978700	0.79470200
123.27999925	2.90978700	0.79470200
123.35999925	2.90978700	0.79470200
123.43999925	2.95419200	0.79470200
123.51999925	2.95419200	0.79470200
123.59999925	2.90978700	0.79470200
123.67999925	2.95419200	0.79470200
123.75999925	2.95419200	8.16736300
123.83999925	2.90978700	6.58711500
123.91999925	2.90978700	5.88519000
123.99999925	2.90978700	5.88519000
124.07999925	2.90978700	5.71001300
124.15999925	2.95419200	5.53422600
124.23999924	2.90978700	5.88519000
124.31999924	2.95419200	5.71001300
124.39999924	2.90978700	5.71001300
124.47999924	2.90978700	5.71001300
124.55999924	2.90978700	5.71001300
124.63999924	2.95419200	5.71001300
124.71999924	2.95419200	6.58711500
124.79999924	2.95419200	5.00747700
124.87999924	2.95419200	5.71001300
124.95999924	2.99859600	5.18326400
125.03999924	2.95419200	4.83230100
125.11999924	2.99859600	4.12976500
125.19999924	2.99859600	4.30555200
125.27999924	2.99859600	4.12976500
125.35999924	2.99859600	4.30555200
125.43999924	2.99859600	4.12976500
125.51999924	2.99859600	4.12976500
125.59999924	2.99859600	4.12976500
125.67999924	2.99859600	4.12976500
125.75999924	2.99859600	4.12976500
125.83999924	2.99859600	4.12976500
125.91999923	2.99859600	4.12976500
125.99999923	2.99859600	4.12976500
126.07999923	2.99859600	4.12976500
126.15999923	2.99859600	3.95458800
126.23999923	2.99859600	3.95458800
126.31999923	2.99859600	3.95458800
126.39999923	2.99859600	3.95458800
126.47999923	2.99859600	3.95458800
126.55999923	2.99859600	3.95458800
126.63999923	2.99859600	3.95458800
126.71999923	2.99859600	3.95458800
126.79999923	2.99859600	3.95458800
126.87999923	2.99859600	3.95458800
126.95999923	2.99859600	3.95458800
127.03999923	2.99859600	3.77880200
127.11999923	2.99859600	3.95458800
127.19999923	2.99859600	3.95458800
127.27999923	2.99859600	3.95458800
127.35999923	2.99859600	3.95458800
127.43999923	2.99859600	3.77880200
127.51999923	2.99859600	3.77880200
127.59999922	2.99859600	3.77880200
127.67999922	2.99859600	3.77880200
127.75999922	2.99859600	3.77880200
127.83999922	2.99859600	3.77880200
127.91999922	2.99859600	3.77880200
127.99999922	2.99859600	3.77880200
128.07999922	2.99859600	3.77880200
128.15999922	2.99859600	3.77880200
128.23999922	2.99859600	3.77880200
128.31999922	2.99859600	3.77880200
128.39999922	2.99859600	3.60301500
128.47999922	2.99859600	3.77880200
128.55999922	2.99859600	3.77880200
128.63999922	2.99859600	3.60301500
128.71999922	2.99859600	3.60301500
128.79999922	2.99859600	3.60301500
128.87999922	2.99859600	3.77880200
128.95999922	2.99859600	3.60301500
129.03999922	2.99859600	3.60301500
129.11999922	2.99859600	3.60301500
129.19999921	2.99859600	3.60301500
129.27999921	2.99859600	3.60301500
129.35999921	2.99859600	3.60301500
129.43999921	2.99859600	3.60301500
129.51999921	2.99859600	3.60301500
129.59999921	2.99859600	3.60301500
129.67999921	2.95419200	3.60301500
129.75999921	2.99859600	3.60301500
129.83999921	2.95419200	3.60301500
129.91999921	2.99859600	3.60301500
129.99999921	2.95419200	3.42783900
130.07999921	2.99859600	3.60301500
130.15999921	2.95419200	3.42783900
130.23999921	2.95419200	3.60301500
130.31999921	2.95419200	3.42783900
130.39999921	2.95419200	3.42783900
130.47999921	2.95419200	3.42783900
130.55999921	2.95419200	3.42783900
130.63999921	2.95419200	3.42783900
130.71999921	2.95419200	3.42783900
130.79999921	2.95419200	3.42783900
130.87999920	2.95419200	3.42783900
130.95999920	2.95419200	3.42783900
131.03999920	2.95419200	3.42783900
131.11999920	2.95419200	3.42783900
131.19999920	2.95419200	3.42783900
131.27999920	2.95419200	3.42783900
131.35999920	2.95419200	3.42783900
131.43999920	2.95419200	3.42783900
131.51999920	2.95419200	3.42783900
131.59999920	2.95419200	3.42783900
131.67999920	2.95419200	3.42783900
131.75999920	2.95419200	3.42783900
131.83999920	2.95419200	3.42783900
131.91999920	2.95419200	3.42783900
131.99999920	2.95419200	3.42783900
132.07999920	2.90978700	3.42783900
132.15999920	2.95419200	3.42783900
132.23999920	2.95419200	3.42783900
132.31999920	2.95419200	3.42783900
132.39999920	2.95419200	3.42783900
132.47999919	2.95419200	3.42783900
132.55999919	2.90978700	3.42783900
132.63999919	2.95419200	3.42783900
132.71999919	2.90978700	3.42783900
132.79999919	2.95419200	3.42783900
132.87999919	2.95419200	3.42783900
132.95999919	2.95419200	3.42783900
133.03999919	2.95419200	3.25205200
133.11999919	2.90978700	3.42783900
133.19999919	2.90978700	3.42783900
133.27999919	2.95419200	3.42783900
133.35999919	2.90978700	3.25205200
133.43999919	2.95419200	3.25205200
133.51999919	2.95419200	3.25205200
133.59999919	2.95419200	3.42783900
133.67999919	2.90978700	3.25205200
133.75999919	2.90978700	3.25205200
133.83999919	2.95419200	3.25205200
133.91999919	2.95419200	3.25205200
133.99999919	2.95419200	3.25205200
134.07999919	2.95419200	3.25205200
134.15999918	2.90978700	3.25205200
134.23999918	2.95419200	3.25205200
134.31999918	2.90978700	3.25205200
134.39999918	2.90978700	3.25205200
134.47999918	2.95419200	3.25205200
134.55999918	2.95419200	3.42783900
134.63999918	2.95419200	3.25205200
134.71999918	2.95419200	3.25205200
134.79999918	2.95419200	3.25205200
134.87999918	2.95419200	3.25205200
134.95999918	2.95419200	3.25205200
135.03999918	2.95419200	3.25205200
135.11999918	2.95419200	3.25205200
135.19999918	2.90978700	3.25205200
135.27999918	2.95419200	3.25205200
135.35999918	2.95419200	3.25205200
135.43999918	2.95419200	3.42783900
135.51999918	2.90978700	3.25205200
135.59999918	2.95419200	3.42783900
135.67999918	2.95419200	3.25205200
135.75999917	2.90978700	3.25205200
135.83999917	2.90978700	3.25205200
135.91999917	2.95419200	3.42783900
135.99999917	2.90978700	3.25205200
136.07999917	2.95419200	3.42783900
136.15999917	2.90978700	3.42783900
136.23999917	2.90978700	3.25205200
136.31999917	2.95419200	3.42783900
136.39999917	2.95419200	3.25205200
136.47999917	2.95419200	3.42783900
136.55999917	2.95419200	3.25205200
136.63999917	2.95419200	3.25205200
136.71999917	2.95419200	3.25205200
136.79999917	2.95419200	3.25205200
136.87999917	2.95419200	3.42783900
136.95999917	2.95419200	3.42783900
137.03999917	2.90978700	3.42783900
137.11999917	2.90978700	3.42783900
137.19999917	2.90978700	3.42783900
137.27999917	2.90978700	3.42783900
137.35999917	2.90978700	3.25205200
137.43999916	2.90978700	3.42783900
137.51999916	2.95419200	3.42783900
137.59999916	2.90978700	3.42783900
137.67999916	2.95419200	3.42783900
137.75999916	2.95419200	3.42783900
137.83999916	2.95419200	3.25205200
137.91999916	2.95419200	3.42783900
137.99999916	2.90978700	3.42783900
138.07999916	2.95419200	3.42783900
138.15999916	2.95419200	3.42783900
138.23999916	2.90978700	3.42783900
138.31999916	2.95419200	3.42783900
138.39999916	2.90978700	3.42783900
138.47999916	2.90978700	3.42783900
138.55999916	2.90978700	3.42783900
138.63999916	2.90978700	3.42783900
138.71999916	2.90978700	3.42783900
138.79999916	2.90978700	3.42783900
138.87999916	2.95419200	3.42783900
138.95999916	2.90978700	3.42783900
139.03999915	2.95419200	3.42783900
139.11999915	2.95419200	3.42783900
139.19999915	2.90978700	3.42783900
139.27999915	2.95419200	3.42783900
139.35999915	2.95419200	3.42783900
139.43999915	2.95419200	3.42783900
139.51999915	2.90978700	3.42783900
139.59999915	2.95419200	3.42783900
139.67999915	2.90978700	3.42783900
139.75999915	2.95419200	3.42783900
139.83999915	2.95419200	3.42783900
139.91999915	2.95419200	3.42783900
139.99999915	2.90978700	3.42783900
140.07999915	2.90978700	3.42783900
140.15999915	2.95419200	3.42783900
140.23999915	2.95419200	3.42783900
140.31999915	2.95419200	3.42783900
140.39999915	2.95419200	3.42783900
140.47999915	2.90978700	3.60301500
140.55999915	2.90978700	3.60301500
140.63999915	2.90978700	3.60301500
140.71999914	2.95419200	3.60301500
140.79999914	2.95419200	3.60301500
140.87999914	2.95419200	3.60301500
140.95999914	2.90978700	3.60301500
141.03999914	2.95419200	3.60301500
141.11999914	2.90978700	3.60301500
141.19999914	2.95419200	3.60301500
141.27999914	2.90978700	3.77880200
141.35999914	2.95419200	3.77880200
141.43999914	2.95419200	3.60301500
141.51999914	2.95419200	3.77880200
141.59999914	2.95419200	3.77880200
141.67999914	2.90978700	3.60301500
141.75999914	2.95419200	3.60301500
141.83999914	2.95419200	3.77880200
141.91999914	2.95419200	3.77880200
141.99999914	2.90978700	3.77880200
142.07999914	2.90978700	3.77880200
142.15999914	2.95419200	3.77880200
142.23999914	2.90978700	3.77880200
142.31999914	2.95419200	3.95458800
142.39999913	2.95419200	3.77880200
142.47999913	2.90978700	3.77880200
142.55999913	2.95419200	3.95458800
142.63999913	2.95419200	3.77880200
142.71999913	2.90978700	3.77880200
142.79999913	2.95419200	3.95458800
142.87999913	2.95419200	3.95458800
142.95999913	2.90978700	3.95458800
143.03999913	2.90978700	3.95458800
143.11999913	2.90978700	3.95458800
143.19999913	2.95419200	3.95458800
143.27999913	2.90978700	3.95458800
143.35999913	2.90978700	3.95458800
143.43999913	2.95419200	3.95458800
143.51999913	2.95419200	3.95458800
143.59999913	2.95419200	3.95458800
143.67999913	2.90978700	3.95458800
143.75999913	2.95419200	3.95458800
143.83999913	2.95419200	3.95458800
143.91999913	2.90978700	3.95458800
143.99999912	2.95419200	4.12976500
144.07999912	2.95419200	4.30555200
144.15999912	2.99859600	8.16736300
144.23999912	2.95419200	3.07687600
144.31999912	2.95419200	5.00747700
144.39999912	2.95419200	4.12976500
144.47999912	2.95419200	4.48072800
144.55999912	2.90978700	3.95458800
144.63999912	2.95419200	3.25205200
144.71999912	2.95419200	0.44373910
144.79999912	2.95419200	0.44373910
144.87999912	2.95419200	0.26795250
144.95999912	2.95419200	0.09277627
145.03999912	2.95419200	-0.60914950
145.11999912	2.99859600	-0.78432570
145.19999912	2.99859600	-0.78432570
145.27999912	2.99859600	-0.60914950
145.35999912	2.99859600	-0.60914950
145.43999912	2.99859600	-0.60914950
145.51999912	2.99859600	-0.60914950
145.59999912	2.99859600	-0.60914950
145.67999911	2.99859600	-0.60914950
145.75999911	2.99859600	-0.43336280
145.83999911	2.99859600	-0.60914950
145.91999911	3.04284800	-0.43336280
145.99999911	3.04284800	-0.43336280
146.07999911	3.04284800	-0.43336280
146.15999911	2.99859600	-0.43336280
146.23999911	3.04284800	-0.25818660
146.31999911	3.04284800	-0.08239998
146.39999911	3.04284800	0.26795250
146.47999911	3.04284800	0.61891540
146.55999911	3.04284800	0.79470200
146.63999911	3.08725200	0.61891540
146.71999911	3.04284800	0.79470200
146.79999911	3.08725200	0.79470200
146.87999911	3.04284800	0.79470200
146.95999911	3.08725200	0.79470200
147.03999911	3.08725200	0.79470200
147.11999911	3.08725200	0.79470200
147.19999911	3.08725200	0.79470200
147.27999910	3.08725200	0.79470200
147.35999910	3.08725200	0.79470200
147.43999910	3.08725200	0.96987830
147.51999910	3.08725200	0.79470200
147.59999910	3.08725200	0.96987830
147.67999910	3.08725200	0.96987830
147.75999910	3.08725200	0.96987830
147.83999910	3.08725200	0.79470200
147.91999910	3.08725200	0.96987830
147.99999910	3.08725200	0.96987830
148.07999910	3.08725200	0.96987830
148.15999910	3.08725200	0.79470200
148.23999910	3.13150400	0.96987830
148.31999910	3.08725200	0.79470200
148.39999910	3.13150400	0.96987830
148.47999910	3.08725200	0.96987830
148.55999910	3.13150400	0.96987830
148.63999910	3.08725200	0.96987830
148.71999910	3.08725200	0.96987830
148.79999910	3.13150400	0.96987830
148.87999910	3.08725200	0.96987830
148.95999909	3.13150400	0.96987830
149.03999909	3.13150400	0.96987830
149.11999909	3.08725200	0.96987830
149.19999909	3.08725200	0.96987830
149.27999909	3.13150400	0.96987830
149.35999909	3.08725200	0.96987830
149.43999909	3.13150400	0.96987830
149.51999909	3.13150400	0.96987830
149.59999909	3.13150400	0.96987830
149.67999909	3.13150400	0.96987830
149.75999909	3.13150400	1.14566500
149.83999909	3.13150400	0.96987830
149.91999909	3.13150400	0.96987830
149.99999909	3.13150400	0.96987830
150.07999909	3.08725200	1.14566500
150.15999909	3.13150400	1.14566500
150.23999909	3.08725200	0.96987830
150.31999909	3.13150400	1.14566500
150.39999909	3.08725200	1.14566500
150.47999909	3.13150400	1.14566500
150.55999908	3.13150400	1.14566500
150.63999908	3.08725200	1.14566500
150.71999908	3.13150400	1.14566500
150.79999908	3.08725200	1.14566500
150.87999908	3.08725200	1.14566500
150.95999908	3.08725200	1.14566500
151.03999908	3.08725200	1.14566500
151.11999908	3.08725200	1.14566500
151.19999908	3.08725200	1.14566500
151.27999908	3.08725200	1.14566500
151.35999908	3.08725200	1.14566500
151.43999908	3.08725200	1.14566500
151.51999908	3.08725200	1.14566500
151.59999908	3.08725200	1.32145100
151.67999908	3.08725200	1.14566500
151.75999908	3.08725200	1.14566500
151.83999908	3.08725200	1.14566500
151.91999908	3.08725200	1.14566500
151.99999908	3.08725200	1.32145100
152.07999908	3.08725200	1.14566500
152.15999908	3.08725200	1.32145100
152.23999907	3.08725200	1.32145100
152.31999907	3.08725200	1.14566500
152.39999907	3.08725200	1.32145100
152.47999907	3.08725200	1.14566500
152.55999907	3.04284800	1.14566500
152.63999907	3.08725200	1.32145100
152.71999907	3.04284800	1.32145100
152.79999907	3.04284800	1.32145100
152.87999907	3.04284800	1.14566500
152.95999907	3.04284800	1.32145100
153.03999907	3.04284800	1.14566500
153.11999907	3.04284800	1.32145100
153.19999907	3.04284800	1.14566500
153.27999907	2.99859600	1.32145100
153.35999907	3.04284800	1.32145100
153.43999907	2.99859600	1.14566500
153.51999907	2.99859600	1.32145100
153.59999907	2.99859600	1.14566500
153.67999907	2.99859600	1.32145100
153.75999907	2.99859600	1.32145100
153.83999907	2.99859600	1.32145100
153.91999906	2.99859600	1.14566500
153.99999906	2.99859600	1.14566500
154.07999906	2.95419200	1.32145100
154.15999906	2.95419200	1.32145100
154.23999906	2.99859600	1.32145100
154.31999906	2.95419200	1.14566500
154.39999906	2.95419200	1.32145100
154.47999906	2.95419200	1.32145100
154.55999906	2.95419200	1.32145100
154.63999906	2.95419200	1.32145100
154.71999906	2.95419200	1.14566500
154.79999906	2.95419200	1.32145100
154.87999906	2.95419200	1.14566500
154.95999906	2.95419200	1.14566500
155.03999906	2.95419200	1.32145100
155.11999906	2.90978700	1.32145100
155.19999906	2.90978700	1.32145100
155.27999906	2.95419200	1.14566500
155.35999906	2.95419200	1.32145100
155.43999906	2.95419200	1.32145100
155.51999905	2.95419200	1.32145100
155.59999905	2.95419200	1.14566500
155.67999905	2.95419200	1.32145100
155.75999905	2.95419200	1.32145100
155.83999905	2.95419200	1.32145100
155.91999905	2.95419200	1.32145100
155.99999905	2.95419200	1.32145100
156.07999905	2.95419200	1.32145100
156.15999905	2.95419200	1.32145100
156.23999905	2.95419200	1.32145100
156.31999905	2.95419200	1.32145100
156.39999905	2.95419200	1.32145100
156.47999905	2.95419200	1.32145100
156.55999905	2.95419200	1.32145100
156.63999905	2.95419200	1.32145100
156.71999905	2.90978700	1.32145100
156.79999905	2.95419200	1.32145100
156.87999905	2.95419200	1.32145100
156.95999905	2.95419200	1.32145100
157.03999905	2.95419200	1.32145100
157.11999905	2.95419200	1.32145100
157.19999904	2.90978700	1.32145100
157.27999904	2.95419200	1.32145100
157.35999904	2.95419200	1.32145100
157.43999904	2.95419200	1.32145100
157.51999904	2.90978700	1.32145100
157.59999904	2.95419200	1.32145100
157.67999904	2.90978700	1.32145100
157.75999904	2.90978700	1.14566500
157.83999904	2.90978700	1.14566500
157.91999904	2.95419200	1.32145100
157.99999904	2.95419200	1.14566500
158.07999904	2.95419200	1.32145100
158.15999904	2.95419200	1.32145100
158.23999904	2.95419200	1.32145100
158.31999904	2.95419200	1.32145100
158.39999904	2.95419200	1.32145100
158.47999904	2.90978700	1.32145100
158.55999904	2.90978700	1.32145100
158.63999904	2.95419200	1.32145100
158.71999904	2.95419200	1.32145100
158.79999903	2.95419200	1.32145100
158.87999903	2.95419200	1.14566500
158.95999903	2.90978700	1.32145100
159.03999903	2.95419200	1.32145100
159.11999903	2.90978700	1.14566500
159.19999903	2.90978700	1.32145100
159.27999903	2.90978700	1.14566500
159.35999903	2.95419200	1.32145100
159.43999903	2.90978700	1.14566500
159.51999903	2.90978700	1.14566500
159.59999903	2.90978700	1.14566500
159.67999903	2.95419200	1.32145100
159.75999903	2.95419200	1.14566500
159.83999903	2.95419200	1.14566500
159.91999903	2.95419200	1.14566500
159.99999903	2.95419200	1.14566500
160.07999903	2.95419200	1.14566500
160.15999903	2.90978700	1.14566500
160.23999903	2.90978700	1.14566500
160.31999903	2.95419200	1.14566500
160.39999903	2.90978700	1.14566500
160.47999902	2.95419200	1.14566500
160.55999902	2.95419200	1.14566500
160.63999902	2.95419200	1.14566500
160.71999902	2.95419200	1.14566500
160.79999902	2.90978700	1.14566500
160.87999902	2.95419200	1.14566500
160.95999902	2.95419200	1.14566500
161.03999902	2.95419200	1.14566500
161.11999902	2.95419200	1.14566500
161.19999902	2.95419200	1.14566500
161.27999902	2.95419200	1.14566500
161.35999902	2.95419200	1.14566500
161.43999902	2.95419200	1.14566500
161.51999902	2.95419200	1.14566500
161.59999902	2.95419200	1.14566500
161.67999902	2.95419200	1.14566500
161.75999902	2.95419200	1.14566500
161.83999902	2.90978700	1.14566500
161.91999902	2.95419200	1.14566500
161.99999902	2.95419200	1.14566500
162.07999901	2.95419200	1.14566500
162.15999901	2.95419200	0.96987830
162.23999901	2.95419200	1.14566500
162.31999901	2.95419200	1.14566500
162.39999901	2.90978700	1.14566500
162.47999901	2.95419200	1.14566500
162.55999901	2.95419200	0.96987830
162.63999901	2.90978700	0.96987830
162.71999901	2.90978700	1.14566500
162.79999901	2.95419200	1.14566500
162.87999901	2.90978700	1.14566500
162.95999901	2.95419200	1.14566500
163.03999901	2.90978700	1.14566500
163.11999901	2.90978700	0.96987830
163.19999901	2.90978700	0.96987830
163.27999901	2.95419200	0.96987830
163.35999901	2.95419200	0.96987830
163.43999901	2.95419200	0.96987830
163.51999901	2.90978700	0.96987830
163.59999901	2.90978700	0.96987830
163.67999901	2.90978700	0.96987830
163.75999900	2.90978700	0.96987830
163.83999900	2.90978700	0.96987830
163.91999900	2.90978700	0.96987830
163.99999900	2.90978700	0.96987830
164.07999900	2.90978700	0.96987830
164.15999900	2.90978700	0.96987830
164.23999900	2.90978700	0.96987830
164.31999900	2.90978700	0.96987830
164.39999900	2.95419200	0.96987830
164.47999900	2.90978700	0.79470200
164.55999900	2.90978700	0.96987830
164.63999900	2.90978700	0.96987830
164.71999900	2.90978700	0.96987830
164.79999900	2.95419200	0.96987830
164.87999900	2.95419200	0.79470200
164.95999900	2.95419200	0.96987830
165.03999900	2.95419200	0.96987830
165.11999900	2.95419200	0.96987830
165.19999900	2.95419200	0.79470200
165.27999900	2.95419200	0.96987830
165.35999900	2.95419200	0.79470200
165.43999899	2.95419200	0.79470200
165.51999899	2.95419200	0.79470200
165.59999899	2.95419200	0.79470200
165.67999899	2.95419200	0.79470200
165.75999899	2.95419200	0.79470200
165.83999899	2.95419200	0.79470200
165.91999899	2.95419200	0.79470200
165.99999899	2.95419200	0.79470200
166.07999899	2.95419200	0.79470200
166.15999899	2.95419200	0.79470200
166.23999899	2.95419200	0.79470200
166.31999899	2.95419200	0.79470200
166.39999899	2.95419200	0.79470200
166.47999899	2.95419200	0.79470200
166.55999899	2.95419200	0.79470200
166.63999899	2.95419200	0.79470200
166.71999899	2.95419200	0.79470200
166.79999899	2.95419200	0.79470200
166.87999899	2.95419200	0.79470200
166.95999899	2.95419200	0.61891540
167.03999898	2.95419200	0.61891540
167.11999898	2.95419200	0.61891540
167.19999898	2.95419200	0.61891540
167.27999898	2.95419200	0.61891540
167.35999898	2.95419200	0.61891540
167.43999898	2.95419200	0.61891540
167.51999898	2.95419200	0.61891540
167.59999898	2.95419200	0.61891540
167.67999898	2.95419200	0.61891540
167.75999898	2.95419200	0.61891540
167.83999898	2.95419200	0.61891540
167.91999898	2.95419200	0.61891540
167.99999898	2.95419200	0.61891540
168.07999898	2.95419200	0.61891540
168.15999898	2.95419200	0.44373910
168.23999898	2.95419200	-0.25818660
168.31999898	2.99859600	-0.43336280
168.39999898	2.95419200	-0.60914950
168.47999898	2.95419200	-0.60914950
168.55999898	2.95419200	-0.43336280
168.63999898	2.95419200	-0.60914950
168.71999897	2.95419200	-0.60914950
168.79999897	2.95419200	-0.60914950
168.87999897	2.95419200	-0.60914950
168.95999897	2.95419200	-0.60914950
169.03999897	2.95419200	-0.43336280
169.11999897	2.95419200	-0.25818660
169.19999897	2.95419200	0.26795250
169.27999897	2.95419200	6.06097600
169.35999897	2.95419200	5.53422600
169.43999897	2.99859600	5.18326400
169.51999897	2.99859600	4.12976500
169.59999897	2.99859600	4.48072800
169.67999897	2.95419200	4.12976500
169.75999897	2.99859600	2.90108900
169.83999897	2.99859600	0.61891540
169.91999897	2.95419200	2.90108900
169.99999897	2.99859600	5.53422600
170.07999897	2.95419200	7.46482800
170.15999897	2.99859600	2.90108900
170.23999897	2.99859600	3.95458800
170.31999896	2.99859600	-0.25818660
170.39999896	2.99859600	-0.60914950
170.47999896	2.99859600	-0.43336280
170.55999896	2.99859600	2.72530300
170.63999896	2.99859600	4.65651400
170.71999896	2.99859600	4.12976500
170.79999896	2.95419200	4.12976500
170.87999896	2.99859600	3.77880200
170.95999896	2.99859600	4.12976500
171.03999896	2.99859600	3.95458800
171.11999896	2.99859600	3.95458800
171.19999896	2.99859600	3.95458800
171.27999896	2.99859600	4.12976500
171.35999896	2.99859600	4.12976500
171.43999896	2.99859600	-1.31107500
171.51999896	2.99859600	0.96987830
171.59999896	2.99859600	2.19916400
171.67999896	2.99859600	6.58711500
171.75999896	3.04284800	8.34254000
171.83999896	2.99859600	6.93868800
171.91999896	2.99859600	3.25205200
171.99999895	2.99859600	4.48072800
172.07999895	2.99859600	3.95458800
172.15999895	2.99859600	3.95458800
172.23999895	2.99859600	3.42783900
172.31999895	2.99859600	3.60301500
172.39999895	2.99859600	3.60301500
172.47999895	2.99859600	3.95458800
172.55999895	2.99859600	3.95458800
172.63999895	2.99859600	4.12976500
172.71999895	2.99859600	4.12976500
172.79999895	2.99859600	4.12976500
172.87999895	2.99859600	4.12976500
172.95999895	2.99859600	4.12976500
173.03999895	2.99859600	4.12976500
173.11999895	2.99859600	4.12976500
173.19999895	2.99859600	4.12976500
173.27999895	2.99859600	4.12976500
173.35999895	2.99859600	4.12976500
173.43999895	2.99859600	4.12976500
173.51999895	2.95419200	4.12976500
173.59999894	2.95419200	4.12976500
173.67999894	2.95419200	4.12976500
173.75999894	2.99859600	4.12976500
173.83999894	2.95419200	4.12976500
173.91999894	2.95419200	4.12976500
173.99999894	2.95419200	4.12976500
174.07999894	2.95419200	4.12976500
174.15999894	2.95419200	4.12976500
174.23999894	2.99859600	4.12976500
174.31999894	2.95419200	4.12976500
174.39999894	2.95419200	4.12976500
174.47999894	2.95419200	4.12976500
174.55999894	2.95419200	3.95458800
174.63999894	2.95419200	3.95458800
174.71999894	2.95419200	4.12976500
174.79999894	2.95419200	4.12976500
174.87999894	2.95419200	3.95458800
174.95999894	2.95419200	3.95458800
175.03999894	2.95419200	3.95458800
175.11999894	2.95419200	3.95458800
175.19999894	2.95419200	3.95458800
175.27999893	2.95419200	3.60301500
175.35999893	2.95419200	3.95458800
175.43999893	2.95419200	4.12976500
175.51999893	2.95419200	4.12976500
175.59999893	2.95419200	3.95458800
175.67999893	2.95419200	-1.66203800
175.75999893	2.99859600	0.79470200
175.83999893	2.95419200	0.61891540
175.91999893	2.95419200	0.79470200
175.99999893	2.95419200	5.00747700
176.07999893	2.95419200	3.95458800
176.15999893	2.95419200	4.83230100
176.23999893	2.95419200	13.78460000
176.31999893	2.95419200	1.32145100
176.39999893	2.90978700	4.83230100
176.47999893	2.95419200	3.07687600
176.55999893	2.95419200	3.60301500
176.63999893	2.95419200	2.90108900
176.71999893	2.90978700	2.37434000
176.79999893	2.95419200	0.09277627
176.87999893	2.95419200	-0.78432570
176.95999892	2.95419200	-0.96011230
177.03999892	2.95419200	-1.13589900
177.11999892	2.95419200	-0.96011230
177.19999892	2.95419200	-0.96011230
177.27999892	2.95419200	-0.96011230
177.35999892	2.90978700	-0.96011230
177.43999892	2.95419200	-0.96011230
177.51999892	2.90978700	-0.96011230
177.59999892	2.95419200	-0.96011230
177.67999892	2.95419200	-0.96011230
177.75999892	2.95419200	-0.96011230
177.83999892	2.90978700	-0.96011230
177.91999892	2.95419200	-0.96011230
177.99999892	2.90978700	-0.96011230
178.07999892	2.95419200	-0.96011230
178.15999892	2.95419200	-1.13589900
178.23999892	2.90978700	-0.96011230
178.31999892	2.95419200	-0.96011230
178.39999892	2.90978700	-0.96011230
178.47999892	2.95419200	-0.96011230
178.55999891	2.90978700	-0.96011230
178.63999891	2.95419200	-1.13589900
178.71999891	2.90978700	-0.96011230
178.79999891	2.90978700	-0.96011230
178.87999891	2.90978700	-0.96011230
178.95999891	2.95419200	-0.96011230
179.03999891	2.90978700	-0.78432570
179.11999891	2.90978700	-0.78432570
179.19999891	2.95419200	-0.78432570
179.27999891	2.90978700	-0.78432570
179.35999891	2.90978700	-0.78432570
179.43999891	2.95419200	-0.78432570
179.51999891	2.90978700	-0.60914950
179.59999891	2.90978700	-0.60914950
179.67999891	2.95419200	-0.43336280
179.75999891	2.95419200	-0.25818660
179.83999891	2.95419200	-0.25818660
179.91999891	2.90978700	-0.60914950
179.99999891	2.95419200	-0.60914950
180.07999891	2.95419200	-0.78432570
180.15999891	2.95419200	-0.78432570
180.23999890	2.95419200	-0.96011230
180.31999890	2.90978700	-0.96011230
180.39999890	2.90978700	-0.96011230
180.47999890	2.95419200	-0.96011230
180.55999890	2.95419200	-0.96011230
180.63999890	2.95419200	-0.96011230
180.71999890	2.90978700	-0.78432570
180.79999890	2.95419200	-0.78432570
180.87999890	2.95419200	-0.78432570
180.95999890	2.95419200	-0.78432570
181.03999890	2.90978700	-0.96011230
181.11999890	2.90978700	-0.96011230
181.19999890	2.95419200	-0.96011230
181.27999890	2.95419200	-0.96011230
181.35999890	2.90978700	-0.78432570
181.43999890	2.90978700	-0.96011230
181.51999890	2.90978700	-0.78432570
181.59999890	2.90978700	-0.78432570
181.67999890	2.90978700	-0.60914950
181.75999890	2.95419200	-0.60914950
181.83999889	2.90978700	-0.60914950
181.91999889	2.95419200	-0.78432570
181.99999889	2.95419200	-0.78432570
182.07999889	2.95419200	-0.96011230
182.15999889	2.95419200	-0.96011230
182.23999889	2.95419200	-0.96011230
182.31999889	2.95419200	-0.78432570
182.39999889	2.95419200	-0.78432570
182.47999889	2.95419200	-0.78432570
182.55999889	2.95419200	-0.78432570
182.63999889	2.95419200	-0.78432570
182.71999889	2.95419200	-0.60914950
182.79999889	2.95419200	-0.43336280
182.87999889	2.90978700	-0.43336280
182.95999889	2.95419200	-0.25818660
183.03999889	2.95419200	0.09277627
183.11999889	2.95419200	0.44373910
183.19999889	2.95419200	0.26795250
183.27999889	2.95419200	0.09277627
183.35999889	2.95419200	-0.08239998
183.43999889	2.95419200	-0.43336280
183.51999888	2.95419200	-0.60914950
183.59999888	2.95419200	-0.60914950
183.67999888	2.95419200	-0.60914950
183.75999888	2.95419200	-0.60914950
183.83999888	2.90978700	-0.43336280
183.91999888	2.90978700	0.26795250
183.99999888	2.90978700	1.67241400
184.07999888	2.95419200	2.55012700
184.15999888	2.95419200	2.55012700
184.23999888	2.95419200	2.90108900
184.31999888	2.95419200	3.42783900
184.39999888	2.95419200	5.18326400
184.47999888	2.95419200	3.25205200
184.55999888	2.90978700	3.77880200
184.63999888	2.95419200	3.95458800
184.71999888	2.95419200	4.12976500
184.79999888	2.95419200	4.12976500
184.87999888	2.95419200	4.12976500
184.95999888	2.90978700	4.12976500
185.03999888	2.95419200	4.12976500
185.11999887	2.90978700	4.30555200
185.19999887	2.95419200	3.07687600
185.27999887	2.90978700	0.26795250
185.35999887	2.90978700	-0.08239998
185.43999887	2.95419200	-0.08239998
185.51999887	2.95419200	-0.78432570
185.59999887	2.95419200	-0.78432570
185.67999887	2.95419200	-0.78432570
185.75999887	2.95419200	-0.78432570
185.83999887	2.95419200	-0.78432570
185.91999887	2.95419200	-0.78432570
185.99999887	2.90978700	-0.78432570
186.07999887	2.95419200	-0.78432570
186.15999887	2.90978700	-0.78432570
186.23999887	2.95419200	-0.78432570
186.31999887	2.90978700	-0.78432570
186.39999887	2.90978700	-0.78432570
186.47999887	2.95419200	-0.78432570
186.55999887	2.90978700	-0.78432570
186.63999887	2.90978700	-0.60914950
186.71999887	2.95419200	-0.78432570
186.79999886	2.95419200	-0.78432570
186.87999886	2.99859600	-0.60914950
186.95999886	2.99859600	-0.60914950
187.03999886	2.99859600	-0.60914950
187.11999886	2.95419200	-0.25818660
187.19999886	2.95419200	0.26795250
187.27999886	2.95419200	2.02337700
187.35999886	2.90978700	2.90108900
187.43999886	2.95419200	4.48072800
187.51999886	2.95419200	5.71001300
187.59999886	2.95419200	4.65651400
187.67999886	2.95419200	4.48072800
187.75999886	2.95419200	4.30555200
187.83999886	2.90978700	3.60301500
187.91999886	2.95419200	-0.25818660
187.99999886	2.90978700	5.88519000
188.07999886	2.90978700	5.35844000
188.15999886	2.90978700	4.12976500
188.23999886	2.90978700	4.48072800
188.31999886	2.95419200	4.30555200
188.39999886	2.90978700	4.12976500
188.47999885	2.95419200	4.30555200
188.55999885	2.95419200	4.30555200
188.63999885	2.90978700	4.30555200
188.71999885	2.95419200	4.30555200
188.79999885	2.95419200	4.12976500
188.87999885	2.95419200	4.30555200
188.95999885	2.95419200	4.30555200
189.03999885	2.95419200	4.30555200
189.11999885	2.95419200	4.48072800
189.19999885	2.95419200	4.30555200
189.27999885	2.90978700	4.48072800
189.35999885	2.90978700	4.30555200
189.43999885	2.90978700	4.30555200
189.51999885	2.95419200	4.48072800
189.59999885	2.95419200	4.30555200
189.67999885	2.95419200	4.30555200
189.75999885	2.90978700	4.48072800
189.83999885	2.90978700	4.48072800
189.91999885	2.95419200	4.30555200
189.99999885	2.95419200	4.48072800
190.07999884	2.90978700	4.48072800
190.15999884	2.95419200	4.48072800
190.23999884	2.95419200	4.48072800
190.31999884	2.95419200	4.30555200
190.39999884	2.95419200	4.30555200
190.47999884	2.95419200	4.48072800
190.55999884	2.90978700	4.48072800
190.63999884	2.90978700	4.48072800
190.71999884	2.95419200	4.48072800
190.79999884	2.95419200	4.48072800
190.87999884	2.95419200	4.30555200
190.95999884	2.90978700	4.48072800
191.03999884	2.95419200	4.48072800
191.11999884	2.95419200	4.48072800
191.19999884	2.95419200	4.48072800
191.27999884	2.95419200	4.30555200
191.35999884	2.90978700	4.30555200
191.43999884	2.95419200	4.48072800
191.51999884	2.90978700	4.48072800
191.59999884	2.95419200	4.48072800
191.67999884	2.90978700	4.48072800
191.75999883	2.90978700	4.48072800
191.83999883	2.90978700	4.48072800
191.91999883	2.90978700	4.30555200
191.99999883	2.90978700	4.30555200
192.07999883	2.90978700	4.48072800
192.15999883	2.90978700	4.48072800
192.23999883	2.90978700	4.48072800
192.31999883	2.95419200	4.48072800
192.39999883	2.90978700	4.48072800
192.47999883	2.90978700	4.48072800
192.55999883	2.95419200	4.30555200
192.63999883	2.95419200	4.48072800
192.71999883	2.90978700	4.48072800
192.79999883	2.90978700	4.30555200
192.87999883	2.90978700	4.30555200
192.95999883	2.90978700	4.48072800
193.03999883	2.90978700	4.48072800
193.11999883	2.95419200	4.48072800
193.19999883	2.90978700	4.48072800
193.27999883	2.90978700	4.48072800
193.35999882	2.90978700	4.48072800
193.43999882	2.90978700	4.48072800
193.51999882	2.95419200	4.48072800
193.59999882	2.90978700	4.30555200
193.67999882	2.90978700	4.30555200
193.75999882	2.90978700	4.30555200
193.83999882	2.90978700	4.48072800
193.91999882	2.90978700	4.48072800
193.99999882	2.90978700	4.30555200
194.07999882	2.90978700	4.48072800
194.15999882	2.95419200	4.30555200
194.23999882	2.95419200	4.48072800
194.31999882	2.95419200	4.30555200
194.39999882	2.95419200	4.30555200
194.47999882	2.95419200	4.30555200
194.55999882	2.90978700	4.48072800
194.63999882	2.90978700	4.48072800
194.71999882	2.90978700	4.30555200
194.79999882	2.90978700	4.48072800
194.87999882	2.90978700	4.48072800
194.95999882	2.90978700	4.30555200
195.03999881	2.90978700	4.48072800
195.11999881	2.95419200	4.48072800
195.19999881	2.90978700	4.48072800
195.27999881	2.90978700	4.48072800
195.35999881	2.90978700	4.48072800
195.43999881	2.95419200	4.48072800
195.51999881	2.90978700	4.48072800
195.59999881	2.95419200	4.48072800
195.67999881	2.95419200	4.30555200
195.75999881	2.95419200	4.48072800
195.83999881	2.90978700	4.48072800
195.91999881	2.95419200	4.30555200
195.99999881	2.90978700	4.48072800
196.07999881	2.90978700	4.30555200
196.15999881	2.90978700	4.48072800
196.23999881	2.95419200	4.30555200
196.31999881	2.90978700	4.30555200
196.39999881	2.90978700	4.48072800
196.47999881	2.90978700	4.48072800
196.55999881	2.90978700	4.48072800
196.63999880	2.95419200	4.48072800
196.71999880	2.90978700	4.30555200
196.79999880	2.95419200	4.48072800
196.87999880	2.90978700	4.48072800
196.95999880	2.90978700	4.48072800
197.03999880	2.90978700	4.30555200
197.11999880	2.95419200	4.30555200
197.19999880	2.90978700	4.48072800
197.27999880	2.90978700	4.48072800
197.35999880	2.90978700	4.30555200
197.43999880	2.95419200	4.48072800
197.51999880	2.90978700	4.48072800
197.59999880	2.90978700	4.48072800
197.67999880	2.90978700	4.48072800
197.75999880	2.95419200	4.48072800
197.83999880	2.90978700	4.48072800
197.91999880	2.90978700	4.48072800
197.99999880	2.90978700	4.30555200
198.07999880	2.90978700	4.48072800
198.15999880	2.95419200	4.30555200
198.23999880	2.90978700	4.48072800
198.31999879	2.90978700	4.48072800
198.39999879	2.95419200	4.48072800
198.47999879	2.90978700	4.30555200
198.55999879	2.90978700	4.48072800
198.63999879	2.95419200	4.48072800
198.71999879	2.90978700	4.30555200
198.79999879	2.90978700	4.48072800
198.87999879	2.90978700	4.30555200
198.95999879	2.90978700	4.48072800
199.03999879	2.90978700	4.48072800
199.11999879	2.90978700	4.48072800
199.19999879	2.95419200	4.30555200
199.27999879	2.90978700	4.48072800
199.35999879	2.90978700	4.48072800
199.43999879	2.90978700	4.48072800
199.51999879	2.90978700	4.48072800
199.59999879	2.90978700	4.48072800
199.67999879	2.90978700	4.30555200
199.75999879	2.90978700	4.48072800
199.83999879	2.90978700	4.48072800
199.91999878	2.90978700	4.48072800
199.99999878	2.90978700	4.48072800
200.07999878	2.90978700	4.48072800
200.15999878	2.90978700	4.30555200
200.23999878	2.95419200	4.48072800
