Time	Channel A	Channel B
(us)	(V)	(V)

0.00000000	3.26456500	1.32145100
0.08000000	3.26456500	1.32145100
0.16000000	3.26456500	1.32145100
0.24000000	3.26456500	1.32145100
0.32000000	3.26456500	1.32145100
0.40000000	3.26456500	1.32145100
0.48000000	3.26456500	1.32145100
0.56000000	3.26456500	1.32145100
0.64000000	3.22016000	1.32145100
0.72000000	3.26456500	1.32145100
0.80000000	3.22016000	1.32145100
0.87999999	3.22016000	1.32145100
0.95999999	3.22016000	1.32145100
1.03999999	3.22016000	1.32145100
1.11999999	3.22016000	1.32145100
1.19999999	3.22016000	1.32145100
1.27999999	3.17590900	1.32145100
1.35999999	3.22016000	1.32145100
1.43999999	3.22016000	1.32145100
1.51999999	3.22016000	1.32145100
1.59999999	3.17590900	1.32145100
1.67999999	3.17590900	1.32145100
1.75999999	3.17590900	1.32145100
1.83999999	3.17590900	1.32145100
1.91999999	3.17590900	1.32145100
1.99999999	3.17590900	1.32145100
2.07999999	3.17590900	1.32145100
2.15999999	3.17590900	1.32145100
2.23999999	3.17590900	1.32145100
2.31999999	3.13150400	1.32145100
2.39999999	3.13150400	1.32145100
2.47999998	3.13150400	1.32145100
2.55999998	3.13150400	1.32145100
2.63999998	3.13150400	1.32145100
2.71999998	3.13150400	1.32145100
2.79999998	3.13150400	1.32145100
2.87999998	3.13150400	1.32145100
2.95999998	3.08725200	1.32145100
3.03999998	3.08725200	1.32145100
3.11999998	3.08725200	1.32145100
3.19999998	3.08725200	1.32145100
3.27999998	3.08725200	1.32145100
3.35999998	3.08725200	1.32145100
3.43999998	3.04284800	1.32145100
3.51999998	3.04284800	1.32145100
3.59999998	3.08725200	1.32145100
3.67999998	3.04284800	1.32145100
3.75999998	2.99859600	1.32145100
3.83999998	3.04284800	1.32145100
3.91999998	2.99859600	1.32145100
3.99999998	2.99859600	1.32145100
4.07999998	2.99859600	1.32145100
4.15999997	2.99859600	1.32145100
4.23999997	2.99859600	1.32145100
4.31999997	2.99859600	1.32145100
4.39999997	2.99859600	1.32145100
4.47999997	2.99859600	1.32145100
4.55999997	2.99859600	1.32145100
4.63999997	2.99859600	1.32145100
4.71999997	2.99859600	1.32145100
4.79999997	2.99859600	1.32145100
4.87999997	2.99859600	1.32145100
4.95999997	2.99859600	1.32145100
5.03999997	2.99859600	1.32145100
5.11999997	2.99859600	1.32145100
5.19999997	2.99859600	1.32145100
5.27999997	2.99859600	1.32145100
5.35999997	2.99859600	1.32145100
5.43999997	2.99859600	1.32145100
5.51999997	2.99859600	1.32145100
5.59999997	2.99859600	1.32145100
5.67999997	2.99859600	1.32145100
5.75999996	2.99859600	1.32145100
5.83999996	2.99859600	1.32145100
5.91999996	2.99859600	1.32145100
5.99999996	2.99859600	1.32145100
6.07999996	3.04284800	1.32145100
6.15999996	3.04284800	1.32145100
6.23999996	3.04284800	1.32145100
6.31999996	2.99859600	1.32145100
6.39999996	2.99859600	1.32145100
6.47999996	2.99859600	1.32145100
6.55999996	2.99859600	1.32145100
6.63999996	2.99859600	1.32145100
6.71999996	2.99859600	1.32145100
6.79999996	2.99859600	1.32145100
6.87999996	2.99859600	1.32145100
6.95999996	2.99859600	1.32145100
7.03999996	2.99859600	1.32145100
7.11999996	2.99859600	1.32145100
7.19999996	2.99859600	1.32145100
7.27999996	2.99859600	1.32145100
7.35999996	2.99859600	1.32145100
7.43999995	2.99859600	1.32145100
7.51999995	2.99859600	1.32145100
7.59999995	2.99859600	1.32145100
7.67999995	2.99859600	1.32145100
7.75999995	2.99859600	1.32145100
7.83999995	2.99859600	1.32145100
7.91999995	2.99859600	1.32145100
7.99999995	2.99859600	1.32145100
8.07999995	2.99859600	1.32145100
8.15999995	2.99859600	1.32145100
8.23999995	2.99859600	1.32145100
8.31999995	2.99859600	1.32145100
8.39999995	2.99859600	1.14566500
8.47999995	2.99859600	1.32145100
8.55999995	2.99859600	1.14566500
8.63999995	2.99859600	1.32145100
8.71999995	2.99859600	1.32145100
8.79999995	2.99859600	1.14566500
8.87999995	2.99859600	1.14566500
8.95999995	2.99859600	1.14566500
9.03999995	2.99859600	1.14566500
9.11999994	2.95419200	1.32145100
9.19999994	2.99859600	1.14566500
9.27999994	2.99859600	1.32145100
9.35999994	2.99859600	1.14566500
9.43999994	2.99859600	1.14566500
9.51999994	2.99859600	1.14566500
9.59999994	2.99859600	1.14566500
9.67999994	2.99859600	1.14566500
9.75999994	2.99859600	1.14566500
9.83999994	2.99859600	1.14566500
9.91999994	2.99859600	1.14566500
9.99999994	2.99859600	1.14566500
10.07999994	2.99859600	1.14566500
10.15999994	2.99859600	1.14566500
10.23999994	3.04284800	1.14566500
10.31999994	2.99859600	1.14566500
10.39999994	2.99859600	1.14566500
10.47999994	2.99859600	1.14566500
10.55999994	3.04284800	1.14566500
10.63999994	2.99859600	1.14566500
10.71999993	2.99859600	1.14566500
10.79999993	2.99859600	1.14566500
10.87999993	2.99859600	1.14566500
10.95999993	2.99859600	1.14566500
11.03999993	2.99859600	1.14566500
11.11999993	2.99859600	1.14566500
11.19999993	2.99859600	1.14566500
11.27999993	2.99859600	1.14566500
11.35999993	2.99859600	0.96987830
11.43999993	2.99859600	1.14566500
11.51999993	2.99859600	1.14566500
11.59999993	2.99859600	1.14566500
11.67999993	2.99859600	1.14566500
11.75999993	2.99859600	1.14566500
11.83999993	3.04284800	0.96987830
11.91999993	3.04284800	0.96987830
11.99999993	2.99859600	0.96987830
12.07999993	2.99859600	0.96987830
12.15999993	2.99859600	0.96987830
12.23999993	2.99859600	0.96987830
12.31999993	2.99859600	0.96987830
12.39999992	3.04284800	0.96987830
12.47999992	3.04284800	0.96987830
12.55999992	2.99859600	0.96987830
12.63999992	2.99859600	0.79470200
12.71999992	2.99859600	0.96987830
12.79999992	2.99859600	0.96987830
12.87999992	2.99859600	0.79470200
12.95999992	3.04284800	0.96987830
13.03999992	2.99859600	0.96987830
13.11999992	2.99859600	0.79470200
13.19999992	3.04284800	0.96987830
13.27999992	2.99859600	0.96987830
13.35999992	3.04284800	0.79470200
13.43999992	3.04284800	0.79470200
13.51999992	3.04284800	0.79470200
13.59999992	3.04284800	0.79470200
13.67999992	3.04284800	0.79470200
13.75999992	3.04284800	0.79470200
13.83999992	3.04284800	0.79470200
13.91999992	3.04284800	0.79470200
13.99999991	3.04284800	0.79470200
14.07999991	3.04284800	0.79470200
14.15999991	3.04284800	0.79470200
14.23999991	3.04284800	0.79470200
14.31999991	3.08725200	0.79470200
14.39999991	3.04284800	0.79470200
14.47999991	3.04284800	0.79470200
14.55999991	3.04284800	0.79470200
14.63999991	3.04284800	0.79470200
14.71999991	3.04284800	0.79470200
14.79999991	3.08725200	0.79470200
14.87999991	3.08725200	0.79470200
14.95999991	3.08725200	0.61891540
15.03999991	3.08725200	0.61891540
15.11999991	3.08725200	0.61891540
15.19999991	3.08725200	0.61891540
15.27999991	3.08725200	0.61891540
15.35999991	3.08725200	0.61891540
15.43999991	3.04284800	0.61891540
15.51999991	3.08725200	0.61891540
15.59999991	3.08725200	0.61891540
15.67999990	3.08725200	0.61891540
15.75999990	3.08725200	0.61891540
15.83999990	3.08725200	0.61891540
15.91999990	3.08725200	0.44373910
15.99999990	3.08725200	-0.43336280
16.07999990	3.08725200	-0.43336280
16.15999990	3.08725200	-0.43336280
16.23999990	3.08725200	-0.60914950
16.31999990	3.08725200	-0.60914950
16.39999990	3.08725200	-0.60914950
16.47999990	3.08725200	-0.60914950
16.55999990	3.08725200	-0.60914950
16.63999990	3.08725200	-0.78432570
16.71999990	3.08725200	-0.60914950
16.79999990	3.08725200	-0.78432570
16.87999990	3.08725200	-0.78432570
16.95999990	3.08725200	-0.78432570
17.03999990	3.08725200	-0.78432570
17.11999990	3.08725200	-0.78432570
17.19999990	3.08725200	-0.78432570
17.27999989	3.08725200	-0.78432570
17.35999989	3.08725200	-0.78432570
17.43999989	3.08725200	-0.78432570
17.51999989	3.08725200	-0.78432570
17.59999989	3.08725200	-0.78432570
17.67999989	3.08725200	-0.78432570
17.75999989	3.08725200	-0.78432570
17.83999989	3.08725200	-0.78432570
17.91999989	3.08725200	-0.78432570
17.99999989	3.08725200	-0.78432570
18.07999989	3.08725200	-0.78432570
18.15999989	3.08725200	-0.78432570
18.23999989	3.08725200	-0.78432570
18.31999989	3.08725200	-0.78432570
18.39999989	3.08725200	-0.78432570
18.47999989	3.08725200	-0.78432570
18.55999989	3.08725200	-0.78432570
18.63999989	3.08725200	-0.78432570
18.71999989	3.08725200	-0.78432570
18.79999989	3.08725200	-0.78432570
18.87999989	3.08725200	-0.78432570
18.95999988	3.04284800	-0.78432570
19.03999988	3.08725200	-0.78432570
19.11999988	3.08725200	-0.96011230
19.19999988	3.08725200	-0.78432570
19.27999988	3.04284800	-0.78432570
19.35999988	3.08725200	-0.96011230
19.43999988	3.08725200	-0.78432570
19.51999988	3.04284800	-0.78432570
19.59999988	3.08725200	-0.60914950
19.67999988	3.08725200	-0.43336280
19.75999988	3.08725200	-0.25818660
19.83999988	3.08725200	-0.08239998
19.91999988	3.08725200	0.26795250
19.99999988	3.08725200	1.67241400
20.07999988	3.08725200	1.84759100
20.15999988	3.08725200	2.72530300
20.23999988	3.08725200	1.49662800
20.31999988	3.08725200	0.09277627
20.39999988	3.04284800	-0.60914950
20.47999988	3.08725200	-0.78432570
20.55999988	3.04284800	-0.78432570
20.63999987	3.04284800	-0.78432570
20.71999987	3.08725200	-0.60914950
20.79999987	3.04284800	-0.43336280
20.87999987	3.04284800	0.26795250
20.95999987	3.04284800	2.02337700
21.03999987	3.04284800	3.07687600
21.11999987	3.04284800	4.12976500
21.19999987	2.99859600	4.12976500
21.27999987	2.99859600	-1.13589900
21.35999987	3.08725200	0.26795250
21.43999987	2.99859600	0.79470200
21.51999987	3.04284800	4.12976500
21.59999987	2.99859600	4.83230100
21.67999987	3.04284800	7.11386400
21.75999987	2.99859600	9.92278900
21.83999987	3.04284800	1.32145100
21.91999987	3.04284800	4.30555200
21.99999987	3.04284800	2.55012700
22.07999987	2.99859600	2.55012700
22.15999987	3.04284800	0.44373910
22.23999986	2.99859600	0.09277627
22.31999986	2.99859600	0.96987830
22.39999986	2.99859600	2.37434000
22.47999986	2.99859600	2.72530300
22.55999986	2.99859600	3.25205200
22.63999986	2.99859600	3.60301500
22.71999986	2.99859600	3.77880200
22.79999986	2.99859600	3.95458800
22.87999986	2.99859600	3.95458800
22.95999986	2.99859600	3.95458800
23.03999986	2.99859600	3.95458800
23.11999986	2.99859600	3.95458800
23.19999986	2.99859600	3.95458800
23.27999986	2.99859600	3.95458800
23.35999986	2.99859600	3.95458800
23.43999986	2.99859600	3.95458800
23.51999986	2.99859600	3.95458800
23.59999986	2.99859600	3.95458800
23.67999986	2.99859600	3.95458800
23.75999986	2.99859600	3.95458800
23.83999986	2.99859600	3.95458800
23.91999985	2.99859600	3.95458800
23.99999985	2.99859600	3.95458800
24.07999985	2.99859600	3.77880200
24.15999985	2.99859600	3.95458800
24.23999985	2.99859600	3.95458800
24.31999985	2.99859600	3.95458800
24.39999985	2.99859600	3.95458800
24.47999985	2.99859600	-1.66203800
24.55999985	3.04284800	0.79470200
24.63999985	2.99859600	0.61891540
24.71999985	2.99859600	0.79470200
24.79999985	2.99859600	4.48072800
24.87999985	2.95419200	4.12976500
24.95999985	2.99859600	4.83230100
25.03999985	2.95419200	13.25785000
25.11999985	2.99859600	5.35844000
25.19999985	2.99859600	3.07687600
25.27999985	2.99859600	3.42783900
25.35999985	2.99859600	2.72530300
25.43999985	2.99859600	2.37434000
25.51999984	2.99859600	2.55012700
25.59999984	2.99859600	2.55012700
25.67999984	2.99859600	2.72530300
25.75999984	2.99859600	3.07687600
25.83999984	2.99859600	3.42783900
25.91999984	2.99859600	3.42783900
25.99999984	2.99859600	3.77880200
26.07999984	2.99859600	3.77880200
26.15999984	2.95419200	3.77880200
26.23999984	2.99859600	3.95458800
26.31999984	2.99859600	3.95458800
26.39999984	2.99859600	3.95458800
26.47999984	2.99859600	3.95458800
26.55999984	2.99859600	3.95458800
26.63999984	2.99859600	3.95458800
26.71999984	2.99859600	3.95458800
26.79999984	2.99859600	3.95458800
26.87999984	2.99859600	3.95458800
26.95999984	2.99859600	3.95458800
27.03999984	2.99859600	3.95458800
27.11999984	2.99859600	3.95458800
27.19999983	2.99859600	3.95458800
27.27999983	2.99859600	3.95458800
27.35999983	2.99859600	3.95458800
27.43999983	2.99859600	3.95458800
27.51999983	2.99859600	3.77880200
27.59999983	2.99859600	3.95458800
27.67999983	2.99859600	3.95458800
27.75999983	2.99859600	3.95458800
27.83999983	2.99859600	3.95458800
27.91999983	3.04284800	-0.96011230
27.99999983	2.95419200	0.79470200
28.07999983	2.99859600	0.61891540
28.15999983	2.99859600	0.96987830
28.23999983	2.99859600	3.77880200
28.31999983	2.95419200	4.48072800
28.39999983	2.99859600	3.95458800
28.47999983	2.99859600	13.95978000
28.55999983	2.95419200	5.88519000
28.63999983	2.95419200	3.77880200
28.71999983	2.99859600	3.42783900
28.79999982	2.99859600	2.90108900
28.87999982	2.99859600	2.19916400
28.95999982	2.99859600	2.55012700
29.03999982	2.99859600	2.55012700
29.11999982	2.99859600	2.90108900
29.19999982	2.99859600	3.25205200
29.27999982	2.99859600	3.42783900
29.35999982	2.99859600	3.60301500
29.43999982	2.99859600	3.77880200
29.51999982	2.99859600	3.95458800
29.59999982	2.99859600	3.95458800
29.67999982	2.99859600	3.95458800
29.75999982	2.99859600	3.95458800
29.83999982	2.99859600	3.95458800
29.91999982	2.99859600	3.95458800
29.99999982	2.99859600	4.12976500
30.07999982	2.99859600	3.95458800
30.15999982	2.99859600	3.95458800
30.23999982	2.99859600	4.12976500
30.31999982	2.99859600	3.95458800
30.39999982	2.99859600	3.95458800
30.47999981	2.99859600	3.95458800
30.55999981	2.99859600	4.12976500
30.63999981	2.99859600	3.95458800
30.71999981	2.99859600	4.12976500
30.79999981	2.99859600	4.12976500
30.87999981	2.99859600	3.95458800
30.95999981	2.99859600	4.12976500
31.03999981	2.99859600	3.77880200
31.11999981	2.99859600	3.95458800
31.19999981	2.99859600	3.95458800
31.27999981	2.99859600	4.12976500
31.35999981	2.99859600	4.12976500
31.43999981	2.99859600	1.32145100
31.51999981	2.99859600	-0.43336280
31.59999981	2.99859600	0.44373910
31.67999981	2.99859600	0.79470200
31.75999981	2.99859600	5.88519000
31.83999981	2.99859600	2.90108900
31.91999981	2.99859600	8.34254000
31.99999981	2.95419200	10.09796000
32.07999981	2.99859600	2.02337700
32.15999980	2.99859600	4.83230100
32.23999980	2.99859600	3.60301500
32.31999980	2.99859600	4.12976500
32.39999980	2.99859600	3.60301500
32.47999980	2.99859600	3.77880200
32.55999980	2.99859600	3.77880200
32.63999980	2.99859600	3.95458800
32.71999980	2.99859600	3.95458800
32.79999980	2.99859600	4.12976500
32.87999980	2.99859600	4.12976500
32.95999980	2.99859600	4.12976500
33.03999980	2.99859600	4.12976500
33.11999980	2.99859600	4.12976500
33.19999980	2.99859600	4.12976500
33.27999980	2.99859600	4.12976500
33.35999980	2.99859600	4.12976500
33.43999980	2.99859600	4.12976500
33.51999980	2.99859600	4.12976500
33.59999980	2.99859600	4.12976500
33.67999980	2.99859600	4.12976500
33.75999979	2.99859600	4.12976500
33.83999979	2.99859600	4.12976500
33.91999979	2.99859600	4.12976500
33.99999979	2.99859600	4.12976500
34.07999979	2.99859600	4.12976500
34.15999979	2.99859600	4.12976500
34.23999979	2.99859600	4.12976500
34.31999979	2.99859600	4.12976500
34.39999979	2.99859600	4.12976500
34.47999979	2.99859600	3.95458800
34.55999979	2.99859600	4.12976500
34.63999979	2.99859600	4.12976500
34.71999979	2.99859600	4.12976500
34.79999979	2.99859600	4.12976500
34.87999979	2.99859600	4.12976500
34.95999979	2.99859600	1.67241400
35.03999979	2.95419200	0.96987830
35.11999979	2.99859600	5.18326400
35.19999979	2.95419200	5.00747700
35.27999979	2.95419200	9.57182500
35.35999979	2.99859600	4.65651400
35.43999978	2.99859600	4.48072800
35.51999978	2.99859600	4.48072800
35.59999978	2.99859600	4.12976500
35.67999978	2.99859600	4.30555200
35.75999978	2.99859600	4.12976500
35.83999978	2.99859600	4.12976500
35.91999978	2.99859600	4.30555200
35.99999978	2.99859600	4.30555200
36.07999978	2.95419200	4.30555200
36.15999978	2.99859600	4.30555200
36.23999978	2.99859600	4.30555200
36.31999978	2.99859600	4.30555200
36.39999978	2.99859600	4.30555200
36.47999978	2.99859600	4.30555200
36.55999978	2.99859600	4.30555200
36.63999978	2.99859600	4.30555200
36.71999978	2.95419200	4.30555200
36.79999978	2.99859600	4.30555200
36.87999978	2.99859600	4.30555200
36.95999978	2.99859600	4.30555200
37.03999977	2.99859600	4.30555200
37.11999977	2.99859600	4.30555200
37.19999977	2.99859600	4.30555200
37.27999977	2.99859600	4.30555200
37.35999977	2.99859600	4.30555200
37.43999977	2.99859600	3.95458800
37.51999977	2.99859600	0.26795250
37.59999977	2.99859600	0.26795250
37.67999977	2.99859600	0.26795250
37.75999977	2.99859600	0.26795250
37.83999977	2.99859600	0.09277627
37.91999977	2.99859600	-0.60914950
37.99999977	2.99859600	-0.78432570
38.07999977	2.99859600	-0.60914950
38.15999977	2.99859600	-0.60914950
38.23999977	3.04284800	-0.60914950
38.31999977	2.99859600	-0.60914950
38.39999977	2.99859600	-0.60914950
38.47999977	3.04284800	-0.43336280
38.55999977	2.99859600	-0.60914950
38.63999977	3.04284800	-0.60914950
38.71999976	2.99859600	-0.60914950
38.79999976	3.04284800	-0.60914950
38.87999976	3.04284800	-0.60914950
38.95999976	3.04284800	-0.43336280
39.03999976	3.04284800	-0.43336280
39.11999976	3.04284800	-0.43336280
39.19999976	3.04284800	-0.25818660
39.27999976	3.04284800	-0.08239998
39.35999976	3.04284800	0.26795250
39.43999976	3.04284800	0.61891540
39.51999976	3.04284800	0.61891540
39.59999976	3.04284800	0.61891540
39.67999976	3.04284800	0.61891540
39.75999976	3.04284800	0.61891540
39.83999976	3.04284800	0.61891540
39.91999976	3.04284800	0.79470200
39.99999976	2.99859600	0.61891540
40.07999976	3.04284800	0.79470200
40.15999976	3.04284800	0.79470200
40.23999976	3.04284800	0.79470200
40.31999975	3.04284800	0.79470200
40.39999975	3.04284800	0.79470200
40.47999975	2.99859600	0.79470200
40.55999975	2.99859600	0.79470200
40.63999975	2.99859600	0.79470200
40.71999975	2.99859600	0.79470200
40.79999975	3.04284800	6.76290200
40.87999975	2.99859600	7.28965100
40.95999975	3.04284800	5.53422600
41.03999975	2.99859600	6.06097600
41.11999975	2.99859600	5.88519000
41.19999975	2.99859600	6.06097600
41.27999975	2.99859600	5.88519000
41.35999975	2.99859600	5.88519000
41.43999975	2.99859600	5.88519000
41.51999975	2.99859600	5.53422600
41.59999975	2.99859600	6.23615200
41.67999975	2.99859600	5.88519000
41.75999975	2.95419200	5.88519000
41.83999975	2.99859600	5.88519000
41.91999975	2.99859600	6.06097600
41.99999974	2.99859600	6.93868800
42.07999974	2.95419200	8.34254000
42.15999974	2.99859600	5.88519000
42.23999974	2.99859600	6.41193900
42.31999974	2.99859600	5.88519000
42.39999974	2.99859600	6.23615200
42.47999974	2.99859600	6.06097600
42.55999974	2.99859600	6.06097600
42.63999974	2.95419200	6.06097600
42.71999974	2.99859600	6.23615200
42.79999974	2.99859600	6.06097600
42.87999974	2.99859600	6.06097600
42.95999974	2.99859600	6.06097600
43.03999974	2.95419200	6.23615200
43.11999974	2.99859600	6.06097600
43.19999974	2.99859600	6.06097600
43.27999974	2.99859600	6.06097600
43.35999974	2.99859600	6.06097600
43.43999974	2.99859600	6.23615200
43.51999974	2.99859600	6.06097600
43.59999974	2.99859600	6.06097600
43.67999973	2.99859600	6.23615200
43.75999973	2.99859600	6.06097600
43.83999973	2.99859600	6.06097600
43.91999973	2.99859600	6.06097600
43.99999973	2.99859600	6.06097600
44.07999973	2.99859600	6.06097600
44.15999973	2.99859600	6.23615200
44.23999973	2.99859600	6.06097600
44.31999973	2.99859600	6.23615200
44.39999973	2.99859600	6.23615200
44.47999973	2.99859600	6.23615200
44.55999973	2.99859600	6.06097600
44.63999973	2.99859600	6.06097600
44.71999973	2.99859600	6.23615200
44.79999973	2.99859600	6.06097600
44.87999973	2.99859600	6.06097600
44.95999973	2.99859600	6.06097600
45.03999973	2.95419200	6.06097600
45.11999973	2.99859600	6.06097600
45.19999973	2.99859600	6.06097600
45.27999972	2.99859600	6.06097600
45.35999972	2.99859600	6.06097600
45.43999972	2.95419200	6.06097600
45.51999972	2.95419200	6.06097600
45.59999972	2.95419200	6.06097600
45.67999972	2.95419200	6.06097600
45.75999972	2.95419200	6.06097600
45.83999972	2.95419200	6.06097600
45.91999972	2.99859600	6.06097600
45.99999972	2.99859600	6.06097600
46.07999972	2.99859600	6.06097600
46.15999972	2.99859600	6.06097600
46.23999972	2.95419200	6.06097600
46.31999972	2.95419200	6.06097600
46.39999972	2.95419200	6.06097600
46.47999972	2.95419200	6.06097600
46.55999972	2.95419200	6.06097600
46.63999972	2.95419200	6.06097600
46.71999972	2.95419200	5.88519000
46.79999972	2.99859600	5.88519000
46.87999972	2.95419200	5.88519000
46.95999971	2.99859600	6.06097600
47.03999971	2.99859600	5.88519000
47.11999971	2.99859600	5.88519000
47.19999971	2.99859600	5.88519000
47.27999971	2.99859600	5.88519000
47.35999971	2.95419200	5.88519000
47.43999971	2.99859600	6.06097600
47.51999971	2.99859600	5.88519000
47.59999971	2.99859600	6.06097600
47.67999971	2.99859600	5.88519000
47.75999971	2.99859600	6.06097600
47.83999971	2.99859600	5.88519000
47.91999971	2.99859600	6.06097600
47.99999971	2.95419200	5.88519000
48.07999971	2.99859600	6.06097600
48.15999971	2.95419200	5.88519000
48.23999971	2.99859600	5.88519000
48.31999971	2.99859600	5.88519000
48.39999971	2.99859600	5.88519000
48.47999971	2.99859600	5.88519000
48.55999970	2.99859600	5.88519000
48.63999970	2.99859600	5.88519000
48.71999970	2.99859600	5.88519000
48.79999970	2.99859600	5.88519000
48.87999970	2.99859600	5.88519000
48.95999970	2.99859600	5.88519000
49.03999970	2.99859600	5.88519000
49.11999970	2.99859600	5.88519000
49.19999970	2.99859600	5.88519000
49.27999970	2.99859600	5.88519000
49.35999970	2.99859600	5.88519000
49.43999970	2.99859600	5.88519000
49.51999970	2.99859600	5.88519000
49.59999970	2.99859600	5.88519000
49.67999970	2.99859600	5.88519000
49.75999970	2.99859600	5.88519000
49.83999970	2.99859600	5.88519000
49.91999970	2.99859600	5.88519000
49.99999970	2.95419200	5.88519000
50.07999970	2.95419200	5.88519000
50.15999970	2.95419200	5.88519000
50.23999969	2.95419200	5.88519000
50.31999969	2.95419200	5.88519000
50.39999969	2.95419200	5.88519000
50.47999969	2.99859600	5.88519000
50.55999969	2.95419200	5.88519000
50.63999969	2.99859600	5.71001300
50.71999969	2.95419200	5.88519000
50.79999969	2.95419200	5.71001300
50.87999969	2.95419200	5.71001300
50.95999969	2.95419200	5.88519000
51.03999969	2.99859600	5.71001300
51.11999969	2.95419200	5.71001300
51.19999969	2.99859600	5.71001300
51.27999969	2.99859600	5.88519000
51.35999969	2.95419200	5.71001300
51.43999969	2.95419200	5.71001300
51.51999969	2.99859600	5.71001300
51.59999969	2.99859600	5.71001300
51.67999969	2.99859600	5.71001300
51.75999969	2.99859600	5.71001300
51.83999968	2.99859600	5.71001300
51.91999968	2.95419200	5.71001300
51.99999968	2.95419200	5.71001300
52.07999968	2.95419200	5.71001300
52.15999968	2.99859600	5.88519000
52.23999968	2.99859600	5.71001300
52.31999968	2.99859600	5.71001300
52.39999968	2.99859600	5.71001300
52.47999968	2.95419200	5.71001300
52.55999968	2.99859600	5.71001300
52.63999968	2.99859600	5.53422600
52.71999968	2.99859600	5.71001300
52.79999968	2.95419200	5.71001300
52.87999968	2.95419200	5.71001300
52.95999968	2.99859600	5.71001300
53.03999968	2.99859600	5.71001300
53.11999968	2.99859600	5.53422600
53.19999968	2.99859600	5.71001300
53.27999968	2.99859600	5.53422600
53.35999968	2.95419200	5.53422600
53.43999968	2.99859600	5.71001300
53.51999967	2.99859600	5.53422600
53.59999967	2.99859600	5.53422600
53.67999967	2.95419200	5.53422600
53.75999967	2.99859600	5.53422600
53.83999967	2.95419200	5.53422600
53.91999967	2.99859600	5.53422600
53.99999967	2.95419200	5.53422600
54.07999967	2.99859600	5.53422600
54.15999967	2.99859600	5.53422600
54.23999967	2.95419200	5.53422600
54.31999967	2.95419200	5.53422600
54.39999967	2.95419200	5.53422600
54.47999967	2.95419200	5.53422600
54.55999967	2.95419200	5.35844000
54.63999967	2.95419200	5.00747700
54.71999967	2.95419200	4.48072800
54.79999967	2.95419200	4.48072800
54.87999967	2.95419200	4.48072800
54.95999967	2.95419200	4.48072800
55.03999967	2.95419200	4.48072800
55.11999967	2.95419200	4.48072800
55.19999966	2.99859600	4.48072800
55.27999966	2.95419200	4.48072800
55.35999966	2.95419200	4.48072800
55.43999966	2.95419200	4.48072800
55.51999966	2.95419200	4.48072800
55.59999966	2.95419200	4.48072800
55.67999966	2.95419200	4.48072800
55.75999966	2.95419200	4.48072800
55.83999966	2.99859600	4.48072800
55.91999966	2.99859600	4.48072800
55.99999966	2.99859600	4.48072800
56.07999966	2.95419200	4.48072800
56.15999966	2.99859600	4.48072800
56.23999966	2.99859600	4.48072800
56.31999966	2.95419200	4.48072800
56.39999966	2.95419200	4.30555200
56.47999966	2.95419200	4.30555200
56.55999966	2.95419200	4.48072800
56.63999966	2.99859600	4.48072800
56.71999966	2.95419200	4.48072800
56.79999965	2.95419200	4.48072800
56.87999965	2.95419200	4.48072800
56.95999965	2.99859600	4.48072800
57.03999965	2.99859600	4.48072800
57.11999965	2.99859600	4.48072800
57.19999965	2.99859600	4.48072800
57.27999965	2.99859600	4.48072800
57.35999965	2.95419200	4.48072800
57.43999965	2.99859600	4.48072800
57.51999965	2.99859600	4.48072800
57.59999965	2.99859600	4.48072800
57.67999965	2.95419200	4.48072800
57.75999965	2.99859600	4.48072800
57.83999965	2.99859600	4.48072800
57.91999965	2.95419200	4.48072800
57.99999965	2.95419200	4.48072800
58.07999965	2.95419200	4.48072800
58.15999965	2.99859600	4.48072800
58.23999965	2.95419200	4.48072800
58.31999965	2.95419200	4.48072800
58.39999965	2.95419200	4.48072800
58.47999964	2.99859600	4.48072800
58.55999964	2.95419200	4.48072800
58.63999964	2.95419200	4.30555200
58.71999964	2.99859600	4.48072800
58.79999964	2.95419200	4.48072800
58.87999964	2.99859600	4.48072800
58.95999964	2.95419200	4.48072800
59.03999964	2.99859600	4.48072800
59.11999964	2.95419200	4.48072800
59.19999964	2.95419200	4.48072800
59.27999964	2.95419200	4.30555200
59.35999964	2.95419200	4.48072800
59.43999964	2.95419200	4.30555200
59.51999964	2.95419200	4.30555200
59.59999964	2.95419200	4.48072800
59.67999964	2.99859600	4.48072800
59.75999964	2.99859600	4.30555200
59.83999964	2.95419200	4.48072800
59.91999964	2.95419200	4.30555200
59.99999964	2.95419200	4.48072800
60.07999963	2.95419200	4.48072800
60.15999963	2.95419200	4.48072800
60.23999963	2.95419200	4.12976500
60.31999963	2.99859600	3.77880200
60.39999963	2.95419200	0.79470200
60.47999963	2.95419200	0.61891540
60.55999963	2.99859600	0.44373910
60.63999963	2.99859600	0.44373910
60.71999963	2.99859600	0.61891540
60.79999963	2.95419200	0.61891540
60.87999963	2.95419200	0.79470200
60.95999963	2.95419200	0.79470200
61.03999963	2.95419200	0.61891540
61.11999963	2.95419200	0.79470200
61.19999963	2.99859600	0.61891540
61.27999963	2.99859600	0.79470200
61.35999963	2.99859600	0.61891540
61.43999963	2.95419200	0.61891540
61.51999963	2.95419200	0.79470200
61.59999963	2.99859600	0.79470200
61.67999963	2.95419200	0.61891540
61.75999962	2.99859600	0.61891540
61.83999962	2.99859600	0.79470200
61.91999962	2.99859600	0.79470200
61.99999962	2.95419200	0.79470200
62.07999962	2.95419200	0.79470200
62.15999962	2.95419200	0.79470200
62.23999962	2.95419200	0.79470200
62.31999962	2.99859600	0.79470200
62.39999962	2.99859600	0.79470200
62.47999962	2.95419200	0.61891540
62.55999962	2.95419200	0.79470200
62.63999962	2.99859600	0.79470200
62.71999962	2.99859600	0.79470200
62.79999962	2.99859600	0.79470200
62.87999962	2.99859600	0.79470200
62.95999962	2.95419200	0.79470200
63.03999962	2.99859600	0.79470200
63.11999962	2.95419200	0.79470200
63.19999962	2.95419200	0.79470200
63.27999962	2.95419200	0.79470200
63.35999961	2.95419200	0.79470200
63.43999961	2.99859600	0.79470200
63.51999961	2.99859600	0.79470200
63.59999961	2.95419200	0.79470200
63.67999961	2.99859600	0.79470200
63.75999961	2.95419200	0.79470200
63.83999961	2.95419200	0.79470200
63.91999961	2.99859600	0.79470200
63.99999961	2.99859600	0.79470200
64.07999961	2.95419200	0.79470200
64.15999961	2.99859600	0.79470200
64.23999961	2.99859600	0.79470200
64.31999961	2.95419200	0.96987830
64.39999961	2.95419200	0.79470200
64.47999961	2.95419200	0.79470200
64.55999961	2.99859600	0.79470200
64.63999961	2.95419200	0.79470200
64.71999961	2.95419200	0.79470200
64.79999961	2.95419200	0.79470200
64.87999961	2.95419200	0.96987830
64.95999961	2.95419200	0.96987830
65.03999960	2.95419200	0.79470200
65.11999960	2.99859600	0.79470200
65.19999960	2.95419200	0.96987830
65.27999960	2.95419200	0.96987830
65.35999960	2.99859600	0.79470200
65.43999960	2.95419200	0.96987830
65.51999960	2.99859600	0.96987830
65.59999960	2.95419200	0.79470200
65.67999960	2.95419200	0.96987830
65.75999960	2.95419200	0.79470200
65.83999960	2.95419200	0.79470200
65.91999960	2.99859600	0.79470200
65.99999960	2.95419200	0.79470200
66.07999960	2.99859600	0.96987830
66.15999960	2.95419200	0.79470200
66.23999960	2.99859600	0.96987830
66.31999960	2.99859600	0.96987830
66.39999960	2.99859600	0.96987830
66.47999960	2.95419200	0.79470200
66.55999960	2.99859600	0.79470200
66.63999959	2.99859600	0.79470200
66.71999959	2.99859600	0.79470200
66.79999959	2.99859600	0.96987830
66.87999959	2.99859600	0.96987830
66.95999959	2.95419200	0.96987830
67.03999959	2.99859600	0.79470200
67.11999959	2.95419200	0.79470200
67.19999959	2.95419200	0.79470200
67.27999959	2.95419200	0.79470200
67.35999959	2.95419200	0.79470200
67.43999959	2.95419200	0.96987830
67.51999959	2.99859600	0.96987830
67.59999959	2.95419200	0.96987830
67.67999959	2.95419200	0.96987830
67.75999959	2.95419200	0.96987830
67.83999959	2.95419200	0.96987830
67.91999959	2.99859600	0.96987830
67.99999959	2.95419200	0.96987830
68.07999959	2.95419200	0.96987830
68.15999959	2.95419200	0.79470200
68.23999959	2.95419200	0.96987830
68.31999958	2.99859600	0.96987830
68.39999958	2.95419200	0.96987830
68.47999958	2.95419200	0.96987830
68.55999958	2.95419200	0.96987830
68.63999958	2.95419200	0.96987830
68.71999958	2.95419200	0.96987830
68.79999958	2.95419200	0.79470200
68.87999958	2.99859600	0.96987830
68.95999958	2.99859600	0.96987830
69.03999958	2.95419200	0.96987830
69.11999958	2.95419200	0.96987830
69.19999958	2.95419200	0.96987830
69.27999958	2.99859600	0.96987830
69.35999958	2.99859600	0.96987830
69.43999958	2.99859600	0.96987830
69.51999958	2.99859600	0.96987830
69.59999958	2.95419200	0.96987830
69.67999958	2.95419200	0.96987830
69.75999958	2.95419200	0.96987830
69.83999958	2.99859600	0.96987830
69.91999958	2.95419200	0.96987830
69.99999957	2.99859600	0.96987830
70.07999957	2.95419200	0.79470200
70.15999957	2.95419200	0.96987830
70.23999957	2.95419200	0.96987830
70.31999957	2.95419200	0.96987830
70.39999957	2.99859600	0.96987830
70.47999957	2.95419200	0.96987830
70.55999957	2.99859600	0.79470200
70.63999957	2.95419200	0.96987830
70.71999957	2.95419200	0.96987830
70.79999957	2.95419200	0.79470200
70.87999957	2.95419200	0.96987830
70.95999957	2.95419200	0.96987830
71.03999957	2.95419200	0.96987830
71.11999957	2.95419200	0.96987830
71.19999957	2.95419200	0.96987830
71.27999957	2.95419200	0.96987830
71.35999957	2.95419200	0.96987830
71.43999957	2.95419200	0.96987830
71.51999957	2.95419200	0.79470200
71.59999956	2.95419200	0.96987830
71.67999956	2.99859600	0.96987830
71.75999956	2.95419200	0.96987830
71.83999956	2.99859600	0.96987830
71.91999956	2.95419200	0.96987830
71.99999956	2.95419200	0.79470200
72.07999956	2.95419200	0.96987830
72.15999956	2.95419200	0.96987830
72.23999956	2.99859600	0.96987830
72.31999956	2.95419200	0.96987830
72.39999956	2.95419200	0.96987830
72.47999956	2.95419200	0.96987830
72.55999956	2.95419200	0.79470200
72.63999956	2.95419200	0.96987830
72.71999956	2.95419200	0.96987830
72.79999956	2.95419200	0.96987830
72.87999956	2.95419200	0.96987830
72.95999956	2.95419200	0.96987830
73.03999956	2.95419200	0.96987830
73.11999956	2.95419200	0.79470200
73.19999956	2.95419200	0.96987830
73.27999955	2.95419200	0.96987830
73.35999955	2.95419200	0.96987830
73.43999955	2.95419200	0.96987830
73.51999955	2.95419200	0.79470200
73.59999955	2.95419200	0.96987830
73.67999955	2.95419200	0.79470200
73.75999955	2.99859600	0.96987830
73.83999955	2.95419200	0.96987830
73.91999955	2.95419200	0.96987830
73.99999955	2.95419200	0.96987830
74.07999955	2.95419200	0.96987830
74.15999955	2.95419200	0.96987830
74.23999955	2.95419200	0.96987830
74.31999955	2.95419200	0.96987830
74.39999955	2.95419200	0.96987830
74.47999955	2.95419200	0.96987830
74.55999955	2.95419200	0.96987830
74.63999955	2.95419200	0.79470200
74.71999955	2.95419200	0.79470200
74.79999955	2.95419200	0.96987830
74.87999954	2.95419200	0.79470200
74.95999954	2.95419200	0.79470200
75.03999954	2.95419200	0.96987830
75.11999954	2.95419200	0.96987830
75.19999954	2.95419200	0.79470200
75.27999954	2.99859600	0.96987830
75.35999954	2.95419200	0.79470200
75.43999954	2.95419200	0.79470200
75.51999954	2.95419200	0.79470200
75.59999954	2.95419200	0.96987830
75.67999954	2.95419200	0.79470200
75.75999954	2.99859600	0.96987830
75.83999954	2.95419200	0.96987830
75.91999954	2.95419200	0.79470200
75.99999954	2.95419200	0.96987830
76.07999954	2.95419200	0.79470200
76.15999954	2.95419200	0.96987830
76.23999954	2.95419200	0.96987830
76.31999954	2.99859600	0.79470200
76.39999954	2.95419200	0.96987830
76.47999954	2.95419200	0.79470200
76.55999953	2.95419200	0.79470200
76.63999953	2.95419200	0.79470200
76.71999953	2.95419200	0.79470200
76.79999953	2.95419200	0.79470200
76.87999953	2.95419200	0.79470200
76.95999953	2.95419200	0.96987830
77.03999953	2.99859600	0.79470200
77.11999953	2.95419200	0.79470200
77.19999953	2.95419200	0.96987830
77.27999953	2.95419200	0.79470200
77.35999953	2.95419200	0.79470200
77.43999953	2.95419200	0.96987830
77.51999953	2.95419200	0.79470200
77.59999953	2.95419200	0.79470200
77.67999953	2.95419200	0.79470200
77.75999953	2.95419200	0.79470200
77.83999953	2.95419200	0.79470200
77.91999953	2.95419200	0.79470200
77.99999953	2.95419200	0.79470200
78.07999953	2.95419200	0.79470200
78.15999952	2.95419200	0.79470200
78.23999952	2.99859600	0.79470200
78.31999952	2.95419200	0.79470200
78.39999952	2.95419200	0.79470200
78.47999952	2.95419200	0.79470200
78.55999952	2.95419200	0.79470200
78.63999952	2.95419200	0.79470200
78.71999952	2.95419200	0.79470200
78.79999952	2.95419200	0.79470200
78.87999952	2.95419200	0.79470200
78.95999952	2.95419200	0.79470200
79.03999952	2.95419200	0.79470200
79.11999952	2.95419200	0.79470200
79.19999952	2.95419200	0.79470200
79.27999952	2.95419200	0.79470200
79.35999952	2.95419200	0.79470200
79.43999952	2.95419200	0.79470200
79.51999952	2.95419200	0.79470200
79.59999952	2.99859600	0.79470200
79.67999952	2.95419200	0.79470200
79.75999952	2.95419200	0.79470200
79.83999951	2.95419200	0.61891540
79.91999951	2.95419200	0.79470200
79.99999951	2.95419200	0.79470200
80.07999951	2.95419200	0.79470200
80.15999951	2.95419200	0.79470200
80.23999951	2.95419200	0.79470200
80.31999951	2.95419200	0.79470200
80.39999951	2.95419200	0.61891540
80.47999951	2.95419200	0.61891540
80.55999951	2.95419200	0.79470200
80.63999951	2.95419200	0.96987830
80.71999951	2.95419200	8.34254000
80.79999951	2.95419200	5.71001300
80.87999951	2.95419200	6.06097600
80.95999951	2.99859600	5.88519000
81.03999951	2.95419200	5.88519000
81.11999951	2.95419200	5.53422600
81.19999951	2.95419200	5.88519000
81.27999951	2.95419200	5.53422600
81.35999951	2.95419200	5.88519000
81.43999951	2.95419200	5.71001300
81.51999950	2.95419200	5.71001300
81.59999950	2.95419200	5.71001300
81.67999950	2.95419200	6.58711500
81.75999950	2.95419200	5.00747700
81.83999950	2.99859600	5.53422600
81.91999950	3.04284800	5.35844000
81.99999950	2.99859600	5.35844000
82.07999950	2.99859600	5.00747700
82.15999950	2.99859600	4.12976500
82.23999950	2.99859600	4.48072800
82.31999950	2.99859600	4.12976500
82.39999950	3.04284800	4.30555200
82.47999950	3.04284800	4.30555200
82.55999950	2.99859600	4.12976500
82.63999950	2.99859600	4.12976500
82.71999950	2.99859600	4.12976500
82.79999950	3.04284800	4.12976500
82.87999950	3.04284800	4.12976500
82.95999950	2.99859600	4.12976500
83.03999950	3.04284800	4.12976500
83.11999949	3.04284800	4.12976500
83.19999949	3.04284800	4.12976500
83.27999949	2.99859600	3.95458800
83.35999949	2.99859600	3.95458800
83.43999949	2.99859600	4.12976500
83.51999949	2.99859600	3.95458800
83.59999949	2.99859600	4.12976500
83.67999949	3.04284800	3.95458800
83.75999949	3.04284800	3.95458800
83.83999949	2.99859600	3.95458800
83.91999949	2.99859600	3.95458800
83.99999949	2.99859600	3.95458800
84.07999949	3.04284800	3.95458800
84.15999949	3.04284800	3.95458800
84.23999949	2.99859600	3.95458800
84.31999949	3.04284800	3.95458800
84.39999949	3.04284800	3.95458800
84.47999949	3.04284800	3.95458800
84.55999949	3.04284800	3.95458800
84.63999949	3.04284800	3.77880200
84.71999949	3.04284800	3.95458800
84.79999948	2.99859600	3.95458800
84.87999948	2.99859600	3.77880200
84.95999948	2.99859600	3.95458800
85.03999948	3.04284800	3.95458800
85.11999948	3.04284800	3.77880200
85.19999948	2.99859600	3.77880200
85.27999948	3.04284800	3.77880200
85.35999948	3.04284800	3.77880200
85.43999948	3.04284800	3.77880200
85.51999948	2.99859600	3.77880200
85.59999948	2.99859600	3.60301500
85.67999948	3.04284800	3.77880200
85.75999948	2.99859600	3.77880200
85.83999948	2.99859600	3.77880200
85.91999948	2.99859600	3.60301500
85.99999948	2.99859600	3.77880200
86.07999948	2.99859600	3.77880200
86.15999948	2.99859600	3.60301500
86.23999948	2.99859600	3.60301500
86.31999948	2.99859600	3.60301500
86.39999947	2.99859600	3.60301500
86.47999947	2.99859600	3.60301500
86.55999947	2.99859600	3.60301500
86.63999947	2.99859600	3.60301500
86.71999947	2.99859600	3.42783900
86.79999947	2.99859600	3.60301500
86.87999947	2.99859600	3.60301500
86.95999947	2.99859600	3.60301500
87.03999947	2.99859600	3.60301500
87.11999947	2.99859600	3.60301500
87.19999947	2.99859600	3.60301500
87.27999947	2.99859600	3.60301500
87.35999947	2.99859600	3.60301500
87.43999947	2.99859600	3.42783900
87.51999947	2.95419200	3.42783900
87.59999947	2.99859600	3.60301500
87.67999947	2.99859600	3.42783900
87.75999947	2.99859600	3.60301500
87.83999947	2.95419200	3.42783900
87.91999947	2.95419200	3.42783900
87.99999947	2.95419200	3.60301500
88.07999946	2.99859600	3.42783900
88.15999946	2.99859600	3.60301500
88.23999946	2.95419200	3.42783900
88.31999946	2.95419200	3.42783900
88.39999946	2.95419200	3.60301500
88.47999946	2.99859600	3.42783900
88.55999946	2.95419200	3.42783900
88.63999946	2.95419200	3.42783900
88.71999946	2.99859600	3.42783900
88.79999946	2.95419200	3.42783900
88.87999946	2.99859600	3.42783900
88.95999946	2.99859600	3.42783900
89.03999946	2.95419200	3.42783900
89.11999946	2.95419200	3.42783900
89.19999946	2.95419200	3.42783900
89.27999946	2.95419200	3.42783900
89.35999946	2.95419200	3.42783900
89.43999946	2.95419200	3.42783900
89.51999946	2.95419200	3.42783900
89.59999946	2.95419200	3.42783900
89.67999945	2.95419200	3.42783900
89.75999945	2.95419200	3.42783900
89.83999945	2.95419200	3.42783900
89.91999945	2.95419200	3.42783900
89.99999945	2.95419200	3.42783900
90.07999945	2.95419200	3.42783900
90.15999945	2.99859600	3.42783900
90.23999945	2.95419200	3.42783900
90.31999945	2.95419200	3.42783900
90.39999945	2.95419200	3.42783900
90.47999945	2.95419200	3.42783900
90.55999945	2.95419200	3.42783900
90.63999945	2.95419200	3.42783900
90.71999945	2.95419200	3.42783900
90.79999945	2.95419200	3.42783900
90.87999945	2.95419200	3.42783900
90.95999945	2.95419200	3.42783900
91.03999945	2.95419200	3.42783900
91.11999945	2.95419200	3.42783900
91.19999945	2.95419200	3.42783900
91.27999945	2.95419200	3.42783900
91.35999944	2.99859600	3.42783900
91.43999944	2.95419200	3.42783900
91.51999944	2.95419200	3.42783900
91.59999944	2.95419200	3.42783900
91.67999944	2.95419200	3.42783900
91.75999944	2.95419200	3.42783900
91.83999944	2.95419200	3.42783900
91.91999944	2.95419200	3.42783900
91.99999944	2.95419200	3.42783900
92.07999944	2.95419200	3.42783900
92.15999944	2.99859600	3.25205200
92.23999944	2.95419200	3.42783900
92.31999944	2.95419200	3.42783900
92.39999944	2.95419200	3.42783900
92.47999944	2.95419200	3.42783900
92.55999944	2.95419200	3.42783900
92.63999944	2.95419200	3.42783900
92.71999944	2.95419200	3.42783900
92.79999944	2.95419200	3.42783900
92.87999944	2.95419200	3.42783900
92.95999944	2.95419200	3.42783900
93.03999943	2.95419200	3.25205200
93.11999943	2.95419200	3.42783900
93.19999943	2.95419200	3.42783900
93.27999943	2.95419200	3.42783900
93.35999943	2.95419200	3.42783900
93.43999943	2.95419200	3.42783900
93.51999943	2.95419200	3.42783900
93.59999943	2.95419200	3.42783900
93.67999943	2.99859600	3.42783900
93.75999943	2.95419200	3.42783900
93.83999943	2.95419200	3.42783900
93.91999943	2.95419200	3.42783900
93.99999943	2.95419200	3.42783900
94.07999943	2.95419200	3.42783900
94.15999943	2.95419200	3.42783900
94.23999943	2.95419200	3.42783900
94.31999943	2.95419200	3.42783900
94.39999943	2.95419200	3.42783900
94.47999943	2.95419200	3.42783900
94.55999943	2.95419200	3.42783900
94.63999942	2.95419200	3.42783900
94.71999942	2.95419200	3.42783900
94.79999942	2.95419200	3.42783900
94.87999942	2.95419200	3.42783900
94.95999942	2.95419200	3.42783900
95.03999942	2.95419200	3.42783900
95.11999942	2.95419200	3.42783900
95.19999942	2.95419200	3.42783900
95.27999942	2.95419200	3.42783900
95.35999942	2.99859600	3.42783900
95.43999942	2.95419200	3.42783900
95.51999942	2.95419200	3.42783900
95.59999942	2.95419200	3.42783900
95.67999942	2.95419200	3.42783900
95.75999942	2.95419200	3.42783900
95.83999942	2.95419200	3.42783900
95.91999942	2.95419200	3.42783900
95.99999942	2.95419200	3.42783900
96.07999942	2.95419200	3.42783900
96.15999942	2.95419200	3.42783900
96.23999942	2.95419200	3.42783900
96.31999941	2.95419200	3.42783900
96.39999941	2.95419200	3.42783900
96.47999941	2.95419200	3.42783900
96.55999941	2.95419200	3.60301500
96.63999941	2.95419200	3.60301500
96.71999941	2.95419200	3.42783900
96.79999941	2.95419200	3.60301500
96.87999941	2.95419200	3.42783900
96.95999941	2.95419200	3.42783900
97.03999941	2.95419200	3.60301500
97.11999941	2.95419200	3.60301500
97.19999941	2.95419200	3.60301500
97.27999941	2.95419200	3.60301500
97.35999941	2.95419200	3.60301500
97.43999941	2.95419200	3.60301500
97.51999941	2.95419200	3.60301500
97.59999941	2.95419200	3.60301500
97.67999941	2.95419200	3.60301500
97.75999941	2.95419200	3.60301500
97.83999941	2.95419200	3.60301500
97.91999940	2.95419200	3.60301500
97.99999940	2.95419200	3.60301500
98.07999940	2.95419200	3.60301500
98.15999940	2.95419200	3.77880200
98.23999940	2.95419200	3.77880200
98.31999940	2.95419200	3.60301500
98.39999940	2.95419200	3.60301500
98.47999940	2.95419200	3.60301500
98.55999940	2.99859600	3.77880200
98.63999940	2.95419200	3.77880200
98.71999940	2.95419200	3.77880200
98.79999940	2.99859600	3.77880200
98.87999940	2.95419200	3.77880200
98.95999940	2.95419200	3.77880200
99.03999940	2.95419200	3.77880200
99.11999940	2.95419200	3.77880200
99.19999940	2.95419200	3.77880200
99.27999940	2.95419200	3.77880200
99.35999940	2.95419200	3.77880200
99.43999940	2.95419200	3.77880200
99.51999940	2.95419200	3.77880200
99.59999939	2.95419200	3.77880200
99.67999939	2.95419200	3.77880200
99.75999939	2.95419200	3.95458800
99.83999939	2.95419200	3.95458800
99.91999939	2.95419200	3.95458800
99.99999939	2.95419200	3.95458800
100.07999939	2.95419200	3.95458800
100.15999939	2.95419200	3.95458800
100.23999939	2.95419200	3.95458800
100.31999939	2.95419200	3.95458800
100.39999939	2.99859600	3.95458800
100.47999939	2.95419200	3.95458800
100.55999939	2.99859600	3.95458800
100.63999939	2.95419200	3.95458800
100.71999939	2.99859600	4.12976500
100.79999939	2.95419200	3.95458800
100.87999939	2.95419200	4.12976500
100.95999939	2.99859600	10.09796000
101.03999939	2.90978700	5.53422600
101.11999939	2.99859600	3.95458800
101.19999938	2.95419200	4.48072800
101.27999938	2.95419200	4.12976500
101.35999938	2.95419200	4.30555200
101.43999938	2.95419200	3.95458800
101.51999938	2.95419200	1.32145100
101.59999938	2.99859600	0.26795250
101.67999938	2.99859600	0.26795250
101.75999938	2.99859600	0.09277627
101.83999938	2.99859600	-0.08239998
101.91999938	2.99859600	-0.60914950
101.99999938	2.99859600	-0.78432570
102.07999938	3.04284800	-0.78432570
102.15999938	3.04284800	-0.78432570
102.23999938	3.04284800	-0.78432570
102.31999938	3.04284800	-0.78432570
102.39999938	3.04284800	-0.60914950
102.47999938	3.04284800	-0.60914950
102.55999938	3.04284800	-0.60914950
102.63999938	3.04284800	-0.60914950
102.71999938	3.08725200	-0.60914950
102.79999938	3.08725200	-0.43336280
102.87999937	3.08725200	-0.43336280
102.95999937	3.08725200	-0.43336280
103.03999937	3.08725200	-0.43336280
103.11999937	3.08725200	-0.43336280
103.19999937	3.08725200	-0.25818660
103.27999937	3.08725200	-0.25818660
103.35999937	3.08725200	-0.08239998
103.43999937	3.08725200	0.61891540
103.51999937	3.08725200	0.79470200
103.59999937	3.08725200	0.61891540
103.67999937	3.08725200	0.79470200
103.75999937	3.08725200	0.79470200
103.83999937	3.13150400	0.79470200
103.91999937	3.08725200	0.79470200
103.99999937	3.08725200	0.79470200
104.07999937	3.13150400	0.79470200
104.15999937	3.08725200	0.79470200
104.23999937	3.08725200	0.79470200
104.31999937	3.13150400	0.79470200
104.39999937	3.13150400	0.79470200
104.47999937	3.08725200	0.79470200
104.55999936	3.13150400	0.79470200
104.63999936	3.13150400	0.79470200
104.71999936	3.13150400	0.79470200
104.79999936	3.13150400	0.79470200
104.87999936	3.13150400	0.79470200
104.95999936	3.13150400	0.79470200
105.03999936	3.13150400	0.96987830
105.11999936	3.13150400	0.96987830
105.19999936	3.13150400	0.79470200
105.27999936	3.13150400	0.96987830
105.35999936	3.13150400	0.96987830
105.43999936	3.13150400	0.96987830
105.51999936	3.13150400	0.96987830
105.59999936	3.13150400	0.96987830
105.67999936	3.13150400	0.96987830
105.75999936	3.13150400	0.96987830
105.83999936	3.13150400	0.96987830
105.91999936	3.13150400	0.96987830
105.99999936	3.13150400	0.96987830
106.07999936	3.13150400	0.96987830
106.15999935	3.13150400	0.96987830
106.23999935	3.13150400	0.96987830
106.31999935	3.13150400	0.96987830
106.39999935	3.13150400	0.96987830
106.47999935	3.13150400	0.96987830
106.55999935	3.13150400	0.96987830
106.63999935	3.13150400	0.96987830
106.71999935	3.13150400	0.96987830
106.79999935	3.13150400	0.96987830
106.87999935	3.13150400	1.14566500
106.95999935	3.13150400	0.96987830
107.03999935	3.13150400	0.96987830
107.11999935	3.13150400	0.96987830
107.19999935	3.13150400	0.96987830
107.27999935	3.13150400	0.96987830
107.35999935	3.13150400	0.96987830
107.43999935	3.13150400	1.14566500
107.51999935	3.13150400	1.14566500
107.59999935	3.13150400	1.14566500
107.67999935	3.13150400	1.14566500
107.75999935	3.13150400	1.14566500
107.83999934	3.13150400	1.14566500
107.91999934	3.13150400	1.14566500
107.99999934	3.13150400	1.14566500
108.07999934	3.08725200	1.14566500
108.15999934	3.13150400	1.14566500
108.23999934	3.13150400	1.14566500
108.31999934	3.13150400	1.14566500
108.39999934	3.13150400	1.14566500
108.47999934	3.13150400	1.14566500
108.55999934	3.08725200	1.14566500
108.63999934	3.08725200	1.14566500
108.71999934	3.13150400	1.14566500
108.79999934	3.08725200	1.14566500
108.87999934	3.08725200	1.14566500
108.95999934	3.08725200	1.14566500
109.03999934	3.08725200	1.14566500
109.11999934	3.08725200	1.14566500
109.19999934	3.08725200	1.14566500
109.27999934	3.08725200	1.14566500
109.35999934	3.08725200	1.14566500
109.43999933	3.08725200	1.14566500
109.51999933	3.08725200	1.14566500
109.59999933	3.08725200	1.14566500
109.67999933	3.08725200	1.14566500
109.75999933	3.04284800	1.14566500
109.83999933	3.08725200	1.14566500
109.91999933	3.08725200	1.32145100
109.99999933	3.08725200	1.14566500
110.07999933	3.04284800	1.14566500
110.15999933	3.04284800	1.14566500
110.23999933	2.99859600	1.14566500
110.31999933	2.99859600	1.14566500
110.39999933	2.99859600	1.14566500
110.47999933	3.04284800	1.32145100
110.55999933	3.04284800	1.14566500
110.63999933	2.99859600	1.14566500
110.71999933	2.99859600	1.14566500
110.79999933	2.99859600	1.32145100
110.87999933	2.99859600	1.14566500
110.95999933	2.99859600	1.14566500
111.03999933	2.99859600	1.14566500
111.11999932	2.99859600	1.14566500
111.19999932	2.99859600	1.14566500
111.27999932	2.99859600	1.32145100
111.35999932	2.95419200	1.32145100
111.43999932	2.99859600	1.14566500
111.51999932	2.95419200	1.32145100
111.59999932	2.99859600	1.14566500
111.67999932	2.99859600	1.14566500
111.75999932	2.95419200	1.32145100
111.83999932	2.95419200	1.14566500
111.91999932	2.99859600	1.14566500
111.99999932	2.99859600	1.14566500
112.07999932	2.99859600	1.32145100
112.15999932	2.95419200	1.32145100
112.23999932	2.99859600	1.14566500
112.31999932	2.95419200	1.32145100
112.39999932	2.99859600	1.32145100
112.47999932	2.99859600	1.32145100
112.55999932	2.99859600	1.32145100
112.63999932	2.99859600	1.32145100
112.71999931	2.95419200	1.14566500
112.79999931	2.99859600	1.32145100
112.87999931	2.95419200	1.32145100
112.95999931	2.95419200	1.32145100
113.03999931	2.99859600	1.32145100
113.11999931	2.99859600	1.14566500
113.19999931	2.99859600	1.32145100
113.27999931	2.95419200	1.32145100
113.35999931	2.95419200	1.14566500
113.43999931	2.95419200	1.14566500
113.51999931	2.99859600	1.14566500
113.59999931	2.95419200	1.32145100
113.67999931	2.99859600	1.32145100
113.75999931	2.99859600	1.32145100
113.83999931	2.99859600	1.32145100
113.91999931	2.99859600	1.32145100
113.99999931	2.99859600	1.14566500
114.07999931	2.95419200	1.32145100
114.15999931	2.95419200	1.32145100
114.23999931	2.95419200	1.32145100
114.31999931	2.99859600	1.32145100
114.39999930	2.95419200	1.32145100
114.47999930	2.99859600	1.32145100
114.55999930	2.99859600	1.14566500
114.63999930	2.95419200	1.32145100
114.71999930	2.99859600	1.32145100
114.79999930	2.95419200	1.14566500
114.87999930	2.99859600	1.32145100
114.95999930	2.99859600	1.14566500
115.03999930	2.95419200	1.14566500
115.11999930	2.95419200	1.32145100
115.19999930	2.95419200	1.14566500
115.27999930	2.95419200	1.14566500
115.35999930	2.99859600	1.14566500
115.43999930	2.95419200	1.14566500
115.51999930	2.95419200	1.14566500
115.59999930	2.95419200	1.14566500
115.67999930	2.95419200	1.32145100
115.75999930	2.95419200	1.14566500
115.83999930	2.95419200	1.32145100
115.91999930	2.95419200	1.14566500
115.99999930	2.95419200	1.32145100
116.07999929	2.95419200	1.14566500
116.15999929	2.95419200	1.14566500
116.23999929	2.95419200	1.14566500
116.31999929	2.95419200	1.14566500
116.39999929	2.95419200	1.14566500
116.47999929	2.99859600	1.14566500
116.55999929	2.99859600	1.32145100
116.63999929	2.95419200	1.14566500
116.71999929	2.95419200	1.14566500
116.79999929	2.99859600	1.14566500
116.87999929	2.95419200	1.14566500
116.95999929	2.99859600	1.14566500
117.03999929	2.95419200	1.14566500
117.11999929	2.95419200	1.14566500
117.19999929	2.95419200	1.14566500
117.27999929	2.95419200	1.14566500
117.35999929	2.99859600	1.14566500
117.43999929	2.95419200	1.14566500
117.51999929	2.95419200	1.14566500
117.59999929	2.99859600	1.14566500
117.67999928	2.95419200	1.14566500
117.75999928	2.95419200	1.14566500
117.83999928	2.99859600	1.14566500
117.91999928	2.99859600	1.14566500
117.99999928	2.99859600	1.14566500
118.07999928	2.99859600	1.14566500
118.15999928	2.99859600	1.14566500
118.23999928	2.99859600	1.14566500
118.31999928	2.99859600	1.14566500
118.39999928	2.95419200	1.14566500
118.47999928	2.99859600	1.14566500
118.55999928	2.95419200	1.14566500
118.63999928	2.95419200	1.14566500
118.71999928	2.95419200	1.14566500
118.79999928	2.99859600	1.14566500
118.87999928	2.95419200	1.14566500
118.95999928	2.95419200	1.14566500
119.03999928	2.95419200	0.96987830
119.11999928	2.95419200	0.96987830
119.19999928	2.95419200	1.14566500
119.27999928	2.95419200	1.14566500
119.35999927	2.95419200	1.14566500
119.43999927	2.95419200	1.14566500
119.51999927	2.95419200	0.96987830
119.59999927	2.95419200	0.96987830
119.67999927	2.95419200	0.96987830
119.75999927	2.95419200	1.14566500
119.83999927	2.95419200	0.96987830
119.91999927	2.95419200	1.14566500
119.99999927	2.95419200	0.96987830
120.07999927	2.95419200	0.96987830
120.15999927	2.95419200	0.96987830
120.23999927	2.95419200	1.14566500
120.31999927	2.95419200	0.96987830
120.39999927	2.95419200	0.96987830
120.47999927	2.95419200	0.96987830
120.55999927	2.95419200	0.96987830
120.63999927	2.95419200	0.96987830
120.71999927	2.95419200	0.79470200
120.79999927	2.95419200	0.96987830
120.87999927	2.95419200	0.96987830
120.95999926	2.95419200	0.96987830
121.03999926	2.95419200	0.96987830
121.11999926	2.95419200	0.96987830
121.19999926	2.95419200	0.96987830
121.27999926	2.95419200	0.96987830
121.35999926	2.95419200	0.96987830
121.43999926	2.95419200	0.96987830
121.51999926	2.95419200	0.96987830
121.59999926	2.95419200	0.79470200
121.67999926	2.95419200	0.96987830
121.75999926	2.99859600	0.96987830
121.83999926	2.99859600	0.96987830
121.91999926	2.99859600	0.79470200
121.99999926	2.99859600	0.79470200
122.07999926	2.99859600	0.79470200
122.15999926	2.99859600	0.96987830
122.23999926	2.99859600	0.96987830
122.31999926	2.99859600	0.79470200
122.39999926	2.95419200	0.79470200
122.47999926	2.99859600	0.79470200
122.55999926	2.99859600	0.96987830
122.63999925	2.99859600	0.96987830
122.71999925	2.99859600	0.79470200
122.79999925	2.99859600	0.79470200
122.87999925	2.99859600	0.79470200
122.95999925	2.99859600	0.79470200
123.03999925	2.99859600	0.79470200
123.11999925	2.99859600	0.79470200
123.19999925	2.99859600	0.79470200
123.27999925	2.99859600	0.79470200
123.35999925	2.99859600	0.79470200
123.43999925	2.99859600	0.79470200
123.51999925	2.99859600	0.79470200
123.59999925	2.99859600	0.61891540
123.67999925	2.99859600	0.61891540
123.75999925	2.99859600	0.79470200
123.83999925	2.99859600	0.61891540
123.91999925	2.99859600	0.61891540
123.99999925	2.99859600	0.79470200
124.07999925	2.99859600	0.61891540
124.15999925	2.99859600	0.79470200
124.23999924	2.99859600	0.61891540
124.31999924	2.99859600	0.79470200
124.39999924	2.99859600	0.61891540
124.47999924	2.99859600	0.79470200
124.55999924	2.99859600	8.34254000
124.63999924	2.99859600	5.53422600
124.71999924	2.99859600	5.88519000
124.79999924	2.99859600	5.53422600
124.87999924	2.99859600	5.88519000
124.95999924	2.99859600	5.53422600
125.03999924	2.99859600	5.35844000
125.11999924	2.99859600	3.95458800
125.19999924	2.99859600	4.30555200
125.27999924	3.04284800	4.12976500
125.35999924	3.04284800	4.12976500
125.43999924	3.04284800	3.95458800
125.51999924	3.04284800	3.95458800
125.59999924	3.04284800	3.95458800
125.67999924	3.04284800	3.95458800
125.75999924	3.04284800	3.95458800
125.83999924	3.08725200	3.95458800
125.91999923	3.08725200	3.95458800
125.99999923	3.04284800	3.95458800
126.07999923	3.08725200	3.77880200
126.15999923	3.08725200	3.77880200
126.23999923	3.08725200	3.77880200
126.31999923	3.08725200	3.77880200
126.39999923	3.08725200	3.77880200
126.47999923	3.08725200	3.77880200
126.55999923	3.08725200	3.77880200
126.63999923	3.08725200	3.77880200
126.71999923	3.08725200	3.77880200
126.79999923	3.13150400	3.77880200
126.87999923	3.13150400	3.77880200
126.95999923	3.13150400	3.60301500
127.03999923	3.13150400	3.60301500
127.11999923	3.08725200	3.60301500
127.19999923	3.13150400	3.60301500
127.27999923	3.13150400	3.60301500
127.35999923	3.13150400	3.60301500
127.43999923	3.13150400	3.60301500
127.51999923	3.13150400	3.42783900
127.59999922	3.13150400	3.42783900
127.67999922	3.13150400	3.42783900
127.75999922	3.13150400	3.42783900
127.83999922	3.13150400	3.42783900
127.91999922	3.13150400	3.42783900
127.99999922	3.13150400	3.42783900
128.07999922	3.13150400	3.42783900
128.15999922	3.13150400	3.42783900
128.23999922	3.17590900	3.42783900
128.31999922	3.13150400	3.42783900
128.39999922	3.13150400	3.42783900
128.47999922	3.17590900	3.42783900
128.55999922	3.13150400	3.42783900
128.63999922	3.17590900	3.42783900
128.71999922	3.13150400	3.42783900
128.79999922	3.13150400	3.42783900
128.87999922	3.17590900	3.42783900
128.95999922	3.17590900	3.25205200
129.03999922	3.17590900	3.25205200
129.11999922	3.17590900	3.25205200
129.19999921	3.17590900	3.25205200
129.27999921	3.17590900	3.25205200
129.35999921	3.17590900	3.25205200
129.43999921	3.17590900	3.25205200
129.51999921	3.17590900	3.25205200
129.59999921	3.17590900	3.25205200
129.67999921	3.17590900	3.25205200
129.75999921	3.17590900	3.07687600
129.83999921	3.17590900	3.25205200
129.91999921	3.17590900	3.25205200
129.99999921	3.17590900	3.07687600
130.07999921	3.13150400	3.07687600
130.15999921	3.17590900	3.25205200
130.23999921	3.13150400	3.07687600
130.31999921	3.17590900	3.07687600
130.39999921	3.17590900	3.07687600
130.47999921	3.13150400	3.07687600
130.55999921	3.13150400	3.07687600
130.63999921	3.13150400	3.07687600
130.71999921	3.13150400	3.07687600
130.79999921	3.13150400	3.07687600
130.87999920	3.13150400	3.07687600
130.95999920	3.13150400	3.07687600
131.03999920	3.13150400	2.90108900
131.11999920	3.13150400	2.90108900
131.19999920	3.13150400	3.07687600
131.27999920	3.13150400	2.90108900
131.35999920	3.13150400	2.90108900
131.43999920	3.13150400	2.90108900
131.51999920	3.13150400	2.90108900
131.59999920	3.13150400	2.72530300
131.67999920	3.13150400	2.90108900
131.75999920	3.13150400	2.90108900
131.83999920	3.08725200	2.72530300
131.91999920	3.13150400	2.90108900
131.99999920	3.13150400	2.72530300
132.07999920	3.13150400	2.72530300
132.15999920	3.13150400	2.72530300
132.23999920	3.08725200	2.72530300
132.31999920	3.08725200	2.72530300
132.39999920	3.08725200	2.72530300
132.47999919	3.08725200	2.72530300
132.55999919	3.08725200	2.72530300
132.63999919	3.08725200	2.55012700
132.71999919	3.08725200	2.72530300
132.79999919	3.08725200	2.72530300
132.87999919	3.04284800	2.72530300
132.95999919	3.08725200	2.72530300
133.03999919	3.08725200	2.55012700
133.11999919	3.08725200	2.72530300
133.19999919	3.04284800	2.55012700
133.27999919	3.04284800	2.55012700
133.35999919	3.04284800	2.55012700
133.43999919	3.04284800	2.55012700
133.51999919	3.04284800	2.37434000
133.59999919	2.99859600	2.55012700
133.67999919	2.99859600	2.37434000
133.75999919	2.99859600	2.55012700
133.83999919	2.99859600	2.55012700
133.91999919	2.99859600	2.37434000
133.99999919	2.99859600	2.55012700
134.07999919	2.99859600	2.37434000
134.15999918	2.99859600	2.37434000
134.23999918	2.99859600	2.55012700
134.31999918	2.99859600	2.55012700
134.39999918	2.99859600	2.37434000
134.47999918	2.99859600	2.55012700
134.55999918	2.99859600	2.37434000
134.63999918	2.99859600	2.37434000
134.71999918	2.99859600	2.37434000
134.79999918	2.99859600	2.37434000
134.87999918	2.99859600	2.37434000
134.95999918	2.99859600	2.55012700
135.03999918	2.99859600	2.37434000
135.11999918	2.99859600	2.37434000
135.19999918	2.99859600	2.37434000
135.27999918	2.99859600	2.37434000
135.35999918	2.99859600	2.37434000
135.43999918	2.95419200	2.37434000
135.51999918	2.99859600	2.37434000
135.59999918	2.99859600	2.37434000
135.67999918	2.99859600	2.37434000
135.75999917	2.99859600	2.37434000
135.83999917	2.99859600	2.37434000
135.91999917	2.95419200	2.37434000
135.99999917	2.95419200	2.37434000
136.07999917	2.99859600	2.37434000
136.15999917	2.95419200	2.37434000
136.23999917	2.95419200	2.37434000
136.31999917	2.95419200	2.37434000
136.39999917	2.99859600	2.55012700
136.47999917	2.99859600	2.55012700
136.55999917	2.99859600	2.37434000
136.63999917	2.95419200	2.55012700
136.71999917	2.99859600	2.55012700
136.79999917	2.99859600	2.55012700
136.87999917	2.95419200	2.55012700
136.95999917	2.99859600	2.55012700
137.03999917	2.99859600	2.55012700
137.11999917	2.99859600	2.55012700
137.19999917	2.95419200	2.55012700
137.27999917	2.99859600	2.55012700
137.35999917	2.99859600	2.72530300
137.43999916	2.95419200	2.55012700
137.51999916	2.99859600	2.72530300
137.59999916	2.99859600	2.72530300
137.67999916	2.95419200	2.72530300
137.75999916	2.99859600	2.72530300
137.83999916	2.99859600	2.72530300
137.91999916	2.99859600	2.72530300
137.99999916	2.99859600	2.90108900
138.07999916	2.99859600	2.72530300
138.15999916	2.95419200	2.72530300
138.23999916	2.99859600	2.90108900
138.31999916	2.99859600	2.90108900
138.39999916	2.99859600	2.90108900
138.47999916	2.99859600	2.90108900
138.55999916	2.99859600	2.90108900
138.63999916	2.99859600	2.90108900
138.71999916	2.99859600	3.07687600
138.79999916	2.99859600	3.07687600
138.87999916	2.99859600	3.07687600
138.95999916	2.99859600	3.07687600
139.03999915	2.95419200	3.07687600
139.11999915	2.99859600	3.07687600
139.19999915	2.99859600	3.25205200
139.27999915	2.99859600	3.25205200
139.35999915	2.99859600	3.07687600
139.43999915	2.99859600	3.07687600
139.51999915	2.99859600	3.25205200
139.59999915	2.99859600	3.25205200
139.67999915	2.99859600	3.25205200
139.75999915	2.99859600	3.25205200
139.83999915	2.99859600	3.25205200
139.91999915	2.99859600	3.25205200
139.99999915	2.99859600	3.25205200
140.07999915	2.99859600	3.25205200
140.15999915	2.99859600	3.42783900
140.23999915	2.99859600	3.42783900
140.31999915	2.99859600	3.42783900
140.39999915	2.99859600	3.42783900
140.47999915	2.99859600	3.42783900
140.55999915	2.99859600	3.42783900
140.63999915	2.99859600	3.42783900
140.71999914	2.99859600	3.42783900
140.79999914	2.99859600	3.42783900
140.87999914	2.99859600	3.42783900
140.95999914	2.99859600	3.42783900
141.03999914	2.99859600	3.42783900
141.11999914	2.99859600	3.42783900
141.19999914	2.99859600	3.42783900
141.27999914	2.99859600	3.42783900
141.35999914	2.99859600	3.60301500
141.43999914	2.99859600	3.42783900
141.51999914	2.99859600	3.42783900
141.59999914	2.99859600	3.60301500
141.67999914	2.99859600	3.42783900
141.75999914	2.99859600	3.60301500
141.83999914	2.99859600	3.60301500
141.91999914	2.99859600	3.77880200
141.99999914	2.99859600	3.60301500
142.07999914	2.99859600	3.77880200
142.15999914	2.99859600	3.60301500
142.23999914	2.99859600	3.77880200
142.31999914	2.99859600	3.77880200
142.39999913	2.99859600	3.77880200
142.47999913	2.95419200	3.77880200
142.55999913	2.99859600	3.77880200
142.63999913	2.99859600	3.77880200
142.71999913	2.99859600	3.77880200
142.79999913	2.99859600	3.95458800
142.87999913	2.99859600	3.77880200
142.95999913	2.99859600	3.77880200
143.03999913	2.99859600	3.77880200
143.11999913	2.99859600	3.95458800
143.19999913	2.99859600	3.77880200
143.27999913	2.99859600	3.77880200
143.35999913	2.99859600	3.95458800
143.43999913	2.99859600	3.95458800
143.51999913	2.99859600	3.95458800
143.59999913	2.99859600	3.95458800
143.67999913	2.99859600	3.95458800
143.75999913	2.99859600	3.95458800
143.83999913	2.99859600	3.95458800
143.91999913	2.99859600	3.95458800
143.99999912	2.99859600	3.95458800
144.07999912	2.99859600	4.12976500
144.15999912	2.99859600	3.95458800
144.23999912	2.99859600	4.12976500
144.31999912	2.99859600	4.12976500
144.39999912	2.99859600	4.12976500
144.47999912	2.99859600	4.12976500
144.55999912	2.99859600	4.12976500
144.63999912	2.99859600	4.12976500
144.71999912	2.99859600	4.12976500
144.79999912	3.04284800	5.71001300
144.87999912	3.04284800	6.23615200
144.95999912	3.04284800	3.60301500
145.03999912	3.04284800	4.83230100
145.11999912	3.04284800	4.12976500
145.19999912	3.04284800	3.95458800
145.27999912	3.08725200	0.44373910
145.35999912	3.04284800	0.44373910
145.43999912	3.08725200	0.26795250
145.51999912	3.08725200	0.09277627
145.59999912	3.08725200	-0.08239998
145.67999911	3.08725200	-0.60914950
145.75999911	3.08725200	-0.60914950
145.83999911	3.08725200	-0.43336280
145.91999911	3.08725200	-0.43336280
145.99999911	3.08725200	-0.43336280
146.07999911	3.13150400	-0.43336280
146.15999911	3.13150400	-0.25818660
146.23999911	3.13150400	0.26795250
146.31999911	3.13150400	0.79470200
146.39999911	3.13150400	0.61891540
146.47999911	3.13150400	0.79470200
146.55999911	3.13150400	0.79470200
146.63999911	3.17590900	0.79470200
146.71999911	3.17590900	0.79470200
146.79999911	3.13150400	0.79470200
146.87999911	3.13150400	0.79470200
146.95999911	3.17590900	0.79470200
147.03999911	3.17590900	0.79470200
147.11999911	3.17590900	0.79470200
147.19999911	3.17590900	0.79470200
147.27999910	3.17590900	0.79470200
147.35999910	3.17590900	0.96987830
147.43999910	3.17590900	0.79470200
147.51999910	3.17590900	0.96987830
147.59999910	3.22016000	0.79470200
147.67999910	3.17590900	0.79470200
147.75999910	3.22016000	0.96987830
147.83999910	3.17590900	0.96987830
147.91999910	3.22016000	0.96987830
147.99999910	3.22016000	0.96987830
148.07999910	3.22016000	0.96987830
148.15999910	3.22016000	0.96987830
148.23999910	3.26456500	0.96987830
148.31999910	3.22016000	0.96987830
148.39999910	3.26456500	0.96987830
148.47999910	3.26456500	0.96987830
148.55999910	3.26456500	1.14566500
148.63999910	3.26456500	1.14566500
148.71999910	3.26456500	1.14566500
148.79999910	3.26456500	1.14566500
148.87999910	3.26456500	0.96987830
148.95999909	3.26456500	1.14566500
149.03999909	3.26456500	1.14566500
149.11999909	3.26456500	0.96987830
149.19999909	3.26456500	1.14566500
149.27999909	3.26456500	1.14566500
149.35999909	3.26456500	1.14566500
149.43999909	3.26456500	0.96987830
149.51999909	3.26456500	1.14566500
149.59999909	3.26456500	1.14566500
149.67999909	3.26456500	1.14566500
149.75999909	3.26456500	1.14566500
149.83999909	3.26456500	1.14566500
149.91999909	3.26456500	1.14566500
149.99999909	3.26456500	1.14566500
150.07999909	3.26456500	1.14566500
150.15999909	3.26456500	1.14566500
150.23999909	3.26456500	1.14566500
150.31999909	3.26456500	1.14566500
150.39999909	3.26456500	1.14566500
150.47999909	3.26456500	1.14566500
150.55999908	3.26456500	1.14566500
150.63999908	3.26456500	1.32145100
150.71999908	3.26456500	1.14566500
150.79999908	3.26456500	1.14566500
150.87999908	3.26456500	1.14566500
150.95999908	3.26456500	1.14566500
151.03999908	3.26456500	1.14566500
151.11999908	3.26456500	1.32145100
151.19999908	3.26456500	1.14566500
151.27999908	3.26456500	1.32145100
151.35999908	3.26456500	1.32145100
151.43999908	3.26456500	1.14566500
151.51999908	3.26456500	1.32145100
151.59999908	3.26456500	1.32145100
151.67999908	3.26456500	1.32145100
151.75999908	3.26456500	1.32145100
151.83999908	3.26456500	1.32145100
151.91999908	3.26456500	1.32145100
151.99999908	3.26456500	1.32145100
152.07999908	3.22016000	1.32145100
152.15999908	3.26456500	1.32145100
152.23999907	3.26456500	1.32145100
152.31999907	3.22016000	1.32145100
152.39999907	3.22016000	1.32145100
152.47999907	3.22016000	1.32145100
152.55999907	3.22016000	1.32145100
152.63999907	3.22016000	1.32145100
152.71999907	3.22016000	1.32145100
152.79999907	3.22016000	1.32145100
152.87999907	3.17590900	1.32145100
152.95999907	3.22016000	1.32145100
153.03999907	3.17590900	1.32145100
153.11999907	3.22016000	1.32145100
153.19999907	3.17590900	1.32145100
153.27999907	3.17590900	1.32145100
153.35999907	3.17590900	1.32145100
153.43999907	3.17590900	1.32145100
153.51999907	3.17590900	1.32145100
153.59999907	3.17590900	1.32145100
153.67999907	3.17590900	1.32145100
153.75999907	3.17590900	1.32145100
153.83999907	3.13150400	1.32145100
153.91999906	3.13150400	1.32145100
153.99999906	3.13150400	1.32145100
154.07999906	3.13150400	1.32145100
154.15999906	3.13150400	1.32145100
154.23999906	3.13150400	1.32145100
154.31999906	3.13150400	1.32145100
154.39999906	3.13150400	1.32145100
154.47999906	3.08725200	1.32145100
154.55999906	3.13150400	1.32145100
154.63999906	3.08725200	1.32145100
154.71999906	3.08725200	1.32145100
154.79999906	3.08725200	1.32145100
154.87999906	3.08725200	1.32145100
154.95999906	3.08725200	1.32145100
155.03999906	3.08725200	1.32145100
155.11999906	3.08725200	1.32145100
155.19999906	3.04284800	1.32145100
155.27999906	3.08725200	1.32145100
155.35999906	3.04284800	1.32145100
155.43999906	3.04284800	1.32145100
155.51999905	3.04284800	1.32145100
155.59999905	2.99859600	1.32145100
155.67999905	2.99859600	1.32145100
155.75999905	2.99859600	1.32145100
155.83999905	2.99859600	1.32145100
155.91999905	2.99859600	1.32145100
155.99999905	2.99859600	1.32145100
156.07999905	2.99859600	1.32145100
156.15999905	2.99859600	1.32145100
156.23999905	2.99859600	1.32145100
156.31999905	2.99859600	1.32145100
156.39999905	2.99859600	1.32145100
156.47999905	2.99859600	1.32145100
156.55999905	2.99859600	1.32145100
156.63999905	2.99859600	1.32145100
156.71999905	2.99859600	1.32145100
156.79999905	2.99859600	1.32145100
156.87999905	2.99859600	1.32145100
156.95999905	2.99859600	1.32145100
157.03999905	2.99859600	1.32145100
157.11999905	2.99859600	1.32145100
157.19999904	3.04284800	1.32145100
157.27999904	2.99859600	1.32145100
157.35999904	2.99859600	1.32145100
157.43999904	2.99859600	1.32145100
157.51999904	2.99859600	1.32145100
157.59999904	2.99859600	1.32145100
157.67999904	2.99859600	1.32145100
157.75999904	2.99859600	1.32145100
157.83999904	3.04284800	1.32145100
157.91999904	3.04284800	1.32145100
157.99999904	3.04284800	1.32145100
158.07999904	2.99859600	1.32145100
158.15999904	3.04284800	1.32145100
158.23999904	2.99859600	1.32145100
158.31999904	2.99859600	1.32145100
158.39999904	2.99859600	1.32145100
158.47999904	2.99859600	1.32145100
158.55999904	2.99859600	1.32145100
158.63999904	2.99859600	1.32145100
158.71999904	2.99859600	1.32145100
158.79999903	2.99859600	1.32145100
158.87999903	2.99859600	1.32145100
158.95999903	2.99859600	1.32145100
159.03999903	2.99859600	1.32145100
159.11999903	2.99859600	1.32145100
159.19999903	2.99859600	1.32145100
159.27999903	2.99859600	1.32145100
159.35999903	2.99859600	1.32145100
159.43999903	2.99859600	1.32145100
159.51999903	2.99859600	1.32145100
159.59999903	2.99859600	1.32145100
159.67999903	2.99859600	1.32145100
159.75999903	2.99859600	1.32145100
159.83999903	2.99859600	1.32145100
159.91999903	2.99859600	1.32145100
159.99999903	2.99859600	1.32145100
160.07999903	2.99859600	1.14566500
160.15999903	2.99859600	1.32145100
160.23999903	2.99859600	1.32145100
160.31999903	2.99859600	1.14566500
160.39999903	2.99859600	1.32145100
160.47999902	2.99859600	1.32145100
160.55999902	2.99859600	1.32145100
160.63999902	2.99859600	1.32145100
160.71999902	2.99859600	1.14566500
160.79999902	2.99859600	1.32145100
160.87999902	2.99859600	1.14566500
160.95999902	2.99859600	1.14566500
161.03999902	2.99859600	1.14566500
161.11999902	2.99859600	1.14566500
161.19999902	2.99859600	1.14566500
161.27999902	2.99859600	1.14566500
161.35999902	2.95419200	1.14566500
161.43999902	2.99859600	1.14566500
161.51999902	2.99859600	1.14566500
161.59999902	2.99859600	1.14566500
161.67999902	2.99859600	1.14566500
161.75999902	2.99859600	1.14566500
161.83999902	2.99859600	1.14566500
161.91999902	2.99859600	1.14566500
161.99999902	2.99859600	1.14566500
162.07999901	2.99859600	1.14566500
162.15999901	2.99859600	1.14566500
162.23999901	2.99859600	1.14566500
162.31999901	2.99859600	1.14566500
162.39999901	2.99859600	1.14566500
162.47999901	3.04284800	1.14566500
162.55999901	2.99859600	1.14566500
162.63999901	2.99859600	0.96987830
162.71999901	2.99859600	1.14566500
162.79999901	2.99859600	1.14566500
162.87999901	2.99859600	1.14566500
162.95999901	2.99859600	1.14566500
163.03999901	3.04284800	1.14566500
163.11999901	2.99859600	1.14566500
163.19999901	2.99859600	0.96987830
163.27999901	2.99859600	1.14566500
163.35999901	2.99859600	0.96987830
163.43999901	2.99859600	1.14566500
163.51999901	2.99859600	0.96987830
163.59999901	2.99859600	1.14566500
163.67999901	2.99859600	0.96987830
163.75999900	2.99859600	0.96987830
163.83999900	2.99859600	0.96987830
163.91999900	2.99859600	0.96987830
163.99999900	2.99859600	0.96987830
164.07999900	2.99859600	0.96987830
164.15999900	2.99859600	0.96987830
164.23999900	3.04284800	0.96987830
164.31999900	2.99859600	0.96987830
164.39999900	2.99859600	0.96987830
164.47999900	2.99859600	0.96987830
164.55999900	3.04284800	0.96987830
164.63999900	2.99859600	0.96987830
164.71999900	3.04284800	0.79470200
164.79999900	2.99859600	0.79470200
164.87999900	2.99859600	0.79470200
164.95999900	3.04284800	0.96987830
165.03999900	3.04284800	0.96987830
165.11999900	3.04284800	0.96987830
165.19999900	2.99859600	0.79470200
165.27999900	3.04284800	0.96987830
165.35999900	2.99859600	0.79470200
165.43999899	3.04284800	0.96987830
165.51999899	3.04284800	0.79470200
165.59999899	3.04284800	0.96987830
165.67999899	3.04284800	0.79470200
165.75999899	3.04284800	0.79470200
165.83999899	3.04284800	0.79470200
165.91999899	3.04284800	0.79470200
165.99999899	3.04284800	0.79470200
166.07999899	3.04284800	0.79470200
166.15999899	3.04284800	0.79470200
166.23999899	3.08725200	0.79470200
166.31999899	3.08725200	0.79470200
166.39999899	3.08725200	0.79470200
166.47999899	3.08725200	0.79470200
166.55999899	3.08725200	0.61891540
166.63999899	3.08725200	0.61891540
166.71999899	3.08725200	0.79470200
166.79999899	3.08725200	0.79470200
166.87999899	3.08725200	0.61891540
166.95999899	3.08725200	0.61891540
167.03999898	3.08725200	0.61891540
167.11999898	3.04284800	0.61891540
167.19999898	3.08725200	0.61891540
167.27999898	3.08725200	0.61891540
167.35999898	3.08725200	0.61891540
167.43999898	3.08725200	0.61891540
167.51999898	3.08725200	0.44373910
167.59999898	3.08725200	0.61891540
167.67999898	3.08725200	0.44373910
167.75999898	3.08725200	-0.08239998
167.83999898	3.08725200	-0.43336280
167.91999898	3.08725200	-0.43336280
167.99999898	3.08725200	-0.43336280
168.07999898	3.08725200	-0.60914950
168.15999898	3.08725200	-0.60914950
168.23999898	3.08725200	-0.60914950
168.31999898	3.08725200	-0.60914950
168.39999898	3.08725200	-0.60914950
168.47999898	3.08725200	-0.78432570
168.55999898	3.08725200	-0.78432570
168.63999898	3.08725200	-0.78432570
168.71999897	3.08725200	-0.78432570
168.79999897	3.08725200	-0.78432570
168.87999897	3.08725200	-0.78432570
168.95999897	3.08725200	-0.78432570
169.03999897	3.08725200	-0.60914950
169.11999897	3.08725200	-0.78432570
169.19999897	3.08725200	-0.78432570
169.27999897	3.08725200	-0.78432570
169.35999897	3.08725200	-0.78432570
169.43999897	3.08725200	-0.78432570
169.51999897	3.08725200	-0.78432570
169.59999897	3.08725200	-0.78432570
169.67999897	3.08725200	-0.78432570
169.75999897	3.08725200	-0.78432570
169.83999897	3.08725200	-0.78432570
169.91999897	3.08725200	-0.78432570
169.99999897	3.08725200	-0.78432570
170.07999897	3.08725200	-0.78432570
170.15999897	3.08725200	-0.78432570
170.23999897	3.08725200	-0.78432570
170.31999896	3.08725200	-0.78432570
170.39999896	3.08725200	-0.78432570
170.47999896	3.08725200	-0.78432570
170.55999896	3.08725200	-0.78432570
170.63999896	3.08725200	-0.78432570
170.71999896	3.08725200	-0.78432570
170.79999896	3.08725200	-0.78432570
170.87999896	3.04284800	-0.78432570
170.95999896	3.04284800	-0.78432570
171.03999896	3.04284800	-0.78432570
171.11999896	3.04284800	-0.78432570
171.19999896	3.08725200	-0.78432570
171.27999896	3.08725200	-0.78432570
171.35999896	3.08725200	-0.60914950
171.43999896	3.04284800	-0.43336280
171.51999896	3.08725200	-0.25818660
171.59999896	3.08725200	0.09277627
171.67999896	3.08725200	0.44373910
171.75999896	3.08725200	1.67241400
171.83999896	3.08725200	1.84759100
171.91999896	3.08725200	2.90108900
171.99999895	3.04284800	1.32145100
172.07999895	3.08725200	-0.08239998
172.15999895	3.04284800	-0.60914950
172.23999895	3.04284800	-0.78432570
172.31999895	3.04284800	-0.78432570
172.39999895	3.04284800	-0.78432570
172.47999895	3.04284800	-0.60914950
172.55999895	3.04284800	-0.25818660
172.63999895	3.08725200	0.79470200
172.71999895	3.04284800	2.55012700
172.79999895	3.04284800	3.77880200
172.87999895	3.04284800	4.12976500
172.95999895	3.04284800	3.95458800
173.03999895	3.08725200	0.44373910
173.11999895	2.99859600	0.79470200
173.19999895	3.04284800	0.79470200
173.27999895	2.99859600	5.71001300
173.35999895	3.04284800	3.42783900
173.43999895	2.99859600	9.74700200
173.51999895	3.04284800	5.53422600
173.59999894	3.04284800	2.72530300
173.67999894	3.04284800	3.42783900
173.75999894	2.99859600	2.55012700
173.83999894	2.99859600	2.02337700
173.91999894	2.99859600	0.09277627
173.99999894	2.99859600	0.26795250
174.07999894	2.99859600	1.67241400
174.15999894	2.99859600	2.37434000
174.23999894	2.99859600	3.07687600
174.31999894	2.99859600	3.42783900
174.39999894	2.99859600	3.60301500
174.47999894	2.99859600	3.77880200
174.55999894	2.99859600	3.95458800
174.63999894	2.99859600	3.95458800
174.71999894	2.99859600	3.95458800
174.79999894	2.99859600	3.95458800
174.87999894	2.99859600	3.95458800
174.95999894	2.99859600	3.95458800
175.03999894	2.99859600	3.95458800
175.11999894	2.99859600	3.95458800
175.19999894	2.99859600	3.95458800
175.27999893	2.99859600	3.95458800
175.35999893	2.99859600	3.95458800
175.43999893	2.99859600	3.95458800
175.51999893	2.99859600	3.95458800
175.59999893	2.99859600	3.95458800
175.67999893	2.99859600	3.95458800
175.75999893	2.99859600	3.77880200
175.83999893	2.99859600	3.77880200
175.91999893	2.99859600	3.95458800
175.99999893	2.99859600	3.95458800
176.07999893	2.99859600	3.95458800
176.15999893	2.99859600	3.77880200
176.23999893	2.95419200	1.49662800
176.31999893	2.95419200	0.44373910
176.39999893	2.99859600	0.61891540
176.47999893	2.99859600	0.79470200
176.55999893	2.95419200	5.53422600
176.63999893	2.99859600	2.37434000
176.71999893	2.99859600	8.69411300
176.79999893	3.04284800	4.83230100
176.87999893	2.95419200	5.18326400
176.95999892	2.99859600	2.90108900
177.03999892	2.99859600	3.42783900
177.11999892	2.95419200	2.72530300
177.19999892	2.99859600	2.55012700
177.27999892	2.99859600	2.37434000
177.35999892	2.99859600	2.72530300
177.43999892	2.99859600	2.72530300
177.51999892	2.99859600	3.07687600
177.59999892	2.99859600	3.42783900
177.67999892	2.99859600	3.42783900
177.75999892	2.99859600	3.60301500
177.83999892	2.99859600	3.77880200
177.91999892	2.99859600	3.77880200
177.99999892	2.99859600	3.95458800
178.07999892	2.99859600	3.95458800
178.15999892	2.99859600	3.95458800
178.23999892	2.99859600	3.95458800
178.31999892	2.99859600	3.95458800
178.39999892	2.99859600	3.95458800
178.47999892	2.99859600	3.95458800
178.55999891	2.99859600	3.95458800
178.63999891	2.99859600	3.95458800
178.71999891	2.99859600	3.95458800
178.79999891	2.99859600	3.95458800
178.87999891	2.95419200	3.95458800
178.95999891	2.99859600	3.95458800
179.03999891	2.99859600	3.95458800
179.11999891	2.99859600	3.95458800
179.19999891	2.99859600	3.77880200
179.27999891	2.99859600	3.95458800
179.35999891	2.99859600	3.95458800
179.43999891	2.99859600	3.95458800
179.51999891	2.99859600	3.95458800
179.59999891	2.99859600	3.42783900
179.67999891	2.90978700	1.32145100
179.75999891	3.04284800	0.61891540
179.83999891	2.99859600	0.44373910
179.91999891	2.99859600	0.96987830
179.99999891	2.95419200	5.53422600
180.07999891	2.99859600	2.55012700
180.15999891	2.99859600	7.81640100
180.23999890	2.95419200	5.00747700
180.31999890	2.95419200	5.18326400
180.39999890	2.99859600	2.90108900
180.47999890	2.99859600	3.42783900
180.55999890	2.99859600	2.72530300
180.63999890	2.99859600	2.37434000
180.71999890	2.99859600	2.37434000
180.79999890	2.99859600	2.55012700
180.87999890	2.99859600	2.90108900
180.95999890	2.99859600	3.25205200
181.03999890	2.99859600	3.42783900
181.11999890	2.99859600	3.60301500
181.19999890	2.99859600	3.77880200
181.27999890	2.99859600	3.95458800
181.35999890	2.99859600	3.95458800
181.43999890	2.95419200	3.95458800
181.51999890	2.99859600	3.95458800
181.59999890	2.99859600	3.95458800
181.67999890	2.99859600	3.95458800
181.75999890	2.99859600	3.95458800
181.83999889	2.99859600	3.95458800
181.91999889	2.99859600	3.95458800
181.99999889	2.99859600	3.95458800
182.07999889	2.99859600	3.95458800
182.15999889	2.99859600	3.95458800
182.23999889	2.99859600	4.12976500
182.31999889	2.99859600	3.95458800
182.39999889	2.99859600	3.95458800
182.47999889	2.95419200	4.12976500
182.55999889	2.99859600	3.95458800
182.63999889	2.99859600	4.12976500
182.71999889	2.99859600	4.12976500
182.79999889	2.99859600	3.77880200
182.87999889	2.99859600	3.95458800
182.95999889	2.99859600	3.95458800
183.03999889	2.99859600	3.95458800
183.11999889	2.99859600	3.95458800
183.19999889	2.99859600	-1.66203800
183.27999889	2.99859600	0.96987830
183.35999889	2.99859600	0.61891540
183.43999889	2.99859600	1.14566500
183.51999888	2.99859600	6.58711500
183.59999888	2.95419200	2.37434000
183.67999888	2.99859600	10.44954000
183.75999888	3.04284800	5.35844000
183.83999888	2.99859600	3.77880200
183.91999888	2.99859600	4.30555200
183.99999888	2.99859600	3.95458800
184.07999888	2.99859600	3.95458800
184.15999888	2.99859600	3.42783900
184.23999888	2.99859600	3.95458800
184.31999888	2.99859600	3.77880200
184.39999888	2.99859600	3.95458800
184.47999888	2.99859600	3.95458800
184.55999888	2.99859600	4.12976500
184.63999888	2.99859600	3.95458800
184.71999888	2.99859600	4.12976500
184.79999888	2.99859600	4.12976500
184.87999888	2.99859600	4.12976500
184.95999888	2.99859600	4.12976500
185.03999888	2.95419200	4.12976500
185.11999887	2.99859600	4.12976500
185.19999887	2.99859600	4.12976500
185.27999887	2.95419200	4.12976500
185.35999887	2.99859600	4.12976500
185.43999887	2.99859600	4.12976500
185.51999887	2.99859600	4.12976500
185.59999887	2.95419200	4.12976500
185.67999887	2.99859600	4.12976500
185.75999887	2.99859600	4.12976500
185.83999887	2.99859600	4.12976500
185.91999887	2.99859600	4.12976500
185.99999887	2.99859600	4.12976500
186.07999887	2.99859600	4.12976500
186.15999887	2.99859600	4.12976500
186.23999887	2.99859600	3.95458800
186.31999887	2.99859600	4.12976500
186.39999887	2.99859600	4.12976500
186.47999887	2.99859600	4.12976500
186.55999887	2.99859600	4.12976500
186.63999887	2.99859600	3.60301500
186.71999887	2.90978700	1.32145100
186.79999886	3.04284800	0.79470200
186.87999886	2.99859600	6.23615200
186.95999886	2.99859600	3.77880200
187.03999886	2.95419200	9.92278900
187.11999886	2.99859600	3.42783900
187.19999886	2.95419200	4.83230100
187.27999886	2.99859600	4.30555200
187.35999886	2.99859600	4.30555200
187.43999886	2.99859600	4.12976500
187.51999886	2.99859600	4.12976500
187.59999886	2.99859600	4.12976500
187.67999886	2.99859600	4.12976500
187.75999886	2.99859600	4.30555200
187.83999886	2.99859600	4.30555200
187.91999886	2.99859600	4.30555200
187.99999886	2.99859600	4.30555200
188.07999886	2.99859600	4.30555200
188.15999886	2.99859600	4.30555200
188.23999886	2.99859600	4.30555200
188.31999886	2.99859600	4.30555200
188.39999886	2.99859600	4.30555200
188.47999885	2.99859600	4.30555200
188.55999885	2.99859600	4.30555200
188.63999885	2.99859600	4.30555200
188.71999885	2.99859600	4.30555200
188.79999885	2.99859600	4.30555200
188.87999885	2.99859600	4.30555200
188.95999885	2.99859600	4.30555200
189.03999885	2.99859600	4.30555200
189.11999885	2.99859600	4.30555200
189.19999885	2.99859600	3.77880200
189.27999885	2.99859600	0.44373910
189.35999885	2.99859600	0.44373910
189.43999885	2.99859600	0.26795250
189.51999885	2.99859600	0.26795250
189.59999885	2.99859600	-0.08239998
189.67999885	2.99859600	-0.60914950
189.75999885	2.99859600	-0.60914950
189.83999885	2.99859600	-0.78432570
189.91999885	2.99859600	-0.60914950
189.99999885	3.04284800	-0.60914950
190.07999884	2.99859600	-0.60914950
190.15999884	2.99859600	-0.60914950
190.23999884	2.99859600	-0.60914950
190.31999884	3.04284800	-0.60914950
190.39999884	2.99859600	-0.43336280
190.47999884	3.04284800	-0.60914950
190.55999884	3.04284800	-0.43336280
190.63999884	2.99859600	-0.60914950
190.71999884	3.04284800	-0.43336280
190.79999884	2.99859600	-0.43336280
190.87999884	3.04284800	-0.43336280
190.95999884	2.99859600	-0.25818660
191.03999884	2.99859600	-0.08239998
191.11999884	3.04284800	0.09277627
191.19999884	2.99859600	0.61891540
191.27999884	3.04284800	0.61891540
191.35999884	3.04284800	0.61891540
191.43999884	3.04284800	0.61891540
191.51999884	3.04284800	0.61891540
191.59999884	3.04284800	0.61891540
191.67999884	3.04284800	0.61891540
191.75999883	3.04284800	0.79470200
191.83999883	3.04284800	0.79470200
191.91999883	3.04284800	0.79470200
191.99999883	3.04284800	0.79470200
192.07999883	3.04284800	0.61891540
192.15999883	3.04284800	0.79470200
192.23999883	3.04284800	0.79470200
192.31999883	3.04284800	0.79470200
192.39999883	3.04284800	0.79470200
192.47999883	3.04284800	6.93868800
192.55999883	2.95419200	7.11386400
192.63999883	2.99859600	5.53422600
192.71999883	2.99859600	6.06097600
192.79999883	2.99859600	5.88519000
192.87999883	2.99859600	5.88519000
192.95999883	2.99859600	5.88519000
193.03999883	2.99859600	5.88519000
193.11999883	2.99859600	5.88519000
193.19999883	2.99859600	5.88519000
193.27999883	2.99859600	5.53422600
193.35999882	2.99859600	6.06097600
193.43999882	2.99859600	5.88519000
193.51999882	2.99859600	5.88519000
193.59999882	2.99859600	5.88519000
193.67999882	2.99859600	5.88519000
193.75999882	2.99859600	8.16736300
193.83999882	2.95419200	7.99157700
193.91999882	2.99859600	5.35844000
193.99999882	2.99859600	6.58711500
194.07999882	2.99859600	5.53422600
194.15999882	2.95419200	6.23615200
194.23999882	2.99859600	5.88519000
194.31999882	2.95419200	6.06097600
194.39999882	2.95419200	6.06097600
194.47999882	2.95419200	6.06097600
194.55999882	2.99859600	6.06097600
194.63999882	2.99859600	6.06097600
194.71999882	2.99859600	6.06097600
194.79999882	2.99859600	6.06097600
194.87999882	2.99859600	6.06097600
194.95999882	2.99859600	6.06097600
195.03999881	2.99859600	6.06097600
195.11999881	2.99859600	6.06097600
195.19999881	2.99859600	6.06097600
195.27999881	2.99859600	6.06097600
195.35999881	2.99859600	6.06097600
195.43999881	2.99859600	6.23615200
195.51999881	2.99859600	6.23615200
195.59999881	2.99859600	6.06097600
195.67999881	2.99859600	6.06097600
195.75999881	2.99859600	6.06097600
195.83999881	2.99859600	6.23615200
195.91999881	2.99859600	6.23615200
195.99999881	2.99859600	6.06097600
196.07999881	2.99859600	6.06097600
196.15999881	2.99859600	6.06097600
196.23999881	2.99859600	6.06097600
196.31999881	2.99859600	6.06097600
196.39999881	2.99859600	6.06097600
196.47999881	2.99859600	6.23615200
196.55999881	2.99859600	6.23615200
196.63999880	2.99859600	6.06097600
196.71999880	2.95419200	6.06097600
196.79999880	2.95419200	6.06097600
196.87999880	2.99859600	6.06097600
196.95999880	2.99859600	6.06097600
197.03999880	2.99859600	6.06097600
197.11999880	2.95419200	6.06097600
197.19999880	2.99859600	6.06097600
197.27999880	2.99859600	5.88519000
197.35999880	2.99859600	6.06097600
197.43999880	2.95419200	6.06097600
197.51999880	2.99859600	6.06097600
197.59999880	2.99859600	6.06097600
197.67999880	2.95419200	5.88519000
197.75999880	2.95419200	6.06097600
197.83999880	2.99859600	6.06097600
197.91999880	2.99859600	6.06097600
197.99999880	2.99859600	6.06097600
198.07999880	2.99859600	5.88519000
198.15999880	2.99859600	6.06097600
198.23999880	2.95419200	6.06097600
198.31999879	2.95419200	5.88519000
198.39999879	2.95419200	6.06097600
198.47999879	2.95419200	6.06097600
198.55999879	2.99859600	5.88519000
198.63999879	2.99859600	6.06097600
198.71999879	2.99859600	5.88519000
198.79999879	2.99859600	6.06097600
198.87999879	2.99859600	5.88519000
198.95999879	2.99859600	5.88519000
199.03999879	2.99859600	5.88519000
199.11999879	2.99859600	5.88519000
199.19999879	2.99859600	5.88519000
199.27999879	2.95419200	6.06097600
199.35999879	2.95419200	5.88519000
199.43999879	2.95419200	5.88519000
199.51999879	2.99859600	5.88519000
199.59999879	2.99859600	6.06097600
199.67999879	2.99859600	6.06097600
199.75999879	2.99859600	5.88519000
199.83999879	2.99859600	6.06097600
199.91999878	2.99859600	6.06097600
199.99999878	2.99859600	6.06097600
200.07999878	2.99859600	5.88519000
200.15999878	2.99859600	6.06097600
200.23999878	2.99859600	5.88519000
