
-100.09325342	0.38300730	2.63069600
-100.01325342	0.42741170	7.10959200
-99.93325342	0.47166360	7.37296700
-99.85325342	0.47166360	2.19153400
-99.77325342	0.51606800	2.80617700
-99.69325342	0.51606800	4.21124900
-99.61325343	0.56031980	4.12366100
-99.53325343	0.60472430	4.12366100
-99.45325343	0.64897610	4.12366100
-99.37325343	0.69338050	5.61662600
-99.29325343	0.73763240	6.40705600
-99.21325343	0.73763240	2.45490900
-99.13325343	0.82628860	2.36701600
-99.05325343	0.82628860	4.12366100
-98.97325343	0.87069310	3.85998100
-98.89325343	0.91494490	3.77239300
-98.81325343	0.95934930	3.85998100
-98.73325343	1.00360100	3.85998100
-98.65325343	1.04800600	3.94787400
-98.57325343	1.09225700	4.03576800
-98.49325343	1.13666200	4.21124900
-98.41325343	1.13666200	4.21124900
-98.33325343	1.18091400	4.29914200
-98.25325343	1.22531800	4.38703600
-98.17325343	1.26957000	4.38703600
-98.09325343	1.31397400	4.38703600
-98.01325344	1.35822600	4.38703600
-97.93325344	1.40263100	4.38703600
-97.85325344	1.40263100	4.38703600
-97.77325344	1.49128700	4.38703600
-97.69325344	1.53553900	4.38703600
-97.61325344	1.53553900	4.38703600
-97.53325344	1.57994300	4.38703600
-97.45325344	1.62434800	4.38703600
-97.37325344	1.66859900	4.47492900
-97.29325344	1.66859900	4.38703600
-97.21325344	1.75725600	4.47492900
-97.13325344	1.75725600	4.38703600
-97.05325344	1.80166000	4.38703600
-96.97325344	1.84591200	4.38703600
-96.89325344	1.84591200	4.47492900
-96.81325344	1.89031600	4.38703600
-96.73325344	1.93456800	4.38703600
-96.65325344	1.97897300	4.47492900
-96.57325344	1.97897300	4.47492900
-96.49325344	2.02322500	4.47492900
-96.41325344	2.06762900	4.47492900
-96.33325345	2.06762900	4.56282200
-96.25325345	2.06762900	4.56282200
-96.17325345	2.11188100	4.56282200
-96.09325345	2.15628500	4.56282200
-96.01325345	2.20053700	4.56282200
-95.93325345	2.20053700	4.56282200
-95.85325345	2.20053700	4.56282200
-95.77325345	2.24494100	4.56282200
-95.69325345	2.24494100	4.56282200
-95.61325345	2.24494100	4.56282200
-95.53325345	2.28919300	4.56282200
-95.45325345	2.28919300	4.65041100
-95.37325345	2.28919300	4.56282200
-95.29325345	2.28919300	4.65041100
-95.21325345	2.28919300	4.65041100
-95.13325345	2.28919300	4.65041100
-95.05325345	2.33359800	4.73830400
-94.97325345	2.33359800	4.73830400
-94.89325345	2.33359800	4.73830400
-94.81325345	2.33359800	4.73830400
-94.73325346	2.33359800	4.73830400
-94.65325346	2.33359800	4.82619700
-94.57325346	2.28919300	4.73830400
-94.49325346	2.28919300	4.82619700
-94.41325346	2.28919300	4.82619700
-94.33325346	2.28919300	4.82619700
-94.25325346	2.28919300	4.82619700
-94.17325346	2.28919300	4.82619700
-94.09325346	2.24494100	4.82619700
-94.01325346	2.24494100	4.91409000
-93.93325346	2.20053700	4.91409000
-93.85325346	2.20053700	4.91409000
-93.77325346	2.15628500	4.91409000
-93.69325346	2.15628500	4.91409000
-93.61325346	2.11188100	4.91409000
-93.53325346	2.11188100	4.91409000
-93.45325346	2.06762900	4.91409000
-93.37325346	2.02322500	5.00167800
-93.29325346	2.02322500	5.00167800
-93.21325346	1.97897300	5.00167800
-93.13325346	1.93456800	5.08957200
-93.05325347	1.89031600	5.00167800
-92.97325347	1.84591200	5.00167800
-92.89325347	1.80166000	5.00167800
-92.81325347	1.75725600	5.00167800
-92.73325347	1.71300400	4.82619700
-92.65325347	1.66859900	4.38703600
-92.57325347	1.62434800	3.77239300
-92.49325347	1.57994300	3.15744500
-92.41325347	1.53553900	7.37296700
-92.33325347	1.49128700	8.16339600
-92.25325347	1.40263100	4.03576800
-92.17325347	1.40263100	1.57689100
-92.09325347	1.31397400	3.77239300
-92.01325347	1.22531800	3.77239300
-91.93325347	1.18091400	3.85998100
-91.85325347	1.13666200	3.85998100
-91.77325347	1.04800600	3.68450000
-91.69325347	1.00360100	3.68450000
-91.61325347	0.95934930	3.59660600
-91.53325347	0.87069310	3.50871300
-91.45325348	0.82628860	3.50871300
-91.37325348	0.73763240	3.42112500
-91.29325348	0.64897610	3.42112500
-91.21325348	0.60472430	3.33323200
-91.13325348	0.51606800	3.33323200
-91.05325348	0.42741170	3.24533800
-90.97325348	0.33875550	3.24533800
-90.89325348	0.29435100	3.15744500
-90.81325348	0.20569470	3.15744500
-90.73325348	0.11719110	3.06985700
-90.65325348	0.07278664	2.98196400
-90.57325348	-0.01586962	2.98196400
-90.49325348	-0.10452590	2.89407000
-90.41325348	-0.19318220	2.89407000
-90.33325348	-0.23743400	2.89407000
-90.25325348	-0.37049470	2.80617700
-90.17325348	-0.41474660	2.71828400
-90.09325348	-0.54780720	2.71828400
-90.01325348	-0.59205910	2.63069600
-89.93325348	-0.68071540	2.45490900
-89.85325348	-0.72511980	2.45490900
-89.77325349	-0.81377610	2.27942800
-89.69325349	-0.90243230	2.19153400
-89.61325349	-0.99108860	2.01574800
-89.53325349	-1.07974500	1.84026600
-89.45325349	-1.16840100	1.66447900
-89.37325349	-1.25705700	1.48899800
-89.29325349	-1.30146200	1.31321100
-89.21325349	-1.39011800	1.04983700
-89.13325349	-1.47877400	0.69856870
-89.05325349	-1.52302600	0.61067540
-88.97325349	-1.61168300	0.34730060
-88.89325349	-1.70033900	0.08392590
-88.81325349	-1.87765100	0.17151400
-88.73325349	-1.87765100	0.52278210
-88.65325349	-1.92205600	6.58253700
-88.57325349	-2.01071200	7.28507300
-88.49325349	-2.05496400	3.42112500
-88.41325349	-2.14362000	4.03576800
-88.33325349	-2.14362000	5.26535800
-88.25325349	-2.23227600	4.91409000
-88.17325349	-2.32093300	4.73830400
-88.09325350	-2.36533700	4.82619700
-88.01325350	-2.40958900	4.82619700
-87.93325350	-2.49824500	4.91409000
-87.85325350	-2.54265000	4.91409000
-87.77325350	-2.58690100	4.91409000
-87.69325350	-2.67571000	5.00167800
-87.61325350	-2.71996200	4.91409000
-87.53325350	-2.76436700	4.91409000
-87.45325350	-2.80861800	5.00167800
-87.37325350	-2.85302300	4.91409000
-87.29325350	-2.89727500	4.91409000
-87.21325350	-2.94167900	4.91409000
-87.13325350	-2.98593100	4.82619700
-87.05325350	-3.03033500	4.73830400
-86.97325350	-3.07458700	4.65041100
-86.89325350	-3.07458700	4.47492900
-86.81325350	-3.11899200	4.38703600
-86.73325350	-3.16324400	4.21124900
-86.65325350	-3.16324400	4.03576800
-86.57325350	-3.20764800	3.85998100
-86.49325351	-3.20764800	3.59660600
-86.41325351	-3.25190000	3.42112500
-86.33325351	-3.25190000	3.15744500
-86.25325351	-3.25190000	2.80617700
-86.17325351	-3.29630400	2.63069600
-86.09325351	-3.25190000	2.36701600
-86.01325351	-3.29630400	2.01574800
-85.93325351	-3.25190000	1.66447900
-85.85325351	-3.29630400	1.31321100
-85.77325351	-3.29630400	0.87405010
-85.69325351	-3.29630400	0.61067540
-85.61325351	-3.25190000	0.34730060
-85.53325351	-3.25190000	0.17151400
-85.45325351	-3.25190000	0.08392590
-85.37325351	-3.11899200	-0.00366222
-85.29325351	-3.16324400	0.17151400
-85.21325351	-3.20764800	0.17151400
-85.13325351	-3.11899200	6.49464400
-85.05325351	-3.20764800	8.95382600
-84.97325351	-3.07458700	3.59660600
-84.89325351	-3.07458700	3.33323200
-84.81325352	-3.03033500	4.73830400
-84.73325352	-3.03033500	4.65041100
-84.65325352	-2.89727500	4.65041100
-84.57325352	-2.89727500	4.56282200
-84.49325352	-2.85302300	6.05578800
-84.41325352	-2.80861800	6.40705600
-84.33325352	-2.71996200	2.01574800
-84.25325352	-2.71996200	3.68450000
-84.17325352	-2.67571000	3.85998100
-84.09325352	-2.58690100	1.40110500
-84.01325352	-2.54265000	2.36701600
-83.93325352	-2.45399300	3.77239300
-83.85325352	-2.40958900	4.21124900
-83.77325352	-2.32093300	2.19153400
-83.69325352	-2.23227600	2.36701600
-83.61325352	-2.14362000	6.58253700
-83.53325352	-2.14362000	6.14337600
-83.45325352	-2.01071200	3.15744500
-83.37325352	-1.96630800	4.38703600
-83.29325352	-1.87765100	4.73830400
-83.21325353	-1.78899500	4.47492900
-83.13325353	-1.74474300	4.38703600
-83.05325353	-1.65608700	4.29914200
-82.97325353	-1.56743100	4.21124900
-82.89325353	-1.47877400	4.12366100
-82.81325353	-1.39011800	4.12366100
-82.73325353	-1.30146200	4.03576800
-82.65325353	-1.21265300	3.94787400
-82.57325353	-1.16840100	3.85998100
-82.49325353	-1.07974500	3.85998100
-82.41325353	-0.99108860	3.85998100
-82.33325353	-0.90243230	3.77239300
-82.25325353	-0.81377610	3.68450000
-82.17325353	-0.72511980	3.68450000
-82.09325353	-0.59205910	3.50871300
-82.01325353	-0.54780720	3.50871300
-81.93325353	-0.45915100	3.50871300
-81.85325353	-0.37049470	3.42112500
-81.77325353	-0.23743400	3.33323200
-81.69325353	-0.19318220	3.24533800
-81.61325353	-0.06012146	3.06985700
-81.53325354	-0.01586962	2.98196400
-81.45325354	0.11719110	2.80617700
-81.37325354	0.16144290	2.71828400
-81.29325354	0.29435100	2.45490900
-81.21325354	0.38300730	2.27942800
-81.13325354	0.47166360	2.10364100
-81.05325354	0.56031980	1.92815900
-80.97325354	0.64897610	1.75237300
-80.89325354	0.73763240	1.40110500
-80.81325354	0.82628860	1.22531800
-80.73325354	0.91494490	0.87405010
-80.65325354	1.00360100	0.69856870
-80.57325354	1.04800600	0.69856870
-80.49325354	1.13666200	0.17151400
-80.41325354	1.22531800	0.17151400
-80.33325354	1.31397400	0.08392590
-80.25325354	1.40263100	0.08392590
-80.17325354	1.49128700	0.08392590
-80.09325354	1.57994300	0.08392590
-80.01325354	1.62434800	0.17151400
-79.93325355	1.66859900	0.08392590
-79.85325355	1.75725600	0.08392590
-79.77325355	1.84591200	0.08392590
-79.69325355	1.93456800	0.08392590
-79.61325355	1.97897300	0.08392590
-79.53325355	2.06762900	0.08392590
-79.45325355	2.11188100	0.08392590
-79.37325355	2.20053700	0.08392590
-79.29325355	2.24494100	0.08392590
-79.21325355	2.28919300	0.08392590
-79.13325355	2.37785000	0.08392590
-79.05325355	2.37785000	0.08392590
-78.97325355	2.46650600	0.08392590
-78.89325355	2.51091000	0.08392590
-78.81325355	2.55516200	0.08392590
-78.73325355	2.59956700	0.08392590
-78.65325355	2.64381800	0.08392590
-78.57325355	2.64381800	0.08392590
-78.49325355	2.73247500	0.08392590
-78.41325355	2.73247500	0.08392590
-78.33325355	2.77687900	0.08392590
-78.25325356	2.82113100	0.08392590
-78.17325356	2.82113100	0.08392590
-78.09325356	2.90978700	0.08392590
-78.01325356	2.90978700	0.08392590
-77.93325356	2.95419200	-0.00366222
-77.85325356	2.95419200	0.08392590
-77.77325356	2.95419200	0.08392590
-77.69325356	2.99859600	0.08392590
-77.61325356	2.99859600	-0.00366222
-77.53325356	2.99859600	0.08392590
-77.45325356	2.99859600	0.08392590
-77.37325356	2.99859600	0.08392590
-77.29325356	2.99859600	-0.00366222
-77.21325356	2.99859600	0.08392590
-77.13325356	3.04284800	0.08392590
-77.05325356	3.04284800	-0.00366222
-76.97325356	2.99859600	-0.00366222
-76.89325356	2.99859600	0.08392590
-76.81325356	2.99859600	-0.00366222
-76.73325356	2.99859600	0.08392590
-76.65325356	2.95419200	0.08392590
-76.57325357	2.95419200	-0.00366222
-76.49325357	2.90978700	-0.00366222
-76.41325357	2.90978700	-0.00366222
-76.33325357	2.90978700	0.08392590
-76.25325357	2.86553500	0.08392590
-76.17325357	2.82113100	0.08392590
-76.09325357	2.77687900	-0.00366222
-76.01325357	2.77687900	0.08392590
-75.93325357	2.77687900	0.08392590
-75.85325357	2.68822300	-0.00366222
-75.77325357	2.64381800	0.08392590
-75.69325357	2.59956700	0.08392590
-75.61325357	2.55516200	-0.00366222
-75.53325357	2.55516200	0.08392590
-75.45325357	2.46650600	0.08392590
-75.37325357	2.46650600	-0.00366222
-75.29325357	2.37785000	-0.00366222
-75.21325357	2.33359800	0.08392590
-75.13325357	2.28919300	0.08392590
-75.05325357	2.24494100	0.08392590
-74.97325358	2.20053700	0.08392590
-74.89325358	2.11188100	0.08392590
-74.81325358	2.06762900	0.08392590
-74.73325358	2.02322500	0.17151400
-74.65325358	1.93456800	0.43519400
-74.57325358	1.89031600	0.87405010
-74.49325358	1.84591200	1.48899800
-74.41325358	1.75725600	2.10364100
-74.33325358	1.75725600	2.80617700
-74.25325358	1.62434800	3.68450000
-74.17325358	1.57994300	4.38703600
-74.09325358	1.53553900	4.73830400
-74.01325358	1.49128700	4.21124900
-73.93325358	1.40263100	5.00167800
-73.85325358	1.35822600	5.26535800
-73.77325358	1.26957000	5.00167800
-73.69325358	1.18091400	4.47492900
-73.61325358	1.13666200	4.82619700
-73.53325358	1.04800600	4.73830400
-73.45325358	1.00360100	4.47492900
-73.37325358	0.95934930	4.56282200
-73.29325359	0.87069310	4.56282200
-73.21325359	0.82628860	4.56282200
-73.13325359	0.73763240	4.65041100
-73.05325359	0.64897610	4.56282200
-72.97325359	0.60472430	4.56282200
-72.89325359	0.56031980	4.56282200
-72.81325359	0.51606800	4.56282200
-72.73325359	0.42741170	4.56282200
-72.65325359	0.38300730	4.56282200
-72.57325359	0.29435100	4.56282200
-72.49325359	0.25009920	4.56282200
-72.41325359	0.16144290	4.56282200
-72.33325359	0.11719110	4.56282200
-72.25325359	0.07278664	4.56282200
-72.17325359	-0.01586962	4.56282200
-72.09325359	-0.06012146	4.65041100
-72.01325359	-0.10452590	4.65041100
-71.93325359	-0.19318220	4.65041100
-71.85325359	-0.23743400	4.65041100
-71.77325359	-0.28183840	4.65041100
-71.69325360	-0.37049470	4.65041100
-71.61325360	-0.41474660	4.65041100
-71.53325360	-0.45915100	4.65041100
-71.45325360	-0.54780720	4.65041100
-71.37325360	-0.59205910	4.65041100
-71.29325360	-0.63646350	4.65041100
-71.21325360	-0.63646350	4.65041100
-71.13325360	-0.72511980	4.73830400
-71.05325360	-0.76937160	4.73830400
-70.97325360	-0.81377610	4.73830400
-70.89325360	-0.85802790	4.73830400
-70.81325360	-0.94668420	4.73830400
-70.73325360	-0.99108860	4.73830400
-70.65325360	-0.99108860	4.73830400
-70.57325360	-1.07974500	4.73830400
-70.49325360	-1.12399700	4.73830400
-70.41325360	-1.16840100	4.73830400
-70.33325360	-1.16840100	4.73830400
-70.25325360	-1.21265300	4.73830400
-70.17325360	-1.25705700	4.82619700
-70.09325360	-1.30146200	4.82619700
-70.01325361	-1.30146200	4.82619700
-69.93325361	-1.34571400	4.82619700
-69.85325361	-1.39011800	4.82619700
-69.77325361	-1.43437000	4.82619700
-69.69325361	-1.43437000	4.91409000
-69.61325361	-1.47877400	4.82619700
-69.53325361	-1.52302600	4.82619700
-69.45325361	-1.52302600	4.91409000
-69.37325361	-1.56743100	4.91409000
-69.29325361	-1.61168300	4.91409000
-69.21325361	-1.61168300	4.91409000
-69.13325361	-1.61168300	4.91409000
-69.05325361	-1.65608700	4.91409000
-68.97325361	-1.70033900	4.91409000
-68.89325361	-1.70033900	4.91409000
-68.81325361	-1.70033900	4.91409000
-68.73325361	-1.70033900	4.91409000
-68.65325361	-1.70033900	5.00167800
-68.57325361	-1.74474300	4.91409000
-68.49325361	-1.78899500	5.00167800
-68.41325362	-1.78899500	5.00167800
-68.33325362	-1.74474300	5.00167800
-68.25325362	-1.78899500	5.00167800
-68.17325362	-1.78899500	5.00167800
-68.09325362	-1.78899500	5.00167800
-68.01325362	-1.78899500	5.08957200
-67.93325362	-1.78899500	5.00167800
-67.85325362	-1.83339900	5.00167800
-67.77325362	-1.83339900	5.00167800
-67.69325362	-1.83339900	5.08957200
-67.61325362	-1.83339900	5.00167800
-67.53325362	-1.83339900	5.00167800
-67.45325362	-1.78899500	4.73830400
-67.37325362	-1.83339900	4.21124900
-67.29325362	-1.78899500	3.50871300
-67.21325362	-1.78899500	2.98196400
-67.13325362	-1.87765100	5.61662600
-67.05325362	-1.78899500	6.31916200
-66.97325362	-1.78899500	5.88000100
-66.89325362	-1.74474300	4.21124900
-66.81325362	-1.78899500	5.00167800
-66.73325363	-1.74474300	4.73830400
-66.65325363	-1.74474300	4.38703600
-66.57325363	-1.74474300	4.21124900
-66.49325363	-1.74474300	3.94787400
-66.41325363	-1.70033900	3.59660600
-66.33325363	-1.70033900	3.42112500
-66.25325363	-1.70033900	3.06985700
-66.17325363	-1.65608700	2.71828400
-66.09325363	-1.65608700	2.27942800
-66.01325363	-1.65608700	1.84026600
-65.93325363	-1.65608700	1.40110500
-65.85325363	-1.61168300	0.96194340
-65.77325363	-1.61168300	0.34730060
-65.69325363	-1.61168300	0.43519400
-65.61325363	-1.56743100	0.17151400
-65.53325363	-1.56743100	0.08392590
-65.45325363	-1.52302600	0.08392590
-65.37325363	-1.52302600	0.17151400
-65.29325363	-1.52302600	0.08392590
-65.21325363	-1.52302600	0.17151400
-65.13325363	-1.47877400	0.08392590
-65.05325364	-1.43437000	0.08392590
-64.97325364	-1.43437000	0.17151400
-64.89325364	-1.43437000	0.08392590
-64.81325364	-1.39011800	0.17151400
-64.73325364	-1.39011800	0.08392590
-64.65325364	-1.34571400	0.17151400
-64.57325364	-1.34571400	0.08392590
-64.49325364	-1.30146200	0.08392590
-64.41325364	-1.30146200	0.17151400
-64.33325364	-1.30146200	0.08392590
-64.25325364	-1.25705700	0.08392590
-64.17325364	-1.25705700	0.17151400
-64.09325364	-1.21265300	0.08392590
-64.01325364	-1.16840100	0.17151400
-63.93325364	-1.16840100	0.08392590
-63.85325364	-1.16840100	0.08392590
-63.77325364	-1.16840100	0.08392590
-63.69325364	-1.12399700	0.17151400
-63.61325364	-1.07974500	0.17151400
-63.53325364	-1.03534000	0.08392590
-63.45325365	-1.07974500	0.08392590
-63.37325365	-1.03534000	0.08392590
-63.29325365	-0.99108860	0.17151400
-63.21325365	-0.99108860	0.17151400
-63.13325365	-0.94668420	0.08392590
-63.05325365	-0.94668420	0.08392590
-62.97325365	-0.90243230	0.17151400
-62.89325365	-0.90243230	0.08392590
-62.81325365	-0.85802790	0.08392590
-62.73325365	-0.81377610	0.08392590
-62.65325365	-0.81377610	0.08392590
-62.57325365	-0.81377610	0.17151400
-62.49325365	-0.76937160	0.08392590
-62.41325365	-0.76937160	0.17151400
-62.33325365	-0.72511980	0.08392590
-62.25325365	-0.72511980	0.08392590
-62.17325365	-0.68071540	0.08392590
-62.09325365	-0.63646350	0.08392590
-62.01325365	-0.63646350	0.08392590
-61.93325365	-0.59205910	0.08392590
-61.85325365	-0.59205910	0.08392590
-61.77325366	-0.54780720	0.08392590
-61.69325366	-0.54780720	0.08392590
-61.61325366	-0.50340280	0.08392590
-61.53325366	-0.45915100	0.08392590
-61.45325366	-0.45915100	0.17151400
-61.37325366	-0.41474660	0.08392590
-61.29325366	-0.37049470	0.08392590
-61.21325366	-0.37049470	0.08392590
-61.13325366	-0.32609030	0.08392590
-61.05325366	-0.28183840	0.08392590
-60.97325366	-0.28183840	0.17151400
-60.89325366	-0.23743400	0.08392590
-60.81325366	-0.23743400	0.08392590
-60.73325366	-0.19318220	0.08392590
-60.65325366	-0.19318220	0.08392590
-60.57325366	-0.14877770	0.08392590
-60.49325366	-0.10452590	0.17151400
-60.41325366	-0.06012146	0.08392590
-60.33325366	-0.01586962	0.08392590
-60.25325366	-0.01586962	0.08392590
-60.17325367	0.02853481	0.08392590
-60.09325367	0.07278664	0.08392590
-60.01325367	0.07278664	0.08392590
-59.93325367	0.11719110	0.17151400
-59.85325367	0.11719110	0.08392590
-59.77325367	0.16144290	0.08392590
-59.69325367	0.20569470	0.08392590
-59.61325367	0.25009920	0.17151400
-59.53325367	0.25009920	0.52278210
-59.45325367	0.29435100	1.04983700
-59.37325367	0.29435100	1.66447900
-59.29325367	0.38300730	2.27942800
-59.21325367	0.47166360	5.70452000
-59.13325367	0.38300730	7.72423500
-59.05325367	0.47166360	6.05578800
-58.97325367	0.47166360	2.19153400
-58.89325367	0.56031980	4.38703600
-58.81325367	0.56031980	4.21124900
-58.73325367	0.60472430	4.12366100
-58.65325367	0.64897610	4.12366100
-58.57325367	0.69338050	4.38703600
-58.49325368	0.73763240	6.05578800
-58.41325368	0.78203680	5.79210800
-58.33325368	0.82628860	2.10364100
-58.25325368	0.82628860	4.12366100
-58.17325368	0.87069310	4.03576800
-58.09325368	0.91494490	3.77239300
-58.01325368	0.95934930	3.85998100
-57.93325368	1.00360100	3.85998100
-57.85325368	1.04800600	3.85998100
-57.77325368	1.04800600	4.12366100
-57.69325368	1.13666200	4.12366100
-57.61325368	1.18091400	4.21124900
-57.53325368	1.18091400	4.38703600
-57.45325368	1.22531800	4.38703600
-57.37325368	1.26957000	4.38703600
-57.29325368	1.31397400	4.47492900
-57.21325368	1.35822600	4.38703600
-57.13325368	1.40263100	4.38703600
-57.05325368	1.44688200	4.38703600
-56.97325368	1.49128700	4.38703600
-56.89325369	1.53553900	4.29914200
-56.81325369	1.53553900	4.38703600
-56.73325369	1.57994300	4.38703600
-56.65325369	1.66859900	4.38703600
-56.57325369	1.66859900	4.38703600
-56.49325369	1.71300400	4.38703600
-56.41325369	1.71300400	4.38703600
-56.33325369	1.75725600	4.38703600
-56.25325369	1.84591200	4.38703600
-56.17325369	1.84591200	4.38703600
-56.09325369	1.89031600	4.38703600
-56.01325369	1.93456800	4.38703600
-55.93325369	1.93456800	4.47492900
-55.85325369	1.97897300	4.47492900
-55.77325369	2.02322500	4.47492900
-55.69325369	2.06762900	4.47492900
-55.61325369	2.06762900	4.47492900
-55.53325369	2.11188100	4.47492900
-55.45325369	2.11188100	4.56282200
-55.37325369	2.15628500	4.56282200
-55.29325369	2.15628500	4.47492900
-55.21325370	2.20053700	4.56282200
-55.13325370	2.24494100	4.56282200
-55.05325370	2.20053700	4.56282200
-54.97325370	2.24494100	4.56282200
-54.89325370	2.24494100	4.56282200
-54.81325370	2.28919300	4.56282200
-54.73325370	2.28919300	4.56282200
-54.65325370	2.28919300	4.56282200
-54.57325370	2.33359800	4.65041100
-54.49325370	2.33359800	4.65041100
-54.41325370	2.33359800	4.65041100
-54.33325370	2.33359800	4.73830400
-54.25325370	2.33359800	4.65041100
-54.17325370	2.33359800	4.73830400
-54.09325370	2.37785000	4.73830400
-54.01325370	2.37785000	4.73830400
-53.93325370	2.33359800	4.73830400
-53.85325370	2.37785000	4.73830400
-53.77325370	2.33359800	4.82619700
-53.69325370	2.37785000	4.82619700
-53.61325371	2.33359800	4.82619700
-53.53325371	2.33359800	4.82619700
-53.45325371	2.28919300	4.82619700
-53.37325371	2.28919300	4.82619700
-53.29325371	2.28919300	4.91409000
-53.21325371	2.28919300	4.91409000
-53.13325371	2.24494100	4.91409000
-53.05325371	2.24494100	4.91409000
-52.97325371	2.20053700	4.91409000
-52.89325371	2.20053700	4.91409000
-52.81325371	2.15628500	4.91409000
-52.73325371	2.11188100	4.91409000
-52.65325371	2.06762900	5.00167800
-52.57325371	2.06762900	4.91409000
-52.49325371	2.02322500	5.00167800
-52.41325371	2.02322500	5.00167800
-52.33325371	1.97897300	5.00167800
-52.25325371	1.93456800	5.00167800
-52.17325371	1.89031600	5.00167800
-52.09325371	1.84591200	5.00167800
-52.01325371	1.75725600	4.91409000
-51.93325372	1.75725600	4.73830400
-51.85325372	1.71300400	4.29914200
-51.77325372	1.66859900	3.68450000
-51.69325372	1.62434800	3.15744500
-51.61325372	1.49128700	7.72423500
-51.53325372	1.53553900	8.07550200
-51.45325372	1.44688200	3.33323200
-51.37325372	1.44688200	1.57689100
-51.29325372	1.31397400	3.77239300
-51.21325372	1.26957000	3.77239300
-51.13325372	1.18091400	3.94787400
-51.05325372	1.13666200	3.85998100
-50.97325372	1.09225700	3.68450000
-50.89325372	1.04800600	3.68450000
-50.81325372	0.95934930	3.59660600
-50.73325372	0.87069310	3.50871300
-50.65325372	0.82628860	3.50871300
-50.57325372	0.73763240	3.50871300
-50.49325372	0.69338050	3.42112500
-50.41325372	0.60472430	3.33323200
-50.33325372	0.51606800	3.33323200
-50.25325373	0.47166360	3.24533800
-50.17325373	0.38300730	3.24533800
-50.09325373	0.33875550	3.15744500
-50.01325373	0.25009920	3.15744500
-49.93325373	0.16144290	3.06985700
-49.85325373	0.07278664	2.98196400
-49.77325373	-0.01586962	2.98196400
-49.69325373	-0.06012146	2.98196400
-49.61325373	-0.19318220	2.89407000
-49.53325373	-0.28183840	2.89407000
-49.45325373	-0.32609030	2.80617700
-49.37325373	-0.41474660	2.80617700
-49.29325373	-0.50340280	2.71828400
-49.21325373	-0.59205910	2.63069600
-49.13325373	-0.63646350	2.54280200
-49.05325373	-0.72511980	2.45490900
-48.97325373	-0.81377610	2.36701600
-48.89325373	-0.90243230	2.27942800
-48.81325373	-0.94668420	2.10364100
-48.73325373	-1.07974500	1.92815900
-48.65325374	-1.16840100	1.75237300
-48.57325374	-1.21265300	1.57689100
-48.49325374	-1.30146200	1.40110500
-48.41325374	-1.34571400	1.13773000
-48.33325374	-1.43437000	0.78646200
-48.25325374	-1.52302600	0.69856870
-48.17325374	-1.61168300	0.43519400
-48.09325374	-1.65608700	0.17151400
-48.01325374	-1.65608700	-0.00366222
-47.93325374	-1.78899500	0.17151400
-47.85325374	-1.87765100	3.50871300
-47.77325374	-1.96630800	7.63634200
-47.69325374	-2.01071200	4.73830400
-47.61325374	-2.09936800	3.33323200
-47.53325374	-2.18802500	5.26535800
-47.45325374	-2.23227600	5.00167800
-47.37325374	-2.32093300	4.82619700
-47.29325374	-2.36533700	4.82619700
-47.21325374	-2.40958900	4.82619700
-47.13325374	-2.49824500	4.91409000
-47.05325374	-2.54265000	4.91409000
-46.97325375	-2.58690100	4.91409000
-46.89325375	-2.67571000	5.00167800
-46.81325375	-2.71996200	5.00167800
-46.73325375	-2.76436700	4.91409000
-46.65325375	-2.80861800	5.00167800
-46.57325375	-2.85302300	5.00167800
-46.49325375	-2.89727500	4.91409000
-46.41325375	-2.94167900	4.91409000
-46.33325375	-2.98593100	4.91409000
-46.25325375	-3.03033500	4.82619700
-46.17325375	-3.07458700	4.73830400
-46.09325375	-3.07458700	4.65041100
-46.01325375	-3.11899200	4.47492900
-45.93325375	-3.16324400	4.29914200
-45.85325375	-3.16324400	4.21124900
-45.77325375	-3.20764800	3.94787400
-45.69325375	-3.25190000	3.77239300
-45.61325375	-3.25190000	3.50871300
-45.53325375	-3.25190000	3.24533800
-45.45325375	-3.25190000	2.98196400
-45.37325376	-3.25190000	2.71828400
-45.29325376	-3.29630400	2.45490900
-45.21325376	-3.29630400	2.10364100
-45.13325376	-3.29630400	1.75237300
-45.05325376	-3.29630400	1.48899800
-44.97325376	-3.29630400	1.04983700
-44.89325376	-3.29630400	0.69856870
-44.81325376	-3.29630400	0.43519400
-44.73325376	-3.25190000	0.25940730
-44.65325376	-3.25190000	0.08392590
-44.57325376	-3.25190000	-0.00366222
-44.49325376	-3.25190000	0.17151400
-44.41325376	-3.20764800	0.25940730
-44.33325376	-3.16324400	3.42112500
-44.25325376	-3.11899200	9.21720000
-44.17325376	-3.11899200	6.40705600
-44.09325376	-3.07458700	3.06985700
-44.01325376	-3.07458700	4.82619700
-43.93325376	-3.03033500	4.65041100
-43.85325376	-2.98593100	4.65041100
-43.77325376	-2.89727500	4.56282200
-43.69325377	-2.85302300	5.88000100
-43.61325377	-2.80861800	6.67043100
-43.53325377	-2.76436700	3.68450000
-43.45325377	-2.71996200	2.36701600
-43.37325377	-2.67571000	4.12366100
-43.29325377	-2.58690100	1.31321100
-43.21325377	-2.54265000	1.84026600
-43.13325377	-2.49824500	3.24533800
-43.05325377	-2.40958900	4.82619700
-42.97325377	-2.36533700	2.89407000
-42.89325377	-2.27668100	2.27942800
-42.81325377	-2.23227600	5.08957200
-42.73325377	-2.09936800	6.49464400
-42.65325377	-2.09936800	3.33323200
-42.57325377	-1.96630800	3.42112500
-42.49325377	-1.92205600	4.82619700
-42.41325377	-1.83339900	4.56282200
-42.33325377	-1.78899500	4.38703600
-42.25325377	-1.65608700	4.21124900
-42.17325377	-1.61168300	4.21124900
-42.09325378	-1.52302600	4.12366100
-42.01325378	-1.43437000	4.03576800
-41.93325378	-1.34571400	3.94787400
-41.85325378	-1.25705700	3.94787400
-41.77325378	-1.16840100	3.85998100
-41.69325378	-1.07974500	3.77239300
-41.61325378	-0.99108860	3.77239300
-41.53325378	-0.90243230	3.68450000
-41.45325378	-0.81377610	3.59660600
-41.37325378	-0.72511980	3.59660600
-41.29325378	-0.63646350	3.50871300
-41.21325378	-0.54780720	3.42112500
-41.13325378	-0.45915100	3.42112500
-41.05325378	-0.37049470	3.33323200
-40.97325378	-0.28183840	3.15744500
-40.89325378	-0.19318220	3.06985700
-40.81325378	-0.10452590	2.98196400
-40.73325378	-0.01586962	2.80617700
-40.65325378	0.07278664	2.71828400
-40.57325378	0.16144290	2.54280200
-40.49325378	0.25009920	2.36701600
-40.41325379	0.33875550	2.19153400
-40.33325379	0.42741170	2.01574800
-40.25325379	0.51606800	1.75237300
-40.17325379	0.64897610	1.57689100
-40.09325379	0.69338050	1.31321100
-40.01325379	0.78203680	1.04983700
-39.93325379	0.87069310	0.69856870
-39.85325379	0.95934930	0.69856870
-39.77325379	1.04800600	0.34730060
-39.69325379	1.13666200	0.17151400
-39.61325379	1.22531800	0.08392590
-39.53325379	1.26957000	0.17151400
-39.45325379	1.35822600	0.08392590
-39.37325379	1.44688200	0.08392590
-39.29325379	1.53553900	0.17151400
-39.21325379	1.57994300	0.08392590
-39.13325379	1.66859900	0.08392590
-39.05325379	1.75725600	0.08392590
-38.97325379	1.80166000	0.08392590
-38.89325379	1.89031600	-0.00366222
-38.81325379	1.93456800	0.08392590
-38.73325380	2.02322500	0.08392590
-38.65325380	2.06762900	0.08392590
-38.57325380	2.15628500	0.08392590
-38.49325380	2.20053700	0.08392590
-38.41325380	2.24494100	0.08392590
-38.33325380	2.33359800	0.08392590
-38.25325380	2.37785000	0.08392590
-38.17325380	2.42225400	0.08392590
-38.09325380	2.46650600	0.08392590
-38.01325380	2.51091000	0.08392590
-37.93325380	2.55516200	0.08392590
-37.85325380	2.59956700	0.08392590
-37.77325380	2.64381800	0.08392590
-37.69325380	2.68822300	0.08392590
-37.61325380	2.73247500	0.08392590
-37.53325380	2.77687900	0.08392590
-37.45325380	2.82113100	0.08392590
-37.37325380	2.82113100	0.08392590
-37.29325380	2.86553500	-0.00366222
-37.21325380	2.90978700	0.08392590
-37.13325381	2.90978700	0.08392590
-37.05325381	2.95419200	-0.00366222
-36.97325381	2.95419200	0.08392590
-36.89325381	2.99859600	0.08392590
-36.81325381	2.95419200	0.08392590
-36.73325381	2.99859600	0.08392590
-36.65325381	2.99859600	-0.00366222
-36.57325381	3.04284800	0.08392590
-36.49325381	2.99859600	0.08392590
-36.41325381	3.04284800	0.08392590
-36.33325381	2.99859600	0.08392590
-36.25325381	2.99859600	0.08392590
-36.17325381	2.99859600	0.08392590
-36.09325381	2.99859600	0.08392590
-36.01325381	2.99859600	0.08392590
-35.93325381	2.99859600	0.08392590
-35.85325381	2.99859600	0.08392590
-35.77325381	2.95419200	-0.00366222
-35.69325381	2.90978700	-0.00366222
-35.61325381	2.90978700	-0.00366222
-35.53325381	2.90978700	-0.00366222
-35.45325382	2.86553500	-0.00366222
-35.37325382	2.82113100	0.08392590
-35.29325382	2.82113100	0.08392590
-35.21325382	2.77687900	0.08392590
-35.13325382	2.73247500	-0.00366222
-35.05325382	2.68822300	0.08392590
-34.97325382	2.64381800	0.08392590
-34.89325382	2.59956700	-0.00366222
-34.81325382	2.59956700	0.08392590
-34.73325382	2.55516200	0.08392590
-34.65325382	2.51091000	-0.00366222
-34.57325382	2.46650600	0.08392590
-34.49325382	2.42225400	0.08392590
-34.41325382	2.33359800	-0.00366222
-34.33325382	2.28919300	-0.00366222
-34.25325382	2.24494100	0.08392590
-34.17325382	2.20053700	0.08392590
-34.09325382	2.15628500	0.08392590
-34.01325382	2.06762900	0.17151400
-33.93325382	2.02322500	0.43519400
-33.85325383	1.93456800	0.87405010
-33.77325383	1.89031600	1.40110500
-33.69325383	1.84591200	2.01574800
-33.61325383	1.80166000	2.71828400
-33.53325383	1.71300400	3.59660600
-33.45325383	1.66859900	4.21124900
-33.37325383	1.62434800	4.73830400
-33.29325383	1.53553900	4.29914200
-33.21325383	1.49128700	4.91409000
-33.13325383	1.40263100	5.26535800
-33.05325383	1.35822600	5.08957200
-32.97325383	1.31397400	4.56282200
-32.89325383	1.22531800	4.73830400
-32.81325383	1.18091400	4.82619700
-32.73325383	1.09225700	4.47492900
-32.65325383	1.00360100	4.65041100
-32.57325383	0.95934930	4.65041100
-32.49325383	0.91494490	4.56282200
-32.41325383	0.82628860	4.56282200
-32.33325383	0.78203680	4.56282200
-32.25325383	0.69338050	4.56282200
-32.17325384	0.64897610	4.56282200
-32.09325384	0.60472430	4.56282200
-32.01325384	0.51606800	4.56282200
-31.93325384	0.47166360	4.65041100
-31.85325384	0.38300730	4.56282200
-31.77325384	0.33875550	4.56282200
-31.69325384	0.29435100	4.65041100
-31.61325384	0.25009920	4.56282200
-31.53325384	0.16144290	4.56282200
-31.45325384	0.11719110	4.56282200
-31.37325384	0.02853481	4.56282200
-31.29325384	-0.01586962	4.56282200
-31.21325384	-0.10452590	4.56282200
-31.13325384	-0.14877770	4.56282200
-31.05325384	-0.19318220	4.65041100
-30.97325384	-0.28183840	4.65041100
-30.89325384	-0.28183840	4.56282200
-30.81325384	-0.37049470	4.65041100
-30.73325384	-0.45915100	4.65041100
-30.65325384	-0.50340280	4.65041100
-30.57325385	-0.54780720	4.65041100
-30.49325385	-0.59205910	4.65041100
-30.41325385	-0.63646350	4.65041100
-30.33325385	-0.72511980	4.73830400
-30.25325385	-0.72511980	4.65041100
-30.17325385	-0.76937160	4.73830400
-30.09325385	-0.81377610	4.73830400
-30.01325385	-0.90243230	4.73830400
-29.93325385	-0.94668420	4.73830400
-29.85325385	-0.99108860	4.73830400
-29.77325385	-1.03534000	4.73830400
-29.69325385	-1.07974500	4.82619700
-29.61325385	-1.07974500	4.82619700
-29.53325385	-1.16840100	4.82619700
-29.45325385	-1.21265300	4.73830400
-29.37325385	-1.25705700	4.82619700
-29.29325385	-1.25705700	4.82619700
-29.21325385	-1.30146200	4.82619700
-29.13325385	-1.34571400	4.82619700
-29.05325385	-1.34571400	4.82619700
-28.97325385	-1.39011800	4.82619700
-28.89325386	-1.43437000	4.82619700
-28.81325386	-1.47877400	4.82619700
-28.73325386	-1.47877400	4.91409000
-28.65325386	-1.52302600	4.82619700
-28.57325386	-1.56743100	4.82619700
-28.49325386	-1.56743100	4.91409000
-28.41325386	-1.61168300	4.91409000
-28.33325386	-1.61168300	4.91409000
-28.25325386	-1.65608700	4.91409000
-28.17325386	-1.65608700	4.91409000
-28.09325386	-1.65608700	4.91409000
-28.01325386	-1.65608700	4.91409000
-27.93325386	-1.70033900	4.91409000
-27.85325386	-1.74474300	4.91409000
-27.77325386	-1.74474300	5.00167800
-27.69325386	-1.74474300	5.00167800
-27.61325386	-1.74474300	5.00167800
-27.53325386	-1.78899500	5.00167800
-27.45325386	-1.78899500	5.00167800
-27.37325386	-1.78899500	5.00167800
-27.29325386	-1.78899500	5.00167800
-27.21325387	-1.78899500	5.00167800
-27.13325387	-1.78899500	5.00167800
-27.05325387	-1.78899500	5.08957200
-26.97325387	-1.83339900	5.08957200
-26.89325387	-1.83339900	5.00167800
-26.81325387	-1.78899500	4.91409000
-26.73325387	-1.83339900	4.65041100
-26.65325387	-1.78899500	4.12366100
-26.57325387	-1.83339900	3.50871300
-26.49325387	-1.78899500	2.89407000
-26.41325387	-1.87765100	5.52873300
-26.33325387	-1.78899500	6.40705600
-26.25325387	-1.78899500	5.88000100
-26.17325387	-1.78899500	4.12366100
-26.09325387	-1.78899500	5.08957200
-26.01325387	-1.78899500	4.73830400
-25.93325387	-1.78899500	4.38703600
-25.85325387	-1.74474300	4.21124900
-25.77325387	-1.78899500	4.03576800
-25.69325387	-1.74474300	3.77239300
-25.61325388	-1.74474300	3.42112500
-25.53325388	-1.74474300	3.15744500
-25.45325388	-1.70033900	2.80617700
-25.37325388	-1.70033900	2.36701600
-25.29325388	-1.65608700	2.01574800
-25.21325388	-1.65608700	1.57689100
-25.13325388	-1.65608700	1.13773000
-25.05325388	-1.65608700	0.43519400
-24.97325388	-1.65608700	0.34730060
-24.89325388	-1.61168300	0.25940730
-24.81325388	-1.61168300	0.17151400
-24.73325388	-1.61168300	0.17151400
-24.65325388	-1.56743100	0.17151400
-24.57325388	-1.56743100	0.08392590
-24.49325388	-1.56743100	0.08392590
-24.41325388	-1.52302600	0.17151400
-24.33325388	-1.52302600	0.17151400
-24.25325388	-1.47877400	0.17151400
-24.17325388	-1.47877400	0.08392590
-24.09325388	-1.47877400	0.08392590
-24.01325388	-1.43437000	0.08392590
-23.93325389	-1.43437000	0.17151400
-23.85325389	-1.39011800	0.17151400
-23.77325389	-1.39011800	0.08392590
-23.69325389	-1.34571400	0.17151400
-23.61325389	-1.34571400	0.17151400
-23.53325389	-1.34571400	0.17151400
-23.45325389	-1.30146200	0.08392590
-23.37325389	-1.30146200	0.17151400
-23.29325389	-1.25705700	0.17151400
-23.21325389	-1.25705700	0.17151400
-23.13325389	-1.21265300	0.08392590
-23.05325389	-1.21265300	0.08392590
-22.97325389	-1.16840100	0.08392590
-22.89325389	-1.16840100	0.08392590
-22.81325389	-1.12399700	0.08392590
-22.73325389	-1.12399700	0.17151400
-22.65325389	-1.12399700	0.08392590
-22.57325389	-1.07974500	0.17151400
-22.49325389	-1.07974500	0.08392590
-22.41325389	-0.99108860	0.08392590
-22.33325390	-0.99108860	0.08392590
-22.25325390	-0.99108860	0.08392590
-22.17325390	-0.99108860	0.08392590
-22.09325390	-0.94668420	0.17151400
-22.01325390	-0.90243230	0.17151400
-21.93325390	-0.90243230	0.17151400
-21.85325390	-0.85802790	0.17151400
-21.77325390	-0.81377610	0.08392590
-21.69325390	-0.81377610	0.08392590
-21.61325390	-0.81377610	0.08392590
-21.53325390	-0.76937160	0.08392590
-21.45325390	-0.72511980	0.08392590
-21.37325390	-0.72511980	0.08392590
-21.29325390	-0.68071540	0.08392590
-21.21325390	-0.63646350	0.08392590
-21.13325390	-0.63646350	0.08392590
-21.05325390	-0.59205910	0.08392590
-20.97325390	-0.59205910	0.17151400
-20.89325390	-0.54780720	0.17151400
-20.81325390	-0.54780720	0.08392590
-20.73325390	-0.50340280	0.08392590
-20.65325391	-0.45915100	0.08392590
-20.57325391	-0.41474660	0.08392590
-20.49325391	-0.41474660	0.08392590
-20.41325391	-0.37049470	0.08392590
-20.33325391	-0.37049470	0.08392590
-20.25325391	-0.32609030	0.08392590
-20.17325391	-0.28183840	0.08392590
-20.09325391	-0.28183840	0.08392590
-20.01325391	-0.23743400	0.08392590
-19.93325391	-0.19318220	0.08392590
-19.85325391	-0.19318220	0.08392590
-19.77325391	-0.14877770	0.08392590
-19.69325391	-0.10452590	0.08392590
-19.61325391	-0.06012146	0.17151400
-19.53325391	-0.06012146	0.08392590
-19.45325391	-0.01586962	0.08392590
-19.37325391	0.02853481	0.08392590
-19.29325391	0.07278664	0.08392590
-19.21325391	0.07278664	0.08392590
-19.13325391	0.11719110	0.08392590
-19.05325392	0.16144290	0.08392590
-18.97325392	0.16144290	0.17151400
-18.89325392	0.20569470	0.17151400
-18.81325392	0.25009920	0.43519400
-18.73325392	0.25009920	0.96194340
-18.65325392	0.29435100	1.48899800
-18.57325392	0.33875550	2.10364100
-18.49325392	0.42741170	2.98196400
-18.41325392	0.42741170	7.98760900
-18.33325392	0.42741170	6.67043100
-18.25325392	0.51606800	2.27942800
-18.17325392	0.51606800	4.21124900
-18.09325392	0.60472430	4.21124900
-18.01325392	0.60472430	4.21124900
-17.93325392	0.64897610	4.21124900
-17.85325392	0.64897610	4.21124900
-17.77325392	0.69338050	5.88000100
-17.69325392	0.73763240	6.14337600
-17.61325392	0.78203680	2.01574800
-17.53325392	0.82628860	3.50871300
-17.45325392	0.87069310	4.03576800
-17.37325393	0.91494490	3.85998100
-17.29325393	0.95934930	3.77239300
-17.21325393	1.00360100	3.85998100
-17.13325393	1.04800600	3.85998100
-17.05325393	1.09225700	4.12366100
-16.97325393	1.13666200	4.12366100
-16.89325393	1.18091400	4.21124900
-16.81325393	1.18091400	4.29914200
-16.73325393	1.22531800	4.29914200
-16.65325393	1.31397400	4.38703600
-16.57325393	1.35822600	4.38703600
-16.49325393	1.35822600	4.38703600
-16.41325393	1.40263100	4.38703600
-16.33325393	1.44688200	4.38703600
-16.25325393	1.49128700	4.38703600
-16.17325393	1.53553900	4.38703600
-16.09325393	1.57994300	4.47492900
-16.01325393	1.62434800	4.38703600
-15.93325393	1.66859900	4.38703600
-15.85325393	1.66859900	4.38703600
-15.77325393	1.71300400	4.38703600
-15.69325394	1.75725600	4.38703600
-15.61325394	1.80166000	4.38703600
-15.53325394	1.84591200	4.38703600
-15.45325394	1.89031600	4.47492900
-15.37325394	1.89031600	4.38703600
-15.29325394	1.93456800	4.47492900
-15.21325394	1.97897300	4.47492900
-15.13325394	2.02322500	4.47492900
-15.05325394	2.06762900	4.47492900
-14.97325394	2.06762900	4.56282200
-14.89325394	2.11188100	4.56282200
-14.81325394	2.11188100	4.47492900
-14.73325394	2.15628500	4.47492900
-14.65325394	2.20053700	4.56282200
-14.57325394	2.20053700	4.56282200
-14.49325394	2.24494100	4.56282200
-14.41325394	2.24494100	4.56282200
-14.33325394	2.28919300	4.56282200
-14.25325394	2.28919300	4.56282200
-14.17325394	2.28919300	4.56282200
-14.09325395	2.28919300	4.56282200
-14.01325395	2.33359800	4.56282200
-13.93325395	2.33359800	4.56282200
-13.85325395	2.37785000	4.65041100
-13.77325395	2.37785000	4.65041100
-13.69325395	2.37785000	4.65041100
-13.61325395	2.42225400	4.73830400
-13.53325395	2.42225400	4.65041100
-13.45325395	2.37785000	4.73830400
-13.37325395	2.37785000	4.73830400
-13.29325395	2.42225400	4.73830400
-13.21325395	2.42225400	4.73830400
-13.13325395	2.37785000	4.73830400
-13.05325395	2.37785000	4.73830400
-12.97325395	2.37785000	4.82619700
-12.89325395	2.37785000	4.82619700
-12.81325395	2.37785000	4.82619700
-12.73325395	2.37785000	4.82619700
-12.65325395	2.33359800	4.91409000
-12.57325395	2.33359800	4.91409000
-12.49325395	2.33359800	4.91409000
-12.41325396	2.28919300	4.91409000
-12.33325396	2.28919300	4.91409000
-12.25325396	2.24494100	4.91409000
-12.17325396	2.20053700	4.91409000
-12.09325396	2.20053700	4.91409000
-12.01325396	2.20053700	4.91409000
-11.93325396	2.11188100	4.91409000
-11.85325396	2.11188100	5.00167800
-11.77325396	2.06762900	5.00167800
-11.69325396	2.02322500	5.00167800
-11.61325396	2.02322500	5.00167800
-11.53325396	1.97897300	5.00167800
-11.45325396	1.93456800	5.08957200
-11.37325396	1.89031600	5.00167800
-11.29325396	1.84591200	4.91409000
-11.21325396	1.75725600	4.73830400
-11.13325396	1.75725600	4.21124900
-11.05325396	1.66859900	3.68450000
-10.97325396	1.62434800	3.06985700
-10.89325396	1.49128700	7.98760900
-10.81325397	1.57994300	8.07550200
-10.73325397	1.49128700	2.54280200
-10.65325397	1.49128700	1.57689100
-10.57325397	1.35822600	3.68450000
-10.49325397	1.31397400	3.77239300
-10.41325397	1.22531800	3.94787400
-10.33325397	1.18091400	3.85998100
-10.25325397	1.13666200	3.68450000
-10.17325397	1.04800600	3.68450000
-10.09325397	1.00360100	3.59660600
-10.01325397	0.91494490	3.50871300
-9.93325397	0.82628860	3.50871300
-9.85325397	0.78203680	3.42112500
-9.77325397	0.73763240	3.42112500
-9.69325397	0.64897610	3.33323200
-9.61325397	0.56031980	3.33323200
-9.53325397	0.51606800	3.24533800
-9.45325397	0.42741170	3.24533800
-9.37325397	0.33875550	3.15744500
-9.29325397	0.25009920	3.15744500
-9.21325397	0.16144290	3.06985700
-9.13325398	0.11719110	3.06985700
-9.05325398	0.02853481	2.98196400
-8.97325398	-0.06012146	2.98196400
-8.89325398	-0.19318220	2.89407000
-8.81325398	-0.23743400	2.80617700
-8.73325398	-0.28183840	2.80617700
-8.65325398	-0.37049470	2.71828400
-8.57325398	-0.45915100	2.71828400
-8.49325398	-0.54780720	2.63069600
-8.41325398	-0.63646350	2.54280200
-8.33325398	-0.72511980	2.45490900
-8.25325398	-0.76937160	2.36701600
-8.17325398	-0.90243230	2.19153400
-8.09325398	-0.94668420	2.10364100
-8.01325398	-1.07974500	1.92815900
-7.93325398	-1.12399700	1.75237300
-7.85325398	-1.21265300	1.57689100
-7.77325398	-1.30146200	1.40110500
-7.69325398	-1.34571400	1.04983700
-7.61325398	-1.43437000	0.69856870
-7.53325399	-1.52302600	0.69856870
-7.45325399	-1.61168300	0.34730060
-7.37325399	-1.70033900	0.17151400
-7.29325399	-1.74474300	0.08392590
-7.21325399	-1.83339900	0.17151400
-7.13325399	-1.87765100	5.00167800
-7.05325399	-1.96630800	7.37296700
-6.97325399	-2.01071200	3.68450000
-6.89325399	-2.14362000	3.59660600
-6.81325399	-2.14362000	5.35294700
-6.73325399	-2.23227600	5.00167800
-6.65325399	-2.32093300	4.82619700
-6.57325399	-2.36533700	4.91409000
-6.49325399	-2.40958900	4.91409000
-6.41325399	-2.49824500	4.91409000
-6.33325399	-2.54265000	4.91409000
-6.25325399	-2.58690100	4.91409000
-6.17325399	-2.67571000	5.08957200
-6.09325399	-2.71996200	5.00167800
-6.01325399	-2.76436700	4.91409000
-5.93325399	-2.80861800	5.00167800
-5.85325400	-2.85302300	5.00167800
-5.77325400	-2.89727500	4.91409000
-5.69325400	-2.94167900	5.00167800
-5.61325400	-3.03033500	5.00167800
-5.53325400	-3.03033500	4.91409000
-5.45325400	-3.07458700	4.82619700
-5.37325400	-3.07458700	4.65041100
-5.29325400	-3.11899200	4.47492900
-5.21325400	-3.16324400	4.38703600
-5.13325400	-3.20764800	4.21124900
-5.05325400	-3.20764800	3.94787400
-4.97325400	-3.25190000	3.77239300
-4.89325400	-3.25190000	3.50871300
-4.81325400	-3.25190000	3.24533800
-4.73325400	-3.29630400	2.98196400
-4.65325400	-3.29630400	2.71828400
-4.57325400	-3.29630400	2.36701600
-4.49325400	-3.29630400	2.10364100
-4.41325400	-3.29630400	1.75237300
-4.33325400	-3.34055600	1.40110500
-4.25325400	-3.34055600	0.87405010
-4.17325401	-3.34055600	0.52278210
-4.09325401	-3.29630400	0.43519400
-4.01325401	-3.29630400	0.17151400
-3.93325401	-3.25190000	0.08392590
-3.85325401	-3.29630400	0.08392590
-3.77325401	-3.20764800	0.17151400
-3.69325401	-3.16324400	0.08392590
-3.61325401	-3.16324400	4.91409000
-3.53325401	-3.20764800	9.12930700
-3.45325401	-3.16324400	3.85998100
-3.37325401	-3.11899200	3.24533800
-3.29325401	-3.07458700	4.82619700
-3.21325401	-3.03033500	4.65041100
-3.13325401	-2.98593100	4.65041100
-3.05325401	-2.89727500	4.56282200
-2.97325401	-2.89727500	6.14337600
-2.89325401	-2.85302300	6.49464400
-2.81325401	-2.85302300	2.10364100
-2.73325401	-2.71996200	3.06985700
-2.65325401	-2.71996200	3.77239300
-2.57325402	-2.67571000	1.31321100
-2.49325402	-2.58690100	2.27942800
-2.41325402	-2.49824500	3.59660600
-2.33325402	-2.45399300	5.08957200
-2.25325402	-2.36533700	2.80617700
-2.17325402	-2.32093300	2.54280200
-2.09325402	-2.18802500	6.40705600
-2.01325402	-2.23227600	6.05578800
-1.93325402	-2.05496400	3.33323200
-1.85325402	-2.05496400	4.21124900
-1.77325402	-1.92205600	4.82619700
-1.69325402	-1.87765100	4.65041100
-1.61325402	-1.78899500	4.38703600
-1.53325402	-1.70033900	4.38703600
-1.45325402	-1.65608700	4.29914200
-1.37325402	-1.56743100	4.21124900
-1.29325402	-1.43437000	4.21124900
-1.21325402	-1.34571400	4.12366100
-1.13325402	-1.30146200	4.03576800
-1.05325402	-1.16840100	4.03576800
-0.97325402	-1.12399700	4.03576800
-0.89325403	-1.03534000	3.94787400
-0.81325403	-0.94668420	3.85998100
-0.73325403	-0.85802790	3.77239300
-0.65325403	-0.76937160	3.77239300
-0.57325403	-0.63646350	3.68450000
-0.49325403	-0.59205910	3.59660600
-0.41325403	-0.50340280	3.50871300
-0.33325403	-0.41474660	3.50871300
-0.25325403	-0.32609030	3.42112500
-0.17325403	-0.23743400	3.24533800
-0.09325403	-0.14877770	3.15744500
-0.01325403	-0.06012146	3.06985700
0.06674597	0.07278664	2.89407000
0.14674597	0.16144290	2.80617700
0.22674597	0.25009920	2.63069600
0.30674597	0.33875550	2.45490900
0.38674597	0.42741170	2.19153400
0.46674597	0.51606800	2.01574800
0.54674597	0.60472430	1.75237300
0.62674597	0.69338050	1.48899800
0.70674596	0.78203680	1.31321100
0.78674596	0.87069310	0.96194340
0.86674596	0.95934930	0.69856870
0.94674596	1.04800600	0.69856870
1.02674596	1.13666200	0.25940730
1.10674596	1.18091400	0.17151400
1.18674596	1.26957000	0.08392590
1.26674596	1.35822600	0.08392590
1.34674596	1.44688200	0.08392590
1.42674596	1.49128700	0.17151400
1.50674596	1.57994300	0.17151400
1.58674596	1.66859900	0.08392590
1.66674596	1.75725600	0.08392590
1.74674596	1.80166000	0.08392590
1.82674596	1.84591200	0.17151400
1.90674596	1.93456800	0.08392590
1.98674596	2.02322500	0.08392590
2.06674596	2.06762900	0.08392590
2.14674596	2.15628500	0.08392590
2.22674596	2.20053700	0.08392590
2.30674596	2.24494100	0.08392590
2.38674595	2.28919300	0.08392590
2.46674595	2.33359800	0.08392590
2.54674595	2.42225400	0.08392590
2.62674595	2.46650600	0.08392590
2.70674595	2.51091000	0.08392590
2.78674595	2.55516200	0.08392590
2.86674595	2.59956700	0.08392590
2.94674595	2.64381800	0.08392590
3.02674595	2.68822300	0.08392590
3.10674595	2.73247500	0.08392590
3.18674595	2.77687900	0.08392590
3.26674595	2.82113100	0.08392590
3.34674595	2.82113100	-0.00366222
3.42674595	2.86553500	0.08392590
3.50674595	2.90978700	0.08392590
3.58674595	2.90978700	0.08392590
3.66674595	2.95419200	0.08392590
3.74674595	2.95419200	0.08392590
3.82674595	2.95419200	0.08392590
3.90674595	2.99859600	0.08392590
3.98674594	2.99859600	0.08392590
4.06674594	2.99859600	0.08392590
4.14674594	2.99859600	0.08392590
4.22674594	2.99859600	0.08392590
4.30674594	2.99859600	-0.00366222
4.38674594	3.04284800	0.08392590
4.46674594	2.99859600	0.08392590
4.54674594	2.99859600	0.08392590
4.62674594	2.99859600	0.08392590
4.70674594	2.99859600	0.08392590
4.78674594	2.99859600	-0.00366222
4.86674594	2.99859600	0.08392590
4.94674594	2.95419200	0.08392590
5.02674594	2.95419200	-0.00366222
5.10674594	2.90978700	0.08392590
5.18674594	2.90978700	0.08392590
5.26674594	2.86553500	-0.00366222
5.34674594	2.82113100	-0.00366222
5.42674594	2.82113100	-0.00366222
5.50674594	2.77687900	0.08392590
5.58674594	2.77687900	-0.00366222
5.66674593	2.68822300	-0.00366222
5.74674593	2.64381800	0.08392590
5.82674593	2.64381800	-0.00366222
5.90674593	2.59956700	-0.00366222
5.98674593	2.55516200	-0.00366222
6.06674593	2.51091000	0.08392590
6.14674593	2.46650600	0.08392590
6.22674593	2.42225400	-0.00366222
6.30674593	2.37785000	-0.00366222
6.38674593	2.28919300	-0.00366222
6.46674593	2.24494100	0.08392590
6.54674593	2.20053700	-0.00366222
6.62674593	2.15628500	-0.00366222
6.70674593	2.11188100	0.08392590
6.78674593	2.02322500	0.08392590
6.86674593	1.97897300	0.17151400
6.94674593	1.93456800	0.43519400
7.02674593	1.84591200	0.87405010
7.10674593	1.80166000	1.40110500
7.18674593	1.75725600	2.10364100
7.26674592	1.66859900	2.71828400
7.34674592	1.57994300	3.59660600
7.42674592	1.57994300	4.21124900
7.50674592	1.49128700	4.73830400
7.58674592	1.40263100	4.29914200
7.66674592	1.35822600	4.91409000
7.74674592	1.31397400	5.26535800
7.82674592	1.22531800	5.17746500
7.90674592	1.18091400	4.56282200
7.98674592	1.09225700	4.73830400
8.06674592	1.00360100	4.73830400
8.14674592	1.00360100	4.38703600
8.22674592	0.91494490	4.65041100
8.30674592	0.82628860	4.65041100
8.38674592	0.78203680	4.56282200
8.46674592	0.69338050	4.56282200
8.54674592	0.64897610	4.56282200
8.62674592	0.60472430	4.56282200
8.70674592	0.51606800	4.56282200
8.78674592	0.47166360	4.56282200
8.86674592	0.38300730	4.56282200
8.94674591	0.33875550	4.56282200
9.02674591	0.29435100	4.56282200
9.10674591	0.20569470	4.56282200
9.18674591	0.16144290	4.56282200
9.26674591	0.11719110	4.56282200
9.34674591	0.02853481	4.56282200
9.42674591	-0.06012146	4.65041100
9.50674591	-0.06012146	4.56282200
9.58674591	-0.19318220	4.56282200
9.66674591	-0.23743400	4.65041100
9.74674591	-0.28183840	4.65041100
9.82674591	-0.32609030	4.65041100
9.90674591	-0.37049470	4.56282200
9.98674591	-0.41474660	4.65041100
10.06674591	-0.50340280	4.65041100
10.14674591	-0.54780720	4.65041100
10.22674591	-0.59205910	4.65041100
10.30674591	-0.63646350	4.65041100
10.38674591	-0.72511980	4.65041100
10.46674591	-0.76937160	4.73830400
10.54674591	-0.81377610	4.65041100
10.62674590	-0.81377610	4.73830400
10.70674590	-0.90243230	4.65041100
10.78674590	-0.94668420	4.73830400
10.86674590	-0.99108860	4.73830400
10.94674590	-0.99108860	4.73830400
11.02674590	-1.07974500	4.73830400
11.10674590	-1.12399700	4.73830400
11.18674590	-1.16840100	4.73830400
11.26674590	-1.16840100	4.73830400
11.34674590	-1.21265300	4.73830400
11.42674590	-1.25705700	4.73830400
11.50674590	-1.30146200	4.82619700
11.58674590	-1.30146200	4.82619700
11.66674590	-1.34571400	4.82619700
11.74674590	-1.39011800	4.82619700
11.82674590	-1.43437000	4.82619700
11.90674590	-1.47877400	4.82619700
11.98674590	-1.47877400	4.82619700
12.06674590	-1.47877400	4.82619700
12.14674590	-1.52302600	4.91409000
12.22674589	-1.56743100	4.91409000
12.30674589	-1.61168300	4.91409000
12.38674589	-1.61168300	4.91409000
12.46674589	-1.61168300	4.91409000
12.54674589	-1.65608700	4.91409000
12.62674589	-1.65608700	4.91409000
12.70674589	-1.70033900	4.91409000
12.78674589	-1.70033900	4.91409000
12.86674589	-1.70033900	4.91409000
12.94674589	-1.70033900	4.91409000
13.02674589	-1.74474300	5.00167800
13.10674589	-1.74474300	5.00167800
13.18674589	-1.74474300	5.00167800
13.26674589	-1.78899500	5.00167800
13.34674589	-1.78899500	5.00167800
13.42674589	-1.78899500	5.00167800
13.50674589	-1.78899500	5.00167800
13.58674589	-1.78899500	5.00167800
13.66674589	-1.78899500	5.08957200
13.74674589	-1.78899500	5.08957200
13.82674589	-1.78899500	5.08957200
13.90674588	-1.78899500	5.08957200
13.98674588	-1.78899500	5.00167800
14.06674588	-1.78899500	4.91409000
14.14674588	-1.78899500	4.82619700
14.22674588	-1.78899500	4.29914200
14.30674588	-1.78899500	3.68450000
14.38674588	-1.78899500	3.06985700
14.46674588	-1.78899500	5.17746500
14.54674588	-1.78899500	6.31916200
14.62674588	-1.74474300	6.05578800
14.70674588	-1.70033900	4.29914200
14.78674588	-1.70033900	5.00167800
14.86674588	-1.74474300	4.82619700
14.94674588	-1.70033900	4.56282200
15.02674588	-1.70033900	4.21124900
15.10674588	-1.70033900	4.03576800
15.18674588	-1.70033900	3.77239300
15.26674588	-1.65608700	3.50871300
15.34674588	-1.65608700	3.15744500
15.42674588	-1.65608700	2.80617700
15.50674587	-1.65608700	2.45490900
15.58674587	-1.61168300	2.10364100
15.66674587	-1.61168300	1.66447900
15.74674587	-1.56743100	1.22531800
15.82674587	-1.56743100	0.61067540
15.90674587	-1.52302600	0.34730060
15.98674587	-1.52302600	0.25940730
16.06674587	-1.52302600	0.08392590
16.14674587	-1.47877400	0.17151400
16.22674587	-1.47877400	0.17151400
16.30674587	-1.47877400	0.08392590
16.38674587	-1.43437000	0.08392590
16.46674587	-1.43437000	0.17151400
16.54674587	-1.43437000	0.17151400
16.62674587	-1.39011800	0.17151400
16.70674587	-1.39011800	0.08392590
16.78674587	-1.34571400	0.17151400
16.86674587	-1.34571400	0.08392590
16.94674587	-1.30146200	0.17151400
17.02674587	-1.30146200	0.17151400
17.10674587	-1.25705700	0.08392590
17.18674586	-1.25705700	0.08392590
17.26674586	-1.25705700	0.17151400
17.34674586	-1.25705700	0.08392590
17.42674586	-1.16840100	0.08392590
17.50674586	-1.16840100	0.08392590
17.58674586	-1.16840100	0.08392590
17.66674586	-1.16840100	0.17151400
17.74674586	-1.12399700	0.17151400
17.82674586	-1.12399700	0.17151400
17.90674586	-1.12399700	0.17151400
17.98674586	-1.07974500	0.08392590
18.06674586	-1.03534000	0.17151400
18.14674586	-1.03534000	0.08392590
18.22674586	-0.99108860	0.17151400
18.30674586	-0.99108860	0.17151400
18.38674586	-0.99108860	0.08392590
18.46674586	-0.94668420	0.08392590
18.54674586	-0.90243230	0.17151400
18.62674586	-0.90243230	0.17151400
18.70674586	-0.85802790	0.08392590
18.78674585	-0.85802790	0.08392590
18.86674585	-0.81377610	0.08392590
18.94674585	-0.81377610	0.08392590
19.02674585	-0.76937160	0.08392590
19.10674585	-0.76937160	0.08392590
19.18674585	-0.72511980	0.17151400
19.26674585	-0.72511980	0.17151400
19.34674585	-0.72511980	0.08392590
19.42674585	-0.68071540	0.17151400
19.50674585	-0.63646350	0.08392590
19.58674585	-0.59205910	0.17151400
19.66674585	-0.59205910	0.08392590
19.74674585	-0.59205910	0.17151400
19.82674585	-0.54780720	0.17151400
19.90674585	-0.54780720	0.08392590
19.98674585	-0.50340280	0.08392590
20.06674585	-0.45915100	0.08392590
20.14674585	-0.45915100	0.08392590
20.22674585	-0.37049470	0.08392590
20.30674585	-0.37049470	0.08392590
20.38674585	-0.37049470	0.08392590
20.46674584	-0.37049470	0.08392590
20.54674584	-0.28183840	0.08392590
20.62674584	-0.28183840	0.08392590
20.70674584	-0.28183840	0.17151400
20.78674584	-0.23743400	0.08392590
20.86674584	-0.19318220	0.08392590
20.94674584	-0.19318220	0.08392590
21.02674584	-0.14877770	0.08392590
21.10674584	-0.10452590	0.08392590
21.18674584	-0.06012146	0.08392590
21.26674584	-0.06012146	0.08392590
21.34674584	-0.01586962	0.17151400
21.42674584	0.02853481	0.08392590
21.50674584	0.02853481	0.08392590
21.58674584	0.07278664	0.08392590
21.66674584	0.11719110	0.17151400
21.74674584	0.11719110	0.08392590
21.82674584	0.16144290	0.08392590
21.90674584	0.16144290	0.08392590
21.98674584	0.20569470	0.17151400
22.06674584	0.25009920	0.34730060
22.14674583	0.29435100	0.78646200
22.22674583	0.29435100	1.40110500
22.30674583	0.33875550	2.01574800
22.38674583	0.33875550	2.71828400
22.46674583	0.51606800	7.37296700
22.54674583	0.42741170	7.19748500
22.62674583	0.47166360	2.10364100
22.70674583	0.47166360	3.24533800
22.78674583	0.56031980	4.21124900
22.86674583	0.56031980	4.12366100
22.94674583	0.60472430	4.12366100
23.02674583	0.64897610	4.12366100
23.10674583	0.69338050	5.79210800
23.18674583	0.69338050	6.31916200
23.26674583	0.73763240	2.01574800
23.34674583	0.82628860	2.71828400
23.42674583	0.82628860	4.03576800
23.50674583	0.87069310	3.85998100
23.58674583	0.91494490	3.77239300
23.66674583	0.95934930	3.85998100
23.74674582	1.00360100	3.85998100
23.82674582	1.04800600	4.03576800
23.90674582	1.09225700	4.12366100
23.98674582	1.13666200	4.12366100
24.06674582	1.13666200	4.21124900
24.14674582	1.22531800	4.29914200
24.22674582	1.22531800	4.29914200
24.30674582	1.26957000	4.38703600
24.38674582	1.31397400	4.38703600
24.46674582	1.35822600	4.38703600
24.54674582	1.40263100	4.38703600
24.62674582	1.44688200	4.38703600
24.70674582	1.49128700	4.38703600
24.78674582	1.53553900	4.38703600
24.86674582	1.57994300	4.38703600
24.94674582	1.57994300	4.38703600
25.02674582	1.62434800	4.38703600
25.10674582	1.66859900	4.38703600
25.18674582	1.71300400	4.38703600
25.26674582	1.75725600	4.38703600
25.34674582	1.75725600	4.47492900
25.42674581	1.84591200	4.38703600
25.50674581	1.84591200	4.47492900
25.58674581	1.89031600	4.47492900
25.66674581	1.93456800	4.38703600
25.74674581	1.97897300	4.47492900
25.82674581	1.97897300	4.47492900
25.90674581	2.02322500	4.47492900
25.98674581	2.02322500	4.47492900
26.06674581	2.06762900	4.47492900
26.14674581	2.06762900	4.56282200
26.22674581	2.11188100	4.56282200
26.30674581	2.11188100	4.56282200
26.38674581	2.15628500	4.56282200
26.46674581	2.20053700	4.56282200
26.54674581	2.20053700	4.56282200
26.62674581	2.24494100	4.56282200
26.70674581	2.24494100	4.56282200
26.78674581	2.24494100	4.56282200
26.86674581	2.28919300	4.56282200
26.94674581	2.28919300	4.65041100
27.02674580	2.28919300	4.65041100
27.10674580	2.33359800	4.65041100
27.18674580	2.28919300	4.65041100
27.26674580	2.33359800	4.65041100
27.34674580	2.33359800	4.73830400
27.42674580	2.33359800	4.65041100
27.50674580	2.33359800	4.73830400
27.58674580	2.33359800	4.73830400
27.66674580	2.33359800	4.73830400
27.74674580	2.33359800	4.73830400
27.82674580	2.33359800	4.73830400
27.90674580	2.33359800	4.82619700
27.98674580	2.33359800	4.82619700
28.06674580	2.28919300	4.82619700
28.14674580	2.28919300	4.82619700
28.22674580	2.28919300	4.82619700
28.30674580	2.28919300	4.91409000
28.38674580	2.28919300	4.91409000
28.46674580	2.24494100	4.91409000
28.54674580	2.24494100	4.91409000
28.62674580	2.20053700	4.91409000
28.70674579	2.20053700	4.91409000
28.78674579	2.20053700	4.91409000
28.86674579	2.11188100	4.91409000
28.94674579	2.11188100	5.00167800
29.02674579	2.06762900	4.91409000
29.10674579	2.06762900	4.91409000
29.18674579	2.02322500	5.08957200
29.26674579	1.97897300	5.00167800
29.34674579	1.93456800	5.00167800
29.42674579	1.89031600	5.08957200
29.50674579	1.89031600	5.08957200
29.58674579	1.80166000	5.00167800
29.66674579	1.75725600	4.91409000
29.74674579	1.71300400	4.73830400
29.82674579	1.66859900	4.21124900
29.90674579	1.66859900	3.59660600
29.98674579	1.57994300	2.98196400
30.06674579	1.35822600	8.07550200
30.14674579	1.53553900	7.90002200
30.22674579	1.40263100	1.48899800
30.30674578	1.40263100	1.75237300
30.38674578	1.31397400	3.77239300
30.46674578	1.26957000	3.85998100
30.54674578	1.18091400	3.94787400
30.62674578	1.13666200	3.85998100
30.70674578	1.04800600	3.68450000
30.78674578	1.00360100	3.68450000
30.86674578	0.95934930	3.59660600
30.94674578	0.87069310	3.50871300
31.02674578	0.78203680	3.50871300
31.10674578	0.69338050	3.42112500
31.18674578	0.64897610	3.42112500
31.26674578	0.60472430	3.33323200
31.34674578	0.51606800	3.24533800
31.42674578	0.42741170	3.24533800
31.50674578	0.38300730	3.15744500
31.58674578	0.29435100	3.15744500
31.66674578	0.20569470	3.06985700
31.74674578	0.11719110	3.06985700
31.82674578	0.07278664	2.98196400
31.90674578	-0.01586962	2.98196400
31.98674577	-0.10452590	2.89407000
32.06674577	-0.19318220	2.89407000
32.14674577	-0.28183840	2.80617700
32.22674577	-0.37049470	2.80617700
32.30674577	-0.45915100	2.71828400
32.38674577	-0.54780720	2.63069600
32.46674577	-0.59205910	2.63069600
32.54674577	-0.68071540	2.45490900
32.62674577	-0.76937160	2.45490900
32.70674577	-0.81377610	2.27942800
32.78674577	-0.90243230	2.10364100
32.86674577	-0.99108860	2.01574800
32.94674577	-1.07974500	1.84026600
33.02674577	-1.16840100	1.66447900
33.10674577	-1.25705700	1.40110500
33.18674577	-1.30146200	1.22531800
33.26674577	-1.39011800	0.96194340
33.34674577	-1.47877400	0.69856870
33.42674577	-1.56743100	0.52278210
33.50674577	-1.65608700	0.25940730
33.58674577	-1.78899500	-0.09155553
33.66674576	-1.74474300	0.17151400
33.74674576	-1.83339900	2.10364100
33.82674576	-1.96630800	7.63634200
33.90674576	-1.96630800	6.84591200
33.98674576	-2.05496400	3.15744500
34.06674576	-2.09936800	5.08957200
34.14674576	-2.18802500	5.08957200
34.22674576	-2.23227600	4.91409000
34.30674576	-2.32093300	4.82619700
34.38674576	-2.36533700	4.91409000
34.46674576	-2.45399300	4.91409000
34.54674576	-2.49824500	4.91409000
34.62674576	-2.54265000	4.91409000
34.70674576	-2.58690100	4.91409000
34.78674576	-2.67571000	5.00167800
34.86674576	-2.71996200	4.91409000
34.94674576	-2.76436700	4.91409000
35.02674576	-2.80861800	5.00167800
35.10674576	-2.85302300	4.91409000
35.18674576	-2.89727500	4.91409000
35.26674575	-2.94167900	4.91409000
35.34674575	-2.98593100	4.82619700
35.42674575	-3.03033500	4.73830400
35.50674575	-3.07458700	4.65041100
35.58674575	-3.07458700	4.47492900
35.66674575	-3.11899200	4.38703600
35.74674575	-3.16324400	4.21124900
35.82674575	-3.20764800	4.03576800
35.90674575	-3.20764800	3.85998100
35.98674575	-3.20764800	3.59660600
36.06674575	-3.25190000	3.33323200
36.14674575	-3.25190000	3.15744500
36.22674575	-3.25190000	2.80617700
36.30674575	-3.25190000	2.54280200
36.38674575	-3.29630400	2.27942800
36.46674575	-3.29630400	1.92815900
36.54674575	-3.29630400	1.57689100
36.62674575	-3.29630400	1.31321100
36.70674575	-3.29630400	0.78646200
36.78674575	-3.29630400	0.43519400
36.86674575	-3.25190000	0.34730060
36.94674574	-3.25190000	0.17151400
37.02674574	-3.25190000	0.08392590
37.10674574	-3.25190000	0.17151400
37.18674574	-3.25190000	0.08392590
37.26674574	-3.20764800	1.31321100
37.34674574	-3.20764800	9.12930700
37.42674574	-3.11899200	8.60255700
37.50674574	-3.07458700	3.24533800
37.58674574	-3.07458700	4.21124900
37.66674574	-3.03033500	4.56282200
37.74674574	-2.98593100	4.73830400
37.82674574	-2.94167900	4.65041100
37.90674574	-2.89727500	4.91409000
37.98674574	-2.85302300	6.31916200
38.06674574	-2.80861800	6.14337600
38.14674574	-2.76436700	2.10364100
38.22674574	-2.71996200	4.29914200
38.30674574	-2.58690100	2.71828400
38.38674574	-2.58690100	1.57689100
38.46674574	-2.49824500	2.63069600
38.54674573	-2.45399300	4.12366100
38.62674573	-2.36533700	4.03576800
38.70674573	-2.32093300	2.19153400
38.78674573	-2.23227600	3.50871300
38.86674573	-2.23227600	6.75832400
38.94674573	-2.09936800	5.52873300
39.02674573	-2.05496400	3.24533800
39.10674573	-1.92205600	4.91409000
39.18674573	-1.87765100	4.65041100
39.26674573	-1.78899500	4.38703600
39.34674573	-1.70033900	4.29914200
39.42674573	-1.65608700	4.29914200
39.50674573	-1.56743100	4.21124900
39.58674573	-1.47877400	4.12366100
39.66674573	-1.39011800	4.03576800
39.74674573	-1.30146200	4.03576800
39.82674573	-1.21265300	3.94787400
39.90674573	-1.12399700	3.85998100
39.98674573	-1.07974500	3.85998100
40.06674573	-0.94668420	3.85998100
40.14674573	-0.85802790	3.68450000
40.22674572	-0.76937160	3.68450000
40.30674572	-0.72511980	3.59660600
40.38674572	-0.63646350	3.50871300
40.46674572	-0.54780720	3.50871300
40.54674572	-0.45915100	3.42112500
40.62674572	-0.37049470	3.33323200
40.70674572	-0.23743400	3.24533800
40.78674572	-0.14877770	3.15744500
40.86674572	-0.06012146	2.98196400
40.94674572	0.02853481	2.89407000
41.02674572	0.11719110	2.80617700
41.10674572	0.20569470	2.63069600
41.18674572	0.29435100	2.45490900
41.26674572	0.38300730	2.27942800
41.34674572	0.47166360	2.10364100
41.42674572	0.56031980	1.84026600
41.50674572	0.64897610	1.57689100
41.58674572	0.73763240	1.40110500
41.66674572	0.82628860	1.04983700
41.74674572	0.95934930	0.87405010
41.82674571	1.00360100	0.87405010
41.90674571	1.09225700	0.52278210
41.98674571	1.18091400	0.17151400
42.06674571	1.22531800	0.08392590
42.14674571	1.35822600	0.17151400
42.22674571	1.40263100	0.08392590
42.30674571	1.49128700	0.08392590
42.38674571	1.53553900	0.25940730
42.46674571	1.66859900	0.17151400
42.54674571	1.71300400	0.08392590
42.62674571	1.75725600	0.08392590
42.70674571	1.84591200	0.08392590
42.78674571	1.93456800	0.08392590
42.86674571	1.97897300	0.08392590
42.94674571	2.06762900	0.08392590
43.02674571	2.11188100	0.08392590
43.10674571	2.20053700	0.08392590
43.18674571	2.24494100	0.08392590
43.26674571	2.28919300	0.08392590
43.34674571	2.33359800	0.08392590
43.42674571	2.37785000	0.08392590
43.50674570	2.46650600	0.08392590
43.58674570	2.51091000	0.08392590
43.66674570	2.55516200	0.08392590
43.74674570	2.59956700	0.08392590
43.82674570	2.64381800	0.08392590
43.90674570	2.68822300	0.08392590
43.98674570	2.73247500	0.08392590
44.06674570	2.77687900	0.08392590
44.14674570	2.77687900	0.08392590
44.22674570	2.82113100	0.08392590
44.30674570	2.86553500	-0.00366222
44.38674570	2.90978700	0.08392590
44.46674570	2.90978700	0.08392590
44.54674570	2.90978700	0.08392590
44.62674570	2.95419200	0.08392590
44.70674570	2.95419200	0.08392590
44.78674570	2.99859600	0.08392590
44.86674570	2.99859600	0.08392590
44.94674570	2.99859600	0.08392590
45.02674570	2.99859600	0.08392590
45.10674570	3.04284800	0.08392590
45.18674569	2.99859600	0.08392590
45.26674569	2.99859600	0.08392590
45.34674569	2.99859600	-0.00366222
45.42674569	2.99859600	0.08392590
45.50674569	2.99859600	0.08392590
45.58674569	2.99859600	0.08392590
45.66674569	2.99859600	0.08392590
45.74674569	2.99859600	0.08392590
45.82674569	2.95419200	-0.00366222
45.90674569	2.95419200	-0.00366222
45.98674569	2.90978700	-0.00366222
46.06674569	2.90978700	0.08392590
46.14674569	2.86553500	0.08392590
46.22674569	2.86553500	0.08392590
46.30674569	2.82113100	0.08392590
46.38674569	2.82113100	-0.00366222
46.46674569	2.77687900	-0.00366222
46.54674569	2.73247500	-0.00366222
46.62674569	2.68822300	0.08392590
46.70674569	2.64381800	-0.00366222
46.78674568	2.59956700	0.08392590
46.86674568	2.55516200	-0.00366222
46.94674568	2.51091000	-0.00366222
47.02674568	2.46650600	-0.00366222
47.10674568	2.42225400	0.08392590
47.18674568	2.37785000	-0.00366222
47.26674568	2.33359800	0.08392590
47.34674568	2.28919300	-0.00366222
47.42674568	2.24494100	0.08392590
47.50674568	2.20053700	0.08392590
47.58674568	2.11188100	0.08392590
47.66674568	2.06762900	0.08392590
47.74674568	2.02322500	0.17151400
47.82674568	1.93456800	0.61067540
47.90674568	1.89031600	1.04983700
47.98674568	1.84591200	1.66447900
48.06674568	1.75725600	2.27942800
48.14674568	1.66859900	3.15744500
48.22674568	1.66859900	3.85998100
48.30674568	1.57994300	4.56282200
48.38674568	1.53553900	4.65041100
48.46674567	1.44688200	4.29914200
48.54674567	1.40263100	5.17746500
48.62674567	1.31397400	5.26535800
48.70674567	1.22531800	4.82619700
48.78674567	1.18091400	4.56282200
48.86674567	1.13666200	4.91409000
48.94674567	1.04800600	4.56282200
49.02674567	1.00360100	4.47492900
49.10674567	0.95934930	4.73830400
49.18674567	0.87069310	4.56282200
49.26674567	0.82628860	4.56282200
49.34674567	0.73763240	4.65041100
49.42674567	0.64897610	4.56282200
49.50674567	0.60472430	4.56282200
49.58674567	0.56031980	4.56282200
49.66674567	0.47166360	4.56282200
49.74674567	0.42741170	4.56282200
49.82674567	0.38300730	4.56282200
49.90674567	0.29435100	4.56282200
49.98674567	0.25009920	4.56282200
50.06674566	0.16144290	4.56282200
50.14674566	0.11719110	4.56282200
50.22674566	0.02853481	4.56282200
50.30674566	-0.01586962	4.56282200
50.38674566	-0.06012146	4.65041100
50.46674566	-0.10452590	4.65041100
50.54674566	-0.19318220	4.56282200
50.62674566	-0.23743400	4.56282200
50.70674566	-0.28183840	4.65041100
50.78674566	-0.37049470	4.56282200
50.86674566	-0.41474660	4.65041100
50.94674566	-0.45915100	4.65041100
51.02674566	-0.54780720	4.65041100
51.10674566	-0.59205910	4.65041100
51.18674566	-0.63646350	4.65041100
51.26674566	-0.68071540	4.73830400
51.34674566	-0.72511980	4.65041100
51.42674566	-0.76937160	4.73830400
51.50674566	-0.81377610	4.73830400
51.58674566	-0.85802790	4.73830400
51.66674566	-0.90243230	4.73830400
51.74674565	-0.99108860	4.73830400
51.82674565	-0.99108860	4.73830400
51.90674565	-1.07974500	4.73830400
51.98674565	-1.12399700	4.73830400
52.06674565	-1.16840100	4.73830400
52.14674565	-1.16840100	4.82619700
52.22674565	-1.21265300	4.73830400
52.30674565	-1.25705700	4.82619700
52.38674565	-1.30146200	4.82619700
52.46674565	-1.34571400	4.82619700
52.54674565	-1.34571400	4.82619700
52.62674565	-1.39011800	4.82619700
52.70674565	-1.43437000	4.82619700
52.78674565	-1.43437000	4.82619700
52.86674565	-1.47877400	4.82619700
52.94674565	-1.47877400	4.82619700
53.02674565	-1.52302600	4.91409000
53.10674565	-1.56743100	4.82619700
53.18674565	-1.56743100	4.91409000
53.26674565	-1.61168300	4.91409000
53.34674564	-1.65608700	4.91409000
53.42674564	-1.65608700	4.91409000
53.50674564	-1.70033900	4.91409000
53.58674564	-1.70033900	4.91409000
53.66674564	-1.70033900	5.00167800
53.74674564	-1.70033900	4.91409000
53.82674564	-1.70033900	5.00167800
53.90674564	-1.74474300	5.00167800
53.98674564	-1.74474300	4.91409000
54.06674564	-1.74474300	5.00167800
54.14674564	-1.78899500	5.00167800
54.22674564	-1.78899500	5.00167800
54.30674564	-1.78899500	5.00167800
54.38674564	-1.78899500	5.00167800
54.46674564	-1.78899500	5.00167800
54.54674564	-1.78899500	5.00167800
54.62674564	-1.83339900	5.08957200
54.70674564	-1.83339900	5.00167800
54.78674564	-1.83339900	5.00167800
54.86674564	-1.78899500	5.08957200
54.94674564	-1.83339900	4.91409000
55.02674563	-1.78899500	4.56282200
55.10674563	-1.78899500	4.03576800
55.18674563	-1.83339900	3.33323200
55.26674563	-1.78899500	2.71828400
55.34674563	-1.70033900	5.61662600
55.42674563	-1.78899500	6.31916200
55.50674563	-1.74474300	5.26535800
55.58674563	-1.78899500	4.29914200
55.66674563	-1.74474300	5.00167800
55.74674563	-1.78899500	4.65041100
55.82674563	-1.74474300	4.38703600
55.90674563	-1.74474300	4.12366100
55.98674563	-1.70033900	3.85998100
56.06674563	-1.74474300	3.59660600
56.14674563	-1.70033900	3.33323200
56.22674563	-1.70033900	2.89407000
56.30674563	-1.65608700	2.63069600
56.38674563	-1.65608700	2.19153400
56.46674563	-1.65608700	1.75237300
56.54674563	-1.65608700	1.40110500
56.62674563	-1.61168300	0.78646200
56.70674562	-1.61168300	0.25940730
56.78674562	-1.61168300	0.34730060
56.86674562	-1.56743100	0.08392590
56.94674562	-1.56743100	0.08392590
57.02674562	-1.56743100	0.17151400
57.10674562	-1.52302600	0.08392590
57.18674562	-1.47877400	0.17151400
57.26674562	-1.47877400	0.17151400
57.34674562	-1.47877400	0.17151400
57.42674562	-1.43437000	0.08392590
57.50674562	-1.43437000	0.08392590
57.58674562	-1.43437000	0.17151400
57.66674562	-1.39011800	0.17151400
57.74674562	-1.39011800	0.17151400
57.82674562	-1.34571400	0.17151400
57.90674562	-1.34571400	0.17151400
57.98674562	-1.30146200	0.17151400
58.06674562	-1.30146200	0.17151400
58.14674562	-1.30146200	0.08392590
58.22674562	-1.25705700	0.08392590
58.30674561	-1.25705700	0.08392590
58.38674561	-1.25705700	0.08392590
58.46674561	-1.21265300	0.17151400
58.54674561	-1.16840100	0.08392590
58.62674561	-1.16840100	0.08392590
58.70674561	-1.12399700	0.08392590
58.78674561	-1.12399700	0.17151400
58.86674561	-1.12399700	0.17151400
58.94674561	-1.07974500	0.08392590
59.02674561	-1.03534000	0.08392590
59.10674561	-1.03534000	0.17151400
59.18674561	-0.99108860	0.08392590
59.26674561	-0.99108860	0.17151400
59.34674561	-0.99108860	0.08392590
59.42674561	-0.94668420	0.08392590
59.50674561	-0.94668420	0.08392590
59.58674561	-0.90243230	0.17151400
59.66674561	-0.85802790	0.17151400
59.74674561	-0.85802790	0.08392590
59.82674561	-0.81377610	0.17151400
59.90674561	-0.81377610	0.08392590
59.98674560	-0.76937160	0.08392590
60.06674560	-0.76937160	0.17151400
60.14674560	-0.72511980	0.17151400
60.22674560	-0.68071540	0.08392590
60.30674560	-0.68071540	0.17151400
60.38674560	-0.63646350	0.08392590
60.46674560	-0.63646350	0.08392590
60.54674560	-0.59205910	0.08392590
60.62674560	-0.59205910	0.17151400
60.70674560	-0.54780720	0.08392590
60.78674560	-0.54780720	0.08392590
60.86674560	-0.50340280	0.17151400
60.94674560	-0.45915100	0.17151400
61.02674560	-0.45915100	0.08392590
61.10674560	-0.41474660	0.17151400
61.18674560	-0.41474660	0.08392590
61.26674560	-0.37049470	0.08392590
61.34674560	-0.32609030	0.17151400
61.42674560	-0.28183840	0.17151400
61.50674560	-0.28183840	0.08392590
61.58674559	-0.23743400	0.08392590
61.66674559	-0.23743400	0.08392590
61.74674559	-0.19318220	0.08392590
61.82674559	-0.14877770	0.08392590
61.90674559	-0.10452590	0.08392590
61.98674559	-0.10452590	0.17151400
62.06674559	-0.06012146	0.08392590
62.14674559	-0.06012146	0.08392590
62.22674559	-0.01586962	0.08392590
62.30674559	0.02853481	0.08392590
62.38674559	0.07278664	0.08392590
62.46674559	0.07278664	0.08392590
62.54674559	0.11719110	0.08392590
62.62674559	0.16144290	0.08392590
62.70674559	0.16144290	0.17151400
62.78674559	0.25009920	0.17151400
62.86674559	0.25009920	0.25940730
62.94674559	0.29435100	0.69856870
63.02674559	0.29435100	1.22531800
63.10674559	0.33875550	1.84026600
63.18674559	0.38300730	2.45490900
63.26674558	0.29435100	7.10959200
63.34674558	0.47166360	7.37296700
63.42674558	0.47166360	3.15744500
63.50674558	0.56031980	2.36701600
63.58674558	0.51606800	4.21124900
63.66674558	0.60472430	4.12366100
63.74674558	0.60472430	4.12366100
63.82674558	0.64897610	4.21124900
63.90674558	0.73763240	5.17746500
63.98674558	0.73763240	6.40705600
64.06674558	0.78203680	4.29914200
64.14674558	0.78203680	2.19153400
64.22674558	0.87069310	4.12366100
64.30674558	0.87069310	3.94787400
64.38674558	0.95934930	3.77239300
64.46674558	0.95934930	3.85998100
64.54674558	1.00360100	3.85998100
64.62674558	1.04800600	3.94787400
64.70674558	1.09225700	4.12366100
64.78674558	1.13666200	4.21124900
64.86674557	1.18091400	4.21124900
64.94674557	1.18091400	4.29914200
65.02674557	1.22531800	4.38703600
65.10674557	1.26957000	4.38703600
65.18674557	1.31397400	4.38703600
65.26674557	1.35822600	4.38703600
65.34674557	1.40263100	4.38703600
65.42674557	1.44688200	4.38703600
65.50674557	1.49128700	4.38703600
65.58674557	1.53553900	4.38703600
65.66674557	1.57994300	4.47492900
65.74674557	1.62434800	4.38703600
65.82674557	1.66859900	4.38703600
65.90674557	1.66859900	4.38703600
65.98674557	1.71300400	4.38703600
66.06674557	1.75725600	4.38703600
66.14674557	1.80166000	4.47492900
66.22674557	1.84591200	4.47492900
66.30674557	1.89031600	4.38703600
66.38674557	1.89031600	4.47492900
66.46674557	1.93456800	4.47492900
66.54674556	1.97897300	4.47492900
66.62674556	2.02322500	4.47492900
66.70674556	2.02322500	4.47492900
66.78674556	2.06762900	4.47492900
66.86674556	2.06762900	4.56282200
66.94674556	2.11188100	4.47492900
67.02674556	2.11188100	4.47492900
67.10674556	2.15628500	4.56282200
67.18674556	2.20053700	4.56282200
67.26674556	2.24494100	4.56282200
67.34674556	2.24494100	4.56282200
67.42674556	2.24494100	4.56282200
67.50674556	2.24494100	4.56282200
67.58674556	2.28919300	4.56282200
67.66674556	2.28919300	4.56282200
67.74674556	2.33359800	4.56282200
67.82674556	2.33359800	4.65041100
67.90674556	2.33359800	4.56282200
67.98674556	2.33359800	4.65041100
68.06674556	2.37785000	4.65041100
68.14674555	2.37785000	4.65041100
68.22674555	2.37785000	4.73830400
68.30674555	2.37785000	4.73830400
68.38674555	2.37785000	4.73830400
68.46674555	2.37785000	4.73830400
68.54674555	2.37785000	4.73830400
68.62674555	2.37785000	4.82619700
68.70674555	2.37785000	4.82619700
68.78674555	2.37785000	4.82619700
68.86674555	2.37785000	4.82619700
68.94674555	2.33359800	4.82619700
69.02674555	2.28919300	4.82619700
69.10674555	2.28919300	4.82619700
69.18674555	2.28919300	4.91409000
69.26674555	2.28919300	4.91409000
69.34674555	2.24494100	4.91409000
69.42674555	2.24494100	4.91409000
69.50674555	2.20053700	4.91409000
69.58674555	2.20053700	4.91409000
69.66674555	2.15628500	4.91409000
69.74674555	2.11188100	5.00167800
69.82674554	2.11188100	5.00167800
69.90674554	2.06762900	5.00167800
69.98674554	2.02322500	5.00167800
70.06674554	2.02322500	5.00167800
70.14674554	1.97897300	5.00167800
70.22674554	1.93456800	5.08957200
70.30674554	1.84591200	5.00167800
70.38674554	1.84591200	5.00167800
70.46674554	1.75725600	4.91409000
70.54674554	1.71300400	4.65041100
70.62674554	1.71300400	4.21124900
70.70674554	1.66859900	3.59660600
70.78674554	1.62434800	2.98196400
70.86674554	1.49128700	7.90002200
70.94674554	1.49128700	7.81212800
71.02674554	1.44688200	1.22531800
71.10674554	1.35822600	2.10364100
71.18674554	1.31397400	3.77239300
71.26674554	1.26957000	3.85998100
71.34674554	1.18091400	3.94787400
71.42674554	1.13666200	3.77239300
71.50674553	1.04800600	3.68450000
71.58674553	1.00360100	3.68450000
71.66674553	0.95934930	3.50871300
71.74674553	0.87069310	3.50871300
71.82674553	0.78203680	3.50871300
71.90674553	0.73763240	3.42112500
71.98674553	0.64897610	3.42112500
72.06674553	0.60472430	3.33323200
72.14674553	0.51606800	3.24533800
72.22674553	0.42741170	3.24533800
72.30674553	0.33875550	3.24533800
72.38674553	0.29435100	3.15744500
72.46674553	0.20569470	3.15744500
72.54674553	0.11719110	3.06985700
72.62674553	0.07278664	2.98196400
72.70674553	-0.01586962	2.98196400
72.78674553	-0.10452590	2.98196400
72.86674553	-0.19318220	2.89407000
72.94674553	-0.23743400	2.80617700
73.02674553	-0.37049470	2.80617700
73.10674552	-0.41474660	2.71828400
73.18674552	-0.50340280	2.71828400
73.26674552	-0.59205910	2.63069600
73.34674552	-0.68071540	2.45490900
73.42674552	-0.76937160	2.36701600
73.50674552	-0.81377610	2.27942800
73.58674552	-0.90243230	2.10364100
73.66674552	-0.99108860	2.01574800
73.74674552	-1.07974500	1.84026600
73.82674552	-1.16840100	1.57689100
73.90674552	-1.25705700	1.40110500
73.98674552	-1.30146200	1.22531800
74.06674552	-1.39011800	0.96194340
74.14674552	-1.47877400	0.69856870
74.22674552	-1.56743100	0.52278210
74.30674552	-1.65608700	0.25940730
74.38674552	-1.78899500	-0.09155553
74.46674552	-1.74474300	0.17151400
74.54674552	-1.83339900	2.36701600
74.62674552	-1.96630800	7.63634200
74.70674552	-2.01071200	6.67043100
74.78674551	-2.05496400	3.24533800
74.86674551	-2.14362000	5.26535800
74.94674551	-2.18802500	5.17746500
75.02674551	-2.23227600	4.91409000
75.10674551	-2.32093300	4.82619700
75.18674551	-2.36533700	4.91409000
75.26674551	-2.45399300	4.91409000
75.34674551	-2.49824500	5.00167800
75.42674551	-2.58690100	4.91409000
75.50674551	-2.63130600	5.00167800
75.58674551	-2.67571000	5.00167800
75.66674551	-2.71996200	4.91409000
75.74674551	-2.76436700	5.00167800
75.82674551	-2.80861800	5.08957200
75.90674551	-2.85302300	5.00167800
75.98674551	-2.89727500	5.00167800
76.06674551	-2.94167900	5.00167800
76.14674551	-2.98593100	4.91409000
76.22674551	-3.03033500	4.82619700
76.30674551	-3.03033500	4.73830400
76.38674550	-3.07458700	4.56282200
76.46674550	-3.11899200	4.38703600
76.54674550	-3.16324400	4.21124900
76.62674550	-3.20764800	4.12366100
76.70674550	-3.20764800	3.85998100
76.78674550	-3.25190000	3.59660600
76.86674550	-3.25190000	3.42112500
76.94674550	-3.25190000	3.06985700
77.02674550	-3.29630400	2.80617700
77.10674550	-3.29630400	2.54280200
77.18674550	-3.29630400	2.19153400
77.26674550	-3.29630400	1.84026600
77.34674550	-3.29630400	1.57689100
77.42674550	-3.29630400	1.22531800
77.50674550	-3.29630400	0.69856870
77.58674550	-3.29630400	0.43519400
77.66674550	-3.29630400	0.34730060
77.74674550	-3.25190000	0.17151400
77.82674550	-3.25190000	0.08392590
77.90674550	-3.34055600	0.17151400
77.98674550	-3.29630400	0.17151400
78.06674549	-3.16324400	2.10364100
78.14674549	-3.25190000	9.12930700
78.22674549	-3.07458700	8.25128900
78.30674549	-3.11899200	2.98196400
78.38674549	-3.07458700	4.47492900
78.46674549	-3.07458700	4.56282200
78.54674549	-2.98593100	4.65041100
78.62674549	-2.98593100	4.56282200
78.70674549	-2.85302300	5.08957200
78.78674549	-2.85302300	6.40705600
78.86674549	-2.80861800	5.88000100
78.94674549	-2.80861800	2.19153400
79.02674549	-2.71996200	4.29914200
79.10674549	-2.67571000	1.40110500
79.18674549	-2.58690100	1.57689100
79.26674549	-2.54265000	2.80617700
79.34674549	-2.49824500	4.65041100
79.42674549	-2.40958900	4.21124900
79.50674549	-2.32093300	2.19153400
79.58674549	-2.23227600	4.47492900
79.66674548	-2.23227600	6.75832400
79.74674548	-2.05496400	4.65041100
79.82674548	-2.05496400	3.33323200
79.90674548	-1.96630800	4.82619700
79.98674548	-1.87765100	4.65041100
80.06674548	-1.83339900	4.38703600
80.14674548	-1.74474300	4.21124900
80.22674548	-1.65608700	4.21124900
80.30674548	-1.61168300	4.12366100
80.38674548	-1.47877400	4.03576800
80.46674548	-1.39011800	4.03576800
80.54674548	-1.30146200	4.03576800
80.62674548	-1.25705700	3.85998100
80.70674548	-1.16840100	3.85998100
80.78674548	-1.07974500	3.77239300
80.86674548	-0.99108860	3.77239300
80.94674548	-0.90243230	3.68450000
81.02674548	-0.76937160	3.59660600
81.10674548	-0.72511980	3.50871300
81.18674548	-0.63646350	3.50871300
81.26674548	-0.54780720	3.42112500
81.34674547	-0.41474660	3.42112500
81.42674547	-0.37049470	3.24533800
81.50674547	-0.23743400	3.15744500
81.58674547	-0.19318220	3.06985700
81.66674547	-0.06012146	2.98196400
81.74674547	0.02853481	2.80617700
81.82674547	0.11719110	2.71828400
81.90674547	0.20569470	2.45490900
81.98674547	0.29435100	2.36701600
82.06674547	0.38300730	2.10364100
82.14674547	0.47166360	2.01574800
82.22674547	0.56031980	1.75237300
82.30674547	0.64897610	1.40110500
82.38674547	0.73763240	1.22531800
82.46674547	0.82628860	0.87405010
82.54674547	0.91494490	0.78646200
82.62674547	0.95934930	0.69856870
82.70674547	1.04800600	0.25940730
82.78674547	1.13666200	0.17151400
82.86674547	1.22531800	0.08392590
82.94674547	1.31397400	0.08392590
83.02674546	1.40263100	0.08392590
83.10674546	1.49128700	0.17151400
83.18674546	1.53553900	0.17151400
83.26674546	1.62434800	0.08392590
83.34674546	1.71300400	0.08392590
83.42674546	1.75725600	0.08392590
83.50674546	1.84591200	0.08392590
83.58674546	1.89031600	0.08392590
83.66674546	1.97897300	0.17151400
83.74674546	2.02322500	0.08392590
83.82674546	2.11188100	0.08392590
83.90674546	2.15628500	0.08392590
83.98674546	2.24494100	0.08392590
84.06674546	2.28919300	0.08392590
84.14674546	2.33359800	0.08392590
84.22674546	2.42225400	0.08392590
84.30674546	2.46650600	0.08392590
84.38674546	2.46650600	0.08392590
84.46674546	2.55516200	0.08392590
84.54674546	2.59956700	0.08392590
84.62674545	2.64381800	0.08392590
84.70674545	2.68822300	0.08392590
84.78674545	2.68822300	0.08392590
84.86674545	2.77687900	0.08392590
84.94674545	2.77687900	0.08392590
85.02674545	2.77687900	0.08392590
85.10674545	2.82113100	0.08392590
85.18674545	2.86553500	0.08392590
85.26674545	2.90978700	0.08392590
85.34674545	2.95419200	0.08392590
85.42674545	2.95419200	0.08392590
85.50674545	2.95419200	0.08392590
85.58674545	2.95419200	-0.00366222
85.66674545	2.99859600	0.08392590
85.74674545	2.99859600	0.08392590
85.82674545	2.99859600	0.08392590
85.90674545	2.99859600	0.08392590
85.98674545	2.99859600	0.08392590
86.06674545	2.99859600	0.08392590
86.14674545	3.04284800	0.08392590
86.22674545	2.99859600	0.08392590
86.30674544	2.99859600	0.08392590
86.38674544	2.99859600	-0.00366222
86.46674544	2.99859600	0.08392590
86.54674544	2.95419200	0.08392590
86.62674544	2.95419200	-0.00366222
86.70674544	2.95419200	0.08392590
86.78674544	2.95419200	-0.00366222
86.86674544	2.90978700	0.08392590
86.94674544	2.90978700	0.08392590
87.02674544	2.86553500	0.08392590
87.10674544	2.82113100	-0.00366222
87.18674544	2.77687900	0.08392590
87.26674544	2.77687900	-0.00366222
87.34674544	2.73247500	0.08392590
87.42674544	2.68822300	0.08392590
87.50674544	2.64381800	-0.00366222
87.58674544	2.59956700	-0.00366222
87.66674544	2.55516200	0.08392590
87.74674544	2.55516200	-0.00366222
87.82674544	2.46650600	-0.00366222
87.90674543	2.42225400	-0.00366222
87.98674543	2.37785000	-0.00366222
88.06674543	2.33359800	0.08392590
88.14674543	2.28919300	0.08392590
88.22674543	2.24494100	0.08392590
88.30674543	2.20053700	0.08392590
88.38674543	2.11188100	0.08392590
88.46674543	2.06762900	0.17151400
88.54674543	2.02322500	0.43519400
88.62674543	1.97897300	0.87405010
88.70674543	1.89031600	1.40110500
88.78674543	1.84591200	2.10364100
88.86674543	1.80166000	2.80617700
88.94674543	1.66859900	3.68450000
89.02674543	1.66859900	4.29914200
89.10674543	1.57994300	4.73830400
89.18674543	1.53553900	4.29914200
89.26674543	1.49128700	5.00167800
89.34674543	1.40263100	5.26535800
89.42674543	1.35822600	5.08957200
89.50674543	1.26957000	4.56282200
89.58674542	1.18091400	4.73830400
89.66674542	1.13666200	4.73830400
89.74674542	1.09225700	4.47492900
89.82674542	1.00360100	4.65041100
89.90674542	0.95934930	4.65041100
89.98674542	0.87069310	4.56282200
90.06674542	0.82628860	4.56282200
90.14674542	0.78203680	4.56282200
90.22674542	0.69338050	4.56282200
90.30674542	0.60472430	4.56282200
90.38674542	0.56031980	4.56282200
90.46674542	0.51606800	4.56282200
90.54674542	0.42741170	4.65041100
90.62674542	0.38300730	4.56282200
90.70674542	0.29435100	4.56282200
90.78674542	0.25009920	4.65041100
90.86674542	0.20569470	4.56282200
90.94674542	0.11719110	4.56282200
91.02674542	0.07278664	4.56282200
91.10674542	0.02853481	4.65041100
91.18674541	-0.06012146	4.65041100
91.26674541	-0.10452590	4.56282200
91.34674541	-0.19318220	4.65041100
91.42674541	-0.23743400	4.65041100
91.50674541	-0.28183840	4.65041100
91.58674541	-0.32609030	4.65041100
91.66674541	-0.41474660	4.56282200
91.74674541	-0.45915100	4.73830400
91.82674541	-0.50340280	4.65041100
91.90674541	-0.54780720	4.73830400
91.98674541	-0.63646350	4.65041100
92.06674541	-0.63646350	4.65041100
92.14674541	-0.72511980	4.65041100
92.22674541	-0.76937160	4.73830400
92.30674541	-0.81377610	4.73830400
92.38674541	-0.85802790	4.73830400
92.46674541	-0.90243230	4.73830400
92.54674541	-0.94668420	4.73830400
92.62674541	-0.99108860	4.73830400
92.70674541	-1.03534000	4.82619700
92.78674541	-1.07974500	4.73830400
92.86674540	-1.12399700	4.73830400
92.94674540	-1.16840100	4.73830400
93.02674540	-1.21265300	4.73830400
93.10674540	-1.21265300	4.73830400
93.18674540	-1.25705700	4.82619700
93.26674540	-1.30146200	4.82619700
93.34674540	-1.34571400	4.73830400
93.42674540	-1.39011800	4.82619700
93.50674540	-1.39011800	4.82619700
93.58674540	-1.43437000	4.82619700
93.66674540	-1.47877400	4.82619700
93.74674540	-1.47877400	4.91409000
93.82674540	-1.52302600	4.91409000
93.90674540	-1.52302600	4.91409000
93.98674540	-1.56743100	4.91409000
94.06674540	-1.61168300	4.91409000
94.14674540	-1.61168300	4.91409000
94.22674540	-1.65608700	4.91409000
94.30674540	-1.65608700	4.91409000
94.38674540	-1.65608700	4.91409000
94.46674540	-1.70033900	4.91409000
94.54674539	-1.70033900	5.00167800
94.62674539	-1.70033900	5.00167800
94.70674539	-1.74474300	5.00167800
94.78674539	-1.74474300	5.00167800
94.86674539	-1.74474300	4.91409000
94.94674539	-1.74474300	5.08957200
95.02674539	-1.78899500	5.00167800
95.10674539	-1.78899500	5.00167800
95.18674539	-1.78899500	5.00167800
95.26674539	-1.78899500	5.00167800
95.34674539	-1.78899500	5.08957200
95.42674539	-1.78899500	5.08957200
95.50674539	-1.83339900	5.00167800
95.58674539	-1.83339900	5.00167800
95.66674539	-1.78899500	4.91409000
95.74674539	-1.83339900	4.65041100
95.82674539	-1.83339900	4.12366100
95.90674539	-1.78899500	3.50871300
95.98674539	-1.78899500	2.80617700
96.06674539	-1.83339900	5.52873300
96.14674538	-1.78899500	6.40705600
96.22674538	-1.78899500	5.79210800
96.30674538	-1.78899500	4.12366100
96.38674538	-1.78899500	5.08957200
96.46674538	-1.78899500	4.73830400
96.54674538	-1.74474300	4.38703600
96.62674538	-1.74474300	4.21124900
96.70674538	-1.74474300	3.94787400
96.78674538	-1.70033900	3.68450000
96.86674538	-1.70033900	3.42112500
96.94674538	-1.74474300	3.06985700
97.02674538	-1.70033900	2.80617700
97.10674538	-1.70033900	2.36701600
97.18674538	-1.65608700	1.92815900
97.26674538	-1.65608700	1.57689100
97.34674538	-1.65608700	1.04983700
97.42674538	-1.65608700	0.34730060
97.50674538	-1.61168300	0.43519400
97.58674538	-1.65608700	0.25940730
97.66674538	-1.61168300	0.17151400
97.74674538	-1.61168300	0.17151400
97.82674537	-1.56743100	0.17151400
97.90674537	-1.56743100	0.17151400
97.98674537	-1.52302600	0.17151400
98.06674537	-1.52302600	0.17151400
98.14674537	-1.47877400	0.08392590
98.22674537	-1.47877400	0.08392590
98.30674537	-1.47877400	0.17151400
98.38674537	-1.43437000	0.08392590
98.46674537	-1.43437000	0.17151400
98.54674537	-1.39011800	0.17151400
98.62674537	-1.39011800	0.08392590
98.70674537	-1.39011800	0.08392590
98.78674537	-1.34571400	0.08392590
98.86674537	-1.34571400	0.08392590
98.94674537	-1.30146200	0.08392590
99.02674537	-1.30146200	0.08392590
99.10674537	-1.30146200	0.08392590
99.18674537	-1.25705700	0.17151400
99.26674537	-1.25705700	0.17151400
99.34674537	-1.21265300	0.17151400
99.42674536	-1.21265300	0.17151400
99.50674536	-1.16840100	0.08392590
99.58674536	-1.16840100	0.17151400
99.66674536	-1.12399700	0.08392590
99.74674536	-1.12399700	0.08392590
99.82674536	-1.12399700	0.08392590
99.90674536	-1.07974500	0.17151400
99.98674536	-1.03534000	0.08392590
100.06674536	-1.03534000	0.17151400
100.14674536	-0.99108860	0.08392590
