Time	Channel A	Channel B
(us)	(V)	(V)

0.00000000	4.93911600	0.08392590
0.08000000	4.93911600	0.08392590
0.16000000	4.93911600	0.17151400
0.24000000	4.93911600	0.17151400
0.32000000	4.93911600	0.08392590
0.40000000	4.93911600	0.08392590
0.48000000	4.93911600	0.08392590
0.56000000	4.93911600	0.08392590
0.64000000	4.93911600	0.08392590
0.72000000	4.93911600	0.08392590
0.80000000	4.93911600	0.08392590
0.87999999	4.93911600	0.08392590
0.95999999	4.93911600	0.08392590
1.03999999	4.93911600	0.08392590
1.11999999	4.93911600	0.08392590
1.19999999	4.93911600	0.08392590
1.27999999	4.93911600	0.08392590
1.35999999	4.93911600	0.08392590
1.43999999	4.93911600	0.08392590
1.51999999	4.93911600	0.08392590
1.59999999	4.93911600	0.08392590
1.67999999	4.93911600	0.17151400
1.75999999	4.93911600	0.08392590
1.83999999	4.93911600	0.08392590
1.91999999	4.93911600	0.08392590
1.99999999	4.93911600	0.08392590
2.07999999	4.93911600	0.08392590
2.15999999	4.93911600	0.08392590
2.23999999	4.93911600	0.08392590
2.31999999	4.93911600	0.08392590
2.39999999	4.93911600	0.08392590
2.47999998	4.93911600	0.08392590
2.55999998	4.93911600	0.08392590
2.63999998	4.93911600	0.08392590
2.71999998	4.93911600	0.08392590
2.79999998	4.93911600	0.08392590
2.87999998	4.93911600	0.08392590
2.95999998	4.93911600	0.08392590
3.03999998	4.93911600	0.08392590
3.11999998	4.93911600	0.08392590
3.19999998	4.93911600	0.08392590
3.27999998	4.93911600	0.08392590
3.35999998	4.93911600	0.08392590
3.43999998	4.93911600	0.08392590
3.51999998	4.93911600	0.08392590
3.59999998	4.93911600	0.08392590
3.67999998	4.93911600	0.08392590
3.75999998	4.93911600	0.08392590
3.83999998	4.93911600	0.08392590
3.91999998	4.93911600	-0.00366222
3.99999998	4.93911600	-0.00366222
4.07999998	4.93911600	0.08392590
4.15999997	4.93911600	0.08392590
4.23999997	4.93911600	0.08392590
4.31999997	4.93911600	0.08392590
4.39999997	4.93911600	0.08392590
4.47999997	4.93911600	0.08392590
4.55999997	4.93911600	0.08392590
4.63999997	4.93911600	0.08392590
4.71999997	4.93911600	-0.00366222
4.79999997	4.93911600	0.08392590
4.87999997	4.93911600	0.08392590
4.95999997	4.93911600	0.08392590
5.03999997	4.93911600	0.08392590
5.11999997	4.93911600	0.08392590
5.19999997	4.93911600	0.08392590
5.27999997	4.93911600	0.08392590
5.35999997	4.93911600	0.08392590
5.43999997	4.93911600	0.08392590
5.51999997	4.93911600	0.08392590
5.59999997	4.93911600	0.08392590
5.67999997	4.93911600	0.08392590
5.75999996	4.93911600	0.08392590
5.83999996	4.93911600	0.08392590
5.91999996	4.93911600	0.08392590
5.99999996	4.93911600	0.08392590
6.07999996	4.93911600	0.08392590
6.15999996	4.93911600	0.08392590
6.23999996	4.93911600	0.08392590
6.31999996	4.93911600	-0.00366222
6.39999996	4.93911600	0.08392590
6.47999996	4.93911600	0.08392590
6.55999996	4.93911600	0.08392590
6.63999996	4.93911600	-0.00366222
6.71999996	4.93911600	0.08392590
6.79999996	4.93911600	0.08392590
6.87999996	4.93911600	0.08392590
6.95999996	4.93911600	0.08392590
7.03999996	4.93911600	0.08392590
7.11999996	4.93911600	0.08392590
7.19999996	4.93911600	-0.00366222
7.27999996	4.93911600	-0.00366222
7.35999996	4.93911600	-0.00366222
7.43999995	4.93911600	0.08392590
7.51999995	4.93911600	-0.00366222
7.59999995	4.93911600	0.08392590
7.67999995	4.93911600	0.08392590
7.75999995	4.93911600	-0.00366222
7.83999995	4.93911600	-0.00366222
7.91999995	4.93911600	0.08392590
7.99999995	4.93911600	0.08392590
8.07999995	4.93911600	0.08392590
8.15999995	4.93911600	0.08392590
8.23999995	4.93911600	-0.00366222
8.31999995	4.93911600	-0.00366222
8.39999995	4.93911600	0.08392590
8.47999995	4.93911600	-0.00366222
8.55999995	4.93911600	0.08392590
8.63999995	4.93911600	-0.00366222
8.71999995	4.93911600	0.08392590
8.79999995	4.93911600	0.08392590
8.87999995	4.93911600	-0.00366222
8.95999995	4.93911600	-0.00366222
9.03999995	4.93911600	-0.00366222
9.11999994	4.93911600	0.08392590
9.19999994	4.93911600	0.08392590
9.27999994	4.93911600	-0.00366222
9.35999994	4.93911600	-0.00366222
9.43999994	4.93911600	0.08392590
9.51999994	4.93911600	-0.00366222
9.59999994	4.93911600	0.08392590
9.67999994	4.93911600	-0.00366222
9.75999994	4.93911600	0.08392590
9.83999994	4.93911600	0.08392590
9.91999994	4.93911600	-0.00366222
9.99999994	4.93911600	-0.00366222
10.07999994	4.93911600	0.08392590
10.15999994	4.93911600	-0.00366222
10.23999994	4.93911600	-0.00366222
10.31999994	4.93911600	0.08392590
10.39999994	4.93911600	0.08392590
10.47999994	4.93911600	-0.00366222
10.55999994	4.93911600	0.08392590
10.63999994	4.93911600	-0.00366222
10.71999993	4.93911600	0.08392590
10.79999993	4.93911600	0.08392590
10.87999993	4.93911600	0.08392590
10.95999993	4.93911600	-0.00366222
11.03999993	4.93911600	-0.00366222
11.11999993	4.93911600	0.08392590
11.19999993	4.93911600	0.08392590
11.27999993	4.93911600	-0.00366222
11.35999993	4.93911600	-0.00366222
11.43999993	4.93911600	-0.00366222
11.51999993	4.93911600	0.08392590
11.59999993	4.93911600	0.08392590
11.67999993	4.93911600	0.08392590
11.75999993	4.93911600	0.08392590
11.83999993	4.93911600	0.08392590
11.91999993	4.93911600	-0.00366222
11.99999993	4.93911600	-0.00366222
12.07999993	4.93911600	-0.00366222
12.15999993	4.93911600	0.08392590
12.23999993	4.93911600	-0.00366222
12.31999993	4.93911600	0.08392590
12.39999992	4.93911600	0.08392590
12.47999992	4.93911600	0.08392590
12.55999992	4.93911600	-0.00366222
12.63999992	4.93911600	-0.00366222
12.71999992	4.93911600	-0.00366222
12.79999992	4.93911600	-0.00366222
12.87999992	4.93911600	-0.00366222
12.95999992	4.93911600	-0.00366222
13.03999992	4.93911600	-0.00366222
13.11999992	4.93911600	0.08392590
13.19999992	4.93911600	0.08392590
13.27999992	4.93911600	0.08392590
13.35999992	4.93911600	0.08392590
13.43999992	4.93911600	-0.00366222
13.51999992	4.93911600	-0.00366222
13.59999992	4.93911600	0.08392590
13.67999992	4.93911600	-0.00366222
13.75999992	4.93911600	0.08392590
13.83999992	4.93911600	-0.00366222
13.91999992	4.93911600	-0.00366222
13.99999991	4.93911600	-0.00366222
14.07999991	4.93911600	-0.00366222
14.15999991	4.93911600	0.08392590
14.23999991	4.93911600	0.08392590
14.31999991	4.93911600	-0.00366222
14.39999991	4.93911600	0.08392590
14.47999991	4.93911600	-0.00366222
14.55999991	4.93911600	-0.00366222
14.63999991	4.93911600	0.08392590
14.71999991	4.93911600	-0.00366222
14.79999991	4.93911600	0.08392590
14.87999991	4.93911600	-0.00366222
14.95999991	4.93911600	-0.00366222
15.03999991	4.93911600	0.08392590
15.11999991	4.93911600	0.08392590
15.19999991	4.93911600	-0.00366222
15.27999991	4.93911600	-0.00366222
15.35999991	4.93911600	0.08392590
15.43999991	4.93911600	0.08392590
15.51999991	4.93911600	-0.00366222
15.59999991	4.93911600	-0.00366222
15.67999990	4.93911600	-0.00366222
15.75999990	4.93911600	0.08392590
15.83999990	4.93911600	-0.00366222
15.91999990	4.93911600	0.08392590
15.99999990	4.93911600	0.08392590
16.07999990	4.93911600	-0.00366222
16.15999990	4.93911600	-0.00366222
16.23999990	4.93911600	0.08392590
16.31999990	4.93911600	-0.00366222
16.39999990	4.93911600	-0.00366222
16.47999990	4.93911600	-0.00366222
16.55999990	4.93911600	-0.00366222
16.63999990	4.93911600	0.08392590
16.71999990	4.93911600	-0.00366222
16.79999990	4.93911600	-0.00366222
16.87999990	4.93911600	-0.00366222
16.95999990	4.93911600	0.08392590
17.03999990	4.93911600	-0.00366222
17.11999990	4.93911600	-0.00366222
17.19999990	4.93911600	-0.00366222
17.27999989	4.93911600	-0.00366222
17.35999989	4.93911600	0.08392590
17.43999989	4.93911600	0.08392590
17.51999989	4.93911600	-0.00366222
17.59999989	4.93911600	-0.00366222
17.67999989	4.93911600	-0.00366222
17.75999989	4.93911600	0.08392590
17.83999989	4.93911600	-0.00366222
17.91999989	4.93911600	-0.00366222
17.99999989	4.93911600	0.08392590
18.07999989	4.93911600	-0.00366222
18.15999989	4.93911600	-0.00366222
18.23999989	4.93911600	0.08392590
18.31999989	4.93911600	-0.00366222
18.39999989	4.93911600	0.08392590
18.47999989	4.93911600	0.08392590
18.55999989	4.93911600	0.08392590
18.63999989	4.93911600	0.08392590
18.71999989	4.93911600	0.17151400
18.79999989	4.76180300	0.34730060
18.87999989	4.40717800	0.69856870
18.95999988	3.87524000	1.04983700
19.03999988	3.25479900	1.66447900
19.11999988	2.72255600	2.19153400
19.19999988	2.10211500	2.80617700
19.27999988	1.57017700	3.33323200
19.35999988	0.86092720	3.77239300
19.43999988	0.24048580	4.03576800
19.51999988	0.15167700	4.91409000
19.59999988	-0.02563555	4.91409000
19.67999988	-0.02563555	5.00167800
19.75999988	-0.02563555	4.91409000
19.83999988	-0.02563555	4.82619700
19.91999988	-0.02563555	4.91409000
19.99999988	-0.02563555	4.82619700
20.07999988	-0.02563555	4.82619700
20.15999988	-0.02563555	4.82619700
20.23999988	-0.02563555	4.82619700
20.31999988	-0.02563555	4.82619700
20.39999988	-0.02563555	4.82619700
20.47999988	-0.02563555	4.82619700
20.55999988	-0.02563555	4.82619700
20.63999987	-0.02563555	4.82619700
20.71999987	-0.02563555	4.82619700
20.79999987	-0.02563555	4.82619700
20.87999987	-0.02563555	4.82619700
20.95999987	0.06317332	4.82619700
21.03999987	-0.02563555	4.91409000
21.11999987	-0.02563555	4.91409000
21.19999987	-0.02563555	4.91409000
21.27999987	0.06317332	4.91409000
21.35999987	-0.02563555	4.82619700
21.43999987	-0.02563555	4.91409000
21.51999987	-0.02563555	4.82619700
21.59999987	-0.02563555	4.91409000
21.67999987	-0.02563555	4.82619700
21.75999987	-0.02563555	4.82619700
21.83999987	-0.02563555	4.91409000
21.91999987	-0.02563555	4.82619700
21.99999987	-0.02563555	4.82619700
22.07999987	-0.02563555	4.91409000
22.15999987	-0.02563555	4.91409000
22.23999986	-0.02563555	4.91409000
22.31999986	-0.02563555	4.91409000
22.39999986	-0.02563555	4.82619700
22.47999986	0.06317332	4.91409000
22.55999986	-0.02563555	4.91409000
22.63999986	-0.02563555	4.91409000
22.71999986	-0.02563555	4.91409000
22.79999986	-0.02563555	4.91409000
22.87999986	-0.02563555	4.91409000
22.95999986	-0.02563555	4.91409000
23.03999986	-0.02563555	4.91409000
23.11999986	-0.02563555	4.91409000
23.19999986	-0.02563555	4.91409000
23.27999986	-0.02563555	4.82619700
23.35999986	-0.02563555	4.82619700
23.43999986	-0.02563555	4.91409000
23.51999986	-0.02563555	4.91409000
23.59999986	-0.02563555	4.91409000
23.67999986	-0.02563555	4.91409000
23.75999986	-0.02563555	4.91409000
23.83999986	-0.02563555	4.91409000
23.91999985	-0.02563555	4.91409000
23.99999985	-0.02563555	4.91409000
24.07999985	-0.02563555	4.91409000
24.15999985	-0.02563555	4.91409000
24.23999985	-0.02563555	4.91409000
24.31999985	-0.02563555	4.91409000
24.39999985	-0.02563555	4.91409000
24.47999985	-0.02563555	4.91409000
24.55999985	-0.02563555	4.91409000
24.63999985	-0.02563555	4.91409000
24.71999985	-0.02563555	4.91409000
24.79999985	-0.02563555	4.91409000
24.87999985	-0.02563555	4.91409000
24.95999985	-0.02563555	4.91409000
25.03999985	-0.02563555	4.91409000
25.11999985	-0.02563555	4.91409000
25.19999985	-0.02563555	4.91409000
25.27999985	-0.02563555	4.91409000
25.35999985	-0.02563555	4.91409000
25.43999985	-0.02563555	4.91409000
25.51999984	-0.02563555	4.91409000
25.59999984	-0.02563555	4.91409000
25.67999984	-0.02563555	4.91409000
25.75999984	-0.02563555	4.91409000
25.83999984	-0.02563555	4.91409000
25.91999984	-0.02563555	4.91409000
25.99999984	-0.02563555	4.91409000
26.07999984	0.06317332	4.91409000
26.15999984	-0.02563555	4.91409000
26.23999984	-0.02563555	4.91409000
26.31999984	-0.02563555	4.91409000
26.39999984	0.06317332	4.91409000
26.47999984	-0.02563555	4.91409000
26.55999984	-0.02563555	4.91409000
26.63999984	-0.02563555	4.91409000
26.71999984	-0.02563555	4.91409000
26.79999984	-0.02563555	4.91409000
26.87999984	0.06317332	4.91409000
26.95999984	0.06317332	4.91409000
27.03999984	-0.02563555	4.91409000
27.11999984	-0.02563555	4.91409000
27.19999983	-0.02563555	4.91409000
27.27999983	0.06317332	4.91409000
27.35999983	-0.02563555	4.91409000
27.43999983	0.06317332	4.91409000
27.51999983	-0.02563555	4.91409000
27.59999983	-0.02563555	4.91409000
27.67999983	0.06317332	4.91409000
27.75999983	-0.02563555	4.91409000
27.83999983	-0.02563555	4.91409000
27.91999983	-0.02563555	4.91409000
27.99999983	-0.02563555	4.91409000
28.07999983	-0.02563555	4.91409000
28.15999983	0.06317332	4.91409000
28.23999983	0.06317332	4.91409000
28.31999983	0.06317332	4.91409000
28.39999983	-0.02563555	4.91409000
28.47999983	0.06317332	4.91409000
28.55999983	-0.02563555	4.91409000
28.63999983	-0.02563555	4.91409000
28.71999983	0.06317332	4.91409000
28.79999982	-0.02563555	4.91409000
28.87999982	-0.02563555	4.91409000
28.95999982	-0.02563555	4.91409000
29.03999982	-0.02563555	4.91409000
29.11999982	-0.02563555	4.91409000
29.19999982	0.06317332	4.91409000
29.27999982	-0.02563555	4.91409000
29.35999982	0.06317332	4.91409000
29.43999982	-0.02563555	4.91409000
29.51999982	-0.02563555	4.91409000
29.59999982	-0.02563555	4.91409000
29.67999982	0.06317332	4.91409000
29.75999982	-0.02563555	4.91409000
29.83999982	-0.02563555	4.91409000
29.91999982	-0.02563555	4.91409000
29.99999982	-0.02563555	4.91409000
30.07999982	-0.02563555	4.91409000
30.15999982	0.06317332	4.91409000
30.23999982	-0.02563555	4.91409000
30.31999982	-0.02563555	4.91409000
30.39999982	-0.02563555	4.91409000
30.47999981	-0.02563555	4.91409000
30.55999981	-0.02563555	4.91409000
30.63999981	-0.02563555	4.91409000
30.71999981	0.06317332	4.91409000
30.79999981	-0.02563555	4.91409000
30.87999981	-0.02563555	4.91409000
30.95999981	-0.02563555	4.91409000
31.03999981	0.06317332	4.91409000
31.11999981	0.06317332	4.91409000
31.19999981	-0.02563555	4.91409000
31.27999981	0.06317332	4.91409000
31.35999981	-0.02563555	4.91409000
31.43999981	-0.02563555	4.91409000
31.51999981	-0.02563555	4.91409000
31.59999981	-0.02563555	4.91409000
31.67999981	-0.02563555	4.91409000
31.75999981	0.06317332	4.91409000
31.83999981	-0.02563555	4.91409000
31.91999981	-0.02563555	4.91409000
31.99999981	-0.02563555	4.91409000
32.07999981	-0.02563555	4.91409000
32.15999980	-0.02563555	4.91409000
32.23999980	-0.02563555	4.91409000
32.31999980	-0.02563555	4.91409000
32.39999980	-0.02563555	4.91409000
32.47999980	-0.02563555	4.91409000
32.55999980	-0.02563555	4.91409000
32.63999980	-0.02563555	4.91409000
32.71999980	-0.02563555	4.91409000
32.79999980	-0.02563555	4.91409000
32.87999980	-0.02563555	4.91409000
32.95999980	0.06317332	4.91409000
33.03999980	-0.02563555	4.91409000
33.11999980	-0.02563555	4.91409000
33.19999980	0.06317332	4.91409000
33.27999980	0.06317332	4.91409000
33.35999980	-0.02563555	4.91409000
33.43999980	-0.02563555	4.91409000
33.51999980	-0.02563555	4.91409000
33.59999980	0.06317332	4.91409000
33.67999980	-0.02563555	4.91409000
33.75999979	-0.02563555	4.91409000
33.83999979	-0.02563555	4.91409000
33.91999979	-0.02563555	4.91409000
33.99999979	0.06317332	4.91409000
34.07999979	-0.02563555	4.91409000
34.15999979	-0.02563555	4.91409000
34.23999979	-0.02563555	4.91409000
34.31999979	0.06317332	4.91409000
34.39999979	-0.02563555	4.91409000
34.47999979	-0.02563555	4.91409000
34.55999979	0.06317332	4.91409000
34.63999979	0.06317332	4.91409000
34.71999979	-0.02563555	4.91409000
34.79999979	-0.02563555	4.91409000
34.87999979	-0.02563555	4.91409000
34.95999979	-0.02563555	4.91409000
35.03999979	-0.02563555	4.91409000
35.11999979	-0.02563555	4.91409000
35.19999979	-0.02563555	4.91409000
35.27999979	-0.02563555	4.91409000
35.35999979	-0.02563555	4.91409000
35.43999978	-0.02563555	4.91409000
35.51999978	-0.02563555	4.91409000
35.59999978	0.06317332	4.91409000
35.67999978	0.06317332	4.91409000
35.75999978	0.06317332	4.91409000
35.83999978	-0.02563555	4.91409000
35.91999978	-0.02563555	4.91409000
35.99999978	-0.02563555	4.91409000
36.07999978	-0.02563555	4.91409000
36.15999978	0.06317332	4.91409000
36.23999978	-0.02563555	4.91409000
36.31999978	-0.02563555	4.91409000
36.39999978	-0.02563555	4.91409000
36.47999978	0.06317332	4.91409000
36.55999978	-0.02563555	4.91409000
36.63999978	-0.02563555	4.91409000
36.71999978	0.06317332	4.91409000
36.79999978	-0.02563555	4.91409000
36.87999978	-0.02563555	4.91409000
36.95999978	-0.02563555	4.91409000
37.03999977	-0.02563555	4.91409000
37.11999977	-0.02563555	4.91409000
37.19999977	0.06317332	4.91409000
37.27999977	-0.02563555	4.91409000
37.35999977	-0.02563555	4.91409000
37.43999977	-0.02563555	4.91409000
37.51999977	0.06317332	4.91409000
37.59999977	-0.02563555	4.91409000
37.67999977	-0.02563555	4.91409000
37.75999977	-0.02563555	4.91409000
37.83999977	-0.02563555	4.91409000
37.91999977	-0.02563555	4.91409000
37.99999977	0.06317332	4.91409000
38.07999977	-0.02563555	4.91409000
38.15999977	-0.02563555	4.91409000
38.23999977	0.06317332	4.91409000
38.31999977	-0.02563555	4.91409000
38.39999977	-0.02563555	4.91409000
38.47999977	0.06317332	4.91409000
38.55999977	0.06317332	4.91409000
38.63999977	0.06317332	4.91409000
38.71999976	-0.02563555	4.91409000
38.79999976	-0.02563555	4.91409000
38.87999976	0.06317332	4.91409000
38.95999976	0.06317332	4.91409000
39.03999976	0.06317332	4.91409000
39.11999976	-0.02563555	4.91409000
39.19999976	0.06317332	4.82619700
39.27999976	0.15167700	4.82619700
39.35999976	0.32898950	4.73830400
39.43999976	0.68361460	4.38703600
39.51999976	1.21555200	3.85998100
39.59999976	1.74749000	3.33323200
39.67999976	2.36793100	2.71828400
39.75999976	2.98867800	2.19153400
39.83999976	3.52061500	1.57689100
39.91999976	4.14136200	1.04983700
39.99999976	4.49598700	0.34730060
40.07999976	5.11642800	0.34730060
40.15999976	5.02792500	0.08392590
40.23999976	5.02792500	0.17151400
40.31999975	5.02792500	0.17151400
40.39999975	4.93911600	0.08392590
40.47999975	4.93911600	0.17151400
40.55999975	4.93911600	0.08392590
40.63999975	4.93911600	0.17151400
40.71999975	4.93911600	0.17151400
40.79999975	4.93911600	0.17151400
40.87999975	4.93911600	0.08392590
40.95999975	4.93911600	0.08392590
41.03999975	4.93911600	0.17151400
41.11999975	4.93911600	0.17151400
41.19999975	4.93911600	0.08392590
41.27999975	4.93911600	0.17151400
41.35999975	4.93911600	0.17151400
41.43999975	4.93911600	0.08392590
41.51999975	4.93911600	0.17151400
41.59999975	4.93911600	0.08392590
41.67999975	4.93911600	0.08392590
41.75999975	4.93911600	0.08392590
41.83999975	4.93911600	0.08392590
41.91999975	4.93911600	0.08392590
41.99999974	4.93911600	0.08392590
42.07999974	4.93911600	0.17151400
42.15999974	4.93911600	0.08392590
42.23999974	4.93911600	0.08392590
42.31999974	4.93911600	0.08392590
42.39999974	4.93911600	0.08392590
42.47999974	4.93911600	0.08392590
42.55999974	4.93911600	0.08392590
42.63999974	4.93911600	0.17151400
42.71999974	4.93911600	0.08392590
42.79999974	4.93911600	0.08392590
42.87999974	4.93911600	0.08392590
42.95999974	4.93911600	0.08392590
43.03999974	4.93911600	0.08392590
43.11999974	4.93911600	0.08392590
43.19999974	4.93911600	0.08392590
43.27999974	4.93911600	0.08392590
43.35999974	4.93911600	0.08392590
43.43999974	4.93911600	0.08392590
43.51999974	4.93911600	0.08392590
43.59999974	4.93911600	0.08392590
43.67999973	4.93911600	0.08392590
43.75999973	4.93911600	0.08392590
43.83999973	4.93911600	0.08392590
43.91999973	4.93911600	0.08392590
43.99999973	4.93911600	0.08392590
44.07999973	4.93911600	0.08392590
44.15999973	4.93911600	0.08392590
44.23999973	4.93911600	0.08392590
44.31999973	4.93911600	0.08392590
44.39999973	4.93911600	0.08392590
44.47999973	4.93911600	0.08392590
44.55999973	4.93911600	0.08392590
44.63999973	4.93911600	0.08392590
44.71999973	4.93911600	0.08392590
44.79999973	4.93911600	0.08392590
44.87999973	4.93911600	0.08392590
44.95999973	4.93911600	0.08392590
45.03999973	4.93911600	0.08392590
45.11999973	4.93911600	0.08392590
45.19999973	4.93911600	0.08392590
45.27999972	4.93911600	0.08392590
45.35999972	4.93911600	0.08392590
45.43999972	4.93911600	0.08392590
45.51999972	4.93911600	0.08392590
45.59999972	4.93911600	0.08392590
45.67999972	4.93911600	0.08392590
45.75999972	4.93911600	0.08392590
45.83999972	4.93911600	0.08392590
45.91999972	4.93911600	0.08392590
45.99999972	4.93911600	0.08392590
46.07999972	4.93911600	0.08392590
46.15999972	4.93911600	-0.00366222
46.23999972	4.93911600	0.08392590
46.31999972	4.93911600	0.08392590
46.39999972	4.93911600	0.08392590
46.47999972	4.93911600	0.08392590
46.55999972	4.93911600	0.08392590
46.63999972	4.93911600	0.08392590
46.71999972	4.93911600	0.08392590
46.79999972	4.93911600	0.08392590
46.87999972	4.93911600	0.08392590
46.95999971	4.93911600	0.08392590
47.03999971	4.93911600	0.08392590
47.11999971	4.93911600	0.08392590
47.19999971	4.93911600	0.08392590
47.27999971	4.93911600	-0.00366222
47.35999971	4.93911600	0.08392590
47.43999971	4.93911600	0.08392590
47.51999971	4.93911600	-0.00366222
47.59999971	4.93911600	0.08392590
47.67999971	4.93911600	0.08392590
47.75999971	4.93911600	0.08392590
47.83999971	4.93911600	0.08392590
47.91999971	4.93911600	0.08392590
47.99999971	4.93911600	0.08392590
48.07999971	4.93911600	0.08392590
48.15999971	4.93911600	-0.00366222
48.23999971	4.93911600	0.08392590
48.31999971	4.93911600	-0.00366222
48.39999971	4.93911600	0.08392590
48.47999971	4.93911600	0.08392590
48.55999970	4.93911600	0.08392590
48.63999970	4.93911600	0.08392590
48.71999970	4.93911600	0.08392590
48.79999970	4.93911600	0.08392590
48.87999970	4.93911600	0.08392590
48.95999970	4.93911600	-0.00366222
49.03999970	4.93911600	0.08392590
49.11999970	4.93911600	0.08392590
49.19999970	4.93911600	0.08392590
49.27999970	4.93911600	0.08392590
49.35999970	4.93911600	-0.00366222
49.43999970	4.93911600	0.08392590
49.51999970	4.93911600	-0.00366222
49.59999970	4.93911600	0.08392590
49.67999970	4.93911600	-0.00366222
49.75999970	4.93911600	-0.00366222
49.83999970	4.93911600	-0.00366222
49.91999970	4.93911600	0.08392590
49.99999970	4.93911600	0.08392590
50.07999970	4.93911600	0.08392590
50.15999970	4.93911600	-0.00366222
50.23999969	4.93911600	-0.00366222
50.31999969	4.93911600	-0.00366222
50.39999969	4.93911600	0.08392590
50.47999969	4.93911600	0.08392590
50.55999969	4.93911600	-0.00366222
50.63999969	4.93911600	0.08392590
50.71999969	4.93911600	-0.00366222
50.79999969	4.93911600	0.08392590
50.87999969	4.93911600	-0.00366222
50.95999969	4.93911600	-0.00366222
51.03999969	4.93911600	-0.00366222
51.11999969	4.93911600	-0.00366222
51.19999969	4.93911600	-0.00366222
51.27999969	4.93911600	0.08392590
51.35999969	4.93911600	-0.00366222
51.43999969	4.93911600	0.08392590
51.51999969	4.93911600	0.08392590
51.59999969	4.93911600	-0.00366222
51.67999969	4.93911600	-0.00366222
51.75999969	4.93911600	-0.00366222
51.83999968	4.93911600	-0.00366222
51.91999968	4.93911600	0.08392590
51.99999968	4.93911600	-0.00366222
52.07999968	4.93911600	-0.00366222
52.15999968	4.93911600	-0.00366222
52.23999968	4.93911600	-0.00366222
52.31999968	4.93911600	0.08392590
52.39999968	4.93911600	0.08392590
52.47999968	4.93911600	0.08392590
52.55999968	4.93911600	-0.00366222
52.63999968	4.93911600	0.08392590
52.71999968	4.93911600	0.08392590
52.79999968	4.93911600	0.08392590
52.87999968	4.93911600	0.08392590
52.95999968	4.93911600	0.08392590
53.03999968	4.93911600	0.08392590
53.11999968	4.93911600	-0.00366222
53.19999968	4.93911600	-0.00366222
53.27999968	4.93911600	-0.00366222
53.35999968	4.93911600	0.08392590
53.43999968	4.93911600	-0.00366222
53.51999967	4.93911600	-0.00366222
53.59999967	4.93911600	-0.00366222
53.67999967	4.93911600	0.08392590
53.75999967	4.93911600	-0.00366222
53.83999967	4.93911600	-0.00366222
53.91999967	4.93911600	-0.00366222
53.99999967	4.93911600	-0.00366222
54.07999967	4.93911600	-0.00366222
54.15999967	4.93911600	-0.00366222
54.23999967	4.93911600	0.08392590
54.31999967	4.93911600	-0.00366222
54.39999967	4.93911600	-0.00366222
54.47999967	4.93911600	-0.00366222
54.55999967	4.93911600	0.08392590
54.63999967	4.93911600	-0.00366222
54.71999967	4.93911600	-0.00366222
54.79999967	4.93911600	0.08392590
54.87999967	4.93911600	0.08392590
54.95999967	4.93911600	0.08392590
55.03999967	4.93911600	-0.00366222
55.11999967	4.93911600	-0.00366222
55.19999966	4.93911600	-0.00366222
55.27999966	4.93911600	-0.00366222
55.35999966	4.93911600	-0.00366222
55.43999966	4.93911600	-0.00366222
55.51999966	4.93911600	0.08392590
55.59999966	4.93911600	0.08392590
55.67999966	4.93911600	0.08392590
55.75999966	4.93911600	0.08392590
55.83999966	4.93911600	0.08392590
55.91999966	4.93911600	0.08392590
55.99999966	4.93911600	-0.00366222
56.07999966	4.93911600	-0.00366222
56.15999966	4.93911600	0.08392590
56.23999966	4.93911600	0.08392590
56.31999966	4.93911600	0.08392590
56.39999966	4.93911600	-0.00366222
56.47999966	4.93911600	0.08392590
56.55999966	4.93911600	-0.00366222
56.63999966	4.93911600	-0.00366222
56.71999966	4.93911600	0.08392590
56.79999965	4.93911600	-0.00366222
56.87999965	4.93911600	-0.00366222
56.95999965	4.93911600	-0.00366222
57.03999965	4.93911600	-0.00366222
57.11999965	4.93911600	-0.00366222
57.19999965	4.93911600	-0.00366222
57.27999965	4.93911600	-0.00366222
57.35999965	4.93911600	0.08392590
57.43999965	4.93911600	0.08392590
57.51999965	4.93911600	-0.00366222
57.59999965	4.93911600	-0.00366222
57.67999965	4.93911600	0.08392590
57.75999965	4.93911600	0.08392590
57.83999965	4.93911600	0.08392590
57.91999965	4.93911600	0.08392590
57.99999965	4.93911600	-0.00366222
58.07999965	4.93911600	-0.00366222
58.15999965	4.93911600	0.08392590
58.23999965	4.93911600	0.08392590
58.31999965	4.93911600	0.08392590
58.39999965	4.93911600	0.08392590
58.47999964	4.93911600	-0.00366222
58.55999964	4.93911600	-0.00366222
58.63999964	4.93911600	-0.00366222
58.71999964	4.93911600	-0.00366222
58.79999964	4.93911600	-0.00366222
58.87999964	4.93911600	0.08392590
58.95999964	4.93911600	0.08392590
59.03999964	4.93911600	-0.00366222
59.11999964	4.93911600	-0.00366222
59.19999964	4.93911600	0.08392590
59.27999964	4.93911600	0.08392590
59.35999964	4.93911600	0.08392590
59.43999964	4.93911600	-0.00366222
59.51999964	4.93911600	0.08392590
59.59999964	4.93911600	0.08392590
59.67999964	4.93911600	0.08392590
59.75999964	4.85061200	0.08392590
59.83999964	4.85061200	0.17151400
59.91999964	4.76180300	0.34730060
59.99999964	4.31867400	0.69856870
60.07999963	3.69792800	1.22531800
60.15999963	3.16599000	1.75237300
60.23999963	2.54524400	2.27942800
60.31999963	2.01330600	2.80617700
60.39999963	1.39286500	3.42112500
60.47999963	0.86092720	3.85998100
60.55999963	0.24048580	4.12366100
60.63999963	0.15167700	5.00167800
60.71999963	-0.02563555	4.82619700
60.79999963	-0.02563555	5.08957200
60.87999963	-0.02563555	4.91409000
60.95999963	-0.02563555	4.73830400
61.03999963	-0.02563555	4.82619700
61.11999963	-0.02563555	4.82619700
61.19999963	-0.02563555	4.82619700
61.27999963	-0.02563555	4.82619700
61.35999963	-0.02563555	4.82619700
61.43999963	-0.02563555	4.82619700
61.51999963	-0.02563555	4.91409000
61.59999963	-0.02563555	4.82619700
61.67999963	-0.02563555	4.82619700
61.75999962	-0.02563555	4.82619700
61.83999962	-0.02563555	4.91409000
61.91999962	-0.02563555	4.82619700
61.99999962	-0.02563555	4.82619700
62.07999962	-0.02563555	4.91409000
62.15999962	-0.02563555	4.82619700
62.23999962	-0.02563555	4.91409000
62.31999962	-0.02563555	4.82619700
62.39999962	-0.02563555	4.82619700
62.47999962	-0.02563555	4.91409000
62.55999962	-0.02563555	4.91409000
62.63999962	-0.02563555	4.91409000
62.71999962	-0.02563555	4.91409000
62.79999962	-0.02563555	4.91409000
62.87999962	-0.02563555	4.82619700
62.95999962	-0.02563555	4.91409000
63.03999962	-0.02563555	4.91409000
63.11999962	-0.02563555	4.82619700
63.19999962	-0.02563555	4.91409000
63.27999962	-0.02563555	4.82619700
63.35999961	-0.02563555	4.91409000
63.43999961	-0.02563555	4.91409000
63.51999961	-0.02563555	4.82619700
63.59999961	-0.02563555	4.91409000
63.67999961	-0.02563555	4.91409000
63.75999961	-0.02563555	4.91409000
63.83999961	-0.02563555	4.91409000
63.91999961	-0.02563555	4.91409000
63.99999961	0.06317332	4.91409000
64.07999961	-0.02563555	4.91409000
64.15999961	-0.02563555	4.91409000
64.23999961	-0.02563555	4.82619700
64.31999961	-0.02563555	4.91409000
64.39999961	-0.02563555	4.91409000
64.47999961	-0.02563555	4.91409000
64.55999961	-0.02563555	4.91409000
64.63999961	-0.02563555	4.91409000
64.71999961	-0.02563555	4.91409000
64.79999961	-0.02563555	4.91409000
64.87999961	-0.02563555	4.91409000
64.95999961	-0.02563555	4.82619700
65.03999960	-0.02563555	4.91409000
65.11999960	-0.02563555	4.82619700
65.19999960	-0.02563555	4.91409000
65.27999960	-0.02563555	4.91409000
65.35999960	-0.02563555	4.91409000
65.43999960	-0.02563555	4.91409000
65.51999960	-0.02563555	4.91409000
65.59999960	-0.02563555	4.91409000
65.67999960	-0.02563555	4.91409000
65.75999960	-0.02563555	4.91409000
65.83999960	-0.02563555	4.91409000
65.91999960	-0.02563555	4.91409000
65.99999960	-0.02563555	4.91409000
66.07999960	-0.02563555	4.91409000
66.15999960	-0.02563555	4.91409000
66.23999960	0.06317332	4.91409000
66.31999960	-0.02563555	4.91409000
66.39999960	0.06317332	4.91409000
66.47999960	-0.02563555	4.91409000
66.55999960	-0.02563555	4.91409000
66.63999959	-0.02563555	4.91409000
66.71999959	-0.02563555	4.91409000
66.79999959	-0.02563555	4.91409000
66.87999959	-0.02563555	4.91409000
66.95999959	-0.02563555	4.91409000
67.03999959	-0.02563555	4.91409000
67.11999959	-0.02563555	4.91409000
67.19999959	0.06317332	4.91409000
67.27999959	-0.02563555	4.91409000
67.35999959	-0.02563555	4.91409000
67.43999959	-0.02563555	4.91409000
67.51999959	-0.02563555	4.91409000
67.59999959	-0.02563555	4.91409000
67.67999959	-0.02563555	4.82619700
67.75999959	-0.02563555	4.91409000
67.83999959	-0.02563555	4.91409000
67.91999959	-0.02563555	4.91409000
67.99999959	-0.02563555	4.91409000
68.07999959	-0.02563555	4.91409000
68.15999959	-0.02563555	4.91409000
68.23999959	-0.02563555	4.91409000
68.31999958	-0.02563555	4.91409000
68.39999958	-0.02563555	4.91409000
68.47999958	-0.02563555	4.91409000
68.55999958	-0.02563555	4.91409000
68.63999958	-0.02563555	4.91409000
68.71999958	-0.02563555	4.91409000
68.79999958	-0.02563555	4.91409000
68.87999958	-0.02563555	4.91409000
68.95999958	-0.02563555	4.91409000
69.03999958	-0.02563555	4.91409000
69.11999958	-0.02563555	4.91409000
69.19999958	-0.02563555	4.91409000
69.27999958	-0.02563555	4.91409000
69.35999958	-0.02563555	4.91409000
69.43999958	-0.02563555	4.91409000
69.51999958	-0.02563555	4.91409000
69.59999958	-0.02563555	4.91409000
69.67999958	-0.02563555	4.91409000
69.75999958	-0.02563555	4.91409000
69.83999958	-0.02563555	4.91409000
69.91999958	-0.02563555	4.91409000
69.99999957	-0.02563555	4.91409000
70.07999957	-0.02563555	4.91409000
70.15999957	-0.02563555	4.91409000
70.23999957	-0.02563555	4.91409000
70.31999957	0.06317332	4.91409000
70.39999957	-0.02563555	4.91409000
70.47999957	-0.02563555	4.91409000
70.55999957	-0.02563555	4.91409000
70.63999957	-0.02563555	4.91409000
70.71999957	-0.02563555	4.91409000
70.79999957	-0.02563555	4.91409000
70.87999957	0.06317332	4.91409000
70.95999957	0.06317332	4.91409000
71.03999957	-0.02563555	4.91409000
71.11999957	-0.02563555	4.91409000
71.19999957	-0.02563555	4.91409000
71.27999957	-0.02563555	4.91409000
71.35999957	-0.02563555	4.91409000
71.43999957	-0.02563555	4.91409000
71.51999957	-0.02563555	4.91409000
71.59999956	-0.02563555	4.91409000
71.67999956	-0.02563555	4.91409000
71.75999956	-0.02563555	4.91409000
71.83999956	-0.02563555	4.91409000
71.91999956	-0.02563555	4.91409000
71.99999956	-0.02563555	4.91409000
72.07999956	-0.02563555	4.91409000
72.15999956	-0.02563555	4.91409000
72.23999956	-0.02563555	4.91409000
72.31999956	-0.02563555	4.91409000
72.39999956	-0.02563555	4.91409000
72.47999956	-0.02563555	4.91409000
72.55999956	-0.02563555	4.91409000
72.63999956	-0.02563555	4.91409000
72.71999956	-0.02563555	4.91409000
72.79999956	-0.02563555	4.91409000
72.87999956	-0.02563555	4.91409000
72.95999956	-0.02563555	4.91409000
73.03999956	-0.02563555	4.91409000
73.11999956	-0.02563555	4.91409000
73.19999956	-0.02563555	4.91409000
73.27999955	-0.02563555	4.91409000
73.35999955	-0.02563555	4.91409000
73.43999955	-0.02563555	4.91409000
73.51999955	-0.02563555	4.91409000
73.59999955	-0.02563555	4.91409000
73.67999955	-0.02563555	4.91409000
73.75999955	-0.02563555	4.91409000
73.83999955	0.06317332	4.91409000
73.91999955	0.06317332	4.91409000
73.99999955	-0.02563555	4.91409000
74.07999955	-0.02563555	4.91409000
74.15999955	-0.02563555	4.91409000
74.23999955	-0.02563555	4.91409000
74.31999955	0.06317332	4.91409000
74.39999955	-0.02563555	4.91409000
74.47999955	0.06317332	4.91409000
74.55999955	-0.02563555	4.91409000
74.63999955	-0.02563555	4.91409000
74.71999955	-0.02563555	4.91409000
74.79999955	0.06317332	4.91409000
74.87999954	-0.02563555	4.91409000
74.95999954	0.06317332	4.91409000
75.03999954	-0.02563555	4.91409000
75.11999954	-0.02563555	4.91409000
75.19999954	-0.02563555	4.91409000
75.27999954	-0.02563555	4.91409000
75.35999954	0.06317332	4.91409000
75.43999954	-0.02563555	4.91409000
75.51999954	-0.02563555	4.91409000
75.59999954	-0.02563555	4.91409000
75.67999954	-0.02563555	4.91409000
75.75999954	-0.02563555	4.91409000
75.83999954	-0.02563555	4.91409000
75.91999954	0.06317332	4.91409000
75.99999954	0.06317332	4.91409000
76.07999954	-0.02563555	4.91409000
76.15999954	-0.02563555	4.91409000
76.23999954	-0.02563555	4.91409000
76.31999954	0.06317332	4.91409000
76.39999954	-0.02563555	4.91409000
76.47999954	-0.02563555	4.91409000
76.55999953	-0.02563555	4.91409000
76.63999953	-0.02563555	4.91409000
76.71999953	-0.02563555	4.91409000
76.79999953	-0.02563555	4.91409000
76.87999953	-0.02563555	4.91409000
76.95999953	-0.02563555	4.91409000
77.03999953	-0.02563555	4.91409000
77.11999953	0.06317332	4.91409000
77.19999953	-0.02563555	4.91409000
77.27999953	0.06317332	4.91409000
77.35999953	-0.02563555	4.91409000
77.43999953	-0.02563555	4.91409000
77.51999953	0.06317332	4.91409000
77.59999953	-0.02563555	4.91409000
77.67999953	-0.02563555	4.91409000
77.75999953	-0.02563555	4.91409000
77.83999953	-0.02563555	4.91409000
77.91999953	-0.02563555	4.91409000
77.99999953	-0.02563555	4.91409000
78.07999953	-0.02563555	4.91409000
78.15999952	-0.02563555	4.91409000
78.23999952	-0.02563555	4.91409000
78.31999952	-0.02563555	4.91409000
78.39999952	-0.02563555	4.91409000
78.47999952	-0.02563555	4.91409000
78.55999952	-0.02563555	4.91409000
78.63999952	0.06317332	4.91409000
78.71999952	-0.02563555	4.91409000
78.79999952	-0.02563555	5.00167800
78.87999952	-0.02563555	4.91409000
78.95999952	0.06317332	4.91409000
79.03999952	0.06317332	4.91409000
79.11999952	-0.02563555	4.91409000
79.19999952	-0.02563555	4.91409000
79.27999952	-0.02563555	4.91409000
79.35999952	-0.02563555	4.91409000
79.43999952	-0.02563555	4.91409000
79.51999952	0.06317332	4.91409000
79.59999952	-0.02563555	4.91409000
79.67999952	-0.02563555	4.91409000
79.75999952	-0.02563555	4.91409000
79.83999951	0.06317332	4.91409000
79.91999951	-0.02563555	4.91409000
79.99999951	0.06317332	4.91409000
80.07999951	-0.02563555	4.91409000
80.15999951	-0.02563555	4.91409000
80.23999951	-0.02563555	4.91409000
80.31999951	-0.02563555	4.91409000
80.39999951	0.06317332	4.91409000
80.47999951	0.24048580	4.73830400
80.55999951	0.59480580	4.56282200
80.63999951	1.12674300	4.03576800
80.71999951	1.65868100	3.42112500
80.79999951	2.27942800	2.89407000
80.87999951	2.89986900	2.27942800
80.95999951	3.43211200	1.75237300
81.03999951	4.05255300	1.13773000
81.11999951	4.40717800	0.52278210
81.19999951	4.93911600	0.34730060
81.27999951	5.02792500	0.08392590
81.35999951	5.11642800	0.17151400
81.43999951	5.02792500	0.17151400
81.51999950	4.93911600	0.17151400
81.59999950	4.93911600	0.08392590
81.67999950	4.93911600	0.17151400
81.75999950	4.93911600	0.17151400
81.83999950	4.93911600	0.17151400
81.91999950	4.93911600	0.17151400
81.99999950	4.93911600	0.17151400
82.07999950	4.93911600	0.17151400
82.15999950	4.93911600	0.17151400
82.23999950	4.93911600	0.17151400
82.31999950	4.93911600	0.08392590
82.39999950	4.93911600	0.08392590
82.47999950	4.93911600	0.08392590
82.55999950	4.93911600	0.08392590
82.63999950	4.93911600	0.08392590
82.71999950	4.93911600	0.08392590
82.79999950	4.93911600	0.08392590
82.87999950	4.93911600	0.08392590
82.95999950	4.93911600	0.08392590
83.03999950	4.93911600	0.17151400
83.11999949	4.93911600	0.08392590
83.19999949	4.93911600	0.08392590
83.27999949	4.93911600	0.17151400
83.35999949	4.93911600	0.17151400
83.43999949	4.93911600	0.08392590
83.51999949	4.93911600	0.08392590
83.59999949	4.93911600	0.08392590
83.67999949	4.93911600	0.08392590
83.75999949	4.93911600	0.08392590
83.83999949	4.93911600	0.08392590
83.91999949	4.93911600	0.08392590
83.99999949	4.93911600	0.08392590
84.07999949	4.93911600	0.08392590
84.15999949	4.93911600	0.08392590
84.23999949	4.93911600	0.08392590
84.31999949	4.93911600	0.08392590
84.39999949	4.93911600	0.08392590
84.47999949	4.93911600	0.08392590
84.55999949	4.93911600	0.08392590
84.63999949	4.93911600	0.08392590
84.71999949	4.93911600	0.08392590
84.79999948	4.93911600	0.17151400
84.87999948	4.93911600	0.08392590
84.95999948	4.93911600	0.08392590
85.03999948	4.93911600	0.08392590
85.11999948	4.93911600	0.08392590
85.19999948	4.93911600	0.08392590
85.27999948	4.93911600	0.08392590
85.35999948	4.93911600	0.08392590
85.43999948	4.93911600	0.08392590
85.51999948	4.93911600	0.08392590
85.59999948	4.93911600	0.08392590
85.67999948	4.93911600	0.08392590
85.75999948	4.93911600	0.08392590
85.83999948	4.93911600	0.08392590
85.91999948	4.93911600	0.08392590
85.99999948	4.93911600	0.08392590
86.07999948	4.93911600	0.08392590
86.15999948	4.93911600	0.08392590
86.23999948	4.93911600	0.08392590
86.31999948	4.93911600	0.08392590
86.39999947	4.93911600	-0.00366222
86.47999947	4.93911600	0.08392590
86.55999947	4.93911600	0.08392590
86.63999947	4.93911600	0.08392590
86.71999947	4.93911600	0.08392590
86.79999947	4.93911600	0.08392590
86.87999947	4.93911600	0.08392590
86.95999947	4.93911600	0.08392590
87.03999947	4.93911600	0.08392590
87.11999947	4.93911600	-0.00366222
87.19999947	5.02792500	0.08392590
87.27999947	4.93911600	-0.00366222
87.35999947	4.93911600	0.08392590
87.43999947	4.93911600	0.08392590
87.51999947	4.93911600	0.08392590
87.59999947	4.93911600	0.08392590
87.67999947	4.93911600	0.08392590
87.75999947	4.93911600	0.08392590
87.83999947	4.93911600	0.08392590
87.91999947	4.93911600	0.08392590
87.99999947	4.93911600	-0.00366222
88.07999946	4.93911600	0.08392590
88.15999946	4.93911600	0.08392590
88.23999946	4.93911600	0.08392590
88.31999946	4.93911600	0.08392590
88.39999946	4.93911600	0.08392590
88.47999946	4.93911600	-0.00366222
88.55999946	4.93911600	-0.00366222
88.63999946	4.93911600	0.08392590
88.71999946	4.93911600	0.08392590
88.79999946	4.93911600	0.08392590
88.87999946	4.93911600	0.08392590
88.95999946	4.93911600	0.08392590
89.03999946	4.93911600	-0.00366222
89.11999946	4.93911600	0.08392590
89.19999946	4.93911600	0.08392590
89.27999946	4.93911600	0.08392590
89.35999946	4.93911600	0.08392590
89.43999946	4.93911600	0.08392590
89.51999946	4.93911600	0.08392590
89.59999946	4.93911600	0.08392590
89.67999945	4.93911600	0.08392590
89.75999945	4.93911600	0.08392590
89.83999945	4.93911600	0.08392590
89.91999945	4.93911600	0.08392590
89.99999945	4.93911600	0.08392590
90.07999945	4.93911600	0.08392590
90.15999945	4.93911600	0.08392590
90.23999945	4.93911600	0.08392590
90.31999945	4.93911600	0.08392590
90.39999945	4.93911600	0.08392590
90.47999945	4.93911600	0.08392590
90.55999945	4.93911600	0.08392590
90.63999945	4.93911600	-0.00366222
90.71999945	4.93911600	-0.00366222
90.79999945	4.93911600	-0.00366222
90.87999945	4.93911600	0.08392590
90.95999945	4.93911600	0.08392590
91.03999945	4.93911600	0.08392590
91.11999945	4.93911600	0.08392590
91.19999945	4.93911600	-0.00366222
91.27999945	4.93911600	0.08392590
91.35999944	4.93911600	0.08392590
91.43999944	4.93911600	-0.00366222
91.51999944	4.93911600	0.08392590
91.59999944	4.93911600	0.08392590
91.67999944	4.93911600	0.08392590
91.75999944	4.93911600	-0.00366222
91.83999944	4.93911600	0.08392590
91.91999944	4.93911600	0.08392590
91.99999944	4.93911600	-0.00366222
92.07999944	4.93911600	0.08392590
92.15999944	4.93911600	-0.00366222
92.23999944	4.93911600	-0.00366222
92.31999944	4.93911600	-0.00366222
92.39999944	4.93911600	0.08392590
92.47999944	4.93911600	0.08392590
92.55999944	4.93911600	-0.00366222
92.63999944	4.93911600	-0.00366222
92.71999944	4.93911600	0.08392590
92.79999944	4.93911600	0.08392590
92.87999944	4.93911600	0.08392590
92.95999944	4.93911600	0.08392590
93.03999943	4.93911600	0.08392590
93.11999943	4.93911600	-0.00366222
93.19999943	4.93911600	0.08392590
93.27999943	4.93911600	-0.00366222
93.35999943	4.93911600	-0.00366222
93.43999943	4.93911600	-0.00366222
93.51999943	4.93911600	0.08392590
93.59999943	4.85061200	-0.00366222
93.67999943	4.93911600	-0.00366222
93.75999943	4.93911600	0.08392590
93.83999943	4.93911600	-0.00366222
93.91999943	4.93911600	0.08392590
93.99999943	4.93911600	-0.00366222
94.07999943	4.93911600	-0.00366222
94.15999943	4.93911600	-0.00366222
94.23999943	4.93911600	0.08392590
94.31999943	4.93911600	-0.00366222
94.39999943	4.93911600	0.08392590
94.47999943	4.93911600	-0.00366222
94.55999943	4.93911600	-0.00366222
94.63999942	4.93911600	-0.00366222
94.71999942	4.93911600	-0.00366222
94.79999942	4.93911600	-0.00366222
94.87999942	4.93911600	0.08392590
94.95999942	4.93911600	-0.00366222
95.03999942	4.93911600	-0.00366222
95.11999942	4.93911600	0.08392590
95.19999942	4.93911600	-0.00366222
95.27999942	4.93911600	-0.00366222
95.35999942	4.93911600	0.08392590
95.43999942	4.85061200	-0.00366222
95.51999942	4.93911600	-0.00366222
95.59999942	4.93911600	-0.00366222
95.67999942	4.93911600	-0.00366222
95.75999942	4.93911600	0.08392590
95.83999942	4.93911600	0.08392590
95.91999942	4.93911600	-0.00366222
95.99999942	4.93911600	-0.00366222
96.07999942	4.93911600	0.08392590
96.15999942	4.93911600	0.08392590
96.23999942	4.93911600	-0.00366222
96.31999941	4.93911600	-0.00366222
96.39999941	4.93911600	0.08392590
96.47999941	4.93911600	0.08392590
96.55999941	4.93911600	-0.00366222
96.63999941	4.93911600	0.08392590
96.71999941	4.93911600	-0.00366222
96.79999941	4.93911600	0.08392590
96.87999941	4.93911600	0.08392590
96.95999941	4.93911600	0.08392590
97.03999941	4.93911600	0.08392590
97.11999941	4.93911600	0.08392590
97.19999941	4.93911600	-0.00366222
97.27999941	4.93911600	0.08392590
97.35999941	4.93911600	0.08392590
97.43999941	4.93911600	-0.00366222
97.51999941	4.93911600	-0.00366222
97.59999941	4.93911600	0.08392590
97.67999941	4.93911600	-0.00366222
97.75999941	4.93911600	0.08392590
97.83999941	4.93911600	-0.00366222
97.91999940	4.93911600	0.08392590
97.99999940	4.85061200	-0.00366222
98.07999940	4.93911600	-0.00366222
98.15999940	4.93911600	-0.00366222
98.23999940	4.93911600	-0.00366222
98.31999940	4.93911600	0.08392590
98.39999940	4.93911600	0.08392590
98.47999940	4.93911600	0.08392590
98.55999940	4.93911600	-0.00366222
98.63999940	4.93911600	0.08392590
98.71999940	4.93911600	-0.00366222
98.79999940	4.93911600	-0.00366222
98.87999940	4.93911600	0.08392590
98.95999940	4.93911600	0.08392590
99.03999940	4.93911600	-0.00366222
99.11999940	4.93911600	0.08392590
99.19999940	4.93911600	-0.00366222
99.27999940	4.93911600	-0.00366222
99.35999940	4.93911600	0.08392590
99.43999940	4.93911600	-0.00366222
99.51999940	4.93911600	-0.00366222
99.59999939	4.93911600	-0.00366222
99.67999939	4.93911600	0.08392590
99.75999939	4.93911600	0.08392590
99.83999939	4.93911600	-0.00366222
99.91999939	4.93911600	-0.00366222
99.99999939	4.93911600	-0.00366222
100.07999939	4.93911600	-0.00366222
100.15999939	4.93911600	0.08392590
100.23999939	4.93911600	-0.00366222
100.31999939	4.93911600	-0.00366222
100.39999939	4.93911600	-0.00366222
100.47999939	4.93911600	-0.00366222
100.55999939	4.93911600	0.08392590
100.63999939	4.93911600	-0.00366222
100.71999939	4.93911600	0.08392590
100.79999939	4.93911600	0.08392590
100.87999939	4.93911600	0.08392590
100.95999939	4.85061200	0.17151400
101.03999939	4.76180300	0.25940730
101.11999939	4.49598700	0.61067540
101.19999938	3.87524000	1.04983700
101.27999938	3.34330300	1.57689100
101.35999938	2.72255600	2.10364100
101.43999938	2.10211500	2.71828400
101.51999938	1.57017700	3.15744500
101.59999938	0.94943080	3.68450000
101.67999938	0.24048580	3.94787400
101.75999938	0.15167700	4.73830400
101.83999938	-0.02563555	4.91409000
101.91999938	-0.02563555	5.00167800
101.99999938	-0.02563555	4.91409000
102.07999938	-0.02563555	4.91409000
102.15999938	-0.02563555	4.82619700
102.23999938	-0.02563555	4.82619700
102.31999938	-0.02563555	4.82619700
102.39999938	-0.02563555	4.82619700
102.47999938	-0.02563555	4.82619700
102.55999938	-0.02563555	4.82619700
102.63999938	-0.02563555	4.82619700
102.71999938	-0.02563555	4.82619700
102.79999938	-0.02563555	4.82619700
102.87999937	-0.02563555	4.82619700
102.95999937	-0.02563555	4.82619700
103.03999937	-0.02563555	4.82619700
103.11999937	-0.02563555	4.82619700
103.19999937	-0.02563555	4.82619700
103.27999937	-0.02563555	4.82619700
103.35999937	-0.02563555	4.82619700
103.43999937	-0.02563555	4.82619700
103.51999937	-0.02563555	4.82619700
103.59999937	-0.02563555	4.91409000
103.67999937	-0.02563555	4.91409000
103.75999937	-0.02563555	4.82619700
103.83999937	-0.02563555	4.82619700
103.91999937	-0.02563555	4.82619700
103.99999937	-0.02563555	4.82619700
104.07999937	-0.02563555	4.82619700
104.15999937	-0.02563555	4.82619700
104.23999937	-0.02563555	4.82619700
104.31999937	-0.02563555	4.82619700
104.39999937	-0.02563555	4.82619700
104.47999937	-0.02563555	4.82619700
104.55999936	-0.02563555	4.91409000
104.63999936	-0.02563555	4.91409000
104.71999936	-0.02563555	4.91409000
104.79999936	-0.02563555	4.82619700
104.87999936	-0.02563555	4.91409000
104.95999936	-0.02563555	4.91409000
105.03999936	-0.02563555	4.91409000
105.11999936	-0.02563555	4.82619700
105.19999936	-0.02563555	4.91409000
105.27999936	-0.02563555	4.91409000
105.35999936	-0.02563555	4.91409000
105.43999936	-0.02563555	4.91409000
105.51999936	0.06317332	4.91409000
105.59999936	-0.02563555	4.91409000
105.67999936	-0.02563555	4.91409000
105.75999936	-0.02563555	4.91409000
105.83999936	-0.02563555	4.91409000
105.91999936	-0.02563555	4.82619700
105.99999936	-0.02563555	4.82619700
106.07999936	-0.02563555	4.91409000
106.15999935	-0.02563555	4.91409000
106.23999935	-0.02563555	4.91409000
106.31999935	-0.02563555	4.91409000
106.39999935	-0.02563555	4.91409000
106.47999935	-0.02563555	4.91409000
106.55999935	0.06317332	4.91409000
106.63999935	-0.02563555	4.91409000
106.71999935	-0.02563555	4.91409000
106.79999935	0.06317332	4.91409000
106.87999935	-0.02563555	4.91409000
106.95999935	-0.02563555	4.91409000
107.03999935	-0.02563555	4.91409000
107.11999935	-0.02563555	4.91409000
107.19999935	-0.02563555	4.91409000
107.27999935	-0.02563555	4.91409000
107.35999935	-0.02563555	4.91409000
107.43999935	-0.02563555	4.91409000
107.51999935	-0.02563555	4.91409000
107.59999935	-0.02563555	4.91409000
107.67999935	0.06317332	4.91409000
107.75999935	-0.02563555	4.91409000
107.83999934	-0.02563555	4.91409000
107.91999934	0.06317332	4.82619700
107.99999934	-0.02563555	4.91409000
108.07999934	-0.02563555	4.91409000
108.15999934	-0.02563555	4.91409000
108.23999934	-0.02563555	4.91409000
108.31999934	-0.02563555	4.91409000
108.39999934	-0.02563555	4.91409000
108.47999934	-0.02563555	4.91409000
108.55999934	-0.02563555	4.91409000
108.63999934	-0.02563555	4.91409000
108.71999934	-0.02563555	4.91409000
108.79999934	-0.02563555	4.91409000
108.87999934	-0.02563555	4.91409000
108.95999934	0.06317332	4.91409000
109.03999934	-0.02563555	4.91409000
109.11999934	-0.02563555	4.91409000
109.19999934	-0.02563555	4.91409000
109.27999934	0.06317332	4.91409000
109.35999934	-0.02563555	4.91409000
109.43999933	-0.02563555	4.91409000
109.51999933	-0.02563555	4.91409000
109.59999933	-0.02563555	4.91409000
109.67999933	0.06317332	4.91409000
109.75999933	0.06317332	4.91409000
109.83999933	-0.02563555	4.91409000
109.91999933	-0.02563555	4.91409000
109.99999933	-0.02563555	4.91409000
110.07999933	-0.02563555	4.91409000
110.15999933	-0.02563555	4.91409000
110.23999933	-0.02563555	4.91409000
110.31999933	-0.02563555	4.91409000
110.39999933	-0.02563555	4.91409000
110.47999933	0.06317332	4.91409000
110.55999933	-0.02563555	4.91409000
110.63999933	-0.02563555	4.91409000
110.71999933	-0.02563555	4.91409000
110.79999933	-0.02563555	4.91409000
110.87999933	-0.02563555	4.91409000
110.95999933	-0.02563555	4.91409000
111.03999933	0.06317332	4.91409000
111.11999932	-0.02563555	4.91409000
111.19999932	-0.02563555	4.91409000
111.27999932	-0.02563555	4.91409000
111.35999932	-0.02563555	4.91409000
111.43999932	-0.02563555	4.91409000
111.51999932	-0.02563555	4.91409000
111.59999932	-0.02563555	4.91409000
111.67999932	-0.02563555	4.91409000
111.75999932	-0.02563555	4.91409000
111.83999932	-0.02563555	4.91409000
111.91999932	-0.02563555	4.91409000
111.99999932	-0.02563555	4.91409000
112.07999932	-0.02563555	4.91409000
112.15999932	-0.02563555	4.91409000
112.23999932	-0.02563555	4.91409000
112.31999932	-0.02563555	4.91409000
112.39999932	-0.02563555	4.91409000
112.47999932	-0.02563555	4.91409000
112.55999932	-0.02563555	4.91409000
112.63999932	-0.02563555	4.91409000
112.71999931	-0.02563555	4.91409000
112.79999931	-0.02563555	4.91409000
112.87999931	-0.02563555	4.91409000
112.95999931	-0.02563555	4.91409000
113.03999931	0.06317332	4.91409000
113.11999931	-0.02563555	4.91409000
113.19999931	-0.02563555	4.91409000
113.27999931	-0.02563555	4.91409000
113.35999931	0.06317332	4.91409000
113.43999931	0.06317332	4.91409000
113.51999931	-0.02563555	4.91409000
113.59999931	-0.02563555	4.91409000
113.67999931	-0.02563555	4.91409000
113.75999931	-0.02563555	4.91409000
113.83999931	-0.02563555	4.91409000
113.91999931	0.06317332	4.91409000
113.99999931	0.06317332	4.91409000
114.07999931	-0.02563555	4.91409000
114.15999931	-0.02563555	4.91409000
114.23999931	-0.02563555	4.91409000
114.31999931	-0.02563555	4.91409000
114.39999930	-0.02563555	4.91409000
114.47999930	-0.02563555	4.91409000
114.55999930	-0.02563555	4.91409000
114.63999930	-0.02563555	4.91409000
114.71999930	-0.02563555	4.91409000
114.79999930	-0.02563555	4.91409000
114.87999930	-0.02563555	4.91409000
114.95999930	-0.02563555	4.91409000
115.03999930	-0.02563555	4.91409000
115.11999930	-0.02563555	4.91409000
115.19999930	-0.02563555	4.91409000
115.27999930	-0.02563555	4.91409000
115.35999930	0.06317332	4.91409000
115.43999930	-0.02563555	4.91409000
115.51999930	0.06317332	4.91409000
115.59999930	-0.02563555	4.91409000
115.67999930	-0.02563555	4.91409000
115.75999930	-0.02563555	4.91409000
115.83999930	-0.02563555	4.91409000
115.91999930	-0.02563555	4.91409000
115.99999930	-0.02563555	4.91409000
116.07999929	-0.02563555	4.91409000
116.15999929	-0.02563555	4.91409000
116.23999929	-0.02563555	4.91409000
116.31999929	-0.02563555	4.91409000
116.39999929	-0.02563555	4.91409000
116.47999929	-0.02563555	4.91409000
116.55999929	-0.02563555	4.91409000
116.63999929	0.06317332	4.91409000
116.71999929	-0.02563555	4.91409000
116.79999929	-0.02563555	4.91409000
116.87999929	-0.02563555	4.91409000
116.95999929	-0.02563555	4.91409000
117.03999929	0.06317332	4.91409000
117.11999929	-0.02563555	4.91409000
117.19999929	-0.02563555	4.91409000
117.27999929	-0.02563555	4.91409000
117.35999929	-0.02563555	4.91409000
117.43999929	-0.02563555	4.91409000
117.51999929	-0.02563555	4.91409000
117.59999929	0.06317332	4.91409000
117.67999928	0.06317332	4.91409000
117.75999928	-0.02563555	4.91409000
117.83999928	-0.02563555	4.91409000
117.91999928	-0.02563555	4.91409000
117.99999928	-0.02563555	4.91409000
118.07999928	0.06317332	4.91409000
118.15999928	-0.02563555	4.91409000
118.23999928	-0.02563555	4.91409000
118.31999928	0.06317332	4.91409000
118.39999928	-0.02563555	4.91409000
118.47999928	-0.02563555	4.91409000
118.55999928	0.06317332	4.91409000
118.63999928	-0.02563555	4.91409000
118.71999928	-0.02563555	4.91409000
118.79999928	0.06317332	4.91409000
118.87999928	-0.02563555	4.91409000
118.95999928	0.06317332	4.91409000
119.03999928	0.06317332	4.91409000
119.11999928	-0.02563555	4.91409000
119.19999928	-0.02563555	4.91409000
119.27999928	-0.02563555	4.91409000
119.35999927	-0.02563555	4.91409000
119.43999927	0.06317332	4.91409000
119.51999927	-0.02563555	4.91409000
119.59999927	0.06317332	4.91409000
119.67999927	-0.02563555	4.91409000
119.75999927	-0.02563555	4.91409000
119.83999927	-0.02563555	4.91409000
119.91999927	-0.02563555	4.91409000
119.99999927	-0.02563555	4.91409000
120.07999927	-0.02563555	4.91409000
120.15999927	0.06317332	4.91409000
120.23999927	0.06317332	4.91409000
120.31999927	-0.02563555	4.91409000
120.39999927	-0.02563555	4.91409000
120.47999927	-0.02563555	4.91409000
120.55999927	-0.02563555	4.91409000
120.63999927	0.06317332	4.91409000
120.71999927	-0.02563555	4.91409000
120.79999927	0.06317332	4.91409000
120.87999927	-0.02563555	4.91409000
120.95999926	-0.02563555	4.91409000
121.03999926	-0.02563555	4.91409000
121.11999926	-0.02563555	4.91409000
121.19999926	-0.02563555	4.91409000
121.27999926	-0.02563555	4.91409000
121.35999926	-0.02563555	4.91409000
121.43999926	0.06317332	4.91409000
121.51999926	0.06317332	4.82619700
121.59999926	0.24048580	4.73830400
121.67999926	0.68361460	4.47492900
121.75999926	1.12674300	3.94787400
121.83999926	1.74749000	3.33323200
121.91999926	2.36793100	2.80617700
121.99999926	2.98867800	2.27942800
122.07999926	3.52061500	1.66447900
122.15999926	4.05255300	1.04983700
122.23999926	4.40717800	0.34730060
122.31999926	5.11642800	0.34730060
122.39999926	5.02792500	0.08392590
122.47999926	5.02792500	0.17151400
122.55999926	5.02792500	0.17151400
122.63999925	4.93911600	0.17151400
122.71999925	4.93911600	0.17151400
122.79999925	4.93911600	0.17151400
122.87999925	4.93911600	0.08392590
122.95999925	4.93911600	0.17151400
123.03999925	4.93911600	0.17151400
123.11999925	4.93911600	0.17151400
123.19999925	4.93911600	0.08392590
123.27999925	4.93911600	0.08392590
123.35999925	4.93911600	0.17151400
123.43999925	4.93911600	0.08392590
123.51999925	4.93911600	0.17151400
123.59999925	4.93911600	0.08392590
123.67999925	4.93911600	0.08392590
123.75999925	4.93911600	0.17151400
123.83999925	4.93911600	0.08392590
123.91999925	4.93911600	0.17151400
123.99999925	4.93911600	0.08392590
124.07999925	4.93911600	0.08392590
124.15999925	4.93911600	0.08392590
124.23999924	4.93911600	0.08392590
124.31999924	4.93911600	0.17151400
124.39999924	4.93911600	0.08392590
124.47999924	4.93911600	0.08392590
124.55999924	4.93911600	0.08392590
124.63999924	4.93911600	0.08392590
124.71999924	4.93911600	0.08392590
124.79999924	4.93911600	0.08392590
124.87999924	4.93911600	0.08392590
124.95999924	4.93911600	0.08392590
125.03999924	4.93911600	0.08392590
125.11999924	4.93911600	0.08392590
125.19999924	4.93911600	0.08392590
125.27999924	4.93911600	0.08392590
125.35999924	4.93911600	0.17151400
125.43999924	4.93911600	0.08392590
125.51999924	4.93911600	0.08392590
125.59999924	4.93911600	0.08392590
125.67999924	4.93911600	0.08392590
125.75999924	4.93911600	0.08392590
125.83999924	4.93911600	0.08392590
125.91999923	4.93911600	0.08392590
125.99999923	4.93911600	0.08392590
126.07999923	4.93911600	0.08392590
126.15999923	5.02792500	0.08392590
126.23999923	4.93911600	0.08392590
126.31999923	4.93911600	0.08392590
126.39999923	4.93911600	0.08392590
126.47999923	4.93911600	0.08392590
126.55999923	4.93911600	0.08392590
126.63999923	4.93911600	0.08392590
126.71999923	4.93911600	0.08392590
126.79999923	4.93911600	0.08392590
126.87999923	4.93911600	0.08392590
126.95999923	4.93911600	0.08392590
127.03999923	4.93911600	0.08392590
127.11999923	4.93911600	0.08392590
127.19999923	4.93911600	0.08392590
127.27999923	4.93911600	-0.00366222
127.35999923	4.93911600	0.08392590
127.43999923	4.93911600	0.08392590
127.51999923	4.93911600	0.08392590
127.59999922	4.93911600	0.08392590
127.67999922	4.93911600	-0.00366222
127.75999922	4.93911600	0.08392590
127.83999922	4.93911600	0.08392590
127.91999922	4.93911600	0.08392590
127.99999922	4.93911600	0.08392590
128.07999922	4.93911600	-0.00366222
128.15999922	4.93911600	0.08392590
128.23999922	4.93911600	0.08392590
128.31999922	4.93911600	-0.00366222
128.39999922	4.93911600	-0.00366222
128.47999922	4.93911600	0.08392590
128.55999922	4.93911600	0.08392590
128.63999922	4.93911600	-0.00366222
128.71999922	4.93911600	0.08392590
128.79999922	4.93911600	0.08392590
128.87999922	4.93911600	0.08392590
128.95999922	4.93911600	0.08392590
129.03999922	4.93911600	0.08392590
129.11999922	4.93911600	-0.00366222
129.19999921	4.93911600	0.08392590
129.27999921	4.93911600	0.08392590
129.35999921	4.93911600	0.08392590
129.43999921	4.93911600	0.08392590
129.51999921	4.93911600	0.08392590
129.59999921	4.93911600	0.08392590
129.67999921	4.93911600	-0.00366222
129.75999921	4.93911600	0.08392590
129.83999921	4.93911600	0.08392590
129.91999921	4.93911600	0.08392590
129.99999921	4.93911600	0.08392590
130.07999921	4.93911600	0.08392590
130.15999921	4.93911600	0.08392590
130.23999921	4.93911600	0.08392590
130.31999921	4.93911600	0.08392590
130.39999921	4.93911600	-0.00366222
130.47999921	4.93911600	0.08392590
130.55999921	4.93911600	-0.00366222
130.63999921	4.93911600	0.08392590
130.71999921	4.93911600	0.08392590
130.79999921	4.93911600	-0.00366222
130.87999920	4.93911600	-0.00366222
130.95999920	4.93911600	0.08392590
131.03999920	4.93911600	0.08392590
131.11999920	4.93911600	-0.00366222
131.19999920	4.93911600	0.08392590
131.27999920	4.93911600	-0.00366222
131.35999920	4.93911600	-0.00366222
131.43999920	4.93911600	0.08392590
131.51999920	4.93911600	-0.00366222
131.59999920	4.93911600	0.08392590
131.67999920	4.93911600	-0.00366222
131.75999920	4.93911600	-0.00366222
131.83999920	4.93911600	-0.00366222
131.91999920	4.93911600	0.08392590
131.99999920	4.93911600	0.08392590
132.07999920	4.93911600	0.08392590
132.15999920	4.93911600	0.08392590
132.23999920	4.93911600	0.08392590
132.31999920	4.93911600	0.08392590
132.39999920	4.93911600	-0.00366222
132.47999919	4.93911600	-0.00366222
132.55999919	4.93911600	-0.00366222
132.63999919	4.93911600	0.08392590
132.71999919	4.93911600	-0.00366222
132.79999919	4.93911600	-0.00366222
132.87999919	4.93911600	-0.00366222
132.95999919	4.93911600	0.08392590
133.03999919	4.93911600	-0.00366222
133.11999919	4.93911600	0.08392590
133.19999919	4.93911600	0.08392590
133.27999919	4.85061200	-0.00366222
133.35999919	4.93911600	0.08392590
133.43999919	4.93911600	-0.00366222
133.51999919	4.93911600	-0.00366222
133.59999919	4.93911600	0.08392590
133.67999919	4.93911600	-0.00366222
133.75999919	4.93911600	0.08392590
133.83999919	4.93911600	-0.00366222
133.91999919	4.93911600	0.08392590
133.99999919	4.93911600	0.08392590
134.07999919	4.93911600	0.08392590
134.15999918	4.93911600	-0.00366222
134.23999918	4.93911600	0.08392590
134.31999918	4.93911600	-0.00366222
134.39999918	4.93911600	-0.00366222
134.47999918	4.93911600	0.08392590
134.55999918	4.93911600	-0.00366222
134.63999918	4.93911600	0.08392590
134.71999918	4.93911600	-0.00366222
134.79999918	4.93911600	0.08392590
134.87999918	4.93911600	-0.00366222
134.95999918	4.93911600	0.08392590
135.03999918	4.93911600	0.08392590
135.11999918	4.93911600	0.08392590
135.19999918	4.93911600	-0.00366222
135.27999918	4.93911600	-0.00366222
135.35999918	4.93911600	-0.00366222
135.43999918	4.93911600	-0.00366222
135.51999918	4.93911600	-0.00366222
135.59999918	4.93911600	0.08392590
135.67999918	4.93911600	-0.00366222
135.75999917	4.93911600	0.08392590
135.83999917	4.93911600	0.08392590
135.91999917	4.85061200	0.08392590
135.99999917	4.93911600	-0.00366222
136.07999917	4.93911600	-0.00366222
136.15999917	4.93911600	-0.00366222
136.23999917	4.85061200	-0.00366222
136.31999917	4.93911600	-0.00366222
136.39999917	4.93911600	-0.00366222
136.47999917	4.93911600	-0.00366222
136.55999917	4.93911600	-0.00366222
136.63999917	4.93911600	-0.00366222
136.71999917	4.93911600	-0.00366222
136.79999917	4.93911600	-0.00366222
136.87999917	4.93911600	-0.00366222
136.95999917	4.93911600	-0.00366222
137.03999917	4.93911600	-0.00366222
137.11999917	4.93911600	-0.00366222
137.19999917	4.93911600	-0.00366222
137.27999917	4.93911600	-0.00366222
137.35999917	4.93911600	-0.00366222
137.43999916	4.93911600	0.08392590
137.51999916	4.93911600	0.08392590
137.59999916	4.93911600	-0.00366222
137.67999916	4.93911600	-0.00366222
137.75999916	4.93911600	-0.00366222
137.83999916	4.93911600	-0.00366222
137.91999916	4.93911600	-0.00366222
137.99999916	4.93911600	-0.00366222
138.07999916	4.93911600	-0.00366222
138.15999916	4.93911600	-0.00366222
138.23999916	4.93911600	-0.00366222
138.31999916	4.93911600	-0.00366222
138.39999916	4.93911600	-0.00366222
138.47999916	4.93911600	-0.00366222
138.55999916	4.93911600	-0.00366222
138.63999916	4.93911600	-0.00366222
138.71999916	4.93911600	-0.00366222
138.79999916	4.93911600	-0.00366222
138.87999916	4.93911600	-0.00366222
138.95999916	4.93911600	-0.00366222
139.03999915	4.93911600	-0.00366222
139.11999915	4.93911600	-0.00366222
139.19999915	4.93911600	-0.00366222
139.27999915	4.93911600	-0.00366222
139.35999915	4.93911600	-0.00366222
139.43999915	4.93911600	-0.00366222
139.51999915	4.93911600	0.08392590
139.59999915	4.93911600	0.08392590
139.67999915	4.93911600	-0.00366222
139.75999915	4.93911600	0.08392590
139.83999915	4.93911600	0.08392590
139.91999915	4.93911600	-0.00366222
139.99999915	4.93911600	-0.00366222
140.07999915	4.93911600	0.08392590
140.15999915	4.93911600	-0.00366222
140.23999915	4.85061200	0.08392590
140.31999915	4.85061200	-0.00366222
140.39999915	4.93911600	0.08392590
140.47999915	4.93911600	-0.00366222
140.55999915	4.93911600	-0.00366222
140.63999915	4.93911600	0.08392590
140.71999914	4.93911600	-0.00366222
140.79999914	4.93911600	0.08392590
140.87999914	4.93911600	0.08392590
140.95999914	4.93911600	0.08392590
141.03999914	4.93911600	0.08392590
141.11999914	4.93911600	-0.00366222
141.19999914	4.93911600	0.08392590
141.27999914	4.93911600	-0.00366222
141.35999914	4.93911600	-0.00366222
141.43999914	4.93911600	-0.00366222
141.51999914	4.93911600	0.08392590
141.59999914	4.93911600	-0.00366222
141.67999914	4.93911600	0.08392590
141.75999914	4.93911600	-0.00366222
141.83999914	4.93911600	0.08392590
141.91999914	4.93911600	0.08392590
141.99999914	4.85061200	0.08392590
142.07999914	4.85061200	0.08392590
142.15999914	4.76180300	0.34730060
142.23999914	4.40717800	0.69856870
142.31999914	3.78673700	1.13773000
142.39999913	3.16599000	1.66447900
142.47999913	2.63405300	2.19153400
142.55999913	2.10211500	2.80617700
142.63999913	1.39286500	3.33323200
142.71999913	0.86092720	3.77239300
142.79999913	0.24048580	4.03576800
142.87999913	0.15167700	4.91409000
142.95999913	-0.02563555	4.91409000
143.03999913	-0.02563555	5.00167800
143.11999913	-0.02563555	4.82619700
143.19999913	-0.02563555	4.82619700
143.27999913	-0.02563555	4.91409000
143.35999913	-0.02563555	4.82619700
143.43999913	-0.02563555	4.82619700
143.51999913	-0.02563555	4.82619700
143.59999913	-0.02563555	4.91409000
143.67999913	-0.02563555	4.82619700
143.75999913	-0.02563555	4.82619700
143.83999913	-0.02563555	4.82619700
143.91999913	-0.02563555	4.82619700
143.99999912	-0.02563555	4.82619700
144.07999912	-0.02563555	4.82619700
144.15999912	-0.02563555	4.82619700
144.23999912	-0.02563555	4.82619700
144.31999912	-0.02563555	4.91409000
144.39999912	-0.02563555	4.82619700
144.47999912	-0.02563555	4.82619700
144.55999912	-0.02563555	4.91409000
144.63999912	-0.02563555	4.82619700
144.71999912	-0.02563555	4.82619700
144.79999912	-0.02563555	4.91409000
144.87999912	-0.02563555	4.82619700
144.95999912	-0.02563555	4.82619700
145.03999912	-0.02563555	4.82619700
145.11999912	-0.02563555	4.82619700
145.19999912	-0.02563555	4.91409000
145.27999912	-0.02563555	4.82619700
145.35999912	-0.02563555	4.91409000
145.43999912	-0.02563555	4.91409000
145.51999912	-0.02563555	4.91409000
145.59999912	0.06317332	4.91409000
145.67999911	-0.02563555	4.82619700
145.75999911	-0.02563555	4.91409000
145.83999911	-0.02563555	4.91409000
145.91999911	-0.02563555	4.91409000
145.99999911	-0.02563555	4.82619700
146.07999911	-0.02563555	4.82619700
146.15999911	-0.02563555	4.91409000
146.23999911	-0.02563555	4.91409000
146.31999911	-0.02563555	4.91409000
146.39999911	-0.02563555	4.91409000
146.47999911	-0.02563555	4.91409000
146.55999911	-0.02563555	4.91409000
146.63999911	-0.02563555	4.91409000
146.71999911	-0.02563555	4.91409000
146.79999911	-0.02563555	4.91409000
146.87999911	-0.02563555	4.82619700
146.95999911	-0.02563555	4.91409000
147.03999911	-0.02563555	4.91409000
147.11999911	-0.02563555	4.91409000
147.19999911	-0.02563555	4.91409000
147.27999910	-0.02563555	4.91409000
147.35999910	-0.02563555	4.82619700
147.43999910	-0.02563555	4.91409000
147.51999910	-0.02563555	4.91409000
147.59999910	-0.02563555	4.91409000
147.67999910	-0.02563555	4.91409000
147.75999910	-0.02563555	4.91409000
147.83999910	-0.02563555	4.91409000
147.91999910	-0.02563555	4.91409000
147.99999910	-0.02563555	4.91409000
148.07999910	-0.02563555	4.91409000
148.15999910	-0.02563555	4.91409000
148.23999910	-0.02563555	4.91409000
148.31999910	-0.02563555	4.91409000
148.39999910	-0.02563555	4.91409000
148.47999910	-0.02563555	4.91409000
148.55999910	-0.02563555	4.91409000
148.63999910	-0.02563555	4.91409000
148.71999910	0.06317332	4.91409000
148.79999910	-0.02563555	4.91409000
148.87999910	-0.02563555	4.91409000
148.95999909	-0.02563555	4.91409000
149.03999909	-0.02563555	4.91409000
149.11999909	-0.02563555	4.91409000
149.19999909	-0.02563555	4.91409000
149.27999909	0.06317332	4.91409000
149.35999909	-0.02563555	4.91409000
149.43999909	-0.02563555	4.91409000
149.51999909	-0.02563555	4.91409000
149.59999909	-0.02563555	4.91409000
149.67999909	-0.02563555	4.91409000
149.75999909	-0.02563555	4.91409000
149.83999909	-0.02563555	4.91409000
149.91999909	-0.02563555	4.91409000
149.99999909	-0.02563555	4.91409000
150.07999909	-0.02563555	4.91409000
150.15999909	-0.02563555	4.91409000
150.23999909	-0.02563555	4.91409000
150.31999909	-0.02563555	4.91409000
150.39999909	-0.02563555	4.91409000
150.47999909	0.06317332	4.91409000
150.55999908	-0.02563555	4.91409000
150.63999908	-0.02563555	4.91409000
150.71999908	-0.02563555	4.91409000
150.79999908	-0.02563555	4.91409000
150.87999908	0.06317332	4.91409000
150.95999908	-0.02563555	4.91409000
151.03999908	-0.02563555	4.91409000
151.11999908	-0.02563555	4.91409000
151.19999908	-0.02563555	4.91409000
151.27999908	-0.02563555	4.91409000
151.35999908	-0.02563555	4.91409000
151.43999908	-0.02563555	4.91409000
151.51999908	-0.02563555	4.91409000
151.59999908	-0.02563555	4.91409000
151.67999908	-0.02563555	4.91409000
151.75999908	-0.02563555	4.91409000
151.83999908	-0.02563555	4.91409000
151.91999908	0.06317332	4.91409000
151.99999908	-0.02563555	4.91409000
152.07999908	-0.02563555	4.91409000
152.15999908	0.06317332	4.91409000
152.23999907	-0.02563555	4.91409000
152.31999907	-0.02563555	4.91409000
152.39999907	-0.02563555	4.91409000
152.47999907	0.06317332	4.91409000
152.55999907	0.06317332	4.91409000
152.63999907	-0.02563555	4.91409000
152.71999907	-0.02563555	4.91409000
152.79999907	-0.02563555	4.91409000
152.87999907	-0.02563555	4.91409000
152.95999907	-0.02563555	4.91409000
153.03999907	0.06317332	4.91409000
153.11999907	-0.02563555	4.91409000
153.19999907	0.06317332	4.91409000
153.27999907	-0.02563555	4.91409000
153.35999907	-0.02563555	4.91409000
153.43999907	0.06317332	4.91409000
153.51999907	-0.02563555	5.00167800
153.59999907	-0.02563555	4.91409000
153.67999907	-0.02563555	4.91409000
153.75999907	0.06317332	4.91409000
153.83999907	-0.02563555	4.91409000
153.91999906	-0.02563555	4.91409000
153.99999906	0.06317332	4.91409000
154.07999906	-0.02563555	4.91409000
154.15999906	-0.02563555	4.91409000
154.23999906	-0.02563555	4.91409000
154.31999906	-0.02563555	4.91409000
154.39999906	0.06317332	4.91409000
154.47999906	-0.02563555	4.91409000
154.55999906	-0.02563555	4.91409000
154.63999906	-0.02563555	4.91409000
154.71999906	0.06317332	4.91409000
154.79999906	-0.02563555	4.91409000
154.87999906	0.06317332	4.91409000
154.95999906	-0.02563555	4.91409000
155.03999906	-0.02563555	4.91409000
155.11999906	-0.02563555	4.91409000
155.19999906	-0.02563555	4.91409000
155.27999906	-0.02563555	4.91409000
155.35999906	-0.02563555	4.91409000
155.43999906	-0.02563555	4.91409000
155.51999905	-0.02563555	4.91409000
155.59999905	-0.02563555	4.91409000
155.67999905	-0.02563555	4.91409000
155.75999905	-0.02563555	4.91409000
155.83999905	0.06317332	4.91409000
155.91999905	-0.02563555	4.91409000
155.99999905	-0.02563555	4.91409000
156.07999905	-0.02563555	4.91409000
156.15999905	-0.02563555	4.91409000
156.23999905	0.06317332	4.91409000
156.31999905	-0.02563555	4.91409000
156.39999905	-0.02563555	4.91409000
156.47999905	-0.02563555	4.91409000
156.55999905	-0.02563555	4.91409000
156.63999905	-0.02563555	4.91409000
156.71999905	0.06317332	4.91409000
156.79999905	-0.02563555	4.91409000
156.87999905	-0.02563555	4.91409000
156.95999905	0.06317332	4.91409000
157.03999905	0.06317332	4.91409000
157.11999905	-0.02563555	4.91409000
157.19999904	-0.02563555	4.91409000
157.27999904	-0.02563555	4.91409000
157.35999904	-0.02563555	4.91409000
157.43999904	-0.02563555	4.91409000
157.51999904	0.06317332	4.91409000
157.59999904	0.06317332	4.91409000
157.67999904	-0.02563555	4.91409000
157.75999904	-0.02563555	4.91409000
157.83999904	-0.02563555	4.91409000
157.91999904	-0.02563555	4.91409000
157.99999904	-0.02563555	4.91409000
158.07999904	-0.02563555	4.91409000
158.15999904	-0.02563555	4.91409000
158.23999904	-0.02563555	4.91409000
158.31999904	0.06317332	4.91409000
158.39999904	-0.02563555	4.91409000
158.47999904	-0.02563555	4.91409000
158.55999904	-0.02563555	4.91409000
158.63999904	-0.02563555	4.91409000
158.71999904	-0.02563555	4.91409000
158.79999903	0.06317332	4.91409000
158.87999903	-0.02563555	4.91409000
158.95999903	-0.02563555	4.91409000
159.03999903	-0.02563555	4.91409000
159.11999903	-0.02563555	4.91409000
159.19999903	0.06317332	4.91409000
159.27999903	-0.02563555	4.91409000
159.35999903	0.06317332	4.91409000
159.43999903	-0.02563555	4.91409000
159.51999903	0.06317332	4.91409000
159.59999903	-0.02563555	4.91409000
159.67999903	-0.02563555	4.91409000
159.75999903	0.06317332	4.91409000
159.83999903	-0.02563555	4.91409000
159.91999903	-0.02563555	4.91409000
159.99999903	-0.02563555	4.91409000
160.07999903	-0.02563555	4.91409000
160.15999903	-0.02563555	4.91409000
160.23999903	-0.02563555	4.91409000
160.31999903	-0.02563555	4.91409000
160.39999903	-0.02563555	4.91409000
160.47999902	-0.02563555	4.91409000
160.55999902	-0.02563555	4.91409000
160.63999902	-0.02563555	4.91409000
160.71999902	-0.02563555	4.91409000
160.79999902	-0.02563555	4.91409000
160.87999902	-0.02563555	4.91409000
160.95999902	-0.02563555	4.91409000
161.03999902	-0.02563555	4.91409000
161.11999902	-0.02563555	4.91409000
161.19999902	-0.02563555	4.91409000
161.27999902	-0.02563555	4.91409000
161.35999902	-0.02563555	4.91409000
161.43999902	-0.02563555	4.91409000
161.51999902	-0.02563555	4.91409000
161.59999902	-0.02563555	4.91409000
161.67999902	-0.02563555	4.91409000
161.75999902	-0.02563555	4.91409000
161.83999902	-0.02563555	4.91409000
161.91999902	-0.02563555	4.91409000
161.99999902	-0.02563555	4.91409000
162.07999901	-0.02563555	4.91409000
162.15999901	-0.02563555	4.91409000
162.23999901	-0.02563555	4.91409000
162.31999901	-0.02563555	4.91409000
162.39999901	0.06317332	4.91409000
162.47999901	0.06317332	4.91409000
162.55999901	0.06317332	4.82619700
162.63999901	0.15167700	4.82619700
162.71999901	0.24048580	4.73830400
162.79999901	0.68361460	4.47492900
162.87999901	1.21555200	3.94787400
162.95999901	1.74749000	3.42112500
163.03999901	2.27942800	2.80617700
163.11999901	2.89986900	2.27942800
163.19999901	3.52061500	1.66447900
163.27999901	4.05255300	1.04983700
163.35999901	4.40717800	0.34730060
163.43999901	5.02792500	0.34730060
163.51999901	5.02792500	0.08392590
163.59999901	5.11642800	0.17151400
163.67999901	5.02792500	0.17151400
163.75999900	4.93911600	0.08392590
163.83999900	5.02792500	0.17151400
163.91999900	4.93911600	0.17151400
163.99999900	4.93911600	0.17151400
164.07999900	4.93911600	0.17151400
164.15999900	4.93911600	0.08392590
164.23999900	4.93911600	0.17151400
164.31999900	4.93911600	0.08392590
164.39999900	4.93911600	0.17151400
164.47999900	4.93911600	0.17151400
164.55999900	4.93911600	0.17151400
164.63999900	4.93911600	0.08392590
164.71999900	4.93911600	0.08392590
164.79999900	4.93911600	0.08392590
164.87999900	4.93911600	0.17151400
164.95999900	4.93911600	0.08392590
165.03999900	4.93911600	0.17151400
165.11999900	4.93911600	0.08392590
165.19999900	4.93911600	0.08392590
165.27999900	4.93911600	0.08392590
165.35999900	4.93911600	0.08392590
165.43999899	4.93911600	0.08392590
165.51999899	4.93911600	0.08392590
165.59999899	4.93911600	0.17151400
165.67999899	4.93911600	0.08392590
165.75999899	4.93911600	0.08392590
165.83999899	4.93911600	0.08392590
165.91999899	4.93911600	0.08392590
165.99999899	4.93911600	0.08392590
166.07999899	4.93911600	0.08392590
166.15999899	4.93911600	0.08392590
166.23999899	4.93911600	0.08392590
166.31999899	4.93911600	0.08392590
166.39999899	4.93911600	0.08392590
166.47999899	4.93911600	0.08392590
166.55999899	4.93911600	0.08392590
166.63999899	4.93911600	0.08392590
166.71999899	4.93911600	0.08392590
166.79999899	4.93911600	0.08392590
166.87999899	4.93911600	0.08392590
166.95999899	4.93911600	0.08392590
167.03999898	4.93911600	0.08392590
167.11999898	5.02792500	0.08392590
167.19999898	4.93911600	0.08392590
167.27999898	4.93911600	0.08392590
167.35999898	4.93911600	0.08392590
167.43999898	4.93911600	0.08392590
167.51999898	4.93911600	0.08392590
167.59999898	4.93911600	0.08392590
167.67999898	4.93911600	0.08392590
167.75999898	4.93911600	0.08392590
167.83999898	4.93911600	0.08392590
167.91999898	4.93911600	0.08392590
167.99999898	4.93911600	0.08392590
168.07999898	4.93911600	0.08392590
168.15999898	4.93911600	0.08392590
168.23999898	4.93911600	-0.00366222
168.31999898	4.93911600	0.08392590
168.39999898	4.93911600	0.08392590
168.47999898	4.93911600	0.08392590
168.55999898	4.93911600	0.08392590
168.63999898	4.93911600	0.08392590
168.71999897	4.93911600	0.08392590
168.79999897	4.93911600	0.08392590
168.87999897	4.93911600	0.08392590
168.95999897	4.93911600	0.08392590
169.03999897	4.93911600	0.08392590
169.11999897	4.93911600	0.08392590
169.19999897	4.93911600	0.08392590
169.27999897	4.93911600	0.08392590
169.35999897	4.93911600	0.08392590
169.43999897	4.93911600	0.08392590
169.51999897	4.93911600	0.08392590
169.59999897	4.93911600	0.08392590
169.67999897	4.93911600	0.08392590
169.75999897	4.93911600	0.08392590
169.83999897	4.93911600	0.08392590
169.91999897	4.93911600	0.08392590
169.99999897	4.93911600	0.08392590
170.07999897	4.93911600	0.08392590
170.15999897	4.93911600	0.08392590
170.23999897	4.93911600	0.08392590
170.31999896	4.93911600	0.08392590
170.39999896	4.93911600	0.08392590
170.47999896	4.93911600	0.08392590
170.55999896	4.93911600	0.08392590
170.63999896	4.93911600	-0.00366222
170.71999896	4.93911600	0.08392590
170.79999896	4.93911600	-0.00366222
170.87999896	4.93911600	0.08392590
170.95999896	4.93911600	0.08392590
171.03999896	4.93911600	-0.00366222
171.11999896	4.93911600	-0.00366222
171.19999896	4.93911600	0.08392590
171.27999896	4.93911600	0.08392590
171.35999896	4.93911600	0.08392590
171.43999896	4.93911600	0.08392590
171.51999896	4.93911600	-0.00366222
171.59999896	4.93911600	0.08392590
171.67999896	4.93911600	0.08392590
171.75999896	4.93911600	0.08392590
171.83999896	4.93911600	0.08392590
171.91999896	4.93911600	0.08392590
171.99999895	4.93911600	0.08392590
172.07999895	4.93911600	0.08392590
172.15999895	4.93911600	0.08392590
172.23999895	4.93911600	0.08392590
172.31999895	4.93911600	0.08392590
172.39999895	4.93911600	0.08392590
172.47999895	4.93911600	-0.00366222
172.55999895	4.93911600	-0.00366222
172.63999895	4.93911600	0.08392590
172.71999895	4.93911600	-0.00366222
172.79999895	4.93911600	0.08392590
172.87999895	4.93911600	-0.00366222
172.95999895	4.93911600	0.08392590
173.03999895	4.93911600	0.08392590
173.11999895	4.93911600	0.08392590
173.19999895	4.93911600	0.08392590
173.27999895	4.93911600	0.08392590
173.35999895	4.93911600	0.08392590
173.43999895	4.93911600	-0.00366222
173.51999895	4.93911600	-0.00366222
173.59999894	4.93911600	0.08392590
173.67999894	4.93911600	-0.00366222
173.75999894	4.93911600	0.08392590
173.83999894	4.93911600	0.08392590
173.91999894	4.93911600	-0.00366222
173.99999894	4.93911600	0.08392590
174.07999894	4.93911600	-0.00366222
174.15999894	4.85061200	0.08392590
174.23999894	4.93911600	0.08392590
174.31999894	4.93911600	-0.00366222
174.39999894	4.93911600	-0.00366222
174.47999894	4.93911600	-0.00366222
174.55999894	4.93911600	0.08392590
174.63999894	4.93911600	0.08392590
174.71999894	4.93911600	0.08392590
174.79999894	4.93911600	0.08392590
174.87999894	4.93911600	0.08392590
174.95999894	4.93911600	-0.00366222
175.03999894	4.93911600	0.08392590
175.11999894	4.93911600	0.08392590
175.19999894	4.93911600	-0.00366222
175.27999893	4.93911600	-0.00366222
175.35999893	4.93911600	0.08392590
175.43999893	4.93911600	0.08392590
175.51999893	4.93911600	0.08392590
175.59999893	4.93911600	0.08392590
175.67999893	4.93911600	0.08392590
175.75999893	4.93911600	0.08392590
175.83999893	4.93911600	0.08392590
175.91999893	4.93911600	0.08392590
175.99999893	4.93911600	0.08392590
176.07999893	4.93911600	-0.00366222
176.15999893	4.93911600	-0.00366222
176.23999893	4.93911600	0.08392590
176.31999893	4.93911600	-0.00366222
176.39999893	4.93911600	0.08392590
176.47999893	4.93911600	0.08392590
176.55999893	4.93911600	0.08392590
176.63999893	4.93911600	0.08392590
176.71999893	4.93911600	-0.00366222
176.79999893	4.93911600	-0.00366222
176.87999893	4.93911600	0.08392590
176.95999892	4.93911600	-0.00366222
177.03999892	4.93911600	0.08392590
177.11999892	4.93911600	0.08392590
177.19999892	4.93911600	0.08392590
177.27999892	4.93911600	-0.00366222
177.35999892	4.93911600	-0.00366222
177.43999892	4.93911600	0.08392590
177.51999892	4.93911600	-0.00366222
177.59999892	4.93911600	-0.00366222
177.67999892	4.93911600	-0.00366222
177.75999892	4.93911600	0.08392590
177.83999892	4.93911600	-0.00366222
177.91999892	4.93911600	-0.00366222
177.99999892	4.93911600	0.08392590
178.07999892	4.93911600	-0.00366222
178.15999892	4.93911600	-0.00366222
178.23999892	4.93911600	0.08392590
178.31999892	4.93911600	0.08392590
178.39999892	4.93911600	-0.00366222
178.47999892	4.93911600	0.08392590
178.55999891	4.93911600	0.08392590
178.63999891	4.93911600	0.08392590
178.71999891	4.93911600	-0.00366222
178.79999891	4.93911600	-0.00366222
178.87999891	4.93911600	0.08392590
178.95999891	4.85061200	-0.00366222
179.03999891	4.93911600	-0.00366222
179.11999891	4.93911600	-0.00366222
179.19999891	4.93911600	0.08392590
179.27999891	4.93911600	-0.00366222
179.35999891	4.93911600	0.08392590
179.43999891	4.93911600	-0.00366222
179.51999891	4.93911600	0.08392590
179.59999891	4.93911600	-0.00366222
179.67999891	4.93911600	-0.00366222
179.75999891	4.93911600	-0.00366222
179.83999891	4.93911600	-0.00366222
179.91999891	4.93911600	-0.00366222
179.99999891	4.93911600	0.08392590
180.07999891	4.93911600	-0.00366222
180.15999891	4.93911600	-0.00366222
180.23999890	4.93911600	-0.00366222
180.31999890	4.93911600	0.08392590
180.39999890	4.93911600	0.08392590
180.47999890	4.93911600	0.08392590
180.55999890	4.93911600	-0.00366222
180.63999890	4.93911600	-0.00366222
180.71999890	4.93911600	0.08392590
180.79999890	4.93911600	0.08392590
180.87999890	4.93911600	-0.00366222
180.95999890	4.93911600	0.08392590
181.03999890	4.93911600	0.08392590
181.11999890	4.93911600	0.08392590
181.19999890	4.93911600	-0.00366222
181.27999890	4.93911600	0.08392590
181.35999890	4.93911600	-0.00366222
181.43999890	4.93911600	-0.00366222
181.51999890	4.93911600	-0.00366222
181.59999890	4.93911600	0.08392590
181.67999890	4.93911600	0.08392590
181.75999890	4.93911600	0.08392590
181.83999889	4.93911600	0.08392590
181.91999889	4.93911600	-0.00366222
181.99999889	4.93911600	-0.00366222
182.07999889	4.93911600	-0.00366222
182.15999889	4.93911600	-0.00366222
182.23999889	4.93911600	-0.00366222
182.31999889	4.93911600	-0.00366222
182.39999889	4.93911600	0.08392590
182.47999889	4.93911600	-0.00366222
182.55999889	4.93911600	-0.00366222
182.63999889	4.93911600	-0.00366222
182.71999889	4.93911600	-0.00366222
182.79999889	4.93911600	0.08392590
182.87999889	4.93911600	0.08392590
182.95999889	4.93911600	0.08392590
183.03999889	4.93911600	0.08392590
183.11999889	4.93911600	0.08392590
183.19999889	4.93911600	0.17151400
183.27999889	4.76180300	0.25940730
183.35999889	4.40717800	0.69856870
183.43999889	3.87524000	1.13773000
183.51999888	3.25479900	1.66447900
183.59999888	2.72255600	2.19153400
183.67999888	2.10211500	2.80617700
183.75999888	1.48136800	3.33323200
183.83999888	0.86092720	3.77239300
183.91999888	0.24048580	4.03576800
183.99999888	0.15167700	4.91409000
184.07999888	-0.02563555	4.82619700
184.15999888	-0.02563555	5.00167800
184.23999888	-0.02563555	4.91409000
184.31999888	-0.02563555	4.82619700
184.39999888	-0.02563555	4.82619700
184.47999888	-0.02563555	4.82619700
184.55999888	-0.02563555	4.82619700
184.63999888	-0.02563555	4.82619700
184.71999888	-0.02563555	4.82619700
184.79999888	-0.02563555	4.82619700
184.87999888	-0.02563555	4.82619700
184.95999888	-0.02563555	4.82619700
185.03999888	-0.02563555	4.91409000
185.11999887	0.06317332	4.82619700
185.19999887	-0.02563555	4.82619700
185.27999887	-0.02563555	4.82619700
185.35999887	-0.02563555	4.82619700
185.43999887	-0.02563555	4.82619700
185.51999887	-0.02563555	4.82619700
185.59999887	-0.02563555	4.82619700
185.67999887	-0.02563555	4.91409000
185.75999887	-0.02563555	4.82619700
185.83999887	-0.02563555	4.82619700
185.91999887	-0.02563555	4.82619700
185.99999887	-0.02563555	4.91409000
186.07999887	-0.02563555	4.82619700
186.15999887	-0.02563555	4.82619700
186.23999887	-0.02563555	4.91409000
186.31999887	-0.02563555	4.82619700
186.39999887	-0.02563555	4.82619700
186.47999887	0.06317332	4.91409000
186.55999887	-0.02563555	4.82619700
186.63999887	-0.02563555	4.91409000
186.71999887	-0.02563555	4.91409000
186.79999886	-0.02563555	4.91409000
186.87999886	-0.02563555	4.82619700
186.95999886	-0.02563555	4.91409000
187.03999886	-0.02563555	4.82619700
187.11999886	-0.02563555	4.91409000
187.19999886	0.06317332	4.91409000
187.27999886	-0.02563555	4.91409000
187.35999886	-0.02563555	4.91409000
187.43999886	-0.02563555	4.82619700
187.51999886	-0.02563555	4.91409000
187.59999886	-0.02563555	4.91409000
187.67999886	-0.02563555	4.82619700
187.75999886	-0.02563555	4.91409000
187.83999886	-0.02563555	4.91409000
187.91999886	-0.02563555	4.91409000
187.99999886	-0.02563555	4.91409000
188.07999886	-0.02563555	4.91409000
188.15999886	-0.02563555	4.91409000
188.23999886	-0.02563555	4.91409000
188.31999886	-0.02563555	4.91409000
188.39999886	-0.02563555	4.91409000
188.47999885	-0.02563555	4.91409000
188.55999885	-0.02563555	4.91409000
188.63999885	-0.02563555	4.91409000
188.71999885	-0.02563555	4.91409000
188.79999885	-0.02563555	4.91409000
188.87999885	-0.02563555	4.91409000
188.95999885	-0.02563555	4.91409000
189.03999885	-0.02563555	4.91409000
189.11999885	-0.02563555	4.91409000
189.19999885	-0.02563555	4.91409000
189.27999885	-0.02563555	4.91409000
189.35999885	-0.02563555	4.91409000
189.43999885	-0.02563555	4.91409000
189.51999885	-0.02563555	4.91409000
189.59999885	-0.02563555	4.91409000
189.67999885	-0.02563555	4.91409000
189.75999885	0.06317332	4.91409000
189.83999885	-0.02563555	4.91409000
189.91999885	-0.02563555	4.91409000
189.99999885	-0.02563555	4.91409000
190.07999884	0.06317332	4.91409000
190.15999884	0.06317332	4.91409000
190.23999884	-0.02563555	4.82619700
190.31999884	-0.02563555	4.91409000
190.39999884	-0.02563555	4.91409000
190.47999884	-0.02563555	4.91409000
190.55999884	-0.02563555	4.91409000
190.63999884	-0.02563555	4.91409000
190.71999884	-0.02563555	4.91409000
190.79999884	-0.02563555	4.91409000
190.87999884	-0.02563555	4.91409000
190.95999884	-0.02563555	4.91409000
191.03999884	-0.02563555	4.91409000
191.11999884	-0.02563555	4.91409000
191.19999884	-0.02563555	4.91409000
191.27999884	-0.02563555	4.91409000
191.35999884	-0.02563555	4.91409000
191.43999884	-0.02563555	4.91409000
191.51999884	-0.02563555	4.91409000
191.59999884	-0.02563555	4.91409000
191.67999884	-0.02563555	4.91409000
191.75999883	-0.02563555	4.91409000
191.83999883	-0.02563555	4.91409000
191.91999883	-0.02563555	4.91409000
191.99999883	-0.02563555	4.91409000
192.07999883	-0.02563555	4.91409000
192.15999883	-0.02563555	4.91409000
192.23999883	-0.02563555	4.91409000
192.31999883	-0.02563555	4.91409000
192.39999883	-0.02563555	4.91409000
192.47999883	0.06317332	4.91409000
192.55999883	-0.02563555	4.91409000
192.63999883	-0.02563555	4.91409000
192.71999883	-0.02563555	4.91409000
192.79999883	-0.02563555	4.91409000
192.87999883	0.06317332	4.91409000
192.95999883	-0.02563555	4.91409000
193.03999883	-0.02563555	4.91409000
193.11999883	-0.02563555	4.91409000
193.19999883	-0.02563555	4.91409000
193.27999883	-0.02563555	4.91409000
193.35999882	-0.02563555	4.91409000
193.43999882	0.06317332	4.91409000
193.51999882	0.06317332	4.91409000
193.59999882	-0.02563555	4.91409000
193.67999882	-0.02563555	4.91409000
193.75999882	-0.02563555	4.91409000
193.83999882	-0.02563555	4.91409000
193.91999882	-0.02563555	4.91409000
193.99999882	-0.02563555	4.91409000
194.07999882	-0.02563555	4.91409000
194.15999882	-0.02563555	4.91409000
194.23999882	-0.02563555	4.91409000
194.31999882	-0.02563555	4.91409000
194.39999882	-0.02563555	4.91409000
194.47999882	-0.02563555	4.91409000
194.55999882	-0.02563555	4.91409000
194.63999882	0.06317332	4.91409000
194.71999882	0.06317332	4.91409000
194.79999882	-0.02563555	4.91409000
194.87999882	-0.02563555	4.91409000
194.95999882	-0.02563555	4.91409000
195.03999881	-0.02563555	4.91409000
195.11999881	-0.02563555	4.91409000
195.19999881	-0.02563555	4.91409000
195.27999881	-0.02563555	4.91409000
195.35999881	-0.02563555	4.91409000
195.43999881	-0.02563555	4.91409000
195.51999881	-0.02563555	4.91409000
195.59999881	-0.02563555	4.91409000
195.67999881	0.06317332	4.91409000
195.75999881	-0.02563555	4.91409000
195.83999881	-0.02563555	4.91409000
195.91999881	0.06317332	4.91409000
195.99999881	-0.02563555	4.91409000
196.07999881	-0.02563555	4.91409000
196.15999881	0.06317332	4.91409000
196.23999881	-0.02563555	4.91409000
196.31999881	-0.02563555	4.91409000
196.39999881	0.06317332	4.91409000
196.47999881	-0.02563555	4.91409000
196.55999881	-0.02563555	4.91409000
196.63999880	-0.02563555	4.91409000
196.71999880	0.06317332	4.91409000
196.79999880	-0.02563555	4.91409000
196.87999880	-0.02563555	4.91409000
196.95999880	-0.02563555	4.91409000
197.03999880	-0.02563555	4.91409000
197.11999880	-0.02563555	4.91409000
197.19999880	-0.02563555	4.91409000
197.27999880	-0.02563555	4.91409000
197.35999880	-0.02563555	4.91409000
197.43999880	-0.02563555	4.91409000
197.51999880	-0.02563555	4.91409000
197.59999880	0.06317332	4.91409000
197.67999880	-0.02563555	4.91409000
197.75999880	0.06317332	4.91409000
197.83999880	-0.02563555	4.91409000
197.91999880	-0.02563555	4.91409000
197.99999880	-0.02563555	4.91409000
198.07999880	-0.02563555	4.91409000
198.15999880	-0.02563555	4.91409000
198.23999880	0.06317332	4.91409000
198.31999879	0.06317332	4.91409000
198.39999879	0.06317332	4.91409000
198.47999879	-0.02563555	4.91409000
198.55999879	0.06317332	4.91409000
198.63999879	-0.02563555	4.91409000
198.71999879	-0.02563555	4.91409000
198.79999879	0.06317332	4.91409000
198.87999879	-0.02563555	4.91409000
198.95999879	-0.02563555	4.91409000
199.03999879	-0.02563555	4.91409000
199.11999879	-0.02563555	4.91409000
199.19999879	-0.02563555	4.91409000
199.27999879	-0.02563555	4.91409000
199.35999879	-0.02563555	4.91409000
199.43999879	-0.02563555	4.91409000
199.51999879	-0.02563555	4.91409000
199.59999879	-0.02563555	4.91409000
199.67999879	-0.02563555	4.91409000
199.75999879	-0.02563555	4.91409000
199.83999879	-0.02563555	4.91409000
199.91999878	-0.02563555	4.91409000
199.99999878	-0.02563555	4.91409000
200.07999878	-0.02563555	4.91409000
200.15999878	0.06317332	4.91409000
200.23999878	-0.02563555	4.91409000
