Time	Channel A	Channel B
(us)	(V)	(V)

0.00000000	-0.02563555	4.91409000
0.08000000	-0.02563555	4.82619700
0.16000000	-0.02563555	4.91409000
0.24000000	-0.02563555	4.91409000
0.32000000	-0.02563555	4.91409000
0.40000000	-0.02563555	4.82619700
0.48000000	-0.02563555	4.91409000
0.56000000	-0.02563555	4.82619700
0.64000000	-0.02563555	4.91409000
0.72000000	-0.02563555	4.91409000
0.80000000	-0.02563555	4.91409000
0.87999999	-0.02563555	4.82619700
0.95999999	-0.02563555	4.91409000
1.03999999	-0.02563555	4.91409000
1.11999999	-0.02563555	4.91409000
1.19999999	-0.02563555	4.91409000
1.27999999	-0.02563555	4.91409000
1.35999999	-0.02563555	4.91409000
1.43999999	-0.02563555	4.82619700
1.51999999	-0.02563555	4.91409000
1.59999999	-0.02563555	4.91409000
1.67999999	-0.02563555	4.91409000
1.75999999	0.06317332	4.91409000
1.83999999	-0.02563555	4.91409000
1.91999999	-0.02563555	4.82619700
1.99999999	-0.02563555	4.91409000
2.07999999	-0.02563555	4.91409000
2.15999999	-0.02563555	4.91409000
2.23999999	-0.02563555	4.91409000
2.31999999	0.06317332	4.91409000
2.39999999	-0.02563555	4.91409000
2.47999998	-0.02563555	4.91409000
2.55999998	-0.02563555	4.91409000
2.63999998	-0.02563555	4.91409000
2.71999998	-0.02563555	4.91409000
2.79999998	-0.02563555	4.82619700
2.87999998	-0.02563555	4.91409000
2.95999998	-0.02563555	4.91409000
3.03999998	-0.02563555	4.91409000
3.11999998	-0.02563555	4.91409000
3.19999998	-0.02563555	4.91409000
3.27999998	-0.02563555	4.91409000
3.35999998	-0.02563555	4.91409000
3.43999998	-0.02563555	4.91409000
3.51999998	-0.02563555	4.82619700
3.59999998	-0.02563555	4.91409000
3.67999998	-0.02563555	4.91409000
3.75999998	-0.02563555	4.91409000
3.83999998	-0.02563555	4.91409000
3.91999998	-0.02563555	4.91409000
3.99999998	-0.02563555	4.91409000
4.07999998	-0.02563555	4.91409000
4.15999997	-0.02563555	4.91409000
4.23999997	-0.02563555	4.91409000
4.31999997	-0.02563555	4.91409000
4.39999997	-0.02563555	4.91409000
4.47999997	-0.02563555	4.91409000
4.55999997	-0.02563555	4.91409000
4.63999997	-0.02563555	4.91409000
4.71999997	-0.02563555	4.91409000
4.79999997	-0.02563555	4.91409000
4.87999997	0.06317332	4.91409000
4.95999997	0.06317332	4.91409000
5.03999997	-0.02563555	4.91409000
5.11999997	-0.02563555	4.91409000
5.19999997	0.06317332	4.91409000
5.27999997	-0.02563555	4.91409000
5.35999997	-0.02563555	4.91409000
5.43999997	-0.02563555	4.91409000
5.51999997	-0.02563555	4.91409000
5.59999997	-0.02563555	4.91409000
5.67999997	0.06317332	4.91409000
5.75999996	-0.02563555	4.91409000
5.83999996	-0.02563555	4.91409000
5.91999996	-0.02563555	4.91409000
5.99999996	-0.02563555	4.91409000
6.07999996	-0.02563555	4.91409000
6.15999996	-0.02563555	4.91409000
6.23999996	-0.02563555	4.91409000
6.31999996	-0.02563555	4.91409000
6.39999996	-0.02563555	4.91409000
6.47999996	-0.02563555	4.91409000
6.55999996	-0.02563555	4.91409000
6.63999996	-0.02563555	4.91409000
6.71999996	-0.02563555	4.91409000
6.79999996	-0.02563555	4.91409000
6.87999996	-0.02563555	4.91409000
6.95999996	-0.02563555	4.91409000
7.03999996	-0.02563555	4.91409000
7.11999996	-0.02563555	4.91409000
7.19999996	-0.02563555	4.91409000
7.27999996	-0.02563555	4.91409000
7.35999996	-0.02563555	4.91409000
7.43999995	-0.02563555	4.91409000
7.51999995	-0.02563555	4.91409000
7.59999995	-0.02563555	4.91409000
7.67999995	-0.02563555	4.91409000
7.75999995	-0.02563555	4.91409000
7.83999995	-0.02563555	4.91409000
7.91999995	-0.02563555	4.91409000
7.99999995	-0.02563555	4.91409000
8.07999995	-0.02563555	4.91409000
8.15999995	0.06317332	4.91409000
8.23999995	-0.02563555	4.91409000
8.31999995	0.06317332	4.91409000
8.39999995	-0.02563555	4.91409000
8.47999995	-0.02563555	4.91409000
8.55999995	-0.02563555	4.91409000
8.63999995	-0.02563555	4.91409000
8.71999995	-0.02563555	4.91409000
8.79999995	-0.02563555	4.91409000
8.87999995	-0.02563555	4.91409000
8.95999995	-0.02563555	4.91409000
9.03999995	-0.02563555	4.91409000
9.11999994	-0.02563555	4.91409000
9.19999994	-0.02563555	4.91409000
9.27999994	-0.02563555	4.91409000
9.35999994	-0.02563555	4.91409000
9.43999994	-0.02563555	4.91409000
9.51999994	-0.02563555	4.91409000
9.59999994	-0.02563555	4.91409000
9.67999994	-0.02563555	4.91409000
9.75999994	-0.02563555	4.91409000
9.83999994	-0.02563555	4.91409000
9.91999994	-0.02563555	4.91409000
9.99999994	-0.02563555	4.91409000
10.07999994	0.06317332	4.91409000
10.15999994	-0.02563555	4.91409000
10.23999994	-0.02563555	4.91409000
10.31999994	-0.02563555	4.91409000
10.39999994	-0.02563555	4.91409000
10.47999994	-0.02563555	4.91409000
10.55999994	-0.02563555	4.91409000
10.63999994	-0.02563555	4.91409000
10.71999993	-0.02563555	4.91409000
10.79999993	-0.02563555	4.91409000
10.87999993	0.06317332	4.91409000
10.95999993	-0.02563555	4.91409000
11.03999993	-0.02563555	4.91409000
11.11999993	-0.02563555	4.91409000
11.19999993	-0.02563555	4.91409000
11.27999993	0.06317332	4.91409000
11.35999993	-0.02563555	4.91409000
11.43999993	-0.02563555	4.91409000
11.51999993	-0.02563555	4.91409000
11.59999993	-0.02563555	4.91409000
11.67999993	-0.02563555	4.91409000
11.75999993	-0.02563555	4.91409000
11.83999993	-0.02563555	4.91409000
11.91999993	0.06317332	4.91409000
11.99999993	-0.02563555	4.91409000
12.07999993	-0.02563555	4.91409000
12.15999993	-0.02563555	4.91409000
12.23999993	-0.02563555	4.91409000
12.31999993	-0.02563555	4.91409000
12.39999992	0.06317332	4.91409000
12.47999992	-0.02563555	4.91409000
12.55999992	-0.02563555	4.91409000
12.63999992	-0.02563555	4.91409000
12.71999992	-0.02563555	4.91409000
12.79999992	0.06317332	4.91409000
12.87999992	0.06317332	4.91409000
12.95999992	-0.02563555	4.91409000
13.03999992	-0.02563555	4.91409000
13.11999992	-0.02563555	4.91409000
13.19999992	-0.02563555	4.91409000
13.27999992	-0.02563555	4.91409000
13.35999992	-0.02563555	4.91409000
13.43999992	-0.02563555	4.91409000
13.51999992	-0.02563555	4.91409000
13.59999992	-0.02563555	4.91409000
13.67999992	-0.02563555	4.91409000
13.75999992	-0.02563555	4.91409000
13.83999992	-0.02563555	4.91409000
13.91999992	0.06317332	4.91409000
13.99999991	-0.02563555	4.91409000
14.07999991	-0.02563555	4.91409000
14.15999991	-0.02563555	4.91409000
14.23999991	-0.02563555	4.91409000
14.31999991	-0.02563555	4.91409000
14.39999991	-0.02563555	4.91409000
14.47999991	-0.02563555	4.91409000
14.55999991	-0.02563555	4.91409000
14.63999991	-0.02563555	4.91409000
14.71999991	0.06317332	4.91409000
14.79999991	-0.02563555	4.91409000
14.87999991	-0.02563555	4.91409000
14.95999991	-0.02563555	4.91409000
15.03999991	0.06317332	4.91409000
15.11999991	-0.02563555	4.91409000
15.19999991	-0.02563555	4.91409000
15.27999991	0.06317332	4.91409000
15.35999991	-0.02563555	4.91409000
15.43999991	-0.02563555	4.91409000
15.51999991	-0.02563555	4.91409000
15.59999991	-0.02563555	4.91409000
15.67999990	-0.02563555	4.91409000
15.75999990	0.06317332	4.91409000
15.83999990	-0.02563555	4.91409000
15.91999990	-0.02563555	4.91409000
15.99999990	-0.02563555	4.91409000
16.07999990	-0.02563555	4.91409000
16.15999990	-0.02563555	4.91409000
16.23999990	-0.02563555	4.91409000
16.31999990	-0.02563555	4.91409000
16.39999990	-0.02563555	4.91409000
16.47999990	-0.02563555	4.91409000
16.55999990	-0.02563555	4.91409000
16.63999990	-0.02563555	4.91409000
16.71999990	-0.02563555	4.91409000
16.79999990	0.06317332	4.91409000
16.87999990	-0.02563555	4.91409000
16.95999990	-0.02563555	4.91409000
17.03999990	-0.02563555	4.91409000
17.11999990	-0.02563555	4.91409000
17.19999990	-0.02563555	4.91409000
17.27999989	-0.02563555	4.91409000
17.35999989	-0.02563555	4.91409000
17.43999989	-0.02563555	4.91409000
17.51999989	-0.02563555	4.91409000
17.59999989	-0.02563555	4.91409000
17.67999989	-0.02563555	4.91409000
17.75999989	0.06317332	4.91409000
17.83999989	-0.02563555	4.91409000
17.91999989	-0.02563555	4.91409000
17.99999989	0.06317332	4.82619700
18.07999989	0.24048580	4.73830400
18.15999989	0.59480580	4.38703600
18.23999989	1.12674300	3.94787400
18.31999989	1.74749000	3.42112500
18.39999989	2.27942800	2.80617700
18.47999989	2.89986900	2.27942800
18.55999989	3.52061500	1.66447900
18.63999989	4.05255300	1.04983700
18.71999989	4.40717800	0.34730060
18.79999989	5.02792500	0.34730060
18.87999989	4.93911600	0.08392590
18.95999988	5.02792500	0.17151400
19.03999988	5.02792500	0.17151400
19.11999988	4.93911600	0.17151400
19.19999988	4.93911600	0.08392590
19.27999988	4.93911600	0.17151400
19.35999988	4.93911600	0.08392590
19.43999988	4.93911600	0.17151400
19.51999988	4.93911600	0.17151400
19.59999988	4.93911600	0.08392590
19.67999988	4.93911600	0.08392590
19.75999988	4.93911600	0.17151400
19.83999988	4.93911600	0.17151400
19.91999988	4.93911600	0.08392590
19.99999988	4.93911600	0.17151400
20.07999988	4.93911600	0.17151400
20.15999988	4.93911600	0.17151400
20.23999988	4.93911600	0.08392590
20.31999988	4.93911600	0.08392590
20.39999988	4.93911600	0.17151400
20.47999988	4.93911600	0.08392590
20.55999988	4.93911600	0.08392590
20.63999987	4.93911600	0.08392590
20.71999987	4.93911600	0.08392590
20.79999987	4.93911600	0.08392590
20.87999987	4.93911600	0.08392590
20.95999987	4.93911600	0.08392590
21.03999987	4.93911600	0.08392590
21.11999987	4.93911600	0.08392590
21.19999987	4.93911600	0.08392590
21.27999987	4.93911600	0.08392590
21.35999987	4.93911600	0.08392590
21.43999987	4.93911600	0.08392590
21.51999987	4.93911600	0.08392590
21.59999987	4.93911600	0.08392590
21.67999987	4.93911600	0.08392590
21.75999987	4.93911600	0.08392590
21.83999987	4.93911600	0.08392590
21.91999987	4.93911600	0.08392590
21.99999987	4.93911600	0.08392590
22.07999987	4.93911600	0.08392590
22.15999987	4.93911600	0.08392590
22.23999986	4.93911600	0.08392590
22.31999986	4.93911600	0.08392590
22.39999986	4.93911600	0.08392590
22.47999986	4.93911600	0.08392590
22.55999986	4.93911600	0.08392590
22.63999986	4.93911600	0.08392590
22.71999986	4.93911600	0.08392590
22.79999986	4.93911600	0.08392590
22.87999986	4.93911600	0.08392590
22.95999986	4.93911600	0.08392590
23.03999986	4.93911600	0.17151400
23.11999986	4.93911600	0.08392590
23.19999986	4.93911600	0.08392590
23.27999986	4.93911600	0.08392590
23.35999986	4.93911600	0.08392590
23.43999986	4.93911600	0.08392590
23.51999986	4.93911600	0.08392590
23.59999986	4.93911600	0.08392590
23.67999986	4.93911600	0.08392590
23.75999986	4.93911600	0.08392590
23.83999986	4.93911600	0.08392590
23.91999985	4.93911600	0.08392590
23.99999985	4.93911600	0.08392590
24.07999985	4.93911600	0.08392590
24.15999985	4.93911600	0.08392590
24.23999985	4.93911600	0.08392590
24.31999985	4.93911600	0.08392590
24.39999985	4.93911600	0.08392590
24.47999985	4.93911600	0.08392590
24.55999985	4.93911600	0.08392590
24.63999985	4.93911600	0.08392590
24.71999985	4.93911600	0.08392590
24.79999985	4.93911600	0.08392590
24.87999985	4.93911600	0.08392590
24.95999985	4.93911600	0.08392590
25.03999985	4.93911600	-0.00366222
25.11999985	4.93911600	0.08392590
25.19999985	4.93911600	0.08392590
25.27999985	4.93911600	0.08392590
25.35999985	4.93911600	0.08392590
25.43999985	4.93911600	-0.00366222
25.51999984	4.93911600	0.08392590
25.59999984	4.93911600	0.08392590
25.67999984	4.93911600	0.08392590
25.75999984	4.93911600	0.08392590
25.83999984	4.93911600	0.08392590
25.91999984	4.93911600	0.08392590
25.99999984	4.93911600	-0.00366222
26.07999984	4.93911600	0.08392590
26.15999984	4.93911600	0.08392590
26.23999984	4.93911600	-0.00366222
26.31999984	4.93911600	0.08392590
26.39999984	4.93911600	0.08392590
26.47999984	4.93911600	0.08392590
26.55999984	4.93911600	0.08392590
26.63999984	4.93911600	0.08392590
26.71999984	4.93911600	0.08392590
26.79999984	4.93911600	0.08392590
26.87999984	4.93911600	0.08392590
26.95999984	4.93911600	0.08392590
27.03999984	4.93911600	0.08392590
27.11999984	4.93911600	0.08392590
27.19999983	4.93911600	-0.00366222
27.27999983	4.93911600	0.08392590
27.35999983	4.93911600	0.08392590
27.43999983	4.93911600	-0.00366222
27.51999983	4.93911600	0.08392590
27.59999983	4.93911600	0.08392590
27.67999983	4.93911600	-0.00366222
27.75999983	4.93911600	0.08392590
27.83999983	4.93911600	-0.00366222
27.91999983	4.93911600	0.08392590
27.99999983	4.85061200	0.08392590
28.07999983	4.93911600	0.08392590
28.15999983	4.93911600	0.08392590
28.23999983	4.93911600	0.08392590
28.31999983	4.93911600	0.08392590
28.39999983	4.93911600	0.08392590
28.47999983	4.93911600	0.08392590
28.55999983	4.93911600	-0.00366222
28.63999983	4.93911600	-0.00366222
28.71999983	4.93911600	0.08392590
28.79999982	4.93911600	0.08392590
28.87999982	4.93911600	0.08392590
28.95999982	4.93911600	0.08392590
29.03999982	4.93911600	-0.00366222
29.11999982	4.93911600	0.08392590
29.19999982	4.93911600	0.08392590
29.27999982	4.93911600	0.08392590
29.35999982	4.93911600	0.08392590
29.43999982	4.93911600	0.08392590
29.51999982	4.93911600	0.08392590
29.59999982	4.93911600	-0.00366222
29.67999982	4.93911600	-0.00366222
29.75999982	4.93911600	0.08392590
29.83999982	4.93911600	-0.00366222
29.91999982	4.93911600	0.08392590
29.99999982	4.93911600	-0.00366222
30.07999982	4.93911600	0.08392590
30.15999982	4.93911600	0.08392590
30.23999982	4.93911600	-0.00366222
30.31999982	4.93911600	0.08392590
30.39999982	4.93911600	0.08392590
30.47999981	4.93911600	0.08392590
30.55999981	4.93911600	0.08392590
30.63999981	4.93911600	0.08392590
30.71999981	4.93911600	0.08392590
30.79999981	4.93911600	-0.00366222
30.87999981	4.93911600	-0.00366222
30.95999981	4.93911600	-0.00366222
31.03999981	4.93911600	-0.00366222
31.11999981	4.93911600	0.08392590
31.19999981	4.93911600	-0.00366222
31.27999981	4.93911600	0.08392590
31.35999981	4.93911600	-0.00366222
31.43999981	4.93911600	0.08392590
31.51999981	4.93911600	0.08392590
31.59999981	4.93911600	-0.00366222
31.67999981	4.93911600	-0.00366222
31.75999981	4.93911600	-0.00366222
31.83999981	4.93911600	0.08392590
31.91999981	4.93911600	-0.00366222
31.99999981	4.93911600	0.08392590
32.07999981	4.93911600	-0.00366222
32.15999980	4.93911600	-0.00366222
32.23999980	4.93911600	0.08392590
32.31999980	4.93911600	0.08392590
32.39999980	4.93911600	-0.00366222
32.47999980	4.93911600	0.08392590
32.55999980	4.93911600	0.08392590
32.63999980	4.93911600	0.08392590
32.71999980	4.93911600	-0.00366222
32.79999980	4.93911600	0.08392590
32.87999980	4.93911600	-0.00366222
32.95999980	4.93911600	-0.00366222
33.03999980	4.93911600	-0.00366222
33.11999980	4.93911600	0.08392590
33.19999980	4.93911600	0.08392590
33.27999980	4.93911600	-0.00366222
33.35999980	4.93911600	0.08392590
33.43999980	4.93911600	0.08392590
33.51999980	4.93911600	-0.00366222
33.59999980	4.93911600	-0.00366222
33.67999980	4.93911600	-0.00366222
33.75999979	4.93911600	0.08392590
33.83999979	4.93911600	-0.00366222
33.91999979	4.93911600	0.08392590
33.99999979	4.93911600	0.08392590
34.07999979	4.93911600	0.08392590
34.15999979	4.93911600	0.08392590
34.23999979	4.93911600	-0.00366222
34.31999979	4.93911600	0.08392590
34.39999979	4.93911600	0.08392590
34.47999979	4.93911600	0.08392590
34.55999979	4.93911600	-0.00366222
34.63999979	4.93911600	0.08392590
34.71999979	4.93911600	-0.00366222
34.79999979	4.93911600	0.08392590
34.87999979	4.93911600	-0.00366222
34.95999979	4.93911600	0.08392590
35.03999979	4.93911600	0.08392590
35.11999979	4.93911600	0.08392590
35.19999979	4.93911600	0.08392590
35.27999979	4.93911600	0.08392590
35.35999979	4.93911600	0.08392590
35.43999978	4.93911600	-0.00366222
35.51999978	4.93911600	-0.00366222
35.59999978	4.85061200	-0.00366222
35.67999978	4.93911600	0.08392590
35.75999978	4.93911600	0.08392590
35.83999978	4.93911600	-0.00366222
35.91999978	4.93911600	-0.00366222
35.99999978	4.93911600	0.08392590
36.07999978	4.93911600	-0.00366222
36.15999978	4.93911600	-0.00366222
36.23999978	4.93911600	-0.00366222
36.31999978	4.93911600	-0.00366222
36.39999978	4.93911600	-0.00366222
36.47999978	4.93911600	-0.00366222
36.55999978	4.93911600	0.08392590
36.63999978	4.93911600	0.08392590
36.71999978	4.93911600	-0.00366222
36.79999978	4.93911600	0.08392590
36.87999978	4.93911600	-0.00366222
36.95999978	4.93911600	-0.00366222
37.03999977	4.93911600	0.08392590
37.11999977	4.93911600	-0.00366222
37.19999977	4.85061200	-0.00366222
37.27999977	4.93911600	-0.00366222
37.35999977	4.93911600	0.08392590
37.43999977	4.93911600	-0.00366222
37.51999977	4.93911600	0.08392590
37.59999977	4.93911600	0.08392590
37.67999977	4.93911600	-0.00366222
37.75999977	4.93911600	-0.00366222
37.83999977	4.93911600	0.08392590
37.91999977	4.93911600	-0.00366222
37.99999977	4.93911600	-0.00366222
38.07999977	4.85061200	-0.00366222
38.15999977	4.93911600	-0.00366222
38.23999977	4.93911600	-0.00366222
38.31999977	4.93911600	0.08392590
38.39999977	4.93911600	0.08392590
38.47999977	4.93911600	0.08392590
38.55999977	4.85061200	0.17151400
38.63999977	4.76180300	0.34730060
38.71999976	4.31867400	0.69856870
38.79999976	3.69792800	1.31321100
38.87999976	3.16599000	1.75237300
38.95999976	2.45674000	2.27942800
39.03999976	1.92480200	2.80617700
39.11999976	1.39286500	3.42112500
39.19999976	0.68361460	3.85998100
39.27999976	0.15167700	4.12366100
39.35999976	0.06317332	4.91409000
39.43999976	-0.02563555	4.82619700
39.51999976	-0.02563555	5.00167800
39.59999976	-0.02563555	4.91409000
39.67999976	-0.02563555	4.73830400
39.75999976	-0.02563555	4.91409000
39.83999976	-0.02563555	4.82619700
39.91999976	-0.02563555	4.82619700
39.99999976	-0.02563555	4.82619700
40.07999976	-0.02563555	4.82619700
40.15999976	-0.02563555	4.82619700
40.23999976	-0.02563555	4.82619700
40.31999975	-0.02563555	4.82619700
40.39999975	-0.02563555	4.82619700
40.47999975	-0.02563555	4.82619700
40.55999975	-0.02563555	4.91409000
40.63999975	-0.02563555	4.82619700
40.71999975	-0.02563555	4.82619700
40.79999975	-0.02563555	4.91409000
40.87999975	-0.02563555	4.82619700
40.95999975	-0.02563555	4.82619700
41.03999975	-0.02563555	4.91409000
41.11999975	-0.02563555	4.91409000
41.19999975	-0.02563555	4.82619700
41.27999975	0.06317332	4.91409000
41.35999975	-0.02563555	4.91409000
41.43999975	-0.02563555	4.91409000
41.51999975	-0.02563555	4.82619700
41.59999975	-0.02563555	4.91409000
41.67999975	-0.02563555	4.91409000
41.75999975	-0.02563555	4.91409000
41.83999975	-0.02563555	4.82619700
41.91999975	-0.02563555	4.91409000
41.99999974	-0.02563555	4.91409000
42.07999974	-0.02563555	4.82619700
42.15999974	-0.02563555	4.91409000
42.23999974	-0.02563555	4.91409000
42.31999974	-0.02563555	4.91409000
42.39999974	-0.02563555	4.91409000
42.47999974	-0.02563555	4.91409000
42.55999974	-0.02563555	4.82619700
42.63999974	-0.02563555	4.91409000
42.71999974	-0.02563555	4.91409000
42.79999974	-0.02563555	4.91409000
42.87999974	-0.02563555	4.91409000
42.95999974	-0.02563555	4.91409000
43.03999974	-0.02563555	4.91409000
43.11999974	-0.02563555	4.82619700
43.19999974	-0.02563555	4.91409000
43.27999974	-0.02563555	4.82619700
43.35999974	0.06317332	4.91409000
43.43999974	-0.02563555	4.91409000
43.51999974	-0.02563555	4.82619700
43.59999974	-0.02563555	4.91409000
43.67999973	-0.02563555	4.91409000
43.75999973	-0.02563555	4.91409000
43.83999973	-0.02563555	4.91409000
43.91999973	-0.02563555	4.91409000
43.99999973	0.06317332	4.91409000
44.07999973	-0.02563555	4.91409000
44.15999973	-0.02563555	4.91409000
44.23999973	-0.02563555	4.91409000
44.31999973	-0.02563555	4.91409000
44.39999973	-0.02563555	4.82619700
44.47999973	-0.02563555	4.91409000
44.55999973	-0.02563555	4.91409000
44.63999973	-0.02563555	4.91409000
44.71999973	-0.02563555	4.91409000
44.79999973	-0.02563555	4.91409000
44.87999973	-0.02563555	4.91409000
44.95999973	-0.02563555	4.91409000
45.03999973	-0.02563555	4.91409000
45.11999973	-0.02563555	4.91409000
45.19999973	-0.02563555	4.82619700
45.27999972	-0.02563555	4.91409000
45.35999972	-0.02563555	4.91409000
45.43999972	-0.02563555	4.91409000
45.51999972	-0.02563555	4.91409000
45.59999972	-0.02563555	4.91409000
45.67999972	-0.02563555	4.91409000
45.75999972	-0.02563555	4.91409000
45.83999972	-0.02563555	4.91409000
45.91999972	-0.02563555	4.91409000
45.99999972	-0.02563555	4.91409000
46.07999972	-0.02563555	4.91409000
46.15999972	-0.02563555	4.91409000
46.23999972	-0.02563555	4.91409000
46.31999972	-0.02563555	4.91409000
46.39999972	-0.02563555	4.91409000
46.47999972	-0.02563555	4.91409000
46.55999972	-0.02563555	4.91409000
46.63999972	-0.02563555	4.91409000
46.71999972	-0.02563555	4.91409000
46.79999972	-0.02563555	4.91409000
46.87999972	-0.02563555	4.91409000
46.95999971	-0.02563555	4.91409000
47.03999971	0.06317332	4.91409000
47.11999971	-0.02563555	4.91409000
47.19999971	-0.02563555	4.91409000
47.27999971	-0.02563555	4.91409000
47.35999971	-0.02563555	4.91409000
47.43999971	-0.02563555	4.91409000
47.51999971	0.06317332	4.91409000
47.59999971	-0.02563555	4.91409000
47.67999971	-0.02563555	4.91409000
47.75999971	-0.02563555	4.91409000
47.83999971	-0.02563555	4.91409000
47.91999971	-0.02563555	4.91409000
47.99999971	-0.02563555	4.91409000
48.07999971	-0.02563555	4.91409000
48.15999971	-0.02563555	4.91409000
48.23999971	-0.02563555	4.91409000
48.31999971	-0.02563555	4.91409000
48.39999971	-0.02563555	4.91409000
48.47999971	-0.02563555	4.91409000
48.55999970	-0.02563555	4.91409000
48.63999970	-0.02563555	4.91409000
48.71999970	-0.02563555	4.91409000
48.79999970	-0.02563555	4.91409000
48.87999970	-0.02563555	4.91409000
48.95999970	-0.02563555	4.91409000
49.03999970	-0.02563555	4.91409000
49.11999970	-0.02563555	4.91409000
49.19999970	-0.02563555	4.91409000
49.27999970	-0.02563555	4.91409000
49.35999970	-0.02563555	4.91409000
49.43999970	-0.02563555	4.91409000
49.51999970	-0.02563555	4.91409000
49.59999970	-0.02563555	4.91409000
49.67999970	-0.02563555	4.91409000
49.75999970	-0.02563555	4.91409000
49.83999970	-0.02563555	4.91409000
49.91999970	-0.02563555	4.91409000
49.99999970	-0.02563555	4.91409000
50.07999970	-0.02563555	4.91409000
50.15999970	-0.02563555	4.91409000
50.23999969	-0.02563555	4.91409000
50.31999969	-0.02563555	4.91409000
50.39999969	-0.02563555	4.91409000
50.47999969	-0.02563555	4.91409000
50.55999969	-0.02563555	4.91409000
50.63999969	-0.02563555	4.91409000
50.71999969	-0.02563555	4.91409000
50.79999969	-0.02563555	4.91409000
50.87999969	-0.02563555	4.91409000
50.95999969	-0.02563555	4.91409000
51.03999969	0.06317332	4.91409000
51.11999969	-0.02563555	4.91409000
51.19999969	0.06317332	4.91409000
51.27999969	-0.02563555	4.91409000
51.35999969	-0.02563555	4.91409000
51.43999969	0.06317332	4.91409000
51.51999969	-0.02563555	4.91409000
51.59999969	0.06317332	4.91409000
51.67999969	-0.02563555	4.91409000
51.75999969	-0.02563555	4.91409000
51.83999968	-0.02563555	4.91409000
51.91999968	0.06317332	4.91409000
51.99999968	-0.02563555	4.91409000
52.07999968	-0.02563555	4.91409000
52.15999968	-0.02563555	4.91409000
52.23999968	-0.02563555	4.91409000
52.31999968	-0.02563555	4.91409000
52.39999968	-0.02563555	4.91409000
52.47999968	-0.02563555	4.91409000
52.55999968	-0.02563555	4.91409000
52.63999968	-0.02563555	4.91409000
52.71999968	-0.02563555	4.91409000
52.79999968	-0.02563555	4.91409000
52.87999968	-0.02563555	4.91409000
52.95999968	0.06317332	4.91409000
53.03999968	-0.02563555	4.91409000
53.11999968	-0.02563555	4.91409000
53.19999968	-0.02563555	4.91409000
53.27999968	-0.02563555	4.91409000
53.35999968	-0.02563555	4.91409000
53.43999968	-0.02563555	4.91409000
53.51999967	-0.02563555	4.91409000
53.59999967	-0.02563555	4.91409000
53.67999967	-0.02563555	4.91409000
53.75999967	-0.02563555	4.91409000
53.83999967	-0.02563555	4.91409000
53.91999967	0.06317332	4.91409000
53.99999967	0.06317332	4.91409000
54.07999967	-0.02563555	4.91409000
54.15999967	-0.02563555	4.91409000
54.23999967	-0.02563555	4.91409000
54.31999967	-0.02563555	4.91409000
54.39999967	-0.02563555	4.91409000
54.47999967	-0.02563555	4.91409000
54.55999967	-0.02563555	4.91409000
54.63999967	-0.02563555	4.91409000
54.71999967	-0.02563555	4.91409000
54.79999967	0.06317332	5.00167800
54.87999967	-0.02563555	4.91409000
54.95999967	-0.02563555	4.91409000
55.03999967	-0.02563555	4.91409000
55.11999967	-0.02563555	4.91409000
55.19999966	-0.02563555	4.91409000
55.27999966	-0.02563555	4.91409000
55.35999966	0.06317332	4.91409000
55.43999966	-0.02563555	4.91409000
55.51999966	-0.02563555	4.91409000
55.59999966	0.06317332	4.91409000
55.67999966	-0.02563555	4.91409000
55.75999966	0.06317332	4.91409000
55.83999966	-0.02563555	4.91409000
55.91999966	0.06317332	4.91409000
55.99999966	-0.02563555	4.91409000
56.07999966	-0.02563555	4.91409000
56.15999966	-0.02563555	4.91409000
56.23999966	-0.02563555	4.91409000
56.31999966	0.06317332	4.91409000
56.39999966	0.06317332	4.91409000
56.47999966	-0.02563555	4.91409000
56.55999966	0.06317332	4.91409000
56.63999966	-0.02563555	4.91409000
56.71999966	-0.02563555	4.91409000
56.79999965	-0.02563555	4.91409000
56.87999965	-0.02563555	4.91409000
56.95999965	-0.02563555	4.91409000
57.03999965	-0.02563555	4.91409000
57.11999965	-0.02563555	4.91409000
57.19999965	-0.02563555	4.91409000
57.27999965	0.06317332	4.91409000
57.35999965	-0.02563555	4.91409000
57.43999965	0.06317332	4.91409000
57.51999965	-0.02563555	4.91409000
57.59999965	0.06317332	4.91409000
57.67999965	-0.02563555	4.91409000
57.75999965	-0.02563555	4.91409000
57.83999965	-0.02563555	4.91409000
57.91999965	-0.02563555	4.91409000
57.99999965	-0.02563555	4.91409000
58.07999965	0.06317332	4.91409000
58.15999965	-0.02563555	4.91409000
58.23999965	0.06317332	4.91409000
58.31999965	-0.02563555	4.91409000
58.39999965	-0.02563555	4.91409000
58.47999964	-0.02563555	4.91409000
58.55999964	-0.02563555	4.91409000
58.63999964	-0.02563555	4.91409000
58.71999964	-0.02563555	4.91409000
58.79999964	-0.02563555	4.91409000
58.87999964	0.06317332	4.91409000
58.95999964	0.06317332	4.91409000
59.03999964	0.06317332	4.91409000
59.11999964	0.15167700	4.82619700
59.19999964	0.32898950	4.65041100
59.27999964	0.86092720	4.21124900
59.35999964	1.30405600	3.68450000
59.43999964	1.92480200	3.15744500
59.51999964	2.63405300	2.54280200
59.59999964	3.16599000	2.01574800
59.67999964	3.69792800	1.40110500
59.75999964	4.31867400	0.87405010
59.83999964	4.58449000	0.17151400
59.91999964	5.20523700	0.34730060
59.99999964	5.11642800	0.08392590
60.07999963	5.02792500	0.17151400
60.15999963	5.11642800	0.17151400
60.23999963	4.93911600	0.17151400
60.31999963	5.02792500	0.17151400
60.39999963	4.93911600	0.17151400
60.47999963	4.93911600	0.17151400
60.55999963	4.93911600	0.17151400
60.63999963	4.93911600	0.17151400
60.71999963	4.93911600	0.17151400
60.79999963	4.93911600	0.17151400
60.87999963	4.93911600	0.17151400
60.95999963	4.93911600	0.08392590
61.03999963	4.93911600	0.17151400
61.11999963	4.93911600	0.17151400
61.19999963	4.93911600	0.08392590
61.27999963	4.93911600	0.17151400
61.35999963	4.93911600	0.08392590
61.43999963	4.93911600	0.08392590
61.51999963	4.93911600	0.08392590
61.59999963	4.93911600	0.08392590
61.67999963	4.93911600	0.17151400
61.75999962	4.93911600	0.08392590
61.83999962	4.93911600	0.08392590
61.91999962	4.93911600	0.08392590
61.99999962	4.93911600	0.08392590
62.07999962	4.93911600	0.08392590
62.15999962	4.93911600	0.08392590
62.23999962	4.93911600	0.08392590
62.31999962	4.93911600	0.08392590
62.39999962	4.93911600	0.08392590
62.47999962	4.93911600	0.08392590
62.55999962	4.93911600	0.08392590
62.63999962	4.93911600	0.08392590
62.71999962	4.93911600	0.08392590
62.79999962	4.93911600	0.08392590
62.87999962	4.93911600	0.17151400
62.95999962	4.93911600	0.08392590
63.03999962	4.93911600	0.08392590
63.11999962	4.93911600	0.08392590
63.19999962	4.93911600	0.08392590
63.27999962	4.93911600	0.08392590
63.35999961	4.93911600	0.08392590
63.43999961	4.93911600	0.08392590
63.51999961	4.93911600	0.08392590
63.59999961	4.93911600	0.08392590
63.67999961	4.93911600	0.08392590
63.75999961	4.93911600	0.08392590
63.83999961	4.93911600	0.08392590
63.91999961	4.93911600	0.08392590
63.99999961	4.93911600	0.08392590
64.07999961	4.93911600	0.08392590
64.15999961	4.93911600	0.08392590
64.23999961	4.93911600	0.08392590
64.31999961	4.93911600	0.08392590
64.39999961	4.93911600	0.08392590
64.47999961	4.93911600	0.08392590
64.55999961	4.93911600	0.08392590
64.63999961	4.93911600	0.08392590
64.71999961	4.93911600	0.08392590
64.79999961	4.93911600	0.08392590
64.87999961	4.93911600	0.08392590
64.95999961	4.93911600	0.08392590
65.03999960	4.93911600	0.08392590
65.11999960	4.93911600	0.08392590
65.19999960	4.93911600	0.08392590
65.27999960	4.93911600	0.08392590
65.35999960	4.93911600	0.08392590
65.43999960	4.93911600	0.08392590
65.51999960	4.93911600	0.08392590
65.59999960	4.93911600	0.08392590
65.67999960	4.93911600	0.08392590
65.75999960	4.93911600	0.08392590
65.83999960	4.93911600	0.08392590
65.91999960	4.93911600	0.08392590
65.99999960	4.93911600	0.08392590
66.07999960	4.93911600	0.08392590
66.15999960	4.93911600	0.08392590
66.23999960	4.93911600	0.08392590
66.31999960	4.93911600	0.08392590
66.39999960	4.93911600	0.08392590
66.47999960	4.93911600	0.08392590
66.55999960	4.93911600	0.08392590
66.63999959	4.93911600	0.08392590
66.71999959	4.93911600	0.08392590
66.79999959	4.93911600	0.08392590
66.87999959	4.93911600	0.08392590
66.95999959	4.93911600	0.08392590
67.03999959	4.93911600	0.08392590
67.11999959	4.93911600	0.08392590
67.19999959	4.93911600	0.08392590
67.27999959	4.93911600	0.08392590
67.35999959	4.93911600	0.08392590
67.43999959	4.93911600	0.08392590
67.51999959	4.93911600	0.08392590
67.59999959	4.93911600	0.08392590
67.67999959	4.93911600	-0.00366222
67.75999959	4.93911600	0.08392590
67.83999959	4.93911600	0.08392590
67.91999959	4.93911600	-0.00366222
67.99999959	4.93911600	-0.00366222
68.07999959	4.93911600	0.08392590
68.15999959	4.93911600	0.08392590
68.23999959	4.93911600	0.08392590
68.31999958	4.93911600	0.08392590
68.39999958	4.93911600	0.08392590
68.47999958	4.93911600	0.08392590
68.55999958	4.93911600	0.08392590
68.63999958	4.93911600	0.08392590
68.71999958	4.93911600	0.08392590
68.79999958	4.93911600	-0.00366222
68.87999958	4.93911600	-0.00366222
68.95999958	4.93911600	0.08392590
69.03999958	4.93911600	0.08392590
69.11999958	4.93911600	0.08392590
69.19999958	4.93911600	-0.00366222
69.27999958	4.93911600	0.08392590
69.35999958	4.93911600	0.08392590
69.43999958	4.93911600	-0.00366222
69.51999958	4.93911600	0.08392590
69.59999958	4.93911600	0.08392590
69.67999958	4.93911600	-0.00366222
69.75999958	4.93911600	0.08392590
69.83999958	4.93911600	-0.00366222
69.91999958	4.93911600	0.08392590
69.99999957	4.93911600	-0.00366222
70.07999957	4.93911600	0.08392590
70.15999957	4.93911600	0.08392590
70.23999957	4.93911600	0.08392590
70.31999957	4.93911600	0.08392590
70.39999957	4.93911600	0.08392590
70.47999957	4.93911600	0.08392590
70.55999957	4.93911600	0.08392590
70.63999957	4.93911600	0.08392590
70.71999957	4.93911600	0.08392590
70.79999957	4.93911600	-0.00366222
70.87999957	4.93911600	-0.00366222
70.95999957	4.93911600	-0.00366222
71.03999957	4.93911600	0.08392590
71.11999957	4.93911600	-0.00366222
71.19999957	4.93911600	0.08392590
71.27999957	4.93911600	0.08392590
71.35999957	4.93911600	0.08392590
71.43999957	4.93911600	-0.00366222
71.51999957	4.93911600	0.08392590
71.59999956	4.93911600	-0.00366222
71.67999956	4.93911600	0.08392590
71.75999956	4.93911600	0.08392590
71.83999956	4.93911600	0.08392590
71.91999956	4.93911600	-0.00366222
71.99999956	4.93911600	0.08392590
72.07999956	4.93911600	-0.00366222
72.15999956	4.93911600	0.08392590
72.23999956	4.93911600	0.08392590
72.31999956	4.93911600	0.08392590
72.39999956	4.93911600	0.08392590
72.47999956	4.93911600	0.08392590
72.55999956	4.93911600	-0.00366222
72.63999956	4.93911600	0.08392590
72.71999956	4.93911600	0.08392590
72.79999956	4.93911600	-0.00366222
72.87999956	4.93911600	0.08392590
72.95999956	4.93911600	-0.00366222
73.03999956	4.93911600	-0.00366222
73.11999956	4.93911600	-0.00366222
73.19999956	4.93911600	-0.00366222
73.27999955	4.93911600	0.08392590
73.35999955	4.93911600	0.08392590
73.43999955	4.93911600	0.08392590
73.51999955	4.93911600	0.08392590
73.59999955	4.93911600	-0.00366222
73.67999955	4.93911600	0.08392590
73.75999955	4.93911600	0.08392590
73.83999955	4.93911600	0.08392590
73.91999955	4.93911600	0.08392590
73.99999955	4.93911600	-0.00366222
74.07999955	4.93911600	0.08392590
74.15999955	4.93911600	-0.00366222
74.23999955	4.93911600	-0.00366222
74.31999955	4.93911600	0.08392590
74.39999955	4.93911600	-0.00366222
74.47999955	4.93911600	-0.00366222
74.55999955	4.93911600	0.08392590
74.63999955	4.93911600	0.08392590
74.71999955	4.93911600	0.08392590
74.79999955	4.93911600	-0.00366222
74.87999954	4.93911600	0.08392590
74.95999954	4.93911600	-0.00366222
75.03999954	4.93911600	0.08392590
75.11999954	4.93911600	-0.00366222
75.19999954	4.93911600	0.08392590
75.27999954	4.93911600	0.08392590
75.35999954	4.93911600	-0.00366222
75.43999954	4.93911600	0.08392590
75.51999954	4.93911600	-0.00366222
75.59999954	4.93911600	-0.00366222
75.67999954	4.93911600	-0.00366222
75.75999954	4.93911600	0.08392590
75.83999954	4.93911600	-0.00366222
75.91999954	4.93911600	-0.00366222
75.99999954	4.93911600	0.08392590
76.07999954	4.93911600	-0.00366222
76.15999954	4.93911600	0.08392590
76.23999954	4.93911600	-0.00366222
76.31999954	4.93911600	0.08392590
76.39999954	4.93911600	-0.00366222
76.47999954	4.93911600	0.08392590
76.55999953	4.93911600	-0.00366222
76.63999953	4.93911600	-0.00366222
76.71999953	4.93911600	-0.00366222
76.79999953	4.93911600	0.08392590
76.87999953	4.93911600	0.08392590
76.95999953	4.93911600	-0.00366222
77.03999953	4.93911600	-0.00366222
77.11999953	4.93911600	0.08392590
77.19999953	4.93911600	0.08392590
77.27999953	4.93911600	-0.00366222
77.35999953	4.93911600	-0.00366222
77.43999953	4.93911600	-0.00366222
77.51999953	4.93911600	0.08392590
77.59999953	4.93911600	-0.00366222
77.67999953	4.93911600	0.08392590
77.75999953	4.93911600	0.08392590
77.83999953	4.93911600	0.08392590
77.91999953	4.93911600	0.08392590
77.99999953	4.93911600	-0.00366222
78.07999953	4.93911600	-0.00366222
78.15999952	4.93911600	0.08392590
78.23999952	4.93911600	-0.00366222
78.31999952	4.85061200	0.08392590
78.39999952	4.93911600	0.08392590
78.47999952	4.93911600	-0.00366222
78.55999952	4.93911600	-0.00366222
78.63999952	4.85061200	-0.00366222
78.71999952	4.93911600	-0.00366222
78.79999952	4.93911600	-0.00366222
78.87999952	4.93911600	0.08392590
78.95999952	4.93911600	0.08392590
79.03999952	4.93911600	0.08392590
79.11999952	4.93911600	0.08392590
79.19999952	4.93911600	-0.00366222
79.27999952	4.93911600	0.08392590
79.35999952	4.93911600	0.08392590
79.43999952	4.93911600	0.08392590
79.51999952	4.93911600	0.08392590
79.59999952	4.93911600	0.08392590
79.67999952	4.85061200	0.17151400
79.75999952	4.67329900	0.43519400
79.83999951	4.14136200	0.87405010
79.91999951	3.52061500	1.40110500
79.99999951	3.07718100	1.92815900
80.07999951	2.36793100	2.45490900
80.15999951	1.83599400	2.98196400
80.23999951	1.21555200	3.50871300
80.31999951	0.59480580	3.94787400
80.39999951	0.15167700	4.38703600
80.47999951	0.06317332	5.00167800
80.55999951	-0.02563555	4.82619700
80.63999951	-0.02563555	4.91409000
80.71999951	-0.02563555	4.91409000
80.79999951	-0.02563555	4.73830400
80.87999951	-0.02563555	4.91409000
80.95999951	-0.02563555	4.82619700
81.03999951	-0.02563555	4.82619700
81.11999951	-0.02563555	4.82619700
81.19999951	-0.02563555	4.82619700
81.27999951	-0.02563555	4.82619700
81.35999951	-0.02563555	4.82619700
81.43999951	-0.02563555	4.91409000
81.51999950	-0.02563555	4.82619700
81.59999950	-0.02563555	4.82619700
81.67999950	-0.02563555	4.82619700
81.75999950	-0.02563555	4.91409000
81.83999950	-0.02563555	4.82619700
81.91999950	-0.02563555	4.91409000
81.99999950	-0.02563555	4.82619700
82.07999950	-0.02563555	4.82619700
82.15999950	0.06317332	4.82619700
82.23999950	-0.02563555	4.91409000
82.31999950	-0.02563555	4.91409000
82.39999950	-0.02563555	4.91409000
82.47999950	-0.02563555	4.82619700
82.55999950	-0.02563555	4.82619700
82.63999950	-0.02563555	4.82619700
82.71999950	-0.02563555	4.82619700
82.79999950	-0.02563555	4.91409000
82.87999950	-0.02563555	4.82619700
82.95999950	-0.02563555	4.91409000
83.03999950	-0.02563555	4.91409000
83.11999949	-0.02563555	4.91409000
83.19999949	-0.02563555	4.82619700
83.27999949	-0.02563555	4.91409000
83.35999949	-0.02563555	4.91409000
83.43999949	-0.02563555	4.82619700
83.51999949	0.06317332	4.82619700
83.59999949	-0.02563555	4.82619700
83.67999949	-0.02563555	4.91409000
83.75999949	-0.02563555	4.91409000
83.83999949	-0.02563555	4.82619700
83.91999949	-0.02563555	4.91409000
83.99999949	-0.02563555	4.91409000
84.07999949	-0.02563555	4.91409000
84.15999949	-0.02563555	4.91409000
84.23999949	0.06317332	4.91409000
84.31999949	-0.02563555	4.91409000
84.39999949	0.06317332	4.91409000
84.47999949	-0.02563555	4.91409000
84.55999949	-0.02563555	4.91409000
84.63999949	-0.02563555	4.91409000
84.71999949	-0.02563555	4.91409000
84.79999948	-0.02563555	4.82619700
84.87999948	-0.02563555	4.91409000
84.95999948	0.06317332	4.91409000
85.03999948	-0.02563555	4.91409000
85.11999948	-0.02563555	4.82619700
85.19999948	-0.02563555	4.82619700
85.27999948	-0.02563555	4.91409000
85.35999948	-0.02563555	4.91409000
85.43999948	-0.02563555	4.91409000
85.51999948	-0.02563555	4.91409000
85.59999948	-0.02563555	4.91409000
85.67999948	-0.02563555	4.91409000
85.75999948	-0.02563555	4.82619700
85.83999948	-0.02563555	4.91409000
85.91999948	-0.02563555	4.91409000
85.99999948	-0.02563555	4.91409000
86.07999948	-0.02563555	4.91409000
86.15999948	-0.02563555	4.91409000
86.23999948	-0.02563555	4.91409000
86.31999948	-0.02563555	4.91409000
86.39999947	-0.02563555	4.91409000
86.47999947	-0.02563555	4.91409000
86.55999947	-0.02563555	4.91409000
86.63999947	-0.02563555	4.91409000
86.71999947	-0.02563555	4.91409000
86.79999947	-0.02563555	4.91409000
86.87999947	-0.02563555	4.91409000
86.95999947	-0.02563555	4.91409000
87.03999947	-0.02563555	4.91409000
87.11999947	-0.02563555	4.91409000
87.19999947	-0.02563555	4.91409000
87.27999947	-0.02563555	4.91409000
87.35999947	-0.02563555	4.91409000
87.43999947	-0.02563555	4.91409000
87.51999947	-0.02563555	4.91409000
87.59999947	0.06317332	4.91409000
87.67999947	-0.02563555	4.91409000
87.75999947	0.06317332	4.91409000
87.83999947	-0.02563555	4.91409000
87.91999947	-0.02563555	4.91409000
87.99999947	-0.02563555	4.91409000
88.07999946	-0.02563555	4.91409000
88.15999946	-0.02563555	4.91409000
88.23999946	-0.02563555	4.91409000
88.31999946	-0.02563555	4.91409000
88.39999946	0.06317332	4.91409000
88.47999946	0.06317332	4.91409000
88.55999946	-0.02563555	4.91409000
88.63999946	0.06317332	4.91409000
88.71999946	-0.02563555	4.91409000
88.79999946	-0.02563555	4.91409000
88.87999946	-0.02563555	4.91409000
88.95999946	-0.02563555	4.91409000
89.03999946	-0.02563555	4.91409000
89.11999946	-0.02563555	4.91409000
89.19999946	0.06317332	4.91409000
89.27999946	-0.02563555	4.91409000
89.35999946	-0.02563555	4.91409000
89.43999946	0.06317332	4.91409000
89.51999946	-0.02563555	4.91409000
89.59999946	-0.02563555	4.91409000
89.67999945	-0.02563555	4.91409000
89.75999945	-0.02563555	4.91409000
89.83999945	-0.02563555	4.91409000
89.91999945	-0.02563555	4.91409000
89.99999945	-0.02563555	4.91409000
90.07999945	-0.02563555	4.91409000
90.15999945	-0.02563555	4.91409000
90.23999945	0.06317332	4.91409000
90.31999945	0.06317332	4.91409000
90.39999945	-0.02563555	4.91409000
90.47999945	-0.02563555	4.91409000
90.55999945	-0.02563555	4.91409000
90.63999945	-0.02563555	4.91409000
90.71999945	-0.02563555	4.91409000
90.79999945	-0.02563555	4.91409000
90.87999945	-0.02563555	4.91409000
90.95999945	-0.02563555	4.91409000
91.03999945	0.06317332	4.91409000
91.11999945	-0.02563555	4.91409000
91.19999945	-0.02563555	4.91409000
91.27999945	0.06317332	4.91409000
91.35999944	0.06317332	4.91409000
91.43999944	-0.02563555	4.91409000
91.51999944	-0.02563555	4.91409000
91.59999944	0.06317332	4.91409000
91.67999944	-0.02563555	4.91409000
91.75999944	-0.02563555	4.91409000
91.83999944	-0.02563555	4.91409000
91.91999944	-0.02563555	4.91409000
91.99999944	-0.02563555	4.91409000
92.07999944	-0.02563555	4.91409000
92.15999944	-0.02563555	4.91409000
92.23999944	-0.02563555	4.91409000
92.31999944	-0.02563555	4.91409000
92.39999944	-0.02563555	4.91409000
92.47999944	-0.02563555	4.91409000
92.55999944	-0.02563555	4.91409000
92.63999944	-0.02563555	4.91409000
92.71999944	0.06317332	4.91409000
92.79999944	0.06317332	4.91409000
92.87999944	-0.02563555	4.91409000
92.95999944	-0.02563555	4.91409000
93.03999943	-0.02563555	4.91409000
93.11999943	-0.02563555	4.91409000
93.19999943	-0.02563555	4.91409000
93.27999943	-0.02563555	4.91409000
93.35999943	-0.02563555	4.91409000
93.43999943	-0.02563555	4.91409000
93.51999943	0.06317332	4.91409000
93.59999943	-0.02563555	4.91409000
93.67999943	-0.02563555	4.91409000
93.75999943	-0.02563555	4.91409000
93.83999943	-0.02563555	4.91409000
93.91999943	0.06317332	4.91409000
93.99999943	-0.02563555	4.91409000
94.07999943	-0.02563555	4.91409000
94.15999943	-0.02563555	4.91409000
94.23999943	-0.02563555	4.91409000
94.31999943	-0.02563555	4.91409000
94.39999943	0.06317332	4.91409000
94.47999943	-0.02563555	4.91409000
94.55999943	-0.02563555	4.91409000
94.63999942	0.06317332	4.91409000
94.71999942	-0.02563555	4.91409000
94.79999942	-0.02563555	4.91409000
94.87999942	-0.02563555	4.91409000
94.95999942	-0.02563555	4.91409000
95.03999942	0.06317332	4.91409000
95.11999942	-0.02563555	4.91409000
95.19999942	-0.02563555	4.91409000
95.27999942	-0.02563555	4.91409000
95.35999942	-0.02563555	4.91409000
95.43999942	-0.02563555	4.91409000
95.51999942	-0.02563555	4.91409000
95.59999942	-0.02563555	4.91409000
95.67999942	-0.02563555	4.91409000
95.75999942	-0.02563555	4.91409000
95.83999942	-0.02563555	4.91409000
95.91999942	-0.02563555	4.91409000
95.99999942	-0.02563555	4.91409000
96.07999942	-0.02563555	4.91409000
96.15999942	-0.02563555	4.91409000
96.23999942	-0.02563555	4.91409000
96.31999941	0.06317332	4.91409000
96.39999941	-0.02563555	4.91409000
96.47999941	-0.02563555	4.91409000
96.55999941	-0.02563555	4.91409000
96.63999941	-0.02563555	4.91409000
96.71999941	-0.02563555	4.91409000
96.79999941	-0.02563555	4.91409000
96.87999941	-0.02563555	4.91409000
96.95999941	-0.02563555	4.91409000
97.03999941	-0.02563555	4.91409000
97.11999941	-0.02563555	4.91409000
97.19999941	-0.02563555	4.91409000
97.27999941	-0.02563555	4.91409000
97.35999941	-0.02563555	4.91409000
97.43999941	-0.02563555	4.91409000
97.51999941	-0.02563555	4.91409000
97.59999941	-0.02563555	4.91409000
97.67999941	-0.02563555	4.91409000
97.75999941	0.06317332	4.91409000
97.83999941	0.06317332	4.91409000
97.91999940	0.06317332	4.91409000
97.99999940	0.06317332	4.91409000
98.07999940	-0.02563555	4.91409000
98.15999940	-0.02563555	4.91409000
98.23999940	-0.02563555	4.91409000
98.31999940	-0.02563555	4.91409000
98.39999940	-0.02563555	4.91409000
98.47999940	-0.02563555	4.91409000
98.55999940	-0.02563555	4.91409000
98.63999940	-0.02563555	4.91409000
98.71999940	-0.02563555	4.91409000
98.79999940	-0.02563555	4.91409000
98.87999940	-0.02563555	4.91409000
98.95999940	-0.02563555	4.91409000
99.03999940	-0.02563555	4.91409000
99.11999940	-0.02563555	4.91409000
99.19999940	0.06317332	4.91409000
99.27999940	0.06317332	4.91409000
99.35999940	0.06317332	4.91409000
99.43999940	-0.02563555	4.91409000
99.51999940	-0.02563555	4.91409000
99.59999939	-0.02563555	4.91409000
99.67999939	0.06317332	4.91409000
99.75999939	-0.02563555	4.91409000
99.83999939	0.06317332	4.91409000
99.91999939	-0.02563555	4.91409000
99.99999939	-0.02563555	4.91409000
100.07999939	0.06317332	4.91409000
100.15999939	0.06317332	4.82619700
100.23999939	0.15167700	4.82619700
100.31999939	0.24048580	4.73830400
100.39999939	0.68361460	4.38703600
100.47999939	1.21555200	3.85998100
100.55999939	1.74749000	3.33323200
100.63999939	2.36793100	2.71828400
100.71999939	2.98867800	2.19153400
100.79999939	3.52061500	1.57689100
100.87999939	4.14136200	1.04983700
100.95999939	4.49598700	0.34730060
101.03999939	5.11642800	0.34730060
101.11999939	5.02792500	0.08392590
101.19999938	5.02792500	0.17151400
101.27999938	5.02792500	0.17151400
101.35999938	4.93911600	0.08392590
101.43999938	4.93911600	0.17151400
101.51999938	4.93911600	0.17151400
101.59999938	4.93911600	0.17151400
101.67999938	4.93911600	0.17151400
101.75999938	4.93911600	0.17151400
101.83999938	4.93911600	0.17151400
101.91999938	4.93911600	0.17151400
101.99999938	4.93911600	0.08392590
102.07999938	4.93911600	0.17151400
102.15999938	4.93911600	0.17151400
102.23999938	4.93911600	0.17151400
102.31999938	4.93911600	0.08392590
102.39999938	4.93911600	0.08392590
102.47999938	4.93911600	0.17151400
102.55999938	4.93911600	0.08392590
102.63999938	4.93911600	0.17151400
102.71999938	4.93911600	0.08392590
102.79999938	4.93911600	0.17151400
102.87999937	4.93911600	0.08392590
102.95999937	4.93911600	0.08392590
103.03999937	4.93911600	0.08392590
103.11999937	4.93911600	0.08392590
103.19999937	4.93911600	0.08392590
103.27999937	4.93911600	0.17151400
103.35999937	4.93911600	0.08392590
103.43999937	4.93911600	0.08392590
103.51999937	4.93911600	0.08392590
103.59999937	4.93911600	0.08392590
103.67999937	4.93911600	0.08392590
103.75999937	4.93911600	0.08392590
103.83999937	4.93911600	0.08392590
103.91999937	4.93911600	0.08392590
103.99999937	4.93911600	0.08392590
104.07999937	4.93911600	0.08392590
104.15999937	4.93911600	0.08392590
104.23999937	4.93911600	0.08392590
104.31999937	4.93911600	0.08392590
104.39999937	4.93911600	0.08392590
104.47999937	4.93911600	0.08392590
104.55999936	4.93911600	0.08392590
104.63999936	4.93911600	0.08392590
104.71999936	4.93911600	0.08392590
104.79999936	4.93911600	0.08392590
104.87999936	4.93911600	0.08392590
104.95999936	4.93911600	0.08392590
105.03999936	4.93911600	0.08392590
105.11999936	4.93911600	0.08392590
105.19999936	4.93911600	0.08392590
105.27999936	4.93911600	0.08392590
105.35999936	4.93911600	0.08392590
105.43999936	4.93911600	0.08392590
105.51999936	4.93911600	0.08392590
105.59999936	4.93911600	0.08392590
105.67999936	4.93911600	0.08392590
105.75999936	4.93911600	0.08392590
105.83999936	4.93911600	0.08392590
105.91999936	4.93911600	0.08392590
105.99999936	4.93911600	0.08392590
106.07999936	4.93911600	0.08392590
106.15999935	4.93911600	0.08392590
106.23999935	4.93911600	0.08392590
106.31999935	4.93911600	0.08392590
106.39999935	4.93911600	-0.00366222
106.47999935	4.93911600	0.08392590
106.55999935	4.93911600	0.08392590
106.63999935	4.93911600	0.08392590
106.71999935	4.93911600	0.08392590
106.79999935	4.93911600	0.08392590
106.87999935	5.02792500	0.08392590
106.95999935	4.93911600	0.08392590
107.03999935	4.93911600	-0.00366222
107.11999935	4.93911600	0.08392590
107.19999935	4.93911600	0.08392590
107.27999935	4.93911600	0.08392590
107.35999935	4.93911600	0.08392590
107.43999935	4.93911600	0.08392590
107.51999935	4.93911600	0.08392590
107.59999935	4.93911600	0.08392590
107.67999935	4.93911600	0.08392590
107.75999935	4.93911600	0.08392590
107.83999934	4.93911600	0.08392590
107.91999934	4.93911600	-0.00366222
107.99999934	4.93911600	-0.00366222
108.07999934	4.93911600	-0.00366222
108.15999934	4.93911600	0.08392590
108.23999934	4.93911600	-0.00366222
108.31999934	4.93911600	0.08392590
108.39999934	4.93911600	0.08392590
108.47999934	4.93911600	0.08392590
108.55999934	4.93911600	0.08392590
108.63999934	4.93911600	-0.00366222
108.71999934	4.93911600	0.08392590
108.79999934	4.93911600	0.08392590
108.87999934	4.93911600	0.08392590
108.95999934	4.93911600	0.08392590
109.03999934	4.93911600	-0.00366222
109.11999934	4.93911600	-0.00366222
109.19999934	4.93911600	0.08392590
109.27999934	4.93911600	-0.00366222
109.35999934	4.93911600	0.08392590
109.43999933	4.93911600	-0.00366222
109.51999933	4.93911600	0.08392590
109.59999933	4.93911600	0.08392590
109.67999933	4.93911600	-0.00366222
109.75999933	4.93911600	0.08392590
109.83999933	4.93911600	0.08392590
109.91999933	4.93911600	0.08392590
109.99999933	4.93911600	0.08392590
110.07999933	4.93911600	0.08392590
110.15999933	4.93911600	0.08392590
110.23999933	4.93911600	0.08392590
110.31999933	4.93911600	0.08392590
110.39999933	4.93911600	0.08392590
110.47999933	4.93911600	0.08392590
110.55999933	4.93911600	0.08392590
110.63999933	4.93911600	0.08392590
110.71999933	4.93911600	0.08392590
110.79999933	4.93911600	0.08392590
110.87999933	4.93911600	-0.00366222
110.95999933	4.93911600	-0.00366222
111.03999933	4.93911600	0.08392590
111.11999932	4.93911600	0.08392590
111.19999932	4.93911600	0.08392590
111.27999932	4.93911600	0.08392590
111.35999932	4.93911600	0.08392590
111.43999932	4.93911600	0.08392590
111.51999932	4.93911600	0.08392590
111.59999932	4.93911600	-0.00366222
111.67999932	4.93911600	-0.00366222
111.75999932	4.93911600	-0.00366222
111.83999932	4.93911600	-0.00366222
111.91999932	4.93911600	-0.00366222
111.99999932	4.93911600	0.08392590
112.07999932	4.93911600	0.08392590
112.15999932	4.93911600	0.08392590
112.23999932	4.93911600	0.08392590
112.31999932	4.93911600	-0.00366222
112.39999932	4.93911600	-0.00366222
112.47999932	4.93911600	-0.00366222
112.55999932	4.93911600	-0.00366222
112.63999932	4.93911600	-0.00366222
112.71999931	4.93911600	0.08392590
112.79999931	4.93911600	0.08392590
112.87999931	4.93911600	-0.00366222
112.95999931	4.93911600	0.08392590
113.03999931	4.93911600	-0.00366222
113.11999931	4.93911600	-0.00366222
113.19999931	4.93911600	0.08392590
113.27999931	4.93911600	0.08392590
113.35999931	4.93911600	0.08392590
113.43999931	4.93911600	-0.00366222
113.51999931	4.93911600	-0.00366222
113.59999931	4.93911600	0.08392590
113.67999931	4.93911600	0.08392590
113.75999931	4.93911600	0.08392590
113.83999931	4.93911600	-0.00366222
113.91999931	4.93911600	-0.00366222
113.99999931	4.93911600	-0.00366222
114.07999931	4.93911600	0.08392590
114.15999931	4.93911600	-0.00366222
114.23999931	4.93911600	-0.00366222
114.31999931	4.93911600	-0.00366222
114.39999930	4.93911600	-0.00366222
114.47999930	4.93911600	-0.00366222
114.55999930	4.93911600	-0.00366222
114.63999930	4.93911600	0.08392590
114.71999930	4.93911600	0.08392590
114.79999930	4.93911600	0.08392590
114.87999930	4.93911600	-0.00366222
114.95999930	4.93911600	0.08392590
115.03999930	4.93911600	0.08392590
115.11999930	4.93911600	0.08392590
115.19999930	4.93911600	0.08392590
115.27999930	4.93911600	0.08392590
115.35999930	4.93911600	0.08392590
115.43999930	4.93911600	0.08392590
115.51999930	4.93911600	-0.00366222
115.59999930	4.93911600	-0.00366222
115.67999930	4.93911600	0.08392590
115.75999930	4.93911600	-0.00366222
115.83999930	4.93911600	0.08392590
115.91999930	4.93911600	0.08392590
115.99999930	4.93911600	-0.00366222
116.07999929	4.93911600	-0.00366222
116.15999929	4.93911600	0.08392590
116.23999929	4.93911600	0.08392590
116.31999929	4.93911600	-0.00366222
116.39999929	4.93911600	0.08392590
116.47999929	4.93911600	-0.00366222
116.55999929	4.93911600	-0.00366222
116.63999929	4.93911600	-0.00366222
116.71999929	4.93911600	0.08392590
116.79999929	4.93911600	-0.00366222
116.87999929	4.93911600	-0.00366222
116.95999929	4.93911600	-0.00366222
117.03999929	4.93911600	-0.00366222
117.11999929	4.93911600	-0.00366222
117.19999929	4.93911600	-0.00366222
117.27999929	4.93911600	-0.00366222
117.35999929	4.85061200	0.08392590
117.43999929	4.93911600	-0.00366222
117.51999929	4.93911600	-0.00366222
117.59999929	4.93911600	-0.00366222
117.67999928	4.93911600	-0.00366222
117.75999928	4.93911600	0.08392590
117.83999928	4.93911600	-0.00366222
117.91999928	4.93911600	-0.00366222
117.99999928	4.93911600	0.08392590
118.07999928	4.93911600	0.08392590
118.15999928	4.93911600	0.08392590
118.23999928	4.93911600	-0.00366222
118.31999928	4.93911600	0.08392590
118.39999928	4.93911600	-0.00366222
118.47999928	4.93911600	-0.00366222
118.55999928	4.93911600	0.08392590
118.63999928	4.93911600	0.08392590
118.71999928	4.93911600	-0.00366222
118.79999928	4.93911600	-0.00366222
118.87999928	4.93911600	-0.00366222
118.95999928	4.93911600	-0.00366222
119.03999928	4.93911600	-0.00366222
119.11999928	4.93911600	0.08392590
119.19999928	4.93911600	-0.00366222
119.27999928	4.93911600	0.08392590
119.35999927	4.93911600	-0.00366222
119.43999927	4.93911600	-0.00366222
119.51999927	4.93911600	0.08392590
119.59999927	4.93911600	0.08392590
119.67999927	4.93911600	-0.00366222
119.75999927	4.93911600	-0.00366222
119.83999927	4.93911600	-0.00366222
119.91999927	4.93911600	-0.00366222
119.99999927	4.93911600	-0.00366222
120.07999927	4.93911600	-0.00366222
120.15999927	4.93911600	-0.00366222
120.23999927	4.93911600	0.08392590
120.31999927	4.93911600	-0.00366222
120.39999927	4.93911600	0.08392590
120.47999927	4.93911600	0.08392590
120.55999927	4.93911600	0.08392590
120.63999927	4.93911600	0.08392590
120.71999927	4.93911600	0.08392590
120.79999927	4.85061200	0.08392590
120.87999927	4.76180300	0.34730060
120.95999926	4.40717800	0.69856870
121.03999926	3.78673700	1.22531800
121.11999926	3.25479900	1.75237300
121.19999926	2.63405300	2.27942800
121.27999926	2.01330600	2.80617700
121.35999926	1.39286500	3.33323200
121.43999926	0.86092720	3.85998100
121.51999926	0.24048580	4.03576800
121.59999926	0.15167700	4.91409000
121.67999926	-0.02563555	4.82619700
121.75999926	-0.02563555	5.00167800
121.83999926	-0.02563555	4.91409000
121.91999926	-0.02563555	4.82619700
121.99999926	-0.02563555	4.91409000
122.07999926	-0.02563555	4.82619700
122.15999926	-0.02563555	4.82619700
122.23999926	-0.02563555	4.82619700
122.31999926	-0.02563555	4.82619700
122.39999926	-0.02563555	4.82619700
122.47999926	-0.02563555	4.82619700
122.55999926	-0.02563555	4.91409000
122.63999925	-0.02563555	4.82619700
122.71999925	-0.02563555	4.82619700
122.79999925	-0.02563555	4.91409000
122.87999925	-0.02563555	4.91409000
122.95999925	-0.02563555	4.82619700
123.03999925	-0.02563555	4.82619700
123.11999925	-0.02563555	4.82619700
123.19999925	-0.02563555	4.82619700
123.27999925	-0.02563555	4.82619700
123.35999925	-0.02563555	4.82619700
123.43999925	-0.02563555	4.82619700
123.51999925	-0.02563555	4.82619700
123.59999925	-0.02563555	4.91409000
123.67999925	-0.02563555	4.82619700
123.75999925	-0.02563555	4.82619700
123.83999925	-0.02563555	4.82619700
123.91999925	-0.02563555	4.82619700
123.99999925	-0.02563555	4.91409000
124.07999925	-0.02563555	4.82619700
124.15999925	-0.02563555	4.82619700
124.23999924	-0.02563555	4.82619700
124.31999924	-0.02563555	4.82619700
124.39999924	-0.02563555	4.91409000
124.47999924	-0.02563555	4.91409000
124.55999924	-0.02563555	4.82619700
124.63999924	-0.02563555	4.82619700
124.71999924	-0.02563555	4.91409000
124.79999924	-0.02563555	4.91409000
124.87999924	-0.02563555	4.91409000
124.95999924	-0.02563555	4.82619700
125.03999924	-0.02563555	4.91409000
125.11999924	-0.02563555	4.91409000
125.19999924	-0.02563555	4.91409000
125.27999924	-0.02563555	4.91409000
125.35999924	-0.02563555	4.91409000
125.43999924	-0.02563555	4.91409000
125.51999924	-0.02563555	4.91409000
125.59999924	-0.02563555	4.91409000
125.67999924	-0.02563555	4.91409000
125.75999924	-0.02563555	4.91409000
125.83999924	-0.02563555	4.91409000
125.91999923	-0.02563555	4.91409000
125.99999923	-0.02563555	4.91409000
126.07999923	-0.02563555	4.91409000
126.15999923	-0.02563555	4.91409000
126.23999923	-0.02563555	4.91409000
126.31999923	-0.02563555	4.91409000
126.39999923	-0.02563555	4.91409000
126.47999923	-0.02563555	4.91409000
126.55999923	-0.02563555	4.91409000
126.63999923	-0.02563555	4.91409000
126.71999923	-0.02563555	4.91409000
126.79999923	-0.02563555	4.91409000
126.87999923	-0.02563555	4.91409000
126.95999923	-0.02563555	4.91409000
127.03999923	-0.02563555	4.91409000
127.11999923	-0.02563555	4.91409000
127.19999923	-0.02563555	4.91409000
127.27999923	-0.02563555	4.91409000
127.35999923	-0.02563555	4.91409000
127.43999923	-0.02563555	4.91409000
127.51999923	-0.02563555	4.91409000
127.59999922	-0.02563555	4.91409000
127.67999922	-0.02563555	4.91409000
127.75999922	0.06317332	4.91409000
127.83999922	-0.02563555	4.91409000
127.91999922	-0.02563555	4.91409000
127.99999922	-0.02563555	4.91409000
128.07999922	-0.02563555	4.91409000
128.15999922	-0.02563555	4.91409000
128.23999922	-0.02563555	4.91409000
128.31999922	-0.02563555	4.91409000
128.39999922	-0.02563555	4.91409000
128.47999922	-0.02563555	4.91409000
128.55999922	-0.02563555	4.91409000
128.63999922	-0.02563555	4.91409000
128.71999922	-0.02563555	4.91409000
128.79999922	-0.02563555	4.91409000
128.87999922	-0.02563555	4.91409000
128.95999922	-0.02563555	4.91409000
129.03999922	-0.02563555	4.91409000
129.11999922	-0.02563555	4.91409000
129.19999921	-0.02563555	4.91409000
129.27999921	-0.02563555	4.91409000
129.35999921	-0.02563555	4.91409000
129.43999921	-0.02563555	4.91409000
129.51999921	-0.02563555	4.91409000
129.59999921	-0.02563555	4.91409000
129.67999921	-0.02563555	4.91409000
129.75999921	-0.02563555	4.91409000
129.83999921	-0.02563555	4.91409000
129.91999921	-0.02563555	4.91409000
129.99999921	-0.02563555	4.91409000
130.07999921	-0.02563555	4.91409000
130.15999921	-0.02563555	4.91409000
130.23999921	-0.02563555	4.91409000
130.31999921	-0.02563555	4.91409000
130.39999921	-0.02563555	4.91409000
130.47999921	-0.02563555	4.91409000
130.55999921	-0.02563555	4.91409000
130.63999921	-0.02563555	4.91409000
130.71999921	-0.02563555	4.91409000
130.79999921	-0.02563555	4.91409000
130.87999920	0.06317332	4.91409000
130.95999920	0.06317332	4.91409000
131.03999920	-0.02563555	4.91409000
131.11999920	-0.02563555	4.91409000
131.19999920	-0.02563555	4.91409000
131.27999920	-0.02563555	4.91409000
131.35999920	-0.02563555	4.91409000
131.43999920	0.06317332	4.91409000
131.51999920	-0.02563555	4.91409000
131.59999920	-0.02563555	4.91409000
131.67999920	-0.02563555	4.91409000
131.75999920	-0.02563555	4.91409000
131.83999920	-0.02563555	4.91409000
131.91999920	0.06317332	4.91409000
131.99999920	-0.02563555	4.91409000
132.07999920	-0.02563555	4.91409000
132.15999920	-0.02563555	4.91409000
132.23999920	0.06317332	4.91409000
132.31999920	-0.02563555	4.91409000
132.39999920	-0.02563555	4.91409000
132.47999919	-0.02563555	4.91409000
132.55999919	-0.02563555	4.91409000
132.63999919	-0.02563555	4.91409000
132.71999919	-0.02563555	4.91409000
132.79999919	-0.02563555	4.91409000
132.87999919	-0.02563555	4.91409000
132.95999919	-0.02563555	4.91409000
133.03999919	-0.02563555	4.91409000
133.11999919	-0.02563555	4.91409000
133.19999919	-0.02563555	4.91409000
133.27999919	-0.02563555	4.91409000
133.35999919	-0.02563555	4.91409000
133.43999919	-0.02563555	4.91409000
133.51999919	-0.02563555	4.91409000
133.59999919	0.06317332	4.91409000
133.67999919	-0.02563555	4.91409000
133.75999919	-0.02563555	4.91409000
133.83999919	-0.02563555	4.91409000
133.91999919	-0.02563555	4.91409000
133.99999919	-0.02563555	4.91409000
134.07999919	-0.02563555	4.91409000
134.15999918	-0.02563555	4.91409000
134.23999918	-0.02563555	4.91409000
134.31999918	-0.02563555	4.91409000
134.39999918	-0.02563555	4.91409000
134.47999918	-0.02563555	4.91409000
134.55999918	-0.02563555	4.91409000
134.63999918	-0.02563555	4.91409000
134.71999918	-0.02563555	4.91409000
134.79999918	-0.02563555	4.91409000
134.87999918	0.06317332	4.91409000
134.95999918	-0.02563555	4.91409000
135.03999918	0.06317332	4.91409000
135.11999918	-0.02563555	4.91409000
135.19999918	-0.02563555	4.91409000
135.27999918	0.06317332	4.91409000
135.35999918	0.06317332	4.91409000
135.43999918	0.06317332	4.91409000
135.51999918	0.06317332	4.91409000
135.59999918	-0.02563555	4.91409000
135.67999918	-0.02563555	4.91409000
135.75999917	-0.02563555	4.91409000
135.83999917	-0.02563555	4.91409000
135.91999917	-0.02563555	4.91409000
135.99999917	-0.02563555	4.91409000
136.07999917	-0.02563555	4.91409000
136.15999917	-0.02563555	4.91409000
136.23999917	-0.02563555	4.91409000
136.31999917	-0.02563555	4.91409000
136.39999917	-0.02563555	4.91409000
136.47999917	-0.02563555	4.91409000
136.55999917	-0.02563555	4.91409000
136.63999917	-0.02563555	4.91409000
136.71999917	0.06317332	4.91409000
136.79999917	-0.02563555	4.91409000
136.87999917	-0.02563555	4.91409000
136.95999917	0.06317332	4.91409000
137.03999917	-0.02563555	4.91409000
137.11999917	-0.02563555	4.91409000
137.19999917	0.06317332	4.91409000
137.27999917	0.06317332	4.91409000
137.35999917	-0.02563555	4.91409000
137.43999916	-0.02563555	4.91409000
137.51999916	-0.02563555	4.91409000
137.59999916	-0.02563555	4.91409000
137.67999916	-0.02563555	4.91409000
137.75999916	-0.02563555	4.91409000
137.83999916	-0.02563555	4.91409000
137.91999916	-0.02563555	4.91409000
137.99999916	-0.02563555	4.91409000
138.07999916	0.06317332	4.91409000
138.15999916	-0.02563555	4.91409000
138.23999916	-0.02563555	4.91409000
138.31999916	-0.02563555	4.91409000
138.39999916	-0.02563555	4.91409000
138.47999916	-0.02563555	4.91409000
138.55999916	-0.02563555	4.91409000
138.63999916	-0.02563555	4.91409000
138.71999916	-0.02563555	4.91409000
138.79999916	-0.02563555	4.91409000
138.87999916	-0.02563555	4.91409000
138.95999916	-0.02563555	4.91409000
139.03999915	0.06317332	4.91409000
139.11999915	-0.02563555	4.91409000
139.19999915	-0.02563555	4.91409000
139.27999915	-0.02563555	4.91409000
139.35999915	0.06317332	4.91409000
139.43999915	0.06317332	4.91409000
139.51999915	0.06317332	4.91409000
139.59999915	-0.02563555	4.91409000
139.67999915	-0.02563555	4.91409000
139.75999915	-0.02563555	4.91409000
139.83999915	-0.02563555	4.91409000
139.91999915	-0.02563555	4.91409000
139.99999915	-0.02563555	4.91409000
140.07999915	-0.02563555	4.91409000
140.15999915	-0.02563555	4.91409000
140.23999915	0.06317332	4.91409000
140.31999915	-0.02563555	4.91409000
140.39999915	-0.02563555	4.91409000
140.47999915	-0.02563555	4.91409000
140.55999915	-0.02563555	4.91409000
140.63999915	-0.02563555	4.91409000
140.71999914	-0.02563555	4.91409000
140.79999914	-0.02563555	4.91409000
140.87999914	-0.02563555	4.91409000
140.95999914	-0.02563555	4.91409000
141.03999914	-0.02563555	4.91409000
141.11999914	-0.02563555	4.91409000
141.19999914	-0.02563555	4.91409000
141.27999914	0.06317332	4.91409000
141.35999914	0.15167700	4.82619700
141.43999914	0.32898950	4.65041100
141.51999914	0.68361460	4.29914200
141.59999914	1.30405600	3.77239300
141.67999914	1.92480200	3.15744500
141.75999914	2.45674000	2.63069600
141.83999914	3.07718100	2.10364100
141.91999914	3.69792800	1.48899800
141.99999914	4.22986600	0.96194340
142.07999914	4.49598700	0.17151400
142.15999914	5.11642800	0.34730060
142.23999914	5.02792500	-0.00366222
142.31999914	4.93911600	0.17151400
142.39999913	5.11642800	0.17151400
142.47999913	4.93911600	0.08392590
142.55999913	4.93911600	0.17151400
142.63999913	4.93911600	0.08392590
142.71999913	4.93911600	0.17151400
142.79999913	4.93911600	0.17151400
142.87999913	4.93911600	0.17151400
142.95999913	4.93911600	0.17151400
143.03999913	4.93911600	0.17151400
143.11999913	4.93911600	0.17151400
143.19999913	4.93911600	0.17151400
143.27999913	4.93911600	0.08392590
143.35999913	4.93911600	0.08392590
143.43999913	4.93911600	0.08392590
143.51999913	4.93911600	0.08392590
143.59999913	4.93911600	0.08392590
143.67999913	4.93911600	0.08392590
143.75999913	4.93911600	0.08392590
143.83999913	4.93911600	0.08392590
143.91999913	4.93911600	0.08392590
143.99999912	4.93911600	0.08392590
144.07999912	4.93911600	0.08392590
144.15999912	4.93911600	0.08392590
144.23999912	4.93911600	0.08392590
144.31999912	4.93911600	0.08392590
144.39999912	4.93911600	0.08392590
144.47999912	4.93911600	0.08392590
144.55999912	4.93911600	0.08392590
144.63999912	4.93911600	0.08392590
144.71999912	4.93911600	0.08392590
144.79999912	4.93911600	0.08392590
144.87999912	4.93911600	0.08392590
144.95999912	4.93911600	0.08392590
145.03999912	4.93911600	0.08392590
145.11999912	4.93911600	0.08392590
145.19999912	4.93911600	0.08392590
145.27999912	4.93911600	0.08392590
145.35999912	4.93911600	0.08392590
145.43999912	4.93911600	0.08392590
145.51999912	4.93911600	0.08392590
145.59999912	4.93911600	0.08392590
145.67999911	4.93911600	0.08392590
145.75999911	4.93911600	0.08392590
145.83999911	4.93911600	0.08392590
145.91999911	4.93911600	0.08392590
145.99999911	4.93911600	0.08392590
146.07999911	4.93911600	0.08392590
146.15999911	4.93911600	0.08392590
146.23999911	4.93911600	0.08392590
146.31999911	4.93911600	0.08392590
146.39999911	4.93911600	0.08392590
146.47999911	4.93911600	0.08392590
146.55999911	4.93911600	0.08392590
146.63999911	4.93911600	0.08392590
146.71999911	4.93911600	0.08392590
146.79999911	4.93911600	0.08392590
146.87999911	4.93911600	0.08392590
146.95999911	4.93911600	0.08392590
147.03999911	4.93911600	0.08392590
147.11999911	4.93911600	0.08392590
147.19999911	4.93911600	0.08392590
147.27999910	4.93911600	0.08392590
147.35999910	4.93911600	0.08392590
147.43999910	4.93911600	0.08392590
147.51999910	4.93911600	-0.00366222
147.59999910	4.93911600	0.08392590
147.67999910	4.93911600	0.08392590
147.75999910	4.93911600	0.08392590
147.83999910	4.93911600	0.08392590
147.91999910	4.93911600	0.08392590
147.99999910	4.93911600	0.08392590
148.07999910	4.93911600	0.08392590
148.15999910	4.93911600	0.08392590
148.23999910	4.93911600	0.08392590
148.31999910	4.93911600	0.08392590
148.39999910	4.93911600	0.08392590
148.47999910	4.93911600	-0.00366222
148.55999910	4.93911600	0.08392590
148.63999910	4.93911600	0.08392590
148.71999910	4.93911600	0.08392590
148.79999910	4.93911600	0.08392590
148.87999910	4.93911600	0.08392590
148.95999909	4.93911600	0.08392590
149.03999909	4.93911600	0.08392590
149.11999909	4.93911600	0.08392590
149.19999909	4.93911600	0.08392590
149.27999909	4.93911600	-0.00366222
149.35999909	4.93911600	0.08392590
149.43999909	4.93911600	0.08392590
149.51999909	4.93911600	0.08392590
149.59999909	4.93911600	0.08392590
149.67999909	4.93911600	-0.00366222
149.75999909	4.93911600	-0.00366222
149.83999909	4.93911600	0.08392590
149.91999909	4.93911600	0.08392590
149.99999909	4.93911600	0.08392590
150.07999909	4.93911600	0.08392590
150.15999909	4.93911600	0.08392590
150.23999909	4.93911600	0.08392590
150.31999909	4.93911600	0.08392590
150.39999909	4.93911600	0.08392590
150.47999909	4.93911600	0.08392590
150.55999908	4.93911600	-0.00366222
150.63999908	4.93911600	0.08392590
150.71999908	4.93911600	0.08392590
150.79999908	4.93911600	0.08392590
150.87999908	4.93911600	0.08392590
150.95999908	4.93911600	0.08392590
151.03999908	4.93911600	-0.00366222
151.11999908	4.93911600	0.08392590
151.19999908	4.93911600	0.08392590
151.27999908	4.93911600	0.08392590
151.35999908	4.93911600	-0.00366222
151.43999908	4.93911600	0.08392590
151.51999908	4.93911600	0.08392590
151.59999908	4.93911600	-0.00366222
151.67999908	4.93911600	0.08392590
151.75999908	4.93911600	0.08392590
151.83999908	4.93911600	-0.00366222
151.91999908	4.93911600	-0.00366222
151.99999908	4.93911600	0.08392590
152.07999908	4.93911600	0.08392590
152.15999908	4.93911600	-0.00366222
152.23999907	4.93911600	-0.00366222
152.31999907	4.93911600	0.08392590
152.39999907	4.93911600	-0.00366222
152.47999907	4.93911600	-0.00366222
152.55999907	4.93911600	-0.00366222
152.63999907	4.93911600	0.08392590
152.71999907	4.93911600	0.08392590
152.79999907	4.93911600	-0.00366222
152.87999907	4.93911600	-0.00366222
152.95999907	4.93911600	-0.00366222
153.03999907	4.93911600	0.08392590
153.11999907	4.93911600	0.08392590
153.19999907	4.93911600	0.08392590
153.27999907	4.93911600	-0.00366222
153.35999907	4.93911600	0.08392590
153.43999907	4.93911600	-0.00366222
153.51999907	4.93911600	0.08392590
153.59999907	4.93911600	-0.00366222
153.67999907	4.93911600	0.08392590
153.75999907	4.93911600	0.08392590
153.83999907	4.85061200	-0.00366222
153.91999906	4.93911600	0.08392590
153.99999906	4.93911600	-0.00366222
154.07999906	4.93911600	-0.00366222
154.15999906	4.93911600	0.08392590
154.23999906	4.93911600	0.08392590
154.31999906	4.93911600	-0.00366222
154.39999906	4.93911600	0.08392590
154.47999906	4.93911600	-0.00366222
154.55999906	4.93911600	0.08392590
154.63999906	4.93911600	-0.00366222
154.71999906	4.93911600	-0.00366222
154.79999906	4.93911600	-0.00366222
154.87999906	4.93911600	-0.00366222
154.95999906	4.93911600	0.08392590
155.03999906	4.93911600	0.08392590
155.11999906	4.93911600	-0.00366222
155.19999906	4.93911600	0.08392590
155.27999906	4.93911600	-0.00366222
155.35999906	4.93911600	-0.00366222
155.43999906	4.93911600	0.08392590
155.51999905	4.93911600	-0.00366222
155.59999905	4.93911600	0.08392590
155.67999905	4.93911600	-0.00366222
155.75999905	4.93911600	-0.00366222
155.83999905	4.93911600	-0.00366222
155.91999905	4.93911600	-0.00366222
155.99999905	4.93911600	-0.00366222
156.07999905	4.93911600	0.08392590
156.15999905	4.93911600	0.08392590
156.23999905	4.93911600	-0.00366222
156.31999905	4.93911600	-0.00366222
156.39999905	4.93911600	0.08392590
156.47999905	4.93911600	-0.00366222
156.55999905	4.93911600	0.08392590
156.63999905	4.93911600	-0.00366222
156.71999905	4.93911600	0.08392590
156.79999905	4.93911600	-0.00366222
156.87999905	4.93911600	-0.00366222
156.95999905	4.93911600	0.08392590
157.03999905	4.93911600	-0.00366222
157.11999905	4.93911600	-0.00366222
157.19999904	4.93911600	-0.00366222
157.27999904	4.93911600	-0.00366222
157.35999904	4.93911600	-0.00366222
157.43999904	4.93911600	-0.00366222
157.51999904	4.93911600	0.08392590
157.59999904	4.93911600	0.08392590
157.67999904	4.93911600	0.08392590
157.75999904	4.93911600	-0.00366222
157.83999904	4.93911600	0.08392590
157.91999904	4.93911600	0.08392590
157.99999904	4.93911600	0.08392590
158.07999904	4.93911600	-0.00366222
158.15999904	4.93911600	0.08392590
158.23999904	4.93911600	-0.00366222
158.31999904	4.85061200	-0.00366222
158.39999904	4.93911600	-0.00366222
158.47999904	4.93911600	-0.00366222
158.55999904	4.93911600	0.08392590
158.63999904	4.93911600	-0.00366222
158.71999904	4.93911600	-0.00366222
158.79999903	4.93911600	-0.00366222
158.87999903	4.93911600	-0.00366222
158.95999903	4.93911600	0.08392590
159.03999903	4.93911600	-0.00366222
159.11999903	4.93911600	0.08392590
159.19999903	4.93911600	-0.00366222
159.27999903	4.93911600	0.08392590
159.35999903	4.93911600	-0.00366222
159.43999903	4.93911600	-0.00366222
159.51999903	4.93911600	-0.00366222
159.59999903	4.93911600	0.08392590
159.67999903	4.93911600	-0.00366222
159.75999903	4.93911600	-0.00366222
159.83999903	4.85061200	0.08392590
159.91999903	4.93911600	-0.00366222
159.99999903	4.93911600	0.08392590
160.07999903	4.93911600	-0.00366222
160.15999903	4.93911600	-0.00366222
160.23999903	4.93911600	-0.00366222
160.31999903	4.93911600	-0.00366222
160.39999903	4.93911600	-0.00366222
160.47999902	4.93911600	0.08392590
160.55999902	4.93911600	0.08392590
160.63999902	4.93911600	-0.00366222
160.71999902	4.93911600	0.08392590
160.79999902	4.93911600	-0.00366222
160.87999902	4.93911600	0.08392590
160.95999902	4.93911600	0.08392590
161.03999902	4.93911600	0.08392590
161.11999902	4.93911600	-0.00366222
161.19999902	4.93911600	-0.00366222
161.27999902	4.93911600	-0.00366222
161.35999902	4.93911600	-0.00366222
161.43999902	4.93911600	0.08392590
161.51999902	4.93911600	0.08392590
161.59999902	4.93911600	-0.00366222
161.67999902	4.93911600	0.08392590
161.75999902	4.93911600	0.08392590
161.83999902	4.93911600	0.08392590
161.91999902	4.85061200	0.17151400
161.99999902	4.67329900	0.34730060
162.07999901	4.22986600	0.78646200
162.15999901	3.69792800	1.31321100
162.23999901	3.07718100	1.84026600
162.31999901	2.54524400	2.36701600
162.39999901	1.92480200	2.89407000
162.47999901	1.30405600	3.42112500
162.55999901	0.68361460	3.85998100
162.63999901	0.15167700	4.21124900
162.71999901	0.15167700	5.00167800
162.79999901	-0.02563555	4.82619700
162.87999901	-0.02563555	5.00167800
162.95999901	-0.02563555	4.91409000
163.03999901	-0.02563555	4.73830400
163.11999901	-0.02563555	4.91409000
163.19999901	-0.02563555	4.82619700
163.27999901	-0.02563555	4.82619700
163.35999901	-0.02563555	4.82619700
163.43999901	-0.02563555	4.82619700
163.51999901	-0.02563555	4.82619700
163.59999901	-0.02563555	4.82619700
163.67999901	-0.02563555	4.91409000
163.75999900	-0.02563555	4.82619700
163.83999900	-0.02563555	4.82619700
163.91999900	-0.02563555	4.91409000
163.99999900	-0.02563555	4.91409000
164.07999900	-0.02563555	4.82619700
164.15999900	-0.02563555	4.91409000
164.23999900	-0.02563555	4.82619700
164.31999900	-0.02563555	4.82619700
164.39999900	-0.02563555	4.82619700
164.47999900	-0.02563555	4.82619700
164.55999900	0.06317332	4.91409000
164.63999900	-0.02563555	4.91409000
164.71999900	-0.02563555	4.82619700
164.79999900	-0.02563555	4.91409000
164.87999900	-0.02563555	4.82619700
164.95999900	-0.02563555	4.91409000
165.03999900	-0.02563555	4.82619700
165.11999900	-0.02563555	4.82619700
165.19999900	-0.02563555	4.91409000
165.27999900	-0.02563555	4.82619700
165.35999900	-0.02563555	4.82619700
165.43999899	-0.02563555	4.91409000
165.51999899	-0.02563555	4.91409000
165.59999899	-0.02563555	4.91409000
165.67999899	0.06317332	4.82619700
165.75999899	-0.02563555	4.82619700
165.83999899	-0.02563555	4.91409000
165.91999899	-0.02563555	4.82619700
165.99999899	-0.02563555	4.91409000
166.07999899	-0.02563555	4.91409000
166.15999899	-0.02563555	4.91409000
166.23999899	-0.02563555	4.91409000
166.31999899	0.06317332	4.91409000
166.39999899	-0.02563555	4.91409000
166.47999899	-0.02563555	4.91409000
166.55999899	-0.02563555	4.91409000
166.63999899	-0.02563555	4.91409000
166.71999899	-0.02563555	4.91409000
166.79999899	-0.02563555	4.91409000
166.87999899	-0.02563555	4.91409000
166.95999899	-0.02563555	4.91409000
167.03999898	-0.02563555	4.91409000
167.11999898	-0.02563555	4.91409000
167.19999898	-0.02563555	4.91409000
167.27999898	-0.02563555	4.91409000
167.35999898	-0.02563555	4.82619700
167.43999898	-0.02563555	4.91409000
167.51999898	-0.02563555	4.91409000
167.59999898	-0.02563555	4.91409000
167.67999898	-0.02563555	4.91409000
167.75999898	-0.02563555	4.91409000
167.83999898	-0.02563555	4.91409000
167.91999898	-0.02563555	4.91409000
167.99999898	-0.02563555	4.91409000
168.07999898	-0.02563555	4.91409000
168.15999898	-0.02563555	4.91409000
168.23999898	-0.02563555	4.91409000
168.31999898	-0.02563555	4.91409000
168.39999898	-0.02563555	4.91409000
168.47999898	-0.02563555	4.91409000
168.55999898	-0.02563555	4.91409000
168.63999898	-0.02563555	4.91409000
168.71999897	-0.02563555	4.91409000
168.79999897	-0.02563555	4.91409000
168.87999897	-0.02563555	4.91409000
168.95999897	-0.02563555	4.91409000
169.03999897	-0.02563555	4.91409000
169.11999897	0.06317332	4.91409000
169.19999897	0.06317332	4.82619700
169.27999897	-0.02563555	4.91409000
169.35999897	-0.02563555	4.91409000
169.43999897	-0.02563555	4.91409000
169.51999897	-0.02563555	4.91409000
169.59999897	-0.02563555	4.91409000
169.67999897	-0.02563555	4.82619700
169.75999897	-0.02563555	4.91409000
169.83999897	-0.02563555	4.91409000
169.91999897	-0.02563555	4.91409000
169.99999897	-0.02563555	4.91409000
170.07999897	-0.02563555	4.82619700
170.15999897	-0.02563555	4.91409000
170.23999897	-0.02563555	4.91409000
170.31999896	-0.02563555	4.91409000
170.39999896	-0.02563555	4.91409000
170.47999896	-0.02563555	4.91409000
170.55999896	-0.02563555	4.91409000
170.63999896	-0.02563555	4.91409000
170.71999896	-0.02563555	4.91409000
170.79999896	-0.02563555	4.91409000
170.87999896	-0.02563555	4.91409000
170.95999896	-0.02563555	4.91409000
171.03999896	-0.02563555	4.91409000
171.11999896	-0.02563555	4.91409000
171.19999896	-0.02563555	4.91409000
171.27999896	-0.02563555	4.91409000
171.35999896	-0.02563555	4.91409000
171.43999896	0.06317332	4.91409000
171.51999896	-0.02563555	4.91409000
171.59999896	-0.02563555	4.91409000
171.67999896	-0.02563555	4.91409000
171.75999896	0.06317332	4.91409000
171.83999896	-0.02563555	4.91409000
171.91999896	-0.02563555	4.91409000
171.99999895	-0.02563555	4.91409000
172.07999895	-0.02563555	4.91409000
172.15999895	-0.02563555	4.91409000
172.23999895	-0.02563555	4.91409000
172.31999895	0.06317332	4.91409000
172.39999895	0.06317332	4.91409000
172.47999895	-0.02563555	4.91409000
172.55999895	-0.02563555	4.91409000
172.63999895	-0.02563555	4.91409000
172.71999895	0.06317332	4.91409000
172.79999895	-0.02563555	4.91409000
172.87999895	0.06317332	4.91409000
172.95999895	-0.02563555	4.91409000
173.03999895	-0.02563555	4.91409000
173.11999895	-0.02563555	4.91409000
173.19999895	0.06317332	4.91409000
173.27999895	-0.02563555	4.91409000
173.35999895	-0.02563555	4.91409000
173.43999895	0.06317332	4.91409000
173.51999895	0.06317332	4.91409000
173.59999894	-0.02563555	4.91409000
173.67999894	0.06317332	4.91409000
173.75999894	-0.02563555	4.91409000
173.83999894	0.06317332	4.91409000
173.91999894	0.06317332	4.91409000
173.99999894	0.06317332	4.91409000
174.07999894	-0.02563555	4.91409000
174.15999894	-0.02563555	4.91409000
174.23999894	-0.02563555	4.91409000
174.31999894	-0.02563555	4.91409000
174.39999894	-0.02563555	4.91409000
174.47999894	-0.02563555	4.91409000
174.55999894	-0.02563555	4.91409000
174.63999894	-0.02563555	4.91409000
174.71999894	-0.02563555	4.91409000
174.79999894	-0.02563555	4.91409000
174.87999894	-0.02563555	4.91409000
174.95999894	-0.02563555	4.91409000
175.03999894	-0.02563555	4.91409000
175.11999894	-0.02563555	4.91409000
175.19999894	-0.02563555	4.91409000
175.27999893	-0.02563555	4.91409000
175.35999893	-0.02563555	4.91409000
175.43999893	-0.02563555	4.91409000
175.51999893	-0.02563555	4.91409000
175.59999893	-0.02563555	4.91409000
175.67999893	-0.02563555	4.91409000
175.75999893	-0.02563555	4.91409000
175.83999893	-0.02563555	4.91409000
175.91999893	-0.02563555	4.91409000
175.99999893	-0.02563555	4.91409000
176.07999893	-0.02563555	4.91409000
176.15999893	-0.02563555	4.91409000
176.23999893	-0.02563555	4.91409000
176.31999893	-0.02563555	4.91409000
176.39999893	-0.02563555	4.91409000
176.47999893	-0.02563555	4.91409000
176.55999893	-0.02563555	4.91409000
176.63999893	0.06317332	4.91409000
176.71999893	-0.02563555	4.91409000
176.79999893	-0.02563555	4.91409000
176.87999893	-0.02563555	4.91409000
176.95999892	0.06317332	4.91409000
177.03999892	-0.02563555	4.91409000
177.11999892	-0.02563555	4.91409000
177.19999892	-0.02563555	4.91409000
177.27999892	-0.02563555	4.91409000
177.35999892	-0.02563555	5.00167800
177.43999892	-0.02563555	4.91409000
177.51999892	0.06317332	4.91409000
177.59999892	-0.02563555	4.91409000
177.67999892	0.06317332	4.91409000
177.75999892	-0.02563555	4.91409000
177.83999892	-0.02563555	4.91409000
177.91999892	-0.02563555	4.91409000
177.99999892	0.06317332	4.91409000
178.07999892	-0.02563555	4.91409000
178.15999892	-0.02563555	4.91409000
178.23999892	-0.02563555	4.91409000
178.31999892	0.06317332	4.91409000
178.39999892	-0.02563555	4.91409000
178.47999892	-0.02563555	4.91409000
178.55999891	0.06317332	4.91409000
178.63999891	0.06317332	4.91409000
178.71999891	-0.02563555	4.91409000
178.79999891	-0.02563555	4.91409000
178.87999891	-0.02563555	4.91409000
178.95999891	0.06317332	4.91409000
179.03999891	-0.02563555	4.91409000
179.11999891	-0.02563555	4.91409000
179.19999891	-0.02563555	4.91409000
179.27999891	-0.02563555	4.91409000
179.35999891	-0.02563555	4.91409000
179.43999891	-0.02563555	4.91409000
179.51999891	-0.02563555	4.91409000
179.59999891	-0.02563555	4.91409000
179.67999891	-0.02563555	4.91409000
179.75999891	-0.02563555	4.91409000
179.83999891	-0.02563555	4.91409000
179.91999891	-0.02563555	4.91409000
179.99999891	-0.02563555	4.91409000
180.07999891	0.06317332	4.91409000
180.15999891	0.06317332	4.91409000
180.23999890	0.06317332	4.91409000
180.31999890	-0.02563555	4.91409000
180.39999890	-0.02563555	4.91409000
180.47999890	-0.02563555	4.91409000
180.55999890	-0.02563555	4.91409000
180.63999890	-0.02563555	4.91409000
180.71999890	-0.02563555	4.91409000
180.79999890	-0.02563555	4.91409000
180.87999890	-0.02563555	4.91409000
180.95999890	-0.02563555	4.91409000
181.03999890	0.06317332	4.91409000
181.11999890	-0.02563555	4.91409000
181.19999890	0.06317332	4.91409000
181.27999890	-0.02563555	4.91409000
181.35999890	-0.02563555	4.91409000
181.43999890	0.06317332	4.91409000
181.51999890	-0.02563555	4.91409000
181.59999890	-0.02563555	4.91409000
181.67999890	-0.02563555	4.91409000
181.75999890	0.06317332	4.91409000
181.83999889	-0.02563555	4.91409000
181.91999889	-0.02563555	4.91409000
181.99999889	0.06317332	4.91409000
182.07999889	0.06317332	4.91409000
182.15999889	-0.02563555	4.91409000
182.23999889	0.06317332	4.91409000
182.31999889	-0.02563555	4.91409000
182.39999889	0.06317332	4.91409000
182.47999889	0.15167700	4.82619700
182.55999889	0.32898950	4.73830400
182.63999889	0.68361460	4.38703600
182.71999889	1.21555200	3.85998100
182.79999889	1.92480200	3.24533800
182.87999889	2.45674000	2.71828400
182.95999889	3.07718100	2.10364100
183.03999889	3.60942400	1.48899800
183.11999889	4.22986600	0.96194340
183.19999889	4.49598700	0.25940730
183.27999889	5.11642800	0.34730060
183.35999889	5.02792500	-0.00366222
183.43999889	5.02792500	0.17151400
183.51999888	5.11642800	0.17151400
183.59999888	4.93911600	0.08392590
183.67999888	4.93911600	0.17151400
183.75999888	4.93911600	0.08392590
183.83999888	4.93911600	0.17151400
183.91999888	4.93911600	0.17151400
183.99999888	4.93911600	0.08392590
184.07999888	4.93911600	0.08392590
184.15999888	4.93911600	0.08392590
184.23999888	4.93911600	0.08392590
184.31999888	4.93911600	0.17151400
184.39999888	4.93911600	0.17151400
184.47999888	4.93911600	0.17151400
184.55999888	4.93911600	0.17151400
184.63999888	4.93911600	0.08392590
184.71999888	4.93911600	0.08392590
184.79999888	4.93911600	0.08392590
184.87999888	4.93911600	0.08392590
184.95999888	4.93911600	0.17151400
185.03999888	4.93911600	0.17151400
185.11999887	4.93911600	0.17151400
185.19999887	4.93911600	0.17151400
185.27999887	4.93911600	0.17151400
185.35999887	4.93911600	0.08392590
185.43999887	4.93911600	0.08392590
185.51999887	4.93911600	0.08392590
185.59999887	4.93911600	0.08392590
185.67999887	4.93911600	0.08392590
185.75999887	4.93911600	0.08392590
185.83999887	4.93911600	0.08392590
185.91999887	4.93911600	0.08392590
185.99999887	4.93911600	0.08392590
186.07999887	4.93911600	0.08392590
186.15999887	4.93911600	0.08392590
186.23999887	4.93911600	0.08392590
186.31999887	4.93911600	0.08392590
186.39999887	4.93911600	0.08392590
186.47999887	4.93911600	0.08392590
186.55999887	4.93911600	0.08392590
186.63999887	4.93911600	0.08392590
186.71999887	4.93911600	0.08392590
186.79999886	4.93911600	0.08392590
186.87999886	4.93911600	0.08392590
186.95999886	4.93911600	0.08392590
187.03999886	4.93911600	0.08392590
187.11999886	4.93911600	0.08392590
187.19999886	4.93911600	0.08392590
187.27999886	4.93911600	0.08392590
187.35999886	4.93911600	0.08392590
187.43999886	4.93911600	0.08392590
187.51999886	4.93911600	0.08392590
187.59999886	4.93911600	0.08392590
187.67999886	4.93911600	0.08392590
187.75999886	4.93911600	0.08392590
187.83999886	4.93911600	0.08392590
187.91999886	4.93911600	0.08392590
187.99999886	4.93911600	0.08392590
188.07999886	4.93911600	0.08392590
188.15999886	4.93911600	0.08392590
188.23999886	4.93911600	0.08392590
188.31999886	4.93911600	0.08392590
188.39999886	4.93911600	0.08392590
188.47999885	4.93911600	0.08392590
188.55999885	4.93911600	-0.00366222
188.63999885	4.93911600	0.08392590
188.71999885	4.93911600	0.08392590
188.79999885	4.93911600	0.08392590
188.87999885	4.93911600	0.08392590
188.95999885	4.93911600	0.08392590
189.03999885	4.93911600	0.08392590
189.11999885	4.93911600	0.08392590
189.19999885	4.93911600	0.08392590
189.27999885	4.93911600	0.08392590
189.35999885	4.93911600	-0.00366222
189.43999885	4.93911600	0.08392590
189.51999885	4.93911600	0.08392590
189.59999885	4.93911600	0.08392590
189.67999885	4.93911600	0.08392590
189.75999885	4.93911600	0.08392590
189.83999885	4.93911600	0.08392590
189.91999885	4.93911600	0.08392590
189.99999885	4.93911600	0.08392590
190.07999884	4.93911600	0.08392590
190.15999884	4.93911600	0.08392590
190.23999884	4.93911600	0.08392590
190.31999884	4.93911600	0.08392590
190.39999884	4.93911600	0.08392590
190.47999884	4.93911600	0.08392590
190.55999884	4.93911600	0.08392590
190.63999884	4.93911600	-0.00366222
190.71999884	4.93911600	0.08392590
190.79999884	4.93911600	0.08392590
190.87999884	4.93911600	0.08392590
190.95999884	4.93911600	0.08392590
191.03999884	4.93911600	0.08392590
191.11999884	4.93911600	0.08392590
191.19999884	4.93911600	0.08392590
191.27999884	4.93911600	0.08392590
191.35999884	4.93911600	-0.00366222
191.43999884	4.93911600	0.08392590
191.51999884	4.93911600	-0.00366222
191.59999884	4.93911600	0.08392590
191.67999884	4.93911600	0.08392590
191.75999883	4.93911600	-0.00366222
191.83999883	4.93911600	0.08392590
191.91999883	4.93911600	-0.00366222
191.99999883	4.93911600	0.08392590
192.07999883	4.93911600	0.08392590
192.15999883	4.93911600	0.08392590
192.23999883	4.93911600	0.08392590
192.31999883	4.93911600	0.08392590
192.39999883	4.93911600	-0.00366222
192.47999883	4.93911600	0.08392590
192.55999883	4.93911600	0.08392590
192.63999883	4.93911600	0.08392590
192.71999883	4.93911600	0.08392590
192.79999883	4.93911600	0.08392590
192.87999883	4.93911600	0.08392590
192.95999883	4.93911600	0.08392590
193.03999883	4.93911600	-0.00366222
193.11999883	4.93911600	0.08392590
193.19999883	4.93911600	-0.00366222
193.27999883	4.93911600	0.08392590
193.35999882	4.93911600	0.08392590
193.43999882	4.93911600	0.08392590
193.51999882	4.93911600	-0.00366222
193.59999882	4.93911600	0.08392590
193.67999882	4.93911600	-0.00366222
193.75999882	4.93911600	0.08392590
193.83999882	4.93911600	-0.00366222
193.91999882	4.93911600	0.08392590
193.99999882	4.93911600	-0.00366222
194.07999882	4.93911600	0.08392590
194.15999882	4.93911600	-0.00366222
194.23999882	4.93911600	-0.00366222
194.31999882	4.93911600	0.08392590
194.39999882	4.93911600	0.08392590
194.47999882	4.93911600	0.08392590
194.55999882	4.93911600	0.08392590
194.63999882	4.93911600	-0.00366222
194.71999882	4.93911600	0.08392590
194.79999882	4.93911600	-0.00366222
194.87999882	4.93911600	0.08392590
194.95999882	4.93911600	-0.00366222
195.03999881	4.93911600	-0.00366222
195.11999881	4.93911600	-0.00366222
195.19999881	4.93911600	-0.00366222
195.27999881	4.93911600	0.08392590
195.35999881	4.93911600	0.08392590
195.43999881	4.93911600	-0.00366222
195.51999881	4.93911600	0.08392590
195.59999881	4.93911600	-0.00366222
195.67999881	4.93911600	0.08392590
195.75999881	4.93911600	-0.00366222
195.83999881	4.93911600	0.08392590
195.91999881	4.93911600	-0.00366222
195.99999881	4.93911600	0.08392590
196.07999881	4.93911600	-0.00366222
196.15999881	4.93911600	-0.00366222
196.23999881	4.93911600	0.08392590
196.31999881	4.93911600	0.08392590
196.39999881	4.93911600	-0.00366222
196.47999881	4.93911600	0.08392590
196.55999881	4.93911600	-0.00366222
196.63999880	4.93911600	0.08392590
196.71999880	4.93911600	-0.00366222
196.79999880	4.93911600	0.08392590
196.87999880	4.93911600	-0.00366222
196.95999880	4.93911600	0.08392590
197.03999880	4.93911600	0.08392590
197.11999880	4.93911600	-0.00366222
197.19999880	4.93911600	-0.00366222
197.27999880	4.93911600	0.08392590
197.35999880	4.93911600	-0.00366222
197.43999880	4.93911600	-0.00366222
197.51999880	4.93911600	0.08392590
197.59999880	4.93911600	0.08392590
197.67999880	4.93911600	-0.00366222
197.75999880	4.93911600	-0.00366222
197.83999880	4.93911600	0.08392590
197.91999880	4.93911600	-0.00366222
197.99999880	4.93911600	-0.00366222
198.07999880	4.85061200	0.08392590
198.15999880	4.93911600	0.08392590
198.23999880	4.93911600	-0.00366222
198.31999879	4.93911600	0.08392590
198.39999879	4.93911600	0.08392590
198.47999879	4.93911600	-0.00366222
198.55999879	4.93911600	-0.00366222
198.63999879	4.93911600	-0.00366222
198.71999879	4.93911600	-0.00366222
198.79999879	4.93911600	-0.00366222
198.87999879	4.93911600	-0.00366222
198.95999879	4.93911600	0.08392590
199.03999879	4.93911600	-0.00366222
199.11999879	4.93911600	-0.00366222
199.19999879	4.93911600	-0.00366222
199.27999879	4.93911600	0.08392590
199.35999879	4.93911600	0.08392590
199.43999879	4.93911600	-0.00366222
199.51999879	4.93911600	0.08392590
199.59999879	4.93911600	-0.00366222
199.67999879	4.93911600	-0.00366222
199.75999879	4.93911600	-0.00366222
199.83999879	4.93911600	0.08392590
199.91999878	4.93911600	-0.00366222
199.99999878	4.93911600	-0.00366222
200.07999878	4.93911600	0.08392590
200.15999878	4.93911600	-0.00366222
200.23999878	4.93911600	-0.00366222
