Time	Channel A	Channel B
(us)	(V)	(V)

0.00000000	4.05255300	1.04983700
0.08000000	4.05255300	1.04983700
0.16000000	4.05255300	1.04983700
0.24000000	4.05255300	1.13773000
0.32000000	3.96404900	1.13773000
0.40000000	3.96404900	1.13773000
0.48000000	3.96404900	1.22531800
0.56000000	4.05255300	1.22531800
0.64000000	3.96404900	1.22531800
0.72000000	3.87524000	1.31321100
0.80000000	3.96404900	1.31321100
0.87999999	3.96404900	1.31321100
0.95999999	3.96404900	1.31321100
1.03999999	3.87524000	1.40110500
1.11999999	3.87524000	1.40110500
1.19999999	3.87524000	1.40110500
1.27999999	3.87524000	1.40110500
1.35999999	3.87524000	1.48899800
1.43999999	3.87524000	1.57689100
1.51999999	3.87524000	1.57689100
1.59999999	3.87524000	1.57689100
1.67999999	3.78673700	1.66447900
1.75999999	3.87524000	1.66447900
1.83999999	3.78673700	1.75237300
1.91999999	3.78673700	1.75237300
1.99999999	3.78673700	1.75237300
2.07999999	3.78673700	1.75237300
2.15999999	3.78673700	1.84026600
2.23999999	3.78673700	1.84026600
2.31999999	3.78673700	1.92815900
2.39999999	3.78673700	1.92815900
2.47999998	3.78673700	1.92815900
2.55999998	3.78673700	2.01574800
2.63999998	3.78673700	2.01574800
2.71999998	3.69792800	2.01574800
2.79999998	3.69792800	2.10364100
2.87999998	3.69792800	2.10364100
2.95999998	3.69792800	2.19153400
3.03999998	3.78673700	2.19153400
3.11999998	3.69792800	2.27942800
3.19999998	3.69792800	2.27942800
3.27999998	3.69792800	2.27942800
3.35999998	3.69792800	2.36701600
3.43999998	3.69792800	2.27942800
3.51999998	3.69792800	2.36701600
3.59999998	3.69792800	2.45490900
3.67999998	3.69792800	2.45490900
3.75999998	3.69792800	2.45490900
3.83999998	3.69792800	2.54280200
3.91999998	3.69792800	2.54280200
3.99999998	3.69792800	2.63069600
4.07999998	3.69792800	2.63069600
4.15999997	3.69792800	2.63069600
4.23999997	3.69792800	2.71828400
4.31999997	3.69792800	2.71828400
4.39999997	3.69792800	2.71828400
4.47999997	3.60942400	2.80617700
4.55999997	3.60942400	2.80617700
4.63999997	3.60942400	2.80617700
4.71999997	3.60942400	2.80617700
4.79999997	3.69792800	2.89407000
4.87999997	3.69792800	2.89407000
4.95999997	3.69792800	2.98196400
5.03999997	3.60942400	2.98196400
5.11999997	3.60942400	2.98196400
5.19999997	3.60942400	3.06985700
5.27999997	3.60942400	3.06985700
5.35999997	3.60942400	3.15744500
5.43999997	3.60942400	3.15744500
5.51999997	3.60942400	3.15744500
5.59999997	3.60942400	3.15744500
5.67999997	3.60942400	3.24533800
5.75999996	3.52061500	3.24533800
5.83999996	3.60942400	3.33323200
5.91999996	3.60942400	3.33323200
5.99999996	3.60942400	3.33323200
6.07999996	3.52061500	3.42112500
6.15999996	3.60942400	3.42112500
6.23999996	3.60942400	3.50871300
6.31999996	3.52061500	3.50871300
6.39999996	3.60942400	3.50871300
6.47999996	3.60942400	3.50871300
6.55999996	3.60942400	3.50871300
6.63999996	3.52061500	3.59660600
6.71999996	3.52061500	3.59660600
6.79999996	3.52061500	3.59660600
6.87999996	3.60942400	3.68450000
6.95999996	3.60942400	3.68450000
7.03999996	3.52061500	3.68450000
7.11999996	3.52061500	3.68450000
7.19999996	3.52061500	3.77239300
7.27999996	3.60942400	3.77239300
7.35999996	3.52061500	3.77239300
7.43999995	3.52061500	3.85998100
7.51999995	3.52061500	3.85998100
7.59999995	3.52061500	3.85998100
7.67999995	3.52061500	3.85998100
7.75999995	3.52061500	3.94787400
7.83999995	3.52061500	3.94787400
7.91999995	3.52061500	3.85998100
7.99999995	3.52061500	3.94787400
8.07999995	3.52061500	3.94787400
8.15999995	3.52061500	4.03576800
8.23999995	3.60942400	4.03576800
8.31999995	3.60942400	4.03576800
8.39999995	3.52061500	4.03576800
8.47999995	3.60942400	4.12366100
8.55999995	3.60942400	4.12366100
8.63999995	3.52061500	4.12366100
8.71999995	3.52061500	4.12366100
8.79999995	3.60942400	4.12366100
8.87999995	3.52061500	4.21124900
8.95999995	3.60942400	4.21124900
9.03999995	3.60942400	4.21124900
9.11999994	3.52061500	4.21124900
9.19999994	3.60942400	4.21124900
9.27999994	3.60942400	4.21124900
9.35999994	3.60942400	4.21124900
9.43999994	3.60942400	4.29914200
9.51999994	3.60942400	4.29914200
9.59999994	3.60942400	4.29914200
9.67999994	3.60942400	4.29914200
9.75999994	3.60942400	4.29914200
9.83999994	3.60942400	4.29914200
9.91999994	3.60942400	4.38703600
9.99999994	3.60942400	4.29914200
10.07999994	3.60942400	4.29914200
10.15999994	3.60942400	4.29914200
10.23999994	3.60942400	4.38703600
10.31999994	3.60942400	4.38703600
10.39999994	3.60942400	4.38703600
10.47999994	3.69792800	4.38703600
10.55999994	3.60942400	4.38703600
10.63999994	3.60942400	4.38703600
10.71999993	3.60942400	4.38703600
10.79999993	3.60942400	4.38703600
10.87999993	3.60942400	4.38703600
10.95999993	3.60942400	4.38703600
11.03999993	3.69792800	4.38703600
11.11999993	3.60942400	4.38703600
11.19999993	3.69792800	4.38703600
11.27999993	3.60942400	4.38703600
11.35999993	3.69792800	4.38703600
11.43999993	3.69792800	4.38703600
11.51999993	3.69792800	4.38703600
11.59999993	3.69792800	4.38703600
11.67999993	3.69792800	4.38703600
11.75999993	3.69792800	4.38703600
11.83999993	3.69792800	4.38703600
11.91999993	3.69792800	4.38703600
11.99999993	3.69792800	4.38703600
12.07999993	3.69792800	4.38703600
12.15999993	3.69792800	4.38703600
12.23999993	3.69792800	4.38703600
12.31999993	3.69792800	4.38703600
12.39999992	3.69792800	4.38703600
12.47999992	3.69792800	4.29914200
12.55999992	3.69792800	4.29914200
12.63999992	3.69792800	4.29914200
12.71999992	3.69792800	4.29914200
12.79999992	3.69792800	4.29914200
12.87999992	3.69792800	4.29914200
12.95999992	3.69792800	4.21124900
13.03999992	3.78673700	4.21124900
13.11999992	3.69792800	4.21124900
13.19999992	3.78673700	4.21124900
13.27999992	3.69792800	4.21124900
13.35999992	3.78673700	4.21124900
13.43999992	3.78673700	4.21124900
13.51999992	3.78673700	4.12366100
13.59999992	3.69792800	4.12366100
13.67999992	3.78673700	4.12366100
13.75999992	3.78673700	4.12366100
13.83999992	3.78673700	4.12366100
13.91999992	3.78673700	4.03576800
13.99999991	3.78673700	4.12366100
14.07999991	3.78673700	4.03576800
14.15999991	3.78673700	3.94787400
14.23999991	3.78673700	4.03576800
14.31999991	3.78673700	3.94787400
14.39999991	3.78673700	3.94787400
14.47999991	3.78673700	3.85998100
14.55999991	3.78673700	3.85998100
14.63999991	3.78673700	3.85998100
14.71999991	3.78673700	3.85998100
14.79999991	3.87524000	3.85998100
14.87999991	3.87524000	3.85998100
14.95999991	3.87524000	3.77239300
15.03999991	3.78673700	3.77239300
15.11999991	3.87524000	3.68450000
15.19999991	3.87524000	3.68450000
15.27999991	3.87524000	3.68450000
15.35999991	3.87524000	3.59660600
15.43999991	3.87524000	3.59660600
15.51999991	3.87524000	3.59660600
15.59999991	3.87524000	3.50871300
15.67999990	3.87524000	3.50871300
15.75999990	3.87524000	3.50871300
15.83999990	3.87524000	3.50871300
15.91999990	3.87524000	3.42112500
15.99999990	3.87524000	3.42112500
16.07999990	3.87524000	3.33323200
16.15999990	3.87524000	3.33323200
16.23999990	3.87524000	3.33323200
16.31999990	3.96404900	3.24533800
16.39999990	3.87524000	3.24533800
16.47999990	3.87524000	3.15744500
16.55999990	3.87524000	3.15744500
16.63999990	3.96404900	3.15744500
16.71999990	3.96404900	3.06985700
16.79999990	3.96404900	3.06985700
16.87999990	3.96404900	2.98196400
16.95999990	3.87524000	2.89407000
17.03999990	3.96404900	2.89407000
17.11999990	3.87524000	2.89407000
17.19999990	3.96404900	2.80617700
17.27999989	3.87524000	2.80617700
17.35999989	3.96404900	2.80617700
17.43999989	4.05255300	2.71828400
17.51999989	3.96404900	2.71828400
17.59999989	3.96404900	2.63069600
17.67999989	3.96404900	2.63069600
17.75999989	3.96404900	2.54280200
17.83999989	4.05255300	2.54280200
17.91999989	3.96404900	2.45490900
17.99999989	4.05255300	2.45490900
18.07999989	4.05255300	2.45490900
18.15999989	3.96404900	2.36701600
18.23999989	3.96404900	2.27942800
18.31999989	4.05255300	2.27942800
18.39999989	4.05255300	2.27942800
18.47999989	4.05255300	2.19153400
18.55999989	4.05255300	2.19153400
18.63999989	4.05255300	2.01574800
18.71999989	4.05255300	2.01574800
18.79999989	4.05255300	2.01574800
18.87999989	4.05255300	2.01574800
18.95999988	4.05255300	1.92815900
19.03999988	4.05255300	1.84026600
19.11999988	4.05255300	1.84026600
19.19999988	4.05255300	1.75237300
19.27999988	4.05255300	1.75237300
19.35999988	4.05255300	1.75237300
19.43999988	4.05255300	1.66447900
19.51999988	4.05255300	1.57689100
19.59999988	4.05255300	1.57689100
19.67999988	4.05255300	1.48899800
19.75999988	4.14136200	1.48899800
19.83999988	4.05255300	1.40110500
19.91999988	4.14136200	1.40110500
19.99999988	4.05255300	1.31321100
20.07999988	4.14136200	1.31321100
20.15999988	4.05255300	1.22531800
20.23999988	4.14136200	1.22531800
20.31999988	4.14136200	1.13773000
20.39999988	4.14136200	1.04983700
20.47999988	4.14136200	1.04983700
20.55999988	4.14136200	0.96194340
20.63999987	4.14136200	0.96194340
20.71999987	4.14136200	0.87405010
20.79999987	4.14136200	0.87405010
20.87999987	4.05255300	0.78646200
20.95999987	4.14136200	0.69856870
21.03999987	4.14136200	0.69856870
21.11999987	4.14136200	0.69856870
21.19999987	4.14136200	0.61067540
21.27999987	4.14136200	0.61067540
21.35999987	4.14136200	0.52278210
21.43999987	4.14136200	0.43519400
21.51999987	4.14136200	0.43519400
21.59999987	4.14136200	0.34730060
21.67999987	4.14136200	0.34730060
21.75999987	4.14136200	0.25940730
21.83999987	4.14136200	0.17151400
21.91999987	4.14136200	0.08392590
21.99999987	4.14136200	0.08392590
22.07999987	4.14136200	0.08392590
22.15999987	4.14136200	-0.00366222
22.23999986	4.14136200	-0.00366222
22.31999986	4.14136200	-0.09155553
22.39999986	4.22986600	-0.17944880
22.47999986	4.14136200	-0.17944880
22.55999986	4.22986600	-0.26734220
22.63999986	4.14136200	-0.26734220
22.71999986	4.14136200	-0.35493030
22.79999986	4.14136200	-0.35493030
22.87999986	4.22986600	-0.44282360
22.95999986	4.22986600	-0.53071690
23.03999986	4.22986600	-0.53071690
23.11999986	4.22986600	-0.61861020
23.19999986	4.14136200	-0.70619830
23.27999986	4.22986600	-0.70619830
23.35999986	4.22986600	-0.79409160
23.43999986	4.22986600	-0.79409160
23.51999986	4.22986600	-0.88198490
23.59999986	4.22986600	-0.96987830
23.67999986	4.22986600	-0.96987830
23.75999986	4.22986600	-1.05746600
23.83999986	4.22986600	-1.05746600
23.91999985	4.22986600	-1.14536000
23.99999985	4.22986600	-1.23325300
24.07999985	4.22986600	-1.23325300
24.15999985	4.22986600	-1.32114600
24.23999985	4.22986600	-1.32114600
24.31999985	4.22986600	-1.40904000
24.39999985	4.22986600	-1.40904000
24.47999985	4.22986600	-1.49662800
24.55999985	4.31867400	-1.58452100
24.63999985	4.22986600	-1.58452100
24.71999985	4.22986600	-1.67241400
24.79999985	4.31867400	-1.67241400
24.87999985	4.31867400	-1.76030800
24.95999985	4.31867400	-1.84789600
25.03999985	4.31867400	-1.76030800
25.11999985	4.40717800	-1.84789600
25.19999985	4.40717800	-1.93578900
25.27999985	4.40717800	-1.93578900
25.35999985	4.67329900	-2.02368200
25.43999985	4.93911600	-2.11157600
25.51999984	5.11642800	-2.11157600
25.59999984	5.11642800	-2.19916400
25.67999984	5.11642800	-2.19916400
25.75999984	5.02792500	-2.19916400
25.83999984	5.02792500	-2.28705700
25.91999984	5.11642800	-2.37495000
25.99999984	5.02792500	-2.46284400
26.07999984	5.02792500	-2.46284400
26.15999984	5.11642800	-2.46284400
26.23999984	5.02792500	-2.55043200
26.31999984	5.02792500	-2.55043200
26.39999984	5.02792500	-2.63832500
26.47999984	4.93911600	-2.63832500
26.55999984	4.93911600	-2.72621800
26.63999984	4.93911600	-2.72621800
26.71999984	4.93911600	-2.81411200
26.79999984	4.93911600	-2.81411200
26.87999984	4.85061200	-2.90200500
26.95999984	4.85061200	-2.90200500
27.03999984	4.85061200	-2.98959300
27.11999984	4.85061200	-2.98959300
27.19999983	4.85061200	-3.07748700
27.27999983	4.85061200	-3.07748700
27.35999983	4.76180300	-3.16538000
27.43999983	4.76180300	-3.16538000
27.51999983	4.76180300	-3.16538000
27.59999983	4.76180300	-3.25327300
27.67999983	4.67329900	-3.25327300
27.75999983	4.67329900	-3.34086100
27.83999983	4.67329900	-3.42875500
27.91999983	4.67329900	-3.42875500
27.99999983	4.67329900	-3.42875500
28.07999983	4.58449000	-3.42875500
28.15999983	4.58449000	-3.51664800
28.23999983	4.58449000	-3.51664800
28.31999983	4.58449000	-3.60454100
28.39999983	4.49598700	-3.60454100
28.47999983	4.49598700	-3.69212900
28.55999983	4.49598700	-3.69212900
28.63999983	4.49598700	-3.78002300
28.71999983	4.49598700	-3.78002300
28.79999982	4.49598700	-3.86791600
28.87999982	4.49598700	-3.86791600
28.95999982	4.40717800	-3.86791600
29.03999982	4.40717800	-3.86791600
29.11999982	4.40717800	-3.95580900
29.19999982	4.40717800	-3.95580900
29.27999982	4.40717800	-4.04339700
29.35999982	4.40717800	-4.04339700
29.43999982	4.40717800	-4.04339700
29.51999982	4.40717800	-4.13129000
29.59999982	4.31867400	-4.13129000
29.67999982	4.40717800	-4.13129000
29.75999982	4.40717800	-4.21918400
29.83999982	4.31867400	-4.21918400
29.91999982	4.31867400	-4.21918400
29.99999982	4.40717800	-4.30707700
30.07999982	4.40717800	-4.30707700
30.15999982	4.31867400	-4.30707700
30.23999982	4.31867400	-4.30707700
30.31999982	4.31867400	-4.39497000
30.39999982	4.31867400	-4.39497000
30.47999981	4.31867400	-4.48255900
30.55999981	4.31867400	-4.48255900
30.63999981	4.22986600	-4.57045200
30.71999981	4.31867400	-4.57045200
30.79999981	4.31867400	-4.57045200
30.87999981	4.22986600	-4.57045200
30.95999981	4.31867400	-4.57045200
31.03999981	4.22986600	-4.57045200
31.11999981	4.22986600	-4.57045200
31.19999981	4.31867400	-4.57045200
31.27999981	4.22986600	-4.65834500
31.35999981	4.31867400	-4.65834500
31.43999981	4.31867400	-4.65834500
31.51999981	4.22986600	-4.74623900
31.59999981	4.31867400	-4.74623900
31.67999981	4.31867400	-4.74623900
31.75999981	4.22986600	-4.74623900
31.83999981	4.22986600	-4.74623900
31.91999981	4.22986600	-4.83382700
31.99999981	4.31867400	-4.83382700
32.07999981	4.22986600	-4.83382700
32.15999980	4.22986600	-4.83382700
32.23999980	4.22986600	-4.83382700
32.31999980	4.31867400	-4.92172000
32.39999980	4.31867400	-4.92172000
32.47999980	4.22986600	-4.92172000
32.55999980	4.22986600	-4.92172000
32.63999980	4.22986600	-4.92172000
32.71999980	4.22986600	-4.92172000
32.79999980	4.22986600	-4.92172000
32.87999980	4.22986600	-4.92172000
32.95999980	4.22986600	-4.92172000
33.03999980	4.22986600	-5.00961400
33.11999980	4.22986600	-4.92172000
33.19999980	4.22986600	-4.92172000
33.27999980	4.22986600	-4.92172000
33.35999980	4.22986600	-4.92172000
33.43999980	4.22986600	-4.92172000
33.51999980	4.31867400	-5.00961400
33.59999980	4.22986600	-5.00961400
33.67999980	4.22986600	-4.92172000
33.75999979	4.22986600	-5.00961400
33.83999979	4.22986600	-5.00961400
33.91999979	4.22986600	-5.00961400
33.99999979	4.22986600	-5.00961400
34.07999979	4.22986600	-5.00961400
34.15999979	4.22986600	-5.00961400
34.23999979	4.22986600	-5.00961400
34.31999979	4.22986600	-4.92172000
34.39999979	4.22986600	-4.92172000
34.47999979	4.22986600	-5.00961400
34.55999979	4.22986600	-4.92172000
34.63999979	4.22986600	-4.92172000
34.71999979	4.22986600	-4.92172000
34.79999979	4.22986600	-4.92172000
34.87999979	4.22986600	-4.92172000
34.95999979	4.22986600	-4.92172000
35.03999979	4.22986600	-4.92172000
35.11999979	4.22986600	-4.92172000
35.19999979	4.22986600	-4.92172000
35.27999979	4.22986600	-4.92172000
35.35999979	4.22986600	-4.92172000
35.43999978	4.31867400	-4.92172000
35.51999978	4.22986600	-4.92172000
35.59999978	4.22986600	-4.83382700
35.67999978	4.22986600	-4.83382700
35.75999978	4.22986600	-4.83382700
35.83999978	4.22986600	-4.83382700
35.91999978	4.22986600	-4.83382700
35.99999978	4.22986600	-4.74623900
36.07999978	4.22986600	-4.74623900
36.15999978	4.22986600	-4.74623900
36.23999978	4.22986600	-4.74623900
36.31999978	4.22986600	-4.74623900
36.39999978	4.22986600	-4.74623900
36.47999978	4.22986600	-4.65834500
36.55999978	4.22986600	-4.65834500
36.63999978	4.22986600	-4.65834500
36.71999978	4.22986600	-4.65834500
36.79999978	4.22986600	-4.65834500
36.87999978	4.22986600	-4.57045200
36.95999978	4.22986600	-4.57045200
37.03999977	4.22986600	-4.57045200
37.11999977	4.22986600	-4.57045200
37.19999977	4.22986600	-4.57045200
37.27999977	4.31867400	-4.48255900
37.35999977	4.22986600	-4.48255900
37.43999977	4.22986600	-4.48255900
37.51999977	4.22986600	-4.39497000
37.59999977	4.22986600	-4.39497000
37.67999977	4.22986600	-4.30707700
37.75999977	4.31867400	-4.39497000
37.83999977	4.31867400	-4.30707700
37.91999977	4.22986600	-4.30707700
37.99999977	4.22986600	-4.30707700
38.07999977	4.31867400	-4.21918400
38.15999977	4.31867400	-4.21918400
38.23999977	4.22986600	-4.21918400
38.31999977	4.22986600	-4.21918400
38.39999977	4.31867400	-4.13129000
38.47999977	4.31867400	-4.13129000
38.55999977	4.31867400	-4.04339700
38.63999977	4.31867400	-4.04339700
38.71999976	4.31867400	-4.04339700
38.79999976	4.31867400	-3.95580900
38.87999976	4.31867400	-3.95580900
38.95999976	4.31867400	-3.95580900
39.03999976	4.31867400	-3.86791600
39.11999976	4.40717800	-3.86791600
39.19999976	4.40717800	-3.86791600
39.27999976	4.40717800	-3.86791600
39.35999976	4.49598700	-3.78002300
39.43999976	4.67329900	-3.78002300
39.51999976	4.76180300	-3.69212900
39.59999976	4.85061200	-3.69212900
39.67999976	4.85061200	-3.69212900
39.75999976	4.85061200	-3.60454100
39.83999976	4.93911600	-3.51664800
39.91999976	4.93911600	-3.51664800
39.99999976	4.93911600	-3.51664800
40.07999976	4.93911600	-3.42875500
40.15999976	4.93911600	-3.42875500
40.23999976	4.93911600	-3.42875500
40.31999975	4.93911600	-3.34086100
40.39999975	5.02792500	-3.34086100
40.47999975	5.02792500	-3.34086100
40.55999975	5.02792500	-3.25327300
40.63999975	5.11642800	-3.16538000
40.71999975	5.02792500	-3.16538000
40.79999975	5.11642800	-3.16538000
40.87999975	5.02792500	-3.16538000
40.95999975	5.11642800	-3.07748700
41.03999975	5.11642800	-2.98959300
41.11999975	5.11642800	-2.98959300
41.19999975	5.11642800	-2.98959300
41.27999975	5.11642800	-2.90200500
41.35999975	5.11642800	-2.90200500
41.43999975	5.11642800	-2.90200500
41.51999975	5.11642800	-2.81411200
41.59999975	5.11642800	-2.81411200
41.67999975	5.11642800	-2.81411200
41.75999975	5.11642800	-2.72621800
41.83999975	5.20523700	-2.72621800
41.91999975	5.20523700	-2.63832500
41.99999974	5.20523700	-2.63832500
42.07999974	5.20523700	-2.63832500
42.15999974	5.20523700	-2.55043200
42.23999974	5.11642800	-2.55043200
42.31999974	5.20523700	-2.46284400
42.39999974	5.20523700	-2.46284400
42.47999974	5.20523700	-2.37495000
42.55999974	5.20523700	-2.28705700
42.63999974	5.20523700	-2.28705700
42.71999974	5.20523700	-2.19916400
42.79999974	5.20523700	-2.19916400
42.87999974	5.20523700	-2.11157600
42.95999974	5.20523700	-2.11157600
43.03999974	5.20523700	-2.11157600
43.11999974	5.20523700	-2.02368200
43.19999974	5.20523700	-2.02368200
43.27999974	5.20523700	-2.02368200
43.35999974	5.29374100	-1.93578900
43.43999974	5.20523700	-1.93578900
43.51999974	5.20523700	-1.84789600
43.59999974	5.20523700	-1.76030800
43.67999973	5.29374100	-1.76030800
43.75999973	5.29374100	-1.76030800
43.83999973	5.29374100	-1.76030800
43.91999973	5.20523700	-1.67241400
43.99999973	5.29374100	-1.58452100
44.07999973	5.29374100	-1.58452100
44.15999973	5.29374100	-1.49662800
44.23999973	5.29374100	-1.49662800
44.31999973	5.29374100	-1.40904000
44.39999973	5.29374100	-1.40904000
44.47999973	5.29374100	-1.40904000
44.55999973	5.29374100	-1.32114600
44.63999973	5.29374100	-1.32114600
44.71999973	5.29374100	-1.23325300
44.79999973	5.29374100	-1.23325300
44.87999973	5.29374100	-1.14536000
44.95999973	5.29374100	-1.14536000
45.03999973	5.29374100	-1.05746600
45.11999973	5.38254900	-1.05746600
45.19999973	5.38254900	-1.05746600
45.27999972	5.38254900	-0.96987830
45.35999972	5.47105300	-0.88198490
45.43999972	5.38254900	-0.88198490
45.51999972	5.47105300	-0.79409160
45.59999972	5.47105300	-0.79409160
45.67999972	5.47105300	-0.79409160
45.75999972	5.47105300	-0.70619830
45.83999972	5.47105300	-0.61861020
45.91999972	5.47105300	-0.61861020
45.99999972	5.47105300	-0.53071690
46.07999972	5.47105300	-0.53071690
46.15999972	5.47105300	-0.53071690
46.23999972	5.55986200	-0.53071690
46.31999972	5.55986200	-0.44282360
46.39999972	5.55986200	-0.35493030
46.47999972	5.55986200	-0.35493030
46.55999972	5.55986200	-0.26734220
46.63999972	5.55986200	-0.26734220
46.71999972	5.55986200	-0.17944880
46.79999972	5.55986200	-0.17944880
46.87999972	5.55986200	-0.09155553
46.95999971	5.55986200	-0.09155553
47.03999971	5.55986200	-0.00366222
47.11999971	5.55986200	-0.00366222
47.19999971	5.55986200	-0.00366222
47.27999971	5.55986200	0.08392590
47.35999971	5.55986200	0.08392590
47.43999971	5.64836500	0.17151400
47.51999971	5.55986200	0.17151400
47.59999971	5.55986200	0.17151400
47.67999971	5.64836500	0.34730060
47.75999971	5.55986200	0.34730060
47.83999971	5.64836500	0.34730060
47.91999971	5.64836500	0.43519400
47.99999971	5.64836500	0.52278210
48.07999971	5.64836500	0.52278210
48.15999971	5.64836500	0.61067540
48.23999971	5.64836500	0.61067540
48.31999971	5.64836500	0.61067540
48.39999971	5.64836500	0.61067540
48.47999971	5.64836500	0.69856870
48.55999970	5.64836500	0.69856870
48.63999970	5.64836500	0.69856870
48.71999970	5.64836500	0.87405010
48.79999970	5.64836500	0.87405010
48.87999970	5.64836500	0.87405010
48.95999970	5.64836500	0.96194340
49.03999970	5.64836500	0.96194340
49.11999970	5.64836500	1.04983700
49.19999970	5.64836500	1.04983700
49.27999970	5.64836500	1.04983700
49.35999970	5.64836500	1.13773000
49.43999970	5.64836500	1.13773000
49.51999970	5.64836500	1.22531800
49.59999970	5.64836500	1.22531800
49.67999970	5.64836500	1.31321100
49.75999970	5.73717500	1.31321100
49.83999970	5.73717500	1.31321100
49.91999970	5.64836500	1.40110500
49.99999970	5.64836500	1.40110500
50.07999970	5.64836500	1.40110500
50.15999970	5.73717500	1.48899800
50.23999969	5.64836500	1.48899800
50.31999969	5.73717500	1.57689100
50.39999969	5.73717500	1.57689100
50.47999969	5.73717500	1.57689100
50.55999969	5.73717500	1.66447900
50.63999969	5.64836500	1.75237300
50.71999969	5.73717500	1.75237300
50.79999969	5.64836500	1.75237300
50.87999969	5.73717500	1.84026600
50.95999969	5.73717500	1.84026600
51.03999969	5.73717500	1.84026600
51.11999969	5.73717500	1.92815900
51.19999969	5.73717500	1.92815900
51.27999969	5.73717500	2.01574800
51.35999969	5.73717500	2.01574800
51.43999969	5.73717500	2.01574800
51.51999969	5.73717500	2.01574800
51.59999969	5.82567800	2.10364100
51.67999969	5.82567800	2.10364100
51.75999969	5.73717500	2.10364100
51.83999968	5.73717500	2.19153400
51.91999968	5.73717500	2.19153400
51.99999968	5.82567800	2.27942800
52.07999968	5.73717500	2.27942800
52.15999968	5.73717500	2.27942800
52.23999968	5.82567800	2.36701600
52.31999968	5.82567800	2.36701600
52.39999968	5.82567800	2.36701600
52.47999968	5.82567800	2.45490900
52.55999968	5.82567800	2.45490900
52.63999968	5.82567800	2.45490900
52.71999968	5.73717500	2.45490900
52.79999968	5.82567800	2.54280200
52.87999968	5.82567800	2.54280200
52.95999968	5.73717500	2.54280200
53.03999968	5.82567800	2.63069600
53.11999968	5.73717500	2.63069600
53.19999968	5.82567800	2.71828400
53.27999968	5.82567800	2.71828400
53.35999968	5.82567800	2.71828400
53.43999968	5.82567800	2.71828400
53.51999967	5.82567800	2.71828400
53.59999967	5.82567800	2.80617700
53.67999967	5.82567800	2.80617700
53.75999967	5.82567800	2.80617700
53.83999967	5.82567800	2.80617700
53.91999967	5.82567800	2.89407000
53.99999967	5.82567800	2.89407000
54.07999967	5.82567800	2.98196400
54.15999967	5.91448700	2.89407000
54.23999967	5.82567800	2.98196400
54.31999967	5.82567800	2.98196400
54.39999967	5.82567800	2.98196400
54.47999967	5.82567800	2.98196400
54.55999967	5.91448700	2.98196400
54.63999967	5.82567800	3.06985700
54.71999967	5.82567800	3.15744500
54.79999967	5.82567800	3.15744500
54.87999967	5.82567800	3.15744500
54.95999967	5.82567800	3.15744500
55.03999967	5.82567800	3.15744500
55.11999967	5.82567800	3.15744500
55.19999966	5.82567800	3.24533800
55.27999966	5.82567800	3.15744500
55.35999966	5.82567800	3.24533800
55.43999966	5.91448700	3.33323200
55.51999966	5.82567800	3.24533800
55.59999966	5.82567800	3.33323200
55.67999966	5.82567800	3.33323200
55.75999966	5.82567800	3.33323200
55.83999966	5.91448700	3.33323200
55.91999966	5.82567800	3.33323200
55.99999966	5.82567800	3.33323200
56.07999966	5.82567800	3.33323200
56.15999966	5.91448700	3.33323200
56.23999966	5.82567800	3.42112500
56.31999966	5.82567800	3.33323200
56.39999966	5.82567800	3.42112500
56.47999966	5.91448700	3.42112500
56.55999966	5.82567800	3.42112500
56.63999966	5.91448700	3.42112500
56.71999966	5.91448700	3.42112500
56.79999965	5.91448700	3.50871300
56.87999965	5.91448700	3.42112500
56.95999965	5.82567800	3.50871300
57.03999965	5.91448700	3.50871300
57.11999965	5.82567800	3.50871300
57.19999965	5.91448700	3.50871300
57.27999965	5.91448700	3.50871300
57.35999965	5.82567800	3.50871300
57.43999965	5.91448700	3.50871300
57.51999965	5.91448700	3.50871300
57.59999965	5.91448700	3.50871300
57.67999965	5.91448700	3.50871300
57.75999965	5.91448700	3.50871300
57.83999965	5.91448700	3.50871300
57.91999965	5.91448700	3.50871300
57.99999965	5.91448700	3.50871300
58.07999965	5.82567800	3.50871300
58.15999965	5.91448700	3.50871300
58.23999965	5.91448700	3.50871300
58.31999965	5.91448700	3.50871300
58.39999965	5.91448700	3.50871300
58.47999964	5.82567800	3.50871300
58.55999964	5.82567800	3.50871300
58.63999964	5.91448700	3.50871300
58.71999964	5.91448700	3.50871300
58.79999964	5.82567800	3.50871300
58.87999964	5.91448700	3.50871300
58.95999964	5.91448700	3.50871300
59.03999964	5.91448700	3.50871300
59.11999964	5.91448700	3.50871300
59.19999964	5.91448700	3.50871300
59.27999964	5.91448700	3.50871300
59.35999964	5.91448700	3.50871300
59.43999964	5.91448700	3.50871300
59.51999964	5.91448700	3.50871300
59.59999964	5.91448700	3.50871300
59.67999964	5.91448700	3.50871300
59.75999964	5.91448700	3.50871300
59.83999964	5.91448700	3.50871300
59.91999964	5.91448700	3.50871300
59.99999964	5.82567800	3.50871300
60.07999963	5.91448700	3.50871300
60.15999963	5.91448700	3.50871300
60.23999963	5.91448700	3.50871300
60.31999963	5.91448700	3.42112500
60.39999963	5.82567800	3.42112500
60.47999963	5.91448700	3.42112500
60.55999963	5.82567800	3.42112500
60.63999963	5.91448700	3.42112500
60.71999963	5.82567800	3.42112500
60.79999963	5.91448700	3.42112500
60.87999963	5.82567800	3.42112500
60.95999963	5.91448700	3.33323200
61.03999963	5.82567800	3.33323200
61.11999963	5.91448700	3.33323200
61.19999963	5.91448700	3.33323200
61.27999963	5.91448700	3.33323200
61.35999963	5.82567800	3.33323200
61.43999963	5.82567800	3.33323200
61.51999963	5.82567800	3.24533800
61.59999963	5.82567800	3.24533800
61.67999963	5.82567800	3.24533800
61.75999962	5.91448700	3.24533800
61.83999962	5.91448700	3.24533800
61.91999962	5.82567800	3.15744500
61.99999962	5.82567800	3.15744500
62.07999962	5.82567800	3.15744500
62.15999962	5.82567800	3.15744500
62.23999962	5.82567800	3.15744500
62.31999962	5.82567800	3.15744500
62.39999962	5.82567800	3.06985700
62.47999962	5.82567800	3.06985700
62.55999962	5.91448700	3.06985700
62.63999962	5.82567800	2.98196400
62.71999962	5.82567800	3.06985700
62.79999962	5.82567800	3.06985700
62.87999962	5.82567800	2.98196400
62.95999962	5.82567800	2.98196400
63.03999962	5.82567800	2.98196400
63.11999962	5.82567800	2.89407000
63.19999962	5.82567800	2.98196400
63.27999962	5.82567800	2.89407000
63.35999961	5.82567800	2.89407000
63.43999961	5.82567800	2.89407000
63.51999961	5.82567800	2.80617700
63.59999961	5.82567800	2.80617700
63.67999961	5.82567800	2.80617700
63.75999961	5.82567800	2.80617700
63.83999961	5.82567800	2.80617700
63.91999961	5.82567800	2.80617700
63.99999961	5.82567800	2.71828400
64.07999961	5.82567800	2.71828400
64.15999961	5.82567800	2.71828400
64.23999961	5.82567800	2.71828400
64.31999961	5.82567800	2.63069600
64.39999961	5.82567800	2.63069600
64.47999961	5.82567800	2.63069600
64.55999961	5.82567800	2.63069600
64.63999961	5.82567800	2.54280200
64.71999961	5.82567800	2.54280200
64.79999961	5.82567800	2.45490900
64.87999961	5.82567800	2.54280200
64.95999961	5.82567800	2.45490900
65.03999960	5.73717500	2.45490900
65.11999960	5.82567800	2.45490900
65.19999960	5.73717500	2.45490900
65.27999960	5.73717500	2.36701600
65.35999960	5.73717500	2.36701600
65.43999960	5.73717500	2.36701600
65.51999960	5.73717500	2.27942800
65.59999960	5.73717500	2.27942800
65.67999960	5.73717500	2.27942800
65.75999960	5.73717500	2.27942800
65.83999960	5.73717500	2.19153400
65.91999960	5.82567800	2.19153400
65.99999960	5.73717500	2.19153400
66.07999960	5.73717500	2.19153400
66.15999960	5.73717500	2.10364100
66.23999960	5.64836500	2.10364100
66.31999960	5.73717500	2.10364100
66.39999960	5.73717500	2.10364100
66.47999960	5.64836500	2.01574800
66.55999960	5.73717500	1.92815900
66.63999959	5.73717500	2.01574800
66.71999959	5.64836500	1.92815900
66.79999959	5.73717500	1.92815900
66.87999959	5.64836500	1.92815900
66.95999959	5.64836500	1.84026600
67.03999959	5.64836500	1.84026600
67.11999959	5.64836500	1.84026600
67.19999959	5.64836500	1.75237300
67.27999959	5.64836500	1.75237300
67.35999959	5.64836500	1.75237300
67.43999959	5.64836500	1.75237300
67.51999959	5.64836500	1.66447900
67.59999959	5.64836500	1.66447900
67.67999959	5.64836500	1.66447900
67.75999959	5.64836500	1.66447900
67.83999959	5.55986200	1.57689100
67.91999959	5.55986200	1.57689100
67.99999959	5.55986200	1.48899800
68.07999959	5.55986200	1.48899800
68.15999959	5.55986200	1.48899800
68.23999959	5.55986200	1.48899800
68.31999958	5.47105300	1.40110500
68.39999958	5.02792500	1.40110500
68.47999958	4.58449000	1.40110500
68.55999958	4.31867400	1.40110500
68.63999958	4.31867400	1.40110500
68.71999958	4.31867400	1.31321100
68.79999958	4.31867400	1.31321100
68.87999958	4.31867400	1.31321100
68.95999958	4.22986600	1.22531800
69.03999958	4.22986600	1.22531800
69.11999958	4.31867400	1.22531800
69.19999958	4.22986600	1.13773000
69.27999958	4.31867400	1.13773000
69.35999958	4.31867400	1.13773000
69.43999958	4.22986600	1.04983700
69.51999958	4.31867400	1.04983700
69.59999958	4.31867400	1.04983700
69.67999958	4.22986600	1.04983700
69.75999958	4.22986600	1.04983700
69.83999958	4.22986600	0.96194340
69.91999958	4.31867400	0.96194340
69.99999957	4.22986600	0.87405010
70.07999957	4.31867400	0.87405010
70.15999957	4.22986600	0.87405010
70.23999957	4.22986600	0.87405010
70.31999957	4.22986600	0.78646200
70.39999957	4.22986600	0.78646200
70.47999957	4.22986600	0.78646200
70.55999957	4.22986600	0.69856870
70.63999957	4.22986600	0.69856870
70.71999957	4.22986600	0.69856870
70.79999957	4.22986600	0.61067540
70.87999957	4.22986600	0.69856870
70.95999957	4.22986600	0.61067540
71.03999957	4.22986600	0.61067540
71.11999957	4.22986600	0.52278210
71.19999957	4.22986600	0.52278210
71.27999957	4.22986600	0.52278210
71.35999957	4.22986600	0.43519400
71.43999957	4.22986600	0.43519400
71.51999957	4.22986600	0.43519400
71.59999956	4.22986600	0.43519400
71.67999956	4.22986600	0.34730060
71.75999956	4.22986600	0.34730060
71.83999956	4.22986600	0.34730060
71.91999956	4.22986600	0.25940730
71.99999956	4.22986600	0.25940730
72.07999956	4.22986600	0.25940730
72.15999956	4.22986600	0.17151400
72.23999956	4.22986600	0.17151400
72.31999956	4.22986600	0.17151400
72.39999956	4.22986600	0.08392590
72.47999956	4.22986600	0.08392590
72.55999956	4.22986600	0.08392590
72.63999956	4.22986600	-0.00366222
72.71999956	4.22986600	-0.00366222
72.79999956	4.22986600	-0.00366222
72.87999956	4.22986600	-0.00366222
72.95999956	4.22986600	-0.09155553
73.03999956	4.22986600	-0.09155553
73.11999956	4.22986600	-0.09155553
73.19999956	4.22986600	-0.17944880
73.27999955	4.22986600	-0.17944880
73.35999955	4.22986600	-0.17944880
73.43999955	4.22986600	-0.26734220
73.51999955	4.22986600	-0.26734220
73.59999955	4.22986600	-0.26734220
73.67999955	4.31867400	-0.35493030
73.75999955	4.31867400	-0.35493030
73.83999955	3.87524000	-0.35493030
73.91999955	2.89986900	-0.44282360
73.99999955	1.21555200	-0.44282360
74.07999955	0.77211830	-0.44282360
74.15999955	0.68361460	-0.53071690
74.23999955	0.68361460	-0.53071690
74.31999955	0.68361460	-0.53071690
74.39999955	0.68361460	-0.53071690
74.47999955	0.68361460	-0.53071690
74.55999955	0.68361460	-0.61861020
74.63999955	0.68361460	-0.61861020
74.71999955	0.68361460	-0.70619830
74.79999955	0.68361460	-0.70619830
74.87999954	0.68361460	-0.70619830
74.95999954	0.77211830	-0.79409160
75.03999954	0.68361460	-0.79409160
75.11999954	0.68361460	-0.79409160
75.19999954	0.77211830	-0.79409160
75.27999954	0.68361460	-0.88198490
75.35999954	0.77211830	-0.96987830
75.43999954	0.68361460	-0.96987830
75.51999954	0.68361460	-0.96987830
75.59999954	0.77211830	-1.05746600
75.67999954	0.77211830	-1.05746600
75.75999954	0.77211830	-1.05746600
75.83999954	0.77211830	-1.14536000
75.91999954	0.77211830	-1.14536000
75.99999954	0.77211830	-1.23325300
76.07999954	0.77211830	-1.23325300
76.15999954	0.77211830	-1.23325300
76.23999954	0.77211830	-1.32114600
76.31999954	0.86092720	-1.32114600
76.39999954	0.86092720	-1.40904000
76.47999954	0.86092720	-1.40904000
76.55999953	0.86092720	-1.40904000
76.63999953	0.86092720	-1.40904000
76.71999953	0.86092720	-1.49662800
76.79999953	0.77211830	-1.49662800
76.87999953	0.86092720	-1.49662800
76.95999953	0.86092720	-1.58452100
77.03999953	0.86092720	-1.58452100
77.11999953	0.86092720	-1.67241400
77.19999953	0.86092720	-1.67241400
77.27999953	0.86092720	-1.76030800
77.35999953	0.86092720	-1.76030800
77.43999953	0.86092720	-1.76030800
77.51999953	0.86092720	-1.76030800
77.59999953	0.86092720	-1.93578900
77.67999953	0.86092720	-1.84789600
77.75999953	0.86092720	-1.93578900
77.83999953	0.86092720	-1.93578900
77.91999953	0.86092720	-1.93578900
77.99999953	0.86092720	-2.02368200
78.07999953	0.86092720	-2.02368200
78.15999952	0.86092720	-2.11157600
78.23999952	0.86092720	-2.11157600
78.31999952	0.86092720	-2.11157600
78.39999952	0.86092720	-2.19916400
78.47999952	0.94943080	-2.19916400
78.55999952	0.86092720	-2.28705700
78.63999952	0.86092720	-2.28705700
78.71999952	0.86092720	-2.37495000
78.79999952	0.86092720	-2.37495000
78.87999952	0.86092720	-2.37495000
78.95999952	0.86092720	-2.46284400
79.03999952	0.86092720	-2.46284400
79.11999952	0.86092720	-2.55043200
79.19999952	0.94943080	-2.55043200
79.27999952	0.94943080	-2.55043200
79.35999952	0.86092720	-2.63832500
79.43999952	0.94943080	-2.63832500
79.51999952	0.94943080	-2.63832500
79.59999952	0.94943080	-2.72621800
79.67999952	0.94943080	-2.81411200
79.75999952	0.94943080	-2.81411200
79.83999951	0.94943080	-2.81411200
79.91999951	0.94943080	-2.81411200
79.99999951	0.94943080	-2.81411200
80.07999951	0.94943080	-2.90200500
80.15999951	0.86092720	-2.90200500
80.23999951	0.94943080	-2.98959300
80.31999951	0.86092720	-2.98959300
80.39999951	0.94943080	-2.98959300
80.47999951	0.94943080	-3.07748700
80.55999951	0.94943080	-3.07748700
80.63999951	0.94943080	-3.16538000
80.71999951	0.94943080	-3.16538000
80.79999951	0.94943080	-3.16538000
80.87999951	0.94943080	-3.25327300
80.95999951	0.94943080	-3.16538000
81.03999951	0.94943080	-3.25327300
81.11999951	0.94943080	-3.34086100
81.19999951	0.94943080	-3.25327300
81.27999951	0.94943080	-3.34086100
81.35999951	0.94943080	-3.34086100
81.43999951	0.94943080	-3.42875500
81.51999950	0.94943080	-3.42875500
81.59999950	0.94943080	-3.51664800
81.67999950	0.94943080	-3.51664800
81.75999950	0.94943080	-3.51664800
81.83999950	0.94943080	-3.51664800
81.91999950	0.94943080	-3.60454100
81.99999950	0.94943080	-3.60454100
82.07999950	0.94943080	-3.60454100
82.15999950	0.94943080	-3.69212900
82.23999950	0.94943080	-3.69212900
82.31999950	0.94943080	-3.69212900
82.39999950	0.94943080	-3.69212900
82.47999950	0.94943080	-3.78002300
82.55999950	0.94943080	-3.78002300
82.63999950	0.94943080	-3.78002300
82.71999950	0.94943080	-3.86791600
82.79999950	0.94943080	-3.86791600
82.87999950	0.94943080	-3.86791600
82.95999950	1.03824000	-3.86791600
83.03999950	0.94943080	-3.95580900
83.11999949	0.94943080	-3.95580900
83.19999949	0.94943080	-3.95580900
83.27999949	0.94943080	-4.04339700
83.35999949	0.94943080	-4.04339700
83.43999949	0.94943080	-4.04339700
83.51999949	0.94943080	-4.04339700
83.59999949	0.94943080	-4.13129000
83.67999949	0.94943080	-4.13129000
83.75999949	0.94943080	-4.13129000
83.83999949	0.94943080	-4.13129000
83.91999949	0.94943080	-4.21918400
83.99999949	0.94943080	-4.13129000
84.07999949	0.94943080	-4.21918400
84.15999949	0.94943080	-4.21918400
84.23999949	0.94943080	-4.21918400
84.31999949	0.94943080	-4.21918400
84.39999949	0.94943080	-4.21918400
84.47999949	0.94943080	-4.30707700
84.55999949	0.94943080	-4.21918400
84.63999949	0.94943080	-4.30707700
84.71999949	0.94943080	-4.30707700
84.79999948	0.94943080	-4.30707700
84.87999948	0.94943080	-4.30707700
84.95999948	0.94943080	-4.30707700
85.03999948	0.94943080	-4.30707700
85.11999948	0.94943080	-4.30707700
85.19999948	0.94943080	-4.39497000
85.27999948	0.94943080	-4.39497000
85.35999948	0.94943080	-4.39497000
85.43999948	0.94943080	-4.39497000
85.51999948	0.94943080	-4.39497000
85.59999948	0.94943080	-4.39497000
85.67999948	0.94943080	-4.39497000
85.75999948	0.94943080	-4.39497000
85.83999948	0.94943080	-4.39497000
85.91999948	0.94943080	-4.39497000
85.99999948	0.94943080	-4.48255900
86.07999948	0.94943080	-4.39497000
86.15999948	0.94943080	-4.39497000
86.23999948	0.94943080	-4.39497000
86.31999948	0.94943080	-4.39497000
86.39999947	0.94943080	-4.39497000
86.47999947	0.94943080	-4.39497000
86.55999947	0.94943080	-4.39497000
86.63999947	0.94943080	-4.39497000
86.71999947	0.94943080	-4.39497000
86.79999947	0.94943080	-4.39497000
86.87999947	0.94943080	-4.39497000
86.95999947	0.94943080	-4.39497000
87.03999947	0.86092720	-4.39497000
87.11999947	0.94943080	-4.39497000
87.19999947	0.94943080	-4.39497000
87.27999947	0.94943080	-4.39497000
87.35999947	0.94943080	-4.39497000
87.43999947	0.94943080	-4.30707700
87.51999947	0.86092720	-4.30707700
87.59999947	0.94943080	-4.30707700
87.67999947	0.86092720	-4.30707700
87.75999947	0.86092720	-4.30707700
87.83999947	0.94943080	-4.30707700
87.91999947	0.86092720	-4.30707700
87.99999947	0.94943080	-4.30707700
88.07999946	0.94943080	-4.21918400
88.15999946	0.94943080	-4.21918400
88.23999946	0.86092720	-4.21918400
88.31999946	0.86092720	-4.21918400
88.39999946	0.94943080	-4.21918400
88.47999946	0.86092720	-4.21918400
88.55999946	0.86092720	-4.21918400
88.63999946	0.86092720	-4.13129000
88.71999946	0.94943080	-4.13129000
88.79999946	0.94943080	-4.13129000
88.87999946	0.94943080	-4.13129000
88.95999946	0.86092720	-4.04339700
89.03999946	0.86092720	-4.04339700
89.11999946	0.86092720	-4.04339700
89.19999946	0.94943080	-4.04339700
89.27999946	0.86092720	-3.95580900
89.35999946	0.86092720	-3.95580900
89.43999946	0.86092720	-3.86791600
89.51999946	0.86092720	-3.86791600
89.59999946	0.86092720	-3.86791600
89.67999945	0.86092720	-3.86791600
89.75999945	0.86092720	-3.86791600
89.83999945	0.86092720	-3.86791600
89.91999945	0.86092720	-3.78002300
89.99999945	0.86092720	-3.78002300
90.07999945	0.86092720	-3.69212900
90.15999945	0.86092720	-3.69212900
90.23999945	0.86092720	-3.69212900
90.31999945	0.86092720	-3.69212900
90.39999945	0.86092720	-3.60454100
90.47999945	0.86092720	-3.60454100
90.55999945	0.86092720	-3.51664800
90.63999945	0.86092720	-3.51664800
90.71999945	0.86092720	-3.51664800
90.79999945	0.86092720	-3.42875500
90.87999945	0.86092720	-3.42875500
90.95999945	0.86092720	-3.34086100
91.03999945	0.86092720	-3.34086100
91.11999945	0.86092720	-3.34086100
91.19999945	0.86092720	-3.34086100
91.27999945	0.86092720	-3.25327300
91.35999944	0.86092720	-3.25327300
91.43999944	0.86092720	-3.16538000
91.51999944	0.86092720	-3.16538000
91.59999944	0.86092720	-3.07748700
91.67999944	0.86092720	-3.07748700
91.75999944	0.86092720	-2.98959300
91.83999944	0.86092720	-2.98959300
91.91999944	0.86092720	-2.90200500
91.99999944	0.86092720	-2.90200500
92.07999944	0.86092720	-2.90200500
92.15999944	0.86092720	-2.81411200
92.23999944	0.86092720	-2.81411200
92.31999944	0.86092720	-2.81411200
92.39999944	0.77211830	-2.72621800
92.47999944	0.86092720	-2.63832500
92.55999944	0.86092720	-2.63832500
92.63999944	0.86092720	-2.63832500
92.71999944	0.86092720	-2.55043200
92.79999944	0.86092720	-2.55043200
92.87999944	0.86092720	-2.46284400
92.95999944	0.86092720	-2.46284400
93.03999943	0.86092720	-2.37495000
93.11999943	0.86092720	-2.37495000
93.19999943	0.86092720	-2.28705700
93.27999943	0.77211830	-2.28705700
93.35999943	0.77211830	-2.19916400
93.43999943	0.77211830	-2.19916400
93.51999943	0.86092720	-2.11157600
93.59999943	0.86092720	-2.11157600
93.67999943	0.86092720	-2.11157600
93.75999943	0.86092720	-1.93578900
93.83999943	0.77211830	-1.93578900
93.91999943	0.77211830	-1.93578900
93.99999943	0.86092720	-1.93578900
94.07999943	0.77211830	-1.84789600
94.15999943	0.77211830	-1.76030800
94.23999943	0.77211830	-1.76030800
94.31999943	0.77211830	-1.76030800
94.39999943	0.68361460	-1.67241400
94.47999943	0.77211830	-1.67241400
94.55999943	0.77211830	-1.58452100
94.63999942	0.77211830	-1.49662800
94.71999942	0.77211830	-1.49662800
94.79999942	0.68361460	-1.40904000
94.87999942	0.77211830	-1.40904000
94.95999942	0.77211830	-1.40904000
95.03999942	0.77211830	-1.32114600
95.11999942	0.77211830	-1.23325300
95.19999942	0.77211830	-1.23325300
95.27999942	0.68361460	-1.14536000
95.35999942	0.77211830	-1.14536000
95.43999942	0.77211830	-1.05746600
95.51999942	0.77211830	-1.05746600
95.59999942	0.68361460	-0.96987830
95.67999942	0.77211830	-0.88198490
95.75999942	0.77211830	-0.79409160
95.83999942	0.77211830	-0.79409160
95.91999942	0.68361460	-0.79409160
95.99999942	0.68361460	-0.70619830
96.07999942	0.68361460	-0.70619830
96.15999942	0.77211830	-0.61861020
96.23999942	0.68361460	-0.53071690
96.31999941	0.68361460	-0.53071690
96.39999941	0.68361460	-0.44282360
96.47999941	0.68361460	-0.44282360
96.55999941	0.77211830	-0.35493030
96.63999941	0.68361460	-0.35493030
96.71999941	0.68361460	-0.35493030
96.79999941	0.68361460	-0.17944880
96.87999941	0.68361460	-0.17944880
96.95999941	0.68361460	-0.17944880
97.03999941	0.68361460	-0.09155553
97.11999941	0.68361460	-0.00366222
97.19999941	0.68361460	-0.00366222
97.27999941	0.68361460	0.08392590
97.35999941	0.68361460	0.08392590
97.43999941	0.68361460	0.17151400
97.51999941	0.68361460	0.17151400
97.59999941	0.68361460	0.25940730
97.67999941	0.68361460	0.34730060
97.75999941	0.68361460	0.34730060
97.83999941	0.68361460	0.43519400
97.91999940	0.68361460	0.52278210
97.99999940	0.68361460	0.52278210
98.07999940	0.68361460	0.61067540
98.15999940	0.68361460	0.61067540
98.23999940	0.68361460	0.69856870
98.31999940	0.68361460	0.69856870
98.39999940	0.68361460	0.78646200
98.47999940	0.68361460	0.78646200
98.55999940	0.68361460	0.87405010
98.63999940	0.68361460	0.96194340
98.71999940	0.68361460	0.96194340
98.79999940	0.68361460	1.04983700
98.87999940	0.68361460	1.04983700
98.95999940	0.68361460	1.13773000
99.03999940	0.68361460	1.13773000
99.11999940	0.59480580	1.22531800
99.19999940	0.59480580	1.31321100
99.27999940	0.68361460	1.31321100
99.35999940	0.59480580	1.40110500
99.43999940	0.59480580	1.40110500
99.51999940	0.59480580	1.40110500
99.59999939	0.59480580	1.48899800
99.67999939	0.59480580	1.57689100
99.75999939	0.59480580	1.57689100
99.83999939	0.59480580	1.66447900
99.91999939	0.59480580	1.75237300
99.99999939	0.59480580	1.75237300
100.07999939	0.59480580	1.75237300
100.15999939	0.50630210	1.84026600
100.23999939	0.50630210	1.84026600
100.31999939	0.50630210	1.92815900
100.39999939	0.50630210	1.92815900
100.47999939	0.50630210	2.01574800
100.55999939	0.50630210	2.10364100
100.63999939	0.50630210	2.10364100
100.71999939	0.50630210	2.19153400
100.79999939	0.50630210	2.27942800
100.87999939	0.50630210	2.27942800
100.95999939	0.50630210	2.36701600
101.03999939	0.50630210	2.36701600
101.11999939	0.50630210	2.45490900
101.19999938	0.59480580	2.45490900
101.27999938	0.50630210	2.45490900
101.35999938	0.50630210	2.54280200
101.43999938	0.50630210	2.54280200
101.51999938	0.59480580	2.63069600
101.59999938	0.59480580	2.71828400
101.67999938	0.59480580	2.71828400
101.75999938	0.59480580	2.80617700
101.83999938	0.59480580	2.80617700
101.91999938	0.59480580	2.80617700
101.99999938	0.59480580	2.89407000
102.07999938	0.59480580	2.89407000
102.15999938	0.59480580	2.98196400
102.23999938	0.59480580	2.98196400
102.31999938	0.59480580	2.98196400
102.39999938	0.59480580	3.06985700
102.47999938	0.59480580	3.15744500
102.55999938	0.50630210	3.15744500
102.63999938	0.50630210	3.24533800
102.71999938	0.59480580	3.24533800
102.79999938	0.59480580	3.24533800
102.87999937	0.59480580	3.33323200
102.95999937	0.59480580	3.33323200
103.03999937	0.59480580	3.42112500
103.11999937	0.59480580	3.50871300
103.19999937	0.59480580	3.42112500
103.27999937	0.59480580	3.50871300
103.35999937	0.59480580	3.50871300
103.43999937	0.59480580	3.59660600
103.51999937	0.59480580	3.59660600
103.59999937	0.59480580	3.68450000
103.67999937	0.59480580	3.68450000
103.75999937	0.59480580	3.68450000
103.83999937	0.59480580	3.77239300
103.91999937	0.59480580	3.77239300
103.99999937	0.59480580	3.85998100
104.07999937	0.59480580	3.85998100
104.15999937	0.59480580	3.85998100
104.23999937	0.59480580	3.85998100
104.31999937	0.59480580	3.94787400
104.39999937	0.59480580	3.94787400
104.47999937	0.59480580	4.03576800
104.55999936	0.59480580	4.03576800
104.63999936	0.59480580	4.03576800
104.71999936	0.59480580	4.12366100
104.79999936	0.59480580	4.12366100
104.87999936	0.59480580	4.12366100
104.95999936	0.59480580	4.21124900
105.03999936	0.59480580	4.21124900
105.11999936	0.59480580	4.21124900
105.19999936	0.59480580	4.29914200
105.27999936	0.59480580	4.29914200
105.35999936	0.68361460	4.29914200
105.43999936	0.59480580	4.29914200
105.51999936	0.59480580	4.38703600
105.59999936	0.68361460	4.38703600
105.67999936	0.59480580	4.38703600
105.75999936	0.59480580	4.38703600
105.83999936	0.59480580	4.38703600
105.91999936	0.68361460	4.47492900
105.99999936	0.59480580	4.56282200
106.07999936	0.68361460	4.56282200
106.15999935	0.68361460	4.56282200
106.23999935	0.59480580	4.56282200
106.31999935	0.59480580	4.56282200
106.39999935	0.59480580	4.56282200
106.47999935	0.68361460	4.56282200
106.55999935	0.68361460	4.65041100
106.63999935	0.68361460	4.73830400
106.71999935	0.59480580	4.65041100
106.79999935	0.68361460	4.65041100
106.87999935	0.68361460	4.73830400
106.95999935	0.59480580	4.73830400
107.03999935	0.68361460	4.73830400
107.11999935	0.59480580	4.73830400
107.19999935	0.68361460	4.82619700
107.27999935	0.68361460	4.82619700
107.35999935	0.68361460	4.82619700
107.43999935	0.68361460	4.82619700
107.51999935	0.68361460	4.82619700
107.59999935	0.68361460	4.82619700
107.67999935	0.59480580	4.82619700
107.75999935	0.68361460	4.91409000
107.83999934	0.68361460	4.91409000
107.91999934	0.68361460	4.91409000
107.99999934	0.68361460	4.91409000
108.07999934	0.68361460	4.91409000
108.15999934	0.68361460	4.91409000
108.23999934	0.68361460	4.91409000
108.31999934	0.68361460	4.91409000
108.39999934	0.68361460	4.91409000
108.47999934	0.68361460	4.91409000
108.55999934	0.68361460	4.91409000
108.63999934	0.68361460	4.91409000
108.71999934	0.68361460	4.91409000
108.79999934	0.59480580	4.91409000
108.87999934	0.68361460	4.91409000
108.95999934	0.68361460	4.91409000
109.03999934	0.68361460	4.91409000
109.11999934	0.68361460	4.91409000
109.19999934	0.68361460	4.91409000
109.27999934	0.68361460	4.91409000
109.35999934	0.68361460	4.91409000
109.43999933	0.68361460	4.91409000
109.51999933	0.68361460	4.91409000
109.59999933	0.68361460	4.91409000
109.67999933	0.68361460	4.91409000
109.75999933	0.68361460	4.91409000
109.83999933	0.68361460	4.91409000
109.91999933	0.68361460	4.91409000
109.99999933	0.68361460	4.91409000
110.07999933	0.68361460	4.91409000
110.15999933	0.68361460	4.82619700
110.23999933	0.68361460	4.82619700
110.31999933	0.68361460	4.82619700
110.39999933	0.68361460	4.82619700
110.47999933	0.68361460	4.82619700
110.55999933	0.68361460	4.82619700
110.63999933	0.68361460	4.82619700
110.71999933	0.68361460	4.82619700
110.79999933	0.68361460	4.73830400
110.87999933	0.68361460	4.73830400
110.95999933	0.68361460	4.73830400
111.03999933	0.68361460	4.73830400
111.11999932	0.68361460	4.73830400
111.19999932	0.68361460	4.73830400
111.27999932	0.68361460	4.65041100
111.35999932	0.68361460	4.65041100
111.43999932	0.68361460	4.65041100
111.51999932	0.68361460	4.65041100
111.59999932	0.68361460	4.56282200
111.67999932	0.68361460	4.56282200
111.75999932	0.68361460	4.56282200
111.83999932	0.68361460	4.56282200
111.91999932	0.68361460	4.56282200
111.99999932	0.68361460	4.56282200
112.07999932	0.68361460	4.47492900
112.15999932	0.68361460	4.47492900
112.23999932	0.68361460	4.38703600
112.31999932	0.68361460	4.47492900
112.39999932	0.68361460	4.47492900
112.47999932	0.68361460	4.38703600
112.55999932	0.68361460	4.38703600
112.63999932	0.68361460	4.29914200
112.71999931	0.68361460	4.29914200
112.79999931	0.68361460	4.29914200
112.87999931	0.68361460	4.21124900
112.95999931	0.68361460	4.21124900
113.03999931	0.68361460	4.21124900
113.11999931	0.68361460	4.21124900
113.19999931	0.68361460	4.21124900
113.27999931	0.59480580	4.12366100
113.35999931	0.68361460	4.12366100
113.43999931	0.68361460	4.03576800
113.51999931	0.68361460	4.03576800
113.59999931	0.68361460	4.03576800
113.67999931	0.68361460	3.94787400
113.75999931	0.68361460	3.94787400
113.83999931	0.68361460	3.94787400
113.91999931	0.68361460	3.85998100
113.99999931	0.68361460	3.85998100
114.07999931	0.59480580	3.85998100
114.15999931	0.68361460	3.85998100
114.23999931	0.59480580	3.77239300
114.31999931	0.68361460	3.77239300
114.39999930	0.68361460	3.77239300
114.47999930	0.68361460	3.68450000
114.55999930	0.59480580	3.68450000
114.63999930	0.59480580	3.68450000
114.71999930	0.59480580	3.59660600
114.79999930	0.59480580	3.59660600
114.87999930	0.68361460	3.50871300
114.95999930	0.59480580	3.50871300
115.03999930	0.68361460	3.50871300
115.11999930	0.59480580	3.50871300
115.19999930	0.59480580	3.42112500
115.27999930	0.59480580	3.42112500
115.35999930	0.59480580	3.33323200
115.43999930	0.59480580	3.33323200
115.51999930	0.59480580	3.33323200
115.59999930	0.59480580	3.24533800
115.67999930	0.59480580	3.15744500
115.75999930	0.59480580	3.15744500
115.83999930	0.50630210	3.15744500
115.91999930	0.50630210	3.15744500
115.99999930	0.50630210	3.06985700
116.07999929	0.50630210	3.06985700
116.15999929	0.50630210	2.98196400
116.23999929	0.50630210	2.98196400
116.31999929	0.50630210	2.98196400
116.39999929	0.50630210	2.89407000
116.47999929	0.41749320	2.80617700
116.55999929	0.41749320	2.80617700
116.63999929	0.41749320	2.80617700
116.71999929	0.32898950	2.80617700
116.79999929	0.32898950	2.71828400
116.87999929	0.32898950	2.71828400
116.95999929	0.32898950	2.71828400
117.03999929	0.32898950	2.63069600
117.11999929	0.32898950	2.54280200
117.19999929	0.32898950	2.54280200
117.27999929	0.24048580	2.45490900
117.35999929	0.32898950	2.45490900
117.43999929	0.24048580	2.45490900
117.51999929	0.24048580	2.36701600
117.59999929	0.24048580	2.36701600
117.67999928	0.24048580	2.36701600
117.75999928	0.15167700	2.27942800
117.83999928	0.15167700	2.27942800
117.91999928	0.24048580	2.19153400
117.99999928	0.15167700	2.19153400
118.07999928	0.15167700	2.10364100
118.15999928	0.15167700	2.10364100
118.23999928	0.15167700	2.01574800
118.31999928	0.06317332	2.01574800
118.39999928	0.06317332	1.92815900
118.47999928	-0.02563555	1.92815900
118.55999928	-0.02563555	1.84026600
118.63999928	0.06317332	1.84026600
118.71999928	-0.02563555	1.75237300
118.79999928	-0.02563555	1.75237300
118.87999928	-0.02563555	1.75237300
118.95999928	-0.02563555	1.75237300
119.03999928	-0.11413920	1.66447900
119.11999928	-0.02563555	1.57689100
119.19999928	-0.11413920	1.57689100
119.27999928	-0.11413920	1.48899800
119.35999927	-0.11413920	1.48899800
119.43999927	-0.11413920	1.40110500
119.51999927	-0.20294810	1.40110500
119.59999927	-0.20294810	1.31321100
119.67999927	-0.20294810	1.31321100
119.75999927	-0.20294810	1.31321100
119.83999927	-0.20294810	1.22531800
119.91999927	-0.20294810	1.22531800
119.99999927	-0.29145180	1.13773000
120.07999927	-0.29145180	1.13773000
120.15999927	-0.29145180	1.04983700
120.23999927	-0.29145180	1.04983700
120.31999927	-0.38026060	1.04983700
120.39999927	-0.29145180	0.96194340
120.47999927	-0.29145180	0.87405010
120.55999927	-0.38026060	0.87405010
120.63999927	-0.38026060	0.87405010
120.71999927	-0.38026060	0.87405010
120.79999927	-0.38026060	0.78646200
120.87999927	-0.38026060	0.69856870
120.95999926	-0.38026060	0.69856870
121.03999926	-0.38026060	0.61067540
121.11999926	-0.38026060	0.61067540
121.19999926	-0.46876430	0.61067540
121.27999926	-0.46876430	0.61067540
121.35999926	-0.46876430	0.52278210
121.43999926	-0.46876430	0.52278210
121.51999926	-0.46876430	0.34730060
121.59999926	-0.46876430	0.34730060
121.67999926	-0.46876430	0.34730060
121.75999926	-0.46876430	0.34730060
121.83999926	-0.46876430	0.25940730
121.91999926	-0.46876430	0.17151400
121.99999926	-0.46876430	0.17151400
122.07999926	-0.46876430	0.08392590
122.15999926	-0.46876430	0.08392590
122.23999926	-0.46876430	-0.00366222
122.31999926	-0.46876430	-0.00366222
122.39999926	-0.55757310	-0.00366222
122.47999926	-0.55757310	-0.09155553
122.55999926	-0.55757310	-0.09155553
122.63999925	-0.55757310	-0.17944880
122.71999925	-0.55757310	-0.17944880
122.79999925	-0.55757310	-0.26734220
122.87999925	-0.55757310	-0.26734220
122.95999925	-0.55757310	-0.35493030
123.03999925	-0.55757310	-0.35493030
123.11999925	-0.55757310	-0.35493030
123.19999925	-0.55757310	-0.44282360
123.27999925	-0.55757310	-0.53071690
123.35999925	-0.55757310	-0.53071690
123.43999925	-0.55757310	-0.61861020
123.51999925	-0.55757310	-0.61861020
123.59999925	-0.55757310	-0.70619830
123.67999925	-0.55757310	-0.70619830
123.75999925	-0.64607690	-0.70619830
123.83999925	-0.55757310	-0.79409160
123.91999925	-0.55757310	-0.79409160
123.99999925	-0.64607690	-0.88198490
124.07999925	-0.55757310	-0.88198490
124.15999925	-0.64607690	-0.88198490
124.23999924	-0.64607690	-0.96987830
124.31999924	-0.64607690	-1.05746600
124.39999924	-0.64607690	-1.05746600
124.47999924	-0.64607690	-1.05746600
124.55999924	-0.64607690	-1.14536000
124.63999924	-0.64607690	-1.14536000
124.71999924	-0.64607690	-1.14536000
124.79999924	-0.64607690	-1.23325300
124.87999924	-0.64607690	-1.23325300
124.95999924	-0.64607690	-1.32114600
125.03999924	-0.64607690	-1.32114600
125.11999924	-0.64607690	-1.40904000
125.19999924	-0.64607690	-1.40904000
125.27999924	-0.64607690	-1.49662800
125.35999924	-0.73488570	-1.49662800
125.43999924	-0.73488570	-1.49662800
125.51999924	-0.64607690	-1.58452100
125.59999924	-0.64607690	-1.58452100
125.67999924	-0.73488570	-1.58452100
125.75999924	-0.73488570	-1.67241400
125.83999924	-0.64607690	-1.67241400
125.91999923	-0.73488570	-1.67241400
125.99999923	-0.73488570	-1.76030800
126.07999923	-0.73488570	-1.76030800
126.15999923	-0.73488570	-1.76030800
126.23999923	-0.73488570	-1.84789600
126.31999923	-0.73488570	-1.84789600
126.39999923	-0.73488570	-1.93578900
126.47999923	-0.73488570	-1.93578900
126.55999923	-0.73488570	-1.93578900
126.63999923	-0.73488570	-1.93578900
126.71999923	-0.73488570	-2.02368200
126.79999923	-0.73488570	-2.02368200
126.87999923	-0.73488570	-2.11157600
126.95999923	-0.73488570	-2.11157600
127.03999923	-0.73488570	-2.11157600
127.11999923	-0.73488570	-2.19916400
127.19999923	-0.73488570	-2.19916400
127.27999923	-0.73488570	-2.19916400
127.35999923	-0.73488570	-2.28705700
127.43999923	-0.73488570	-2.28705700
127.51999923	-0.73488570	-2.28705700
127.59999922	-0.73488570	-2.28705700
127.67999922	-0.73488570	-2.37495000
127.75999922	-0.73488570	-2.37495000
127.83999922	-0.73488570	-2.46284400
127.91999922	-0.73488570	-2.46284400
127.99999922	-0.73488570	-2.46284400
128.07999922	-0.73488570	-2.55043200
128.15999922	-0.73488570	-2.46284400
128.23999922	-0.73488570	-2.55043200
128.31999922	-0.73488570	-2.63832500
128.39999922	-0.73488570	-2.63832500
128.47999922	-0.73488570	-2.63832500
128.55999922	-0.73488570	-2.63832500
128.63999922	-0.73488570	-2.63832500
128.71999922	-0.73488570	-2.72621800
128.79999922	-0.73488570	-2.72621800
128.87999922	-0.73488570	-2.81411200
128.95999922	-0.73488570	-2.81411200
129.03999922	-0.73488570	-2.81411200
129.11999922	-0.73488570	-2.81411200
129.19999921	-0.73488570	-2.81411200
129.27999921	-0.73488570	-2.81411200
129.35999921	-0.73488570	-2.81411200
129.43999921	-0.73488570	-2.90200500
129.51999921	-0.73488570	-2.90200500
129.59999921	-0.73488570	-2.90200500
129.67999921	-0.82338940	-2.90200500
129.75999921	-0.73488570	-2.98959300
129.83999921	-0.73488570	-2.98959300
129.91999921	-0.73488570	-2.98959300
129.99999921	-0.82338940	-2.98959300
130.07999921	-0.73488570	-3.07748700
130.15999921	-0.73488570	-3.07748700
130.23999921	-0.73488570	-3.07748700
130.31999921	-0.73488570	-3.07748700
130.39999921	-0.73488570	-3.16538000
130.47999921	-0.73488570	-3.16538000
130.55999921	-0.82338940	-3.16538000
130.63999921	-0.82338940	-3.16538000
130.71999921	-0.73488570	-3.16538000
130.79999921	-0.73488570	-3.16538000
130.87999920	-0.73488570	-3.16538000
130.95999920	-0.73488570	-3.16538000
131.03999920	-0.73488570	-3.16538000
131.11999920	-0.82338940	-3.25327300
131.19999920	-0.82338940	-3.25327300
131.27999920	-0.73488570	-3.25327300
131.35999920	-0.73488570	-3.25327300
131.43999920	-0.82338940	-3.25327300
131.51999920	-0.73488570	-3.34086100
131.59999920	-0.82338940	-3.34086100
131.67999920	-0.82338940	-3.34086100
131.75999920	-0.73488570	-3.34086100
131.83999920	-0.82338940	-3.34086100
131.91999920	-0.82338940	-3.34086100
131.99999920	-0.82338940	-3.34086100
132.07999920	-0.82338940	-3.34086100
132.15999920	-0.82338940	-3.34086100
132.23999920	-0.82338940	-3.34086100
132.31999920	-0.82338940	-3.34086100
132.39999920	-0.82338940	-3.34086100
132.47999919	-0.82338940	-3.34086100
132.55999919	-0.73488570	-3.34086100
132.63999919	-0.82338940	-3.34086100
132.71999919	-0.82338940	-3.34086100
132.79999919	-0.82338940	-3.34086100
132.87999919	-0.82338940	-3.34086100
132.95999919	-0.82338940	-3.42875500
133.03999919	-0.73488570	-3.42875500
133.11999919	-0.73488570	-3.42875500
133.19999919	-0.82338940	-3.42875500
133.27999919	-0.82338940	-3.34086100
133.35999919	-0.82338940	-3.42875500
133.43999919	-0.82338940	-3.42875500
133.51999919	-0.82338940	-3.42875500
133.59999919	-0.82338940	-3.42875500
133.67999919	-0.82338940	-3.42875500
133.75999919	-0.82338940	-3.42875500
133.83999919	-0.82338940	-3.42875500
133.91999919	-0.82338940	-3.42875500
133.99999919	-0.73488570	-3.34086100
134.07999919	-0.82338940	-3.42875500
134.15999918	-0.82338940	-3.42875500
134.23999918	-0.82338940	-3.42875500
134.31999918	-0.82338940	-3.42875500
134.39999918	-0.82338940	-3.42875500
134.47999918	-0.82338940	-3.34086100
134.55999918	-0.82338940	-3.34086100
134.63999918	-0.82338940	-3.34086100
134.71999918	-0.82338940	-3.34086100
134.79999918	-0.82338940	-3.34086100
134.87999918	-0.82338940	-3.34086100
134.95999918	-0.82338940	-3.34086100
135.03999918	-0.82338940	-3.34086100
135.11999918	-0.82338940	-3.34086100
135.19999918	-0.82338940	-3.34086100
135.27999918	-0.82338940	-3.34086100
135.35999918	-0.82338940	-3.34086100
135.43999918	-0.82338940	-3.34086100
135.51999918	-0.82338940	-3.34086100
135.59999918	-0.82338940	-3.25327300
135.67999918	-0.82338940	-3.34086100
135.75999917	-0.82338940	-3.25327300
135.83999917	-0.82338940	-3.25327300
135.91999917	-0.73488570	-3.25327300
135.99999917	-0.82338940	-3.25327300
136.07999917	-0.82338940	-3.25327300
136.15999917	-0.82338940	-3.25327300
136.23999917	-0.82338940	-3.16538000
136.31999917	-0.82338940	-3.16538000
136.39999917	-0.82338940	-3.16538000
136.47999917	-0.82338940	-3.16538000
136.55999917	-0.82338940	-3.16538000
136.63999917	-0.82338940	-3.16538000
136.71999917	-0.82338940	-3.16538000
136.79999917	-0.82338940	-3.16538000
136.87999917	-0.82338940	-3.16538000
136.95999917	-0.82338940	-3.16538000
137.03999917	-0.82338940	-3.07748700
137.11999917	-0.82338940	-3.07748700
137.19999917	-0.82338940	-2.98959300
137.27999917	-0.82338940	-3.07748700
137.35999917	-0.82338940	-2.98959300
137.43999916	-0.82338940	-2.98959300
137.51999916	-0.82338940	-2.98959300
137.59999916	-0.82338940	-2.98959300
137.67999916	-0.82338940	-2.98959300
137.75999916	-0.82338940	-2.90200500
137.83999916	-0.82338940	-2.90200500
137.91999916	-0.73488570	-2.81411200
137.99999916	-0.73488570	-2.90200500
138.07999916	-0.82338940	-2.81411200
138.15999916	-0.82338940	-2.81411200
138.23999916	-0.82338940	-2.81411200
138.31999916	-0.82338940	-2.81411200
138.39999916	-0.82338940	-2.81411200
138.47999916	-0.73488570	-2.81411200
138.55999916	-0.82338940	-2.81411200
138.63999916	-0.82338940	-2.72621800
138.71999916	-0.82338940	-2.72621800
138.79999916	-0.73488570	-2.72621800
138.87999916	-0.82338940	-2.63832500
138.95999916	-0.73488570	-2.63832500
139.03999915	-0.82338940	-2.63832500
139.11999915	-0.82338940	-2.63832500
139.19999915	-0.73488570	-2.63832500
139.27999915	-0.82338940	-2.55043200
139.35999915	-0.82338940	-2.55043200
139.43999915	-0.73488570	-2.55043200
139.51999915	-0.73488570	-2.55043200
139.59999915	-0.82338940	-2.46284400
139.67999915	-0.73488570	-2.46284400
139.75999915	-0.73488570	-2.46284400
139.83999915	-0.73488570	-2.46284400
139.91999915	-0.73488570	-2.37495000
139.99999915	-0.73488570	-2.37495000
140.07999915	-0.73488570	-2.37495000
140.15999915	-0.73488570	-2.37495000
140.23999915	-0.73488570	-2.28705700
140.31999915	-0.73488570	-2.28705700
140.39999915	-0.73488570	-2.28705700
140.47999915	-0.73488570	-2.28705700
140.55999915	-0.73488570	-2.28705700
140.63999915	-0.73488570	-2.19916400
140.71999914	-0.73488570	-2.19916400
140.79999914	-0.73488570	-2.19916400
140.87999914	-0.73488570	-2.11157600
140.95999914	-0.73488570	-2.11157600
141.03999914	-0.73488570	-2.11157600
141.11999914	-0.73488570	-2.11157600
141.19999914	-0.73488570	-2.02368200
141.27999914	-0.73488570	-2.02368200
141.35999914	-0.73488570	-1.93578900
141.43999914	-0.73488570	-1.93578900
141.51999914	-0.73488570	-1.93578900
141.59999914	-0.73488570	-1.93578900
141.67999914	-0.73488570	-1.84789600
141.75999914	-0.73488570	-1.93578900
141.83999914	-0.73488570	-1.84789600
141.91999914	-0.73488570	-1.84789600
141.99999914	-0.73488570	-1.76030800
142.07999914	-0.64607690	-1.76030800
142.15999914	-0.73488570	-1.76030800
142.23999914	-0.73488570	-1.76030800
142.31999914	-0.73488570	-1.76030800
142.39999913	-0.73488570	-1.67241400
142.47999913	-0.73488570	-1.67241400
142.55999913	-0.64607690	-1.58452100
142.63999913	-0.73488570	-1.58452100
142.71999913	-0.64607690	-1.58452100
142.79999913	-0.64607690	-1.49662800
142.87999913	-0.64607690	-1.58452100
142.95999913	-0.64607690	-1.49662800
143.03999913	-0.64607690	-1.49662800
143.11999913	-0.64607690	-1.40904000
143.19999913	-0.64607690	-1.40904000
143.27999913	-0.64607690	-1.40904000
143.35999913	-0.64607690	-1.40904000
143.43999913	-0.64607690	-1.40904000
143.51999913	-0.55757310	-1.40904000
143.59999913	-0.64607690	-1.32114600
143.67999913	-0.55757310	-1.32114600
143.75999913	-0.64607690	-1.32114600
143.83999913	-0.55757310	-1.23325300
143.91999913	-0.55757310	-1.23325300
143.99999912	-0.55757310	-1.23325300
144.07999912	-0.55757310	-1.23325300
144.15999912	-0.55757310	-1.14536000
144.23999912	-0.55757310	-1.14536000
144.31999912	-0.55757310	-1.05746600
144.39999912	-0.55757310	-1.05746600
144.47999912	-0.55757310	-1.05746600
144.55999912	-0.55757310	-1.05746600
144.63999912	-0.55757310	-0.96987830
144.71999912	-0.55757310	-0.96987830
144.79999912	-0.55757310	-0.96987830
144.87999912	-0.55757310	-0.88198490
144.95999912	-0.55757310	-0.88198490
145.03999912	-0.55757310	-0.88198490
145.11999912	-0.55757310	-0.79409160
145.19999912	-0.55757310	-0.79409160
145.27999912	-0.55757310	-0.79409160
145.35999912	-0.46876430	-0.79409160
145.43999912	-0.55757310	-0.70619830
145.51999912	-0.55757310	-0.70619830
145.59999912	-0.55757310	-0.61861020
145.67999911	-0.55757310	-0.61861020
145.75999911	-0.46876430	-0.61861020
145.83999911	-0.46876430	-0.53071690
145.91999911	-0.46876430	-0.53071690
145.99999911	-0.46876430	-0.53071690
146.07999911	-0.46876430	-0.53071690
146.15999911	-0.46876430	-0.44282360
146.23999911	-0.46876430	-0.44282360
146.31999911	-0.46876430	-0.44282360
146.39999911	-0.46876430	-0.35493030
146.47999911	-0.38026060	-0.35493030
146.55999911	-0.38026060	-0.35493030
146.63999911	-0.38026060	-0.26734220
146.71999911	-0.38026060	-0.26734220
146.79999911	-0.38026060	-0.26734220
146.87999911	-0.38026060	-0.17944880
146.95999911	-0.38026060	-0.17944880
147.03999911	-0.29145180	-0.17944880
147.11999911	-0.29145180	-0.09155553
147.19999911	-0.29145180	-0.09155553
147.27999910	-0.20294810	-0.09155553
147.35999910	-0.20294810	-0.00366222
147.43999910	-0.20294810	-0.09155553
147.51999910	-0.11413920	-0.00366222
147.59999910	-0.20294810	-0.00366222
147.67999910	-0.11413920	-0.00366222
147.75999910	-0.11413920	-0.00366222
147.83999910	-0.11413920	-0.00366222
147.91999910	-0.11413920	0.08392590
147.99999910	-0.02563555	0.08392590
148.07999910	-0.02563555	0.17151400
148.15999910	-0.02563555	0.17151400
148.23999910	0.06317332	0.17151400
148.31999910	0.06317332	0.25940730
148.39999910	0.15167700	0.34730060
148.47999910	0.15167700	0.25940730
148.55999910	0.24048580	0.34730060
148.63999910	0.24048580	0.34730060
148.71999910	0.50630210	0.34730060
148.79999910	0.59480580	0.34730060
148.87999910	0.59480580	0.43519400
148.95999909	0.59480580	0.43519400
149.03999909	0.59480580	0.43519400
149.11999909	0.59480580	0.52278210
149.19999909	0.24048580	0.52278210
149.27999909	1.30405600	0.61067540
149.35999909	2.01330600	0.61067540
149.43999909	2.10211500	0.61067540
149.51999909	1.30405600	0.69856870
149.59999909	0.24048580	0.61067540
149.67999909	3.16599000	0.69856870
149.75999909	4.40717800	0.69856870
149.83999909	4.14136200	0.69856870
149.91999909	4.05255300	0.78646200
149.99999909	4.14136200	0.78646200
150.07999909	4.05255300	0.87405010
150.15999909	4.05255300	0.87405010
150.23999909	4.05255300	0.87405010
150.31999909	4.05255300	0.87405010
150.39999909	4.05255300	0.87405010
150.47999909	4.05255300	0.96194340
150.55999908	4.05255300	0.96194340
150.63999908	3.96404900	1.04983700
150.71999908	3.96404900	1.04983700
150.79999908	3.96404900	1.04983700
150.87999908	3.96404900	1.04983700
150.95999908	3.87524000	1.13773000
151.03999908	3.87524000	1.13773000
151.11999908	3.87524000	1.22531800
151.19999908	3.87524000	1.22531800
151.27999908	3.96404900	1.31321100
151.35999908	3.96404900	1.31321100
151.43999908	3.87524000	1.31321100
151.51999908	3.87524000	1.40110500
151.59999908	3.87524000	1.31321100
151.67999908	3.87524000	1.40110500
151.75999908	3.87524000	1.40110500
151.83999908	3.87524000	1.40110500
151.91999908	3.87524000	1.48899800
151.99999908	3.87524000	1.57689100
152.07999908	3.87524000	1.57689100
152.15999908	3.87524000	1.57689100
152.23999907	3.78673700	1.66447900
152.31999907	3.78673700	1.66447900
152.39999907	3.87524000	1.75237300
152.47999907	3.78673700	1.75237300
152.55999907	3.78673700	1.75237300
152.63999907	3.78673700	1.75237300
152.71999907	3.78673700	1.75237300
152.79999907	3.78673700	1.84026600
152.87999907	3.78673700	1.92815900
152.95999907	3.78673700	1.92815900
153.03999907	3.78673700	2.01574800
153.11999907	3.78673700	2.01574800
153.19999907	3.78673700	2.01574800
153.27999907	3.78673700	2.10364100
153.35999907	3.78673700	2.10364100
153.43999907	3.69792800	2.10364100
153.51999907	3.69792800	2.19153400
153.59999907	3.69792800	2.19153400
153.67999907	3.69792800	2.27942800
153.75999907	3.69792800	2.27942800
153.83999907	3.69792800	2.27942800
153.91999906	3.69792800	2.36701600
153.99999906	3.69792800	2.36701600
154.07999906	3.69792800	2.45490900
154.15999906	3.69792800	2.45490900
154.23999906	3.69792800	2.45490900
154.31999906	3.69792800	2.45490900
154.39999906	3.69792800	2.45490900
154.47999906	3.69792800	2.54280200
154.55999906	3.69792800	2.63069600
154.63999906	3.69792800	2.63069600
154.71999906	3.69792800	2.63069600
154.79999906	3.69792800	2.71828400
154.87999906	3.69792800	2.71828400
154.95999906	3.60942400	2.71828400
155.03999906	3.60942400	2.80617700
155.11999906	3.60942400	2.80617700
155.19999906	3.60942400	2.80617700
155.27999906	3.60942400	2.89407000
155.35999906	3.60942400	2.89407000
155.43999906	3.60942400	2.98196400
155.51999905	3.60942400	2.98196400
155.59999905	3.69792800	2.98196400
155.67999905	3.60942400	2.98196400
155.75999905	3.60942400	3.06985700
155.83999905	3.60942400	3.15744500
155.91999905	3.60942400	3.15744500
155.99999905	3.60942400	3.15744500
156.07999905	3.60942400	3.15744500
156.15999905	3.60942400	3.24533800
156.23999905	3.60942400	3.24533800
156.31999905	3.60942400	3.24533800
156.39999905	3.52061500	3.33323200
156.47999905	3.60942400	3.33323200
156.55999905	3.60942400	3.42112500
156.63999905	3.60942400	3.42112500
156.71999905	3.60942400	3.42112500
156.79999905	3.60942400	3.50871300
156.87999905	3.52061500	3.50871300
156.95999905	3.52061500	3.50871300
157.03999905	3.60942400	3.50871300
157.11999905	3.52061500	3.50871300
157.19999904	3.60942400	3.59660600
157.27999904	3.52061500	3.59660600
157.35999904	3.52061500	3.59660600
157.43999904	3.52061500	3.59660600
157.51999904	3.52061500	3.68450000
157.59999904	3.52061500	3.68450000
157.67999904	3.52061500	3.77239300
157.75999904	3.52061500	3.77239300
157.83999904	3.52061500	3.77239300
157.91999904	3.52061500	3.85998100
157.99999904	3.52061500	3.85998100
158.07999904	3.60942400	3.85998100
158.15999904	3.52061500	3.85998100
158.23999904	3.52061500	3.94787400
158.31999904	3.52061500	3.85998100
158.39999904	3.60942400	3.94787400
158.47999904	3.52061500	3.94787400
158.55999904	3.52061500	4.03576800
158.63999904	3.52061500	4.03576800
158.71999904	3.52061500	4.03576800
158.79999903	3.60942400	4.03576800
158.87999903	3.52061500	4.03576800
158.95999903	3.60942400	4.12366100
159.03999903	3.52061500	4.12366100
159.11999903	3.60942400	4.12366100
159.19999903	3.60942400	4.21124900
159.27999903	3.60942400	4.21124900
159.35999903	3.60942400	4.21124900
159.43999903	3.60942400	4.21124900
159.51999903	3.60942400	4.21124900
159.59999903	3.60942400	4.21124900
159.67999903	3.60942400	4.21124900
159.75999903	3.60942400	4.21124900
159.83999903	3.60942400	4.29914200
159.91999903	3.60942400	4.29914200
159.99999903	3.60942400	4.29914200
160.07999903	3.60942400	4.29914200
160.15999903	3.60942400	4.29914200
160.23999903	3.60942400	4.29914200
160.31999903	3.60942400	4.38703600
160.39999903	3.60942400	4.38703600
160.47999902	3.60942400	4.29914200
160.55999902	3.60942400	4.38703600
160.63999902	3.52061500	4.38703600
160.71999902	3.60942400	4.38703600
160.79999902	3.60942400	4.38703600
160.87999902	3.60942400	4.38703600
160.95999902	3.60942400	4.38703600
161.03999902	3.60942400	4.38703600
161.11999902	3.60942400	4.38703600
161.19999902	3.60942400	4.38703600
161.27999902	3.69792800	4.38703600
161.35999902	3.69792800	4.47492900
161.43999902	3.69792800	4.38703600
161.51999902	3.69792800	4.38703600
161.59999902	3.69792800	4.38703600
161.67999902	3.60942400	4.38703600
161.75999902	3.69792800	4.38703600
161.83999902	3.69792800	4.47492900
161.91999902	3.60942400	4.47492900
161.99999902	3.69792800	4.47492900
162.07999901	3.69792800	4.47492900
162.15999901	3.69792800	4.47492900
162.23999901	3.60942400	4.47492900
162.31999901	3.69792800	4.47492900
162.39999901	3.69792800	4.38703600
162.47999901	3.69792800	4.38703600
162.55999901	3.69792800	4.38703600
162.63999901	3.69792800	4.38703600
162.71999901	3.69792800	4.38703600
162.79999901	3.69792800	4.38703600
162.87999901	3.69792800	4.38703600
162.95999901	3.69792800	4.38703600
163.03999901	3.69792800	4.38703600
163.11999901	3.69792800	4.38703600
163.19999901	3.69792800	4.38703600
163.27999901	3.69792800	4.29914200
163.35999901	3.78673700	4.29914200
163.43999901	3.69792800	4.29914200
163.51999901	3.69792800	4.29914200
163.59999901	3.69792800	4.29914200
163.67999901	3.69792800	4.21124900
163.75999900	3.78673700	4.21124900
163.83999900	3.78673700	4.21124900
163.91999900	3.78673700	4.21124900
163.99999900	3.78673700	4.21124900
164.07999900	3.78673700	4.21124900
164.15999900	3.78673700	4.21124900
164.23999900	3.78673700	4.12366100
164.31999900	3.78673700	4.12366100
164.39999900	3.78673700	4.12366100
164.47999900	3.78673700	4.12366100
164.55999900	3.78673700	4.03576800
164.63999900	3.78673700	4.03576800
164.71999900	3.78673700	4.03576800
164.79999900	3.78673700	3.94787400
164.87999900	3.78673700	4.03576800
164.95999900	3.78673700	3.94787400
165.03999900	3.87524000	3.94787400
165.11999900	3.78673700	3.85998100
165.19999900	3.87524000	3.85998100
165.27999900	3.78673700	3.85998100
165.35999900	3.87524000	3.85998100
165.43999899	3.87524000	3.85998100
165.51999899	3.87524000	3.77239300
165.59999899	3.78673700	3.68450000
165.67999899	3.87524000	3.68450000
165.75999899	3.87524000	3.68450000
165.83999899	3.87524000	3.68450000
165.91999899	3.87524000	3.59660600
165.99999899	3.87524000	3.59660600
166.07999899	3.87524000	3.50871300
166.15999899	3.87524000	3.50871300
166.23999899	3.87524000	3.50871300
166.31999899	3.87524000	3.50871300
166.39999899	3.87524000	3.42112500
166.47999899	3.87524000	3.42112500
166.55999899	3.87524000	3.42112500
166.63999899	3.87524000	3.33323200
166.71999899	3.87524000	3.33323200
166.79999899	3.87524000	3.33323200
166.87999899	3.87524000	3.24533800
166.95999899	3.96404900	3.15744500
167.03999898	3.87524000	3.15744500
167.11999898	3.87524000	3.15744500
167.19999898	3.96404900	3.06985700
167.27999898	3.87524000	3.06985700
167.35999898	3.87524000	3.06985700
167.43999898	3.96404900	2.98196400
167.51999898	3.87524000	2.89407000
167.59999898	3.96404900	2.89407000
167.67999898	3.96404900	2.80617700
167.75999898	4.05255300	2.80617700
167.83999898	3.96404900	2.80617700
167.91999898	3.96404900	2.71828400
167.99999898	3.96404900	2.71828400
168.07999898	3.96404900	2.63069600
168.15999898	3.96404900	2.63069600
168.23999898	3.96404900	2.54280200
168.31999898	3.96404900	2.54280200
168.39999898	4.05255300	2.45490900
168.47999898	3.96404900	2.45490900
168.55999898	3.96404900	2.45490900
168.63999898	4.05255300	2.36701600
168.71999897	3.96404900	2.36701600
168.79999897	3.96404900	2.27942800
168.87999897	4.05255300	2.27942800
168.95999897	4.05255300	2.19153400
169.03999897	4.05255300	2.19153400
169.11999897	4.05255300	2.10364100
169.19999897	4.05255300	2.10364100
169.27999897	4.05255300	2.01574800
169.35999897	4.05255300	2.01574800
169.43999897	4.05255300	1.92815900
169.51999897	4.05255300	1.92815900
169.59999897	4.05255300	1.84026600
169.67999897	4.05255300	1.84026600
169.75999897	4.05255300	1.75237300
169.83999897	4.05255300	1.75237300
169.91999897	4.05255300	1.66447900
169.99999897	4.05255300	1.66447900
170.07999897	4.05255300	1.57689100
170.15999897	4.05255300	1.48899800
170.23999897	4.05255300	1.48899800
170.31999896	4.14136200	1.40110500
170.39999896	4.05255300	1.40110500
170.47999896	4.05255300	1.31321100
170.55999896	4.14136200	1.31321100
170.63999896	4.14136200	1.22531800
170.71999896	4.14136200	1.22531800
170.79999896	4.14136200	1.13773000
170.87999896	4.14136200	1.13773000
170.95999896	4.05255300	1.04983700
171.03999896	4.14136200	1.04983700
171.11999896	4.14136200	0.96194340
171.19999896	4.14136200	0.96194340
171.27999896	4.14136200	0.87405010
171.35999896	4.14136200	0.87405010
171.43999896	4.14136200	0.78646200
171.51999896	4.14136200	0.69856870
171.59999896	4.14136200	0.69856870
171.67999896	4.14136200	0.61067540
171.75999896	4.14136200	0.61067540
171.83999896	4.14136200	0.52278210
171.91999896	4.14136200	0.52278210
171.99999895	4.14136200	0.43519400
172.07999895	4.14136200	0.34730060
172.15999895	4.14136200	0.34730060
172.23999895	4.14136200	0.25940730
172.31999895	4.14136200	0.17151400
172.39999895	4.14136200	0.17151400
172.47999895	4.14136200	0.08392590
172.55999895	4.14136200	0.08392590
172.63999895	4.22986600	-0.00366222
172.71999895	4.14136200	-0.00366222
172.79999895	4.14136200	-0.09155553
172.87999895	4.14136200	-0.09155553
172.95999895	4.22986600	-0.17944880
173.03999895	4.14136200	-0.26734220
173.11999895	4.22986600	-0.35493030
173.19999895	4.14136200	-0.35493030
173.27999895	4.22986600	-0.35493030
173.35999895	4.22986600	-0.44282360
173.43999895	4.22986600	-0.53071690
173.51999895	4.22986600	-0.53071690
173.59999894	4.22986600	-0.61861020
173.67999894	4.22986600	-0.61861020
173.75999894	4.22986600	-0.70619830
173.83999894	4.22986600	-0.79409160
173.91999894	4.22986600	-0.79409160
173.99999894	4.22986600	-0.88198490
174.07999894	4.22986600	-0.96987830
174.15999894	4.22986600	-0.96987830
174.23999894	4.22986600	-1.05746600
174.31999894	4.22986600	-1.05746600
174.39999894	4.22986600	-1.14536000
174.47999894	4.22986600	-1.14536000
174.55999894	4.22986600	-1.23325300
174.63999894	4.22986600	-1.32114600
174.71999894	4.22986600	-1.32114600
174.79999894	4.31867400	-1.40904000
174.87999894	4.22986600	-1.40904000
174.95999894	4.22986600	-1.49662800
175.03999894	4.22986600	-1.49662800
175.11999894	4.31867400	-1.58452100
175.19999894	4.31867400	-1.58452100
175.27999893	4.31867400	-1.67241400
175.35999893	4.31867400	-1.76030800
175.43999893	4.40717800	-1.76030800
175.51999893	4.40717800	-1.84789600
175.59999893	4.49598700	-1.84789600
175.67999893	4.76180300	-1.93578900
175.75999893	5.02792500	-1.93578900
175.83999893	5.11642800	-2.02368200
175.91999893	5.11642800	-2.02368200
175.99999893	5.02792500	-2.11157600
176.07999893	4.93911600	-2.11157600
176.15999893	5.02792500	-2.19916400
176.23999893	5.11642800	-2.19916400
176.31999893	5.11642800	-2.28705700
176.39999893	5.02792500	-2.28705700
176.47999893	5.02792500	-2.37495000
176.55999893	5.02792500	-2.46284400
176.63999893	5.02792500	-2.46284400
176.71999893	4.93911600	-2.46284400
176.79999893	4.93911600	-2.55043200
176.87999893	4.93911600	-2.63832500
176.95999892	4.93911600	-2.63832500
177.03999892	4.93911600	-2.72621800
177.11999892	4.93911600	-2.72621800
177.19999892	4.93911600	-2.81411200
177.27999892	4.85061200	-2.81411200
177.35999892	4.85061200	-2.90200500
177.43999892	4.85061200	-2.90200500
177.51999892	4.85061200	-2.98959300
177.59999892	4.85061200	-2.98959300
177.67999892	4.85061200	-2.98959300
177.75999892	4.76180300	-3.07748700
177.83999892	4.76180300	-3.16538000
177.91999892	4.76180300	-3.16538000
177.99999892	4.67329900	-3.16538000
178.07999892	4.76180300	-3.25327300
178.15999892	4.67329900	-3.34086100
178.23999892	4.58449000	-3.34086100
178.31999892	4.58449000	-3.34086100
178.39999892	4.58449000	-3.34086100
178.47999892	4.58449000	-3.42875500
178.55999891	4.58449000	-3.51664800
178.63999891	4.58449000	-3.51664800
178.71999891	4.58449000	-3.51664800
178.79999891	4.49598700	-3.60454100
178.87999891	4.49598700	-3.60454100
178.95999891	4.49598700	-3.69212900
179.03999891	4.49598700	-3.69212900
179.11999891	4.49598700	-3.78002300
179.19999891	4.40717800	-3.78002300
179.27999891	4.40717800	-3.78002300
179.35999891	4.40717800	-3.86791600
179.43999891	4.40717800	-3.86791600
179.51999891	4.40717800	-3.95580900
179.59999891	4.40717800	-3.95580900
179.67999891	4.40717800	-3.95580900
179.75999891	4.40717800	-4.04339700
179.83999891	4.40717800	-4.04339700
179.91999891	4.40717800	-4.04339700
179.99999891	4.31867400	-4.13129000
180.07999891	4.40717800	-4.13129000
180.15999891	4.31867400	-4.21918400
180.23999890	4.31867400	-4.21918400
180.31999890	4.40717800	-4.21918400
180.39999890	4.31867400	-4.21918400
180.47999890	4.31867400	-4.30707700
180.55999890	4.31867400	-4.30707700
180.63999890	4.31867400	-4.30707700
180.71999890	4.31867400	-4.30707700
180.79999890	4.31867400	-4.39497000
180.87999890	4.31867400	-4.39497000
180.95999890	4.31867400	-4.39497000
181.03999890	4.31867400	-4.48255900
181.11999890	4.31867400	-4.48255900
181.19999890	4.31867400	-4.57045200
181.27999890	4.31867400	-4.57045200
181.35999890	4.22986600	-4.57045200
181.43999890	4.31867400	-4.57045200
181.51999890	4.31867400	-4.57045200
181.59999890	4.31867400	-4.57045200
181.67999890	4.22986600	-4.65834500
181.75999890	4.22986600	-4.65834500
181.83999889	4.31867400	-4.65834500
181.91999889	4.22986600	-4.65834500
181.99999889	4.31867400	-4.74623900
182.07999889	4.22986600	-4.74623900
182.15999889	4.22986600	-4.74623900
182.23999889	4.22986600	-4.74623900
182.31999889	4.22986600	-4.74623900
182.39999889	4.22986600	-4.83382700
182.47999889	4.22986600	-4.74623900
182.55999889	4.31867400	-4.83382700
182.63999889	4.22986600	-4.83382700
182.71999889	4.22986600	-4.83382700
182.79999889	4.22986600	-4.92172000
182.87999889	4.22986600	-4.92172000
182.95999889	4.22986600	-4.92172000
183.03999889	4.22986600	-4.92172000
183.11999889	4.22986600	-4.92172000
183.19999889	4.22986600	-4.92172000
183.27999889	4.22986600	-4.92172000
183.35999889	4.22986600	-4.92172000
183.43999889	4.22986600	-4.92172000
183.51999888	4.22986600	-4.92172000
183.59999888	4.22986600	-4.92172000
183.67999888	4.22986600	-4.92172000
183.75999888	4.22986600	-4.92172000
183.83999888	4.22986600	-5.00961400
183.91999888	4.22986600	-4.92172000
183.99999888	4.22986600	-4.92172000
184.07999888	4.22986600	-4.92172000
184.15999888	4.22986600	-5.00961400
184.23999888	4.22986600	-4.92172000
184.31999888	4.22986600	-5.00961400
184.39999888	4.22986600	-4.92172000
184.47999888	4.22986600	-5.00961400
184.55999888	4.22986600	-5.00961400
184.63999888	4.22986600	-5.00961400
184.71999888	4.22986600	-4.92172000
184.79999888	4.22986600	-4.92172000
184.87999888	4.22986600	-4.92172000
184.95999888	4.22986600	-4.92172000
185.03999888	4.22986600	-4.92172000
185.11999887	4.22986600	-4.92172000
185.19999887	4.22986600	-4.92172000
185.27999887	4.22986600	-5.00961400
185.35999887	4.22986600	-4.92172000
185.43999887	4.22986600	-4.92172000
185.51999887	4.22986600	-4.92172000
185.59999887	4.22986600	-4.92172000
185.67999887	4.22986600	-4.92172000
185.75999887	4.22986600	-4.92172000
185.83999887	4.22986600	-4.92172000
185.91999887	4.22986600	-4.92172000
185.99999887	4.22986600	-4.92172000
186.07999887	4.22986600	-4.83382700
186.15999887	4.22986600	-4.83382700
186.23999887	4.22986600	-4.83382700
186.31999887	4.22986600	-4.83382700
186.39999887	4.22986600	-4.83382700
186.47999887	4.22986600	-4.83382700
186.55999887	4.22986600	-4.74623900
186.63999887	4.22986600	-4.74623900
186.71999887	4.22986600	-4.74623900
186.79999886	4.22986600	-4.74623900
186.87999886	4.22986600	-4.74623900
186.95999886	4.22986600	-4.74623900
187.03999886	4.22986600	-4.65834500
187.11999886	4.22986600	-4.65834500
187.19999886	4.22986600	-4.65834500
187.27999886	4.22986600	-4.57045200
187.35999886	4.22986600	-4.57045200
187.43999886	4.22986600	-4.57045200
187.51999886	4.22986600	-4.57045200
187.59999886	4.22986600	-4.57045200
187.67999886	4.22986600	-4.57045200
187.75999886	4.22986600	-4.48255900
187.83999886	4.22986600	-4.48255900
187.91999886	4.22986600	-4.39497000
187.99999886	4.22986600	-4.39497000
188.07999886	4.22986600	-4.39497000
188.15999886	4.22986600	-4.39497000
188.23999886	4.22986600	-4.30707700
188.31999886	4.22986600	-4.30707700
188.39999886	4.22986600	-4.30707700
188.47999885	4.22986600	-4.21918400
188.55999885	4.22986600	-4.21918400
188.63999885	4.22986600	-4.21918400
188.71999885	4.22986600	-4.21918400
188.79999885	4.22986600	-4.21918400
188.87999885	4.22986600	-4.13129000
188.95999885	4.22986600	-4.13129000
189.03999885	4.22986600	-4.13129000
189.11999885	4.31867400	-4.04339700
189.19999885	4.22986600	-4.04339700
189.27999885	4.22986600	-4.04339700
189.35999885	4.31867400	-3.95580900
189.43999885	4.31867400	-3.95580900
189.51999885	4.31867400	-3.86791600
189.59999885	4.31867400	-3.86791600
189.67999885	4.31867400	-3.86791600
189.75999885	4.31867400	-3.86791600
189.83999885	4.40717800	-3.78002300
189.91999885	4.40717800	-3.69212900
189.99999885	4.49598700	-3.69212900
190.07999884	4.58449000	-3.69212900
190.15999884	4.76180300	-3.69212900
190.23999884	4.85061200	-3.60454100
190.31999884	4.93911600	-3.60454100
190.39999884	4.93911600	-3.60454100
190.47999884	4.93911600	-3.51664800
190.55999884	4.93911600	-3.51664800
190.63999884	4.93911600	-3.42875500
190.71999884	4.93911600	-3.42875500
190.79999884	4.93911600	-3.42875500
190.87999884	4.93911600	-3.34086100
190.95999884	5.02792500	-3.34086100
191.03999884	4.93911600	-3.25327300
191.11999884	5.02792500	-3.25327300
191.19999884	5.02792500	-3.16538000
191.27999884	5.02792500	-3.16538000
191.35999884	5.02792500	-3.16538000
191.43999884	5.11642800	-3.16538000
191.51999884	5.11642800	-2.98959300
191.59999884	5.02792500	-3.07748700
191.67999884	5.11642800	-2.98959300
191.75999883	5.11642800	-2.90200500
191.83999883	5.11642800	-2.90200500
191.91999883	5.11642800	-2.90200500
191.99999883	5.11642800	-2.81411200
192.07999883	5.11642800	-2.81411200
192.15999883	5.11642800	-2.81411200
192.23999883	5.11642800	-2.72621800
192.31999883	5.11642800	-2.72621800
192.39999883	5.11642800	-2.63832500
192.47999883	5.11642800	-2.63832500
192.55999883	5.20523700	-2.55043200
192.63999883	5.11642800	-2.55043200
192.71999883	5.20523700	-2.46284400
192.79999883	5.20523700	-2.46284400
192.87999883	5.20523700	-2.37495000
192.95999883	5.20523700	-2.37495000
193.03999883	5.20523700	-2.28705700
193.11999883	5.20523700	-2.28705700
193.19999883	5.20523700	-2.28705700
193.27999883	5.20523700	-2.19916400
193.35999882	5.20523700	-2.11157600
193.43999882	5.20523700	-2.11157600
193.51999882	5.20523700	-2.11157600
193.59999882	5.20523700	-2.02368200
193.67999882	5.20523700	-1.93578900
193.75999882	5.20523700	-1.93578900
193.83999882	5.20523700	-1.93578900
193.91999882	5.20523700	-1.93578900
193.99999882	5.20523700	-1.84789600
194.07999882	5.20523700	-1.76030800
194.15999882	5.29374100	-1.76030800
194.23999882	5.29374100	-1.76030800
194.31999882	5.29374100	-1.76030800
194.39999882	5.29374100	-1.67241400
194.47999882	5.29374100	-1.67241400
194.55999882	5.29374100	-1.49662800
194.63999882	5.20523700	-1.49662800
194.71999882	5.29374100	-1.49662800
194.79999882	5.29374100	-1.40904000
194.87999882	5.29374100	-1.40904000
194.95999882	5.29374100	-1.40904000
195.03999881	5.29374100	-1.32114600
195.11999881	5.29374100	-1.32114600
195.19999881	5.29374100	-1.23325300
195.27999881	5.29374100	-1.23325300
195.35999881	5.29374100	-1.14536000
195.43999881	5.29374100	-1.14536000
195.51999881	5.29374100	-1.14536000
195.59999881	5.29374100	-1.05746600
195.67999881	5.38254900	-1.05746600
195.75999881	5.29374100	-0.96987830
195.83999881	5.38254900	-0.96987830
195.91999881	5.38254900	-0.88198490
195.99999881	5.38254900	-0.88198490
196.07999881	5.38254900	-0.79409160
196.15999881	5.38254900	-0.79409160
196.23999881	5.47105300	-0.70619830
196.31999881	5.47105300	-0.70619830
196.39999881	5.47105300	-0.61861020
196.47999881	5.47105300	-0.61861020
196.55999881	5.47105300	-0.53071690
196.63999880	5.55986200	-0.44282360
196.71999880	5.55986200	-0.44282360
196.79999880	5.47105300	-0.44282360
196.87999880	5.55986200	-0.35493030
196.95999880	5.47105300	-0.35493030
197.03999880	5.55986200	-0.35493030
197.11999880	5.55986200	-0.26734220
197.19999880	5.55986200	-0.17944880
197.27999880	5.55986200	-0.17944880
197.35999880	5.55986200	-0.17944880
197.43999880	5.55986200	-0.09155553
197.51999880	5.55986200	-0.09155553
197.59999880	5.55986200	-0.00366222
197.67999880	5.55986200	-0.00366222
197.75999880	5.55986200	-0.00366222
197.83999880	5.55986200	0.17151400
197.91999880	5.55986200	0.08392590
197.99999880	5.55986200	0.17151400
198.07999880	5.55986200	0.25940730
198.15999880	5.55986200	0.25940730
198.23999880	5.55986200	0.25940730
198.31999879	5.55986200	0.34730060
198.39999879	5.64836500	0.43519400
198.47999879	5.55986200	0.43519400
198.55999879	5.55986200	0.52278210
198.63999879	5.64836500	0.52278210
198.71999879	5.55986200	0.61067540
198.79999879	5.64836500	0.61067540
198.87999879	5.64836500	0.69856870
198.95999879	5.64836500	0.69856870
199.03999879	5.64836500	0.69856870
199.11999879	5.64836500	0.78646200
199.19999879	5.64836500	0.78646200
199.27999879	5.64836500	0.78646200
199.35999879	5.64836500	0.87405010
199.43999879	5.64836500	0.87405010
199.51999879	5.64836500	0.96194340
199.59999879	5.64836500	1.04983700
199.67999879	5.64836500	1.04983700
199.75999879	5.64836500	1.04983700
199.83999879	5.64836500	1.04983700
199.91999878	5.64836500	1.13773000
199.99999878	5.64836500	1.13773000
200.07999878	5.64836500	1.22531800
200.15999878	5.64836500	1.22531800
200.23999878	5.64836500	1.31321100
