Time	Channel A	Channel B
(us)	(V)	(V)

0.00000000	0.94943080	-3.60454100
0.08000000	0.94943080	-3.60454100
0.16000000	0.94943080	-3.60454100
0.24000000	1.03824000	-3.60454100
0.32000000	0.94943080	-3.69212900
0.40000000	0.94943080	-3.69212900
0.48000000	0.94943080	-3.69212900
0.56000000	0.94943080	-3.78002300
0.64000000	0.94943080	-3.78002300
0.72000000	0.94943080	-3.86791600
0.80000000	0.94943080	-3.78002300
0.87999999	0.94943080	-3.86791600
0.95999999	0.94943080	-3.86791600
1.03999999	0.94943080	-3.86791600
1.11999999	0.94943080	-3.86791600
1.19999999	0.94943080	-3.95580900
1.27999999	0.94943080	-3.95580900
1.35999999	0.94943080	-3.95580900
1.43999999	0.94943080	-4.04339700
1.51999999	0.94943080	-4.04339700
1.59999999	0.94943080	-4.04339700
1.67999999	0.94943080	-4.04339700
1.75999999	0.94943080	-4.04339700
1.83999999	0.94943080	-4.13129000
1.91999999	1.03824000	-4.13129000
1.99999999	1.03824000	-4.13129000
2.07999999	0.94943080	-4.21918400
2.15999999	0.94943080	-4.21918400
2.23999999	0.94943080	-4.21918400
2.31999999	0.94943080	-4.21918400
2.39999999	0.94943080	-4.21918400
2.47999998	1.03824000	-4.21918400
2.55999998	0.94943080	-4.21918400
2.63999998	0.94943080	-4.21918400
2.71999998	0.94943080	-4.30707700
2.79999998	0.94943080	-4.30707700
2.87999998	0.94943080	-4.30707700
2.95999998	0.94943080	-4.30707700
3.03999998	0.94943080	-4.30707700
3.11999998	0.94943080	-4.39497000
3.19999998	0.94943080	-4.39497000
3.27999998	0.94943080	-4.30707700
3.35999998	0.94943080	-4.39497000
3.43999998	0.94943080	-4.39497000
3.51999998	0.94943080	-4.39497000
3.59999998	0.94943080	-4.39497000
3.67999998	0.94943080	-4.39497000
3.75999998	0.94943080	-4.39497000
3.83999998	0.94943080	-4.39497000
3.91999998	0.94943080	-4.39497000
3.99999998	0.94943080	-4.48255900
4.07999998	0.94943080	-4.39497000
4.15999997	0.94943080	-4.48255900
4.23999997	0.94943080	-4.39497000
4.31999997	0.94943080	-4.48255900
4.39999997	0.94943080	-4.48255900
4.47999997	0.94943080	-4.39497000
4.55999997	0.94943080	-4.48255900
4.63999997	0.94943080	-4.48255900
4.71999997	0.94943080	-4.39497000
4.79999997	0.94943080	-4.48255900
4.87999997	0.94943080	-4.39497000
4.95999997	0.94943080	-4.39497000
5.03999997	0.86092720	-4.39497000
5.11999997	0.94943080	-4.39497000
5.19999997	0.94943080	-4.39497000
5.27999997	0.94943080	-4.39497000
5.35999997	0.94943080	-4.39497000
5.43999997	0.94943080	-4.39497000
5.51999997	0.94943080	-4.39497000
5.59999997	0.94943080	-4.39497000
5.67999997	0.94943080	-4.39497000
5.75999996	0.94943080	-4.39497000
5.83999996	0.86092720	-4.30707700
5.91999996	0.86092720	-4.30707700
5.99999996	0.94943080	-4.30707700
6.07999996	0.94943080	-4.30707700
6.15999996	0.94943080	-4.30707700
6.23999996	0.94943080	-4.30707700
6.31999996	0.94943080	-4.30707700
6.39999996	0.86092720	-4.30707700
6.47999996	0.94943080	-4.21918400
6.55999996	0.94943080	-4.21918400
6.63999996	0.86092720	-4.21918400
6.71999996	0.86092720	-4.21918400
6.79999996	0.86092720	-4.21918400
6.87999996	0.86092720	-4.13129000
6.95999996	0.86092720	-4.13129000
7.03999996	0.94943080	-4.13129000
7.11999996	0.86092720	-4.13129000
7.19999996	0.86092720	-4.04339700
7.27999996	0.86092720	-4.04339700
7.35999996	0.86092720	-4.04339700
7.43999995	0.86092720	-4.04339700
7.51999995	0.86092720	-3.95580900
7.59999995	0.86092720	-3.95580900
7.67999995	0.86092720	-3.86791600
7.75999995	0.86092720	-3.86791600
7.83999995	0.86092720	-3.86791600
7.91999995	0.86092720	-3.86791600
7.99999995	0.86092720	-3.86791600
8.07999995	0.86092720	-3.86791600
8.15999995	0.86092720	-3.78002300
8.23999995	0.86092720	-3.78002300
8.31999995	0.86092720	-3.78002300
8.39999995	0.86092720	-3.69212900
8.47999995	0.86092720	-3.69212900
8.55999995	0.86092720	-3.60454100
8.63999995	0.86092720	-3.60454100
8.71999995	0.86092720	-3.51664800
8.79999995	0.86092720	-3.51664800
8.87999995	0.86092720	-3.51664800
8.95999995	0.86092720	-3.51664800
9.03999995	0.86092720	-3.42875500
9.11999994	0.86092720	-3.34086100
9.19999994	0.86092720	-3.42875500
9.27999994	0.86092720	-3.34086100
9.35999994	0.86092720	-3.25327300
9.43999994	0.86092720	-3.34086100
9.51999994	0.86092720	-3.25327300
9.59999994	0.86092720	-3.16538000
9.67999994	0.86092720	-3.16538000
9.75999994	0.86092720	-3.16538000
9.83999994	0.86092720	-3.07748700
9.91999994	0.86092720	-3.07748700
9.99999994	0.86092720	-3.07748700
10.07999994	0.86092720	-2.98959300
10.15999994	0.86092720	-2.98959300
10.23999994	0.86092720	-2.90200500
10.31999994	0.86092720	-2.90200500
10.39999994	0.86092720	-2.81411200
10.47999994	0.86092720	-2.81411200
10.55999994	0.86092720	-2.81411200
10.63999994	0.86092720	-2.72621800
10.71999993	0.77211830	-2.72621800
10.79999993	0.86092720	-2.63832500
10.87999993	0.86092720	-2.63832500
10.95999993	0.86092720	-2.63832500
11.03999993	0.77211830	-2.55043200
11.11999993	0.77211830	-2.46284400
11.19999993	0.77211830	-2.46284400
11.27999993	0.86092720	-2.37495000
11.35999993	0.86092720	-2.37495000
11.43999993	0.86092720	-2.37495000
11.51999993	0.77211830	-2.28705700
11.59999993	0.77211830	-2.19916400
11.67999993	0.86092720	-2.19916400
11.75999993	0.77211830	-2.19916400
11.83999993	0.77211830	-2.11157600
11.91999993	0.77211830	-2.02368200
11.99999993	0.86092720	-2.02368200
12.07999993	0.77211830	-1.93578900
12.15999993	0.77211830	-1.93578900
12.23999993	0.68361460	-1.84789600
12.31999993	0.77211830	-1.84789600
12.39999992	0.77211830	-1.76030800
12.47999992	0.77211830	-1.76030800
12.55999992	0.77211830	-1.76030800
12.63999992	0.77211830	-1.67241400
12.71999992	0.77211830	-1.58452100
12.79999992	0.77211830	-1.58452100
12.87999992	0.77211830	-1.49662800
12.95999992	0.77211830	-1.49662800
13.03999992	0.77211830	-1.40904000
13.11999992	0.77211830	-1.40904000
13.19999992	0.77211830	-1.32114600
13.27999992	0.86092720	-1.32114600
13.35999992	0.77211830	-1.23325300
13.43999992	0.68361460	-1.23325300
13.51999992	0.68361460	-1.14536000
13.59999992	0.68361460	-1.14536000
13.67999992	0.77211830	-1.05746600
13.75999992	0.68361460	-1.05746600
13.83999992	0.68361460	-0.96987830
13.91999992	0.77211830	-0.88198490
13.99999991	0.77211830	-0.79409160
14.07999991	0.68361460	-0.79409160
14.15999991	0.68361460	-0.79409160
14.23999991	0.77211830	-0.70619830
14.31999991	0.77211830	-0.70619830
14.39999991	0.68361460	-0.61861020
14.47999991	0.68361460	-0.53071690
14.55999991	0.68361460	-0.44282360
14.63999991	0.77211830	-0.44282360
14.71999991	0.77211830	-0.44282360
14.79999991	0.68361460	-0.35493030
14.87999991	0.68361460	-0.35493030
14.95999991	0.68361460	-0.26734220
15.03999991	0.68361460	-0.17944880
15.11999991	0.68361460	-0.17944880
15.19999991	0.68361460	-0.09155553
15.27999991	0.68361460	-0.00366222
15.35999991	0.68361460	-0.00366222
15.43999991	0.68361460	-0.00366222
15.51999991	0.68361460	0.08392590
15.59999991	0.68361460	0.17151400
15.67999990	0.68361460	0.17151400
15.75999990	0.68361460	0.25940730
15.83999990	0.68361460	0.25940730
15.91999990	0.68361460	0.34730060
15.99999990	0.68361460	0.34730060
16.07999990	0.68361460	0.43519400
16.15999990	0.68361460	0.52278210
16.23999990	0.68361460	0.52278210
16.31999990	0.68361460	0.61067540
16.39999990	0.68361460	0.69856870
16.47999990	0.68361460	0.69856870
16.55999990	0.68361460	0.69856870
16.63999990	0.68361460	0.78646200
16.71999990	0.68361460	0.87405010
16.79999990	0.68361460	0.87405010
16.87999990	0.68361460	0.87405010
16.95999990	0.68361460	0.96194340
17.03999990	0.68361460	1.04983700
17.11999990	0.68361460	1.04983700
17.19999990	0.59480580	1.13773000
17.27999989	0.59480580	1.13773000
17.35999989	0.59480580	1.22531800
17.43999989	0.59480580	1.31321100
17.51999989	0.59480580	1.40110500
17.59999989	0.59480580	1.40110500
17.67999989	0.59480580	1.40110500
17.75999989	0.59480580	1.48899800
17.83999989	0.50630210	1.57689100
17.91999989	0.50630210	1.57689100
17.99999989	0.50630210	1.66447900
18.07999989	0.41749320	1.75237300
18.15999989	0.41749320	1.75237300
18.23999989	0.41749320	1.75237300
18.31999989	0.41749320	1.84026600
18.39999989	0.50630210	1.84026600
18.47999989	0.50630210	1.92815900
18.55999989	0.50630210	1.92815900
18.63999989	0.50630210	2.01574800
18.71999989	0.50630210	2.10364100
18.79999989	0.50630210	2.10364100
18.87999989	0.59480580	2.19153400
18.95999988	0.50630210	2.19153400
19.03999988	0.50630210	2.27942800
19.11999988	0.50630210	2.27942800
19.19999988	0.50630210	2.36701600
19.27999988	0.50630210	2.45490900
19.35999988	0.50630210	2.45490900
19.43999988	0.50630210	2.45490900
19.51999988	0.50630210	2.54280200
19.59999988	0.59480580	2.54280200
19.67999988	0.59480580	2.63069600
19.75999988	0.50630210	2.63069600
19.83999988	0.59480580	2.71828400
19.91999988	0.59480580	2.71828400
19.99999988	0.50630210	2.80617700
20.07999988	0.50630210	2.80617700
20.15999988	0.59480580	2.80617700
20.23999988	0.59480580	2.89407000
20.31999988	0.59480580	2.89407000
20.39999988	0.59480580	2.98196400
20.47999988	0.50630210	2.98196400
20.55999988	0.59480580	3.06985700
20.63999987	0.59480580	3.15744500
20.71999987	0.59480580	3.15744500
20.79999987	0.59480580	3.15744500
20.87999987	0.59480580	3.24533800
20.95999987	0.59480580	3.24533800
21.03999987	0.59480580	3.33323200
21.11999987	0.59480580	3.33323200
21.19999987	0.59480580	3.42112500
21.27999987	0.59480580	3.42112500
21.35999987	0.59480580	3.50871300
21.43999987	0.59480580	3.50871300
21.51999987	0.59480580	3.50871300
21.59999987	0.59480580	3.50871300
21.67999987	0.59480580	3.59660600
21.75999987	0.59480580	3.59660600
21.83999987	0.59480580	3.68450000
21.91999987	0.59480580	3.68450000
21.99999987	0.59480580	3.68450000
22.07999987	0.59480580	3.68450000
22.15999987	0.59480580	3.77239300
22.23999986	0.59480580	3.85998100
22.31999986	0.59480580	3.85998100
22.39999986	0.59480580	3.85998100
22.47999986	0.59480580	3.85998100
22.55999986	0.59480580	3.85998100
22.63999986	0.59480580	3.94787400
22.71999986	0.59480580	4.03576800
22.79999986	0.59480580	4.03576800
22.87999986	0.59480580	4.12366100
22.95999986	0.59480580	4.12366100
23.03999986	0.59480580	4.12366100
23.11999986	0.59480580	4.21124900
23.19999986	0.59480580	4.21124900
23.27999986	0.59480580	4.21124900
23.35999986	0.59480580	4.21124900
23.43999986	0.59480580	4.21124900
23.51999986	0.59480580	4.29914200
23.59999986	0.59480580	4.29914200
23.67999986	0.59480580	4.38703600
23.75999986	0.59480580	4.38703600
23.83999986	0.59480580	4.38703600
23.91999985	0.68361460	4.38703600
23.99999985	0.59480580	4.38703600
24.07999985	0.68361460	4.47492900
24.15999985	0.59480580	4.47492900
24.23999985	0.68361460	4.47492900
24.31999985	0.59480580	4.56282200
24.39999985	0.59480580	4.56282200
24.47999985	0.68361460	4.56282200
24.55999985	0.59480580	4.56282200
24.63999985	0.68361460	4.56282200
24.71999985	0.59480580	4.56282200
24.79999985	0.68361460	4.65041100
24.87999985	0.59480580	4.56282200
24.95999985	0.68361460	4.65041100
25.03999985	0.68361460	4.73830400
25.11999985	0.59480580	4.65041100
25.19999985	0.68361460	4.73830400
25.27999985	0.59480580	4.73830400
25.35999985	0.68361460	4.73830400
25.43999985	0.68361460	4.73830400
25.51999984	0.68361460	4.82619700
25.59999984	0.68361460	4.82619700
25.67999984	0.68361460	4.82619700
25.75999984	0.68361460	4.82619700
25.83999984	0.68361460	4.91409000
25.91999984	0.68361460	4.82619700
25.99999984	0.68361460	4.82619700
26.07999984	0.68361460	4.82619700
26.15999984	0.68361460	4.82619700
26.23999984	0.68361460	4.82619700
26.31999984	0.68361460	4.82619700
26.39999984	0.68361460	4.91409000
26.47999984	0.68361460	4.91409000
26.55999984	0.68361460	4.91409000
26.63999984	0.68361460	4.91409000
26.71999984	0.68361460	4.91409000
26.79999984	0.68361460	4.91409000
26.87999984	0.68361460	4.91409000
26.95999984	0.68361460	4.91409000
27.03999984	0.68361460	4.91409000
27.11999984	0.68361460	4.91409000
27.19999983	0.68361460	4.91409000
27.27999983	0.68361460	4.91409000
27.35999983	0.68361460	4.91409000
27.43999983	0.68361460	4.91409000
27.51999983	0.68361460	4.91409000
27.59999983	0.68361460	4.91409000
27.67999983	0.68361460	4.91409000
27.75999983	0.68361460	4.91409000
27.83999983	0.68361460	4.91409000
27.91999983	0.68361460	4.82619700
27.99999983	0.68361460	4.91409000
28.07999983	0.68361460	4.82619700
28.15999983	0.68361460	4.82619700
28.23999983	0.68361460	4.91409000
28.31999983	0.68361460	4.91409000
28.39999983	0.68361460	4.82619700
28.47999983	0.68361460	4.82619700
28.55999983	0.68361460	4.82619700
28.63999983	0.68361460	4.82619700
28.71999983	0.68361460	4.82619700
28.79999982	0.68361460	4.73830400
28.87999982	0.68361460	4.82619700
28.95999982	0.68361460	4.73830400
29.03999982	0.68361460	4.73830400
29.11999982	0.68361460	4.73830400
29.19999982	0.68361460	4.73830400
29.27999982	0.68361460	4.73830400
29.35999982	0.68361460	4.65041100
29.43999982	0.68361460	4.65041100
29.51999982	0.68361460	4.65041100
29.59999982	0.68361460	4.65041100
29.67999982	0.68361460	4.56282200
29.75999982	0.68361460	4.56282200
29.83999982	0.68361460	4.56282200
29.91999982	0.68361460	4.56282200
29.99999982	0.68361460	4.56282200
30.07999982	0.68361460	4.56282200
30.15999982	0.68361460	4.47492900
30.23999982	0.68361460	4.47492900
30.31999982	0.68361460	4.47492900
30.39999982	0.68361460	4.47492900
30.47999981	0.68361460	4.38703600
30.55999981	0.68361460	4.38703600
30.63999981	0.68361460	4.38703600
30.71999981	0.68361460	4.29914200
30.79999981	0.68361460	4.29914200
30.87999981	0.68361460	4.29914200
30.95999981	0.68361460	4.29914200
31.03999981	0.68361460	4.29914200
31.11999981	0.68361460	4.21124900
31.19999981	0.68361460	4.21124900
31.27999981	0.68361460	4.21124900
31.35999981	0.68361460	4.12366100
31.43999981	0.68361460	4.21124900
31.51999981	0.68361460	4.12366100
31.59999981	0.68361460	4.12366100
31.67999981	0.68361460	4.03576800
31.75999981	0.68361460	4.03576800
31.83999981	0.68361460	4.03576800
31.91999981	0.59480580	4.03576800
31.99999981	0.68361460	3.94787400
32.07999981	0.68361460	3.94787400
32.15999980	0.68361460	3.85998100
32.23999980	0.68361460	3.85998100
32.31999980	0.68361460	3.85998100
32.39999980	0.68361460	3.77239300
32.47999980	0.68361460	3.77239300
32.55999980	0.68361460	3.68450000
32.63999980	0.68361460	3.68450000
32.71999980	0.68361460	3.68450000
32.79999980	0.68361460	3.68450000
32.87999980	0.68361460	3.59660600
32.95999980	0.68361460	3.59660600
33.03999980	0.68361460	3.59660600
33.11999980	0.68361460	3.50871300
33.19999980	0.59480580	3.50871300
33.27999980	0.59480580	3.42112500
33.35999980	0.59480580	3.42112500
33.43999980	0.59480580	3.42112500
33.51999980	0.59480580	3.33323200
33.59999980	0.59480580	3.33323200
33.67999980	0.59480580	3.33323200
33.75999979	0.59480580	3.33323200
33.83999979	0.59480580	3.24533800
33.91999979	0.59480580	3.24533800
33.99999979	0.50630210	3.15744500
34.07999979	0.50630210	3.15744500
34.15999979	0.50630210	3.06985700
34.23999979	0.50630210	3.06985700
34.31999979	0.50630210	2.98196400
34.39999979	0.50630210	2.98196400
34.47999979	0.50630210	2.98196400
34.55999979	0.50630210	2.89407000
34.63999979	0.41749320	2.89407000
34.71999979	0.41749320	2.89407000
34.79999979	0.41749320	2.80617700
34.87999979	0.32898950	2.80617700
34.95999979	0.32898950	2.80617700
35.03999979	0.32898950	2.71828400
35.11999979	0.32898950	2.71828400
35.19999979	0.32898950	2.63069600
35.27999979	0.32898950	2.54280200
35.35999979	0.32898950	2.54280200
35.43999978	0.32898950	2.54280200
35.51999978	0.24048580	2.45490900
35.59999978	0.24048580	2.45490900
35.67999978	0.24048580	2.45490900
35.75999978	0.24048580	2.45490900
35.83999978	0.24048580	2.36701600
35.91999978	0.24048580	2.27942800
35.99999978	0.24048580	2.27942800
36.07999978	0.15167700	2.27942800
36.15999978	0.15167700	2.19153400
36.23999978	0.15167700	2.19153400
36.31999978	0.15167700	2.10364100
36.39999978	0.15167700	2.01574800
36.47999978	0.15167700	2.01574800
36.55999978	0.15167700	2.01574800
36.63999978	0.06317332	1.92815900
36.71999978	0.06317332	1.92815900
36.79999978	0.06317332	1.84026600
36.87999978	0.06317332	1.84026600
36.95999978	-0.02563555	1.75237300
37.03999977	-0.02563555	1.75237300
37.11999977	-0.02563555	1.75237300
37.19999977	-0.02563555	1.66447900
37.27999977	-0.02563555	1.66447900
37.35999977	-0.11413920	1.57689100
37.43999977	-0.11413920	1.57689100
37.51999977	-0.11413920	1.48899800
37.59999977	-0.11413920	1.48899800
37.67999977	-0.11413920	1.40110500
37.75999977	-0.11413920	1.40110500
37.83999977	-0.11413920	1.40110500
37.91999977	-0.20294810	1.31321100
37.99999977	-0.20294810	1.31321100
38.07999977	-0.20294810	1.22531800
38.15999977	-0.20294810	1.22531800
38.23999977	-0.20294810	1.22531800
38.31999977	-0.29145180	1.04983700
38.39999977	-0.29145180	1.04983700
38.47999977	-0.29145180	1.04983700
38.55999977	-0.29145180	1.04983700
38.63999977	-0.38026060	0.96194340
38.71999976	-0.29145180	0.96194340
38.79999976	-0.38026060	0.87405010
38.87999976	-0.38026060	0.87405010
38.95999976	-0.38026060	0.78646200
39.03999976	-0.38026060	0.78646200
39.11999976	-0.38026060	0.69856870
39.19999976	-0.38026060	0.69856870
39.27999976	-0.38026060	0.69856870
39.35999976	-0.46876430	0.61067540
39.43999976	-0.46876430	0.61067540
39.51999976	-0.38026060	0.52278210
39.59999976	-0.46876430	0.52278210
39.67999976	-0.46876430	0.43519400
39.75999976	-0.46876430	0.43519400
39.83999976	-0.46876430	0.34730060
39.91999976	-0.46876430	0.34730060
39.99999976	-0.46876430	0.25940730
40.07999976	-0.46876430	0.25940730
40.15999976	-0.46876430	0.17151400
40.23999976	-0.46876430	0.08392590
40.31999975	-0.55757310	0.17151400
40.39999975	-0.46876430	0.08392590
40.47999975	-0.46876430	0.08392590
40.55999975	-0.46876430	-0.00366222
40.63999975	-0.55757310	-0.00366222
40.71999975	-0.55757310	-0.09155553
40.79999975	-0.55757310	-0.09155553
40.87999975	-0.46876430	-0.17944880
40.95999975	-0.55757310	-0.26734220
41.03999975	-0.55757310	-0.26734220
41.11999975	-0.55757310	-0.26734220
41.19999975	-0.55757310	-0.35493030
41.27999975	-0.55757310	-0.35493030
41.35999975	-0.55757310	-0.35493030
41.43999975	-0.55757310	-0.44282360
41.51999975	-0.55757310	-0.53071690
41.59999975	-0.55757310	-0.53071690
41.67999975	-0.55757310	-0.53071690
41.75999975	-0.55757310	-0.61861020
41.83999975	-0.55757310	-0.61861020
41.91999975	-0.55757310	-0.70619830
41.99999974	-0.55757310	-0.70619830
42.07999974	-0.55757310	-0.79409160
42.15999974	-0.64607690	-0.79409160
42.23999974	-0.55757310	-0.79409160
42.31999974	-0.55757310	-0.88198490
42.39999974	-0.55757310	-0.96987830
42.47999974	-0.55757310	-0.96987830
42.55999974	-0.64607690	-0.96987830
42.63999974	-0.64607690	-1.05746600
42.71999974	-0.64607690	-1.05746600
42.79999974	-0.64607690	-1.14536000
42.87999974	-0.64607690	-1.14536000
42.95999974	-0.64607690	-1.23325300
43.03999974	-0.64607690	-1.23325300
43.11999974	-0.64607690	-1.32114600
43.19999974	-0.64607690	-1.23325300
43.27999974	-0.64607690	-1.32114600
43.35999974	-0.64607690	-1.40904000
43.43999974	-0.73488570	-1.40904000
43.51999974	-0.64607690	-1.40904000
43.59999974	-0.64607690	-1.40904000
43.67999973	-0.64607690	-1.49662800
43.75999973	-0.64607690	-1.49662800
43.83999973	-0.64607690	-1.58452100
43.91999973	-0.64607690	-1.67241400
43.99999973	-0.73488570	-1.58452100
44.07999973	-0.73488570	-1.67241400
44.15999973	-0.73488570	-1.76030800
44.23999973	-0.73488570	-1.76030800
44.31999973	-0.73488570	-1.76030800
44.39999973	-0.64607690	-1.76030800
44.47999973	-0.64607690	-1.84789600
44.55999973	-0.73488570	-1.84789600
44.63999973	-0.73488570	-1.93578900
44.71999973	-0.73488570	-1.93578900
44.79999973	-0.73488570	-1.93578900
44.87999973	-0.73488570	-2.02368200
44.95999973	-0.73488570	-2.02368200
45.03999973	-0.64607690	-2.02368200
45.11999973	-0.73488570	-2.11157600
45.19999973	-0.73488570	-2.11157600
45.27999972	-0.73488570	-2.11157600
45.35999972	-0.73488570	-2.19916400
45.43999972	-0.73488570	-2.19916400
45.51999972	-0.73488570	-2.19916400
45.59999972	-0.73488570	-2.28705700
45.67999972	-0.73488570	-2.28705700
45.75999972	-0.73488570	-2.28705700
45.83999972	-0.73488570	-2.37495000
45.91999972	-0.73488570	-2.37495000
45.99999972	-0.73488570	-2.37495000
46.07999972	-0.73488570	-2.46284400
46.15999972	-0.73488570	-2.46284400
46.23999972	-0.73488570	-2.46284400
46.31999972	-0.73488570	-2.46284400
46.39999972	-0.73488570	-2.46284400
46.47999972	-0.73488570	-2.55043200
46.55999972	-0.73488570	-2.55043200
46.63999972	-0.73488570	-2.63832500
46.71999972	-0.73488570	-2.63832500
46.79999972	-0.73488570	-2.63832500
46.87999972	-0.73488570	-2.63832500
46.95999971	-0.73488570	-2.72621800
47.03999971	-0.73488570	-2.72621800
47.11999971	-0.73488570	-2.72621800
47.19999971	-0.73488570	-2.81411200
47.27999971	-0.73488570	-2.81411200
47.35999971	-0.73488570	-2.81411200
47.43999971	-0.73488570	-2.81411200
47.51999971	-0.73488570	-2.81411200
47.59999971	-0.73488570	-2.81411200
47.67999971	-0.73488570	-2.90200500
47.75999971	-0.73488570	-2.90200500
47.83999971	-0.73488570	-2.90200500
47.91999971	-0.73488570	-2.90200500
47.99999971	-0.73488570	-2.98959300
48.07999971	-0.73488570	-2.98959300
48.15999971	-0.73488570	-2.98959300
48.23999971	-0.73488570	-2.98959300
48.31999971	-0.73488570	-2.98959300
48.39999971	-0.73488570	-2.98959300
48.47999971	-0.73488570	-3.07748700
48.55999970	-0.73488570	-3.07748700
48.63999970	-0.73488570	-3.07748700
48.71999970	-0.73488570	-3.16538000
48.79999970	-0.73488570	-3.16538000
48.87999970	-0.73488570	-3.16538000
48.95999970	-0.82338940	-3.16538000
49.03999970	-0.82338940	-3.16538000
49.11999970	-0.82338940	-3.16538000
49.19999970	-0.82338940	-3.16538000
49.27999970	-0.82338940	-3.16538000
49.35999970	-0.82338940	-3.25327300
49.43999970	-0.82338940	-3.25327300
49.51999970	-0.82338940	-3.25327300
49.59999970	-0.82338940	-3.25327300
49.67999970	-0.73488570	-3.25327300
49.75999970	-0.82338940	-3.25327300
49.83999970	-0.73488570	-3.34086100
49.91999970	-0.82338940	-3.34086100
49.99999970	-0.82338940	-3.34086100
50.07999970	-0.82338940	-3.34086100
50.15999970	-0.82338940	-3.34086100
50.23999969	-0.82338940	-3.34086100
50.31999969	-0.73488570	-3.34086100
50.39999969	-0.82338940	-3.34086100
50.47999969	-0.82338940	-3.34086100
50.55999969	-0.82338940	-3.34086100
50.63999969	-0.82338940	-3.34086100
50.71999969	-0.82338940	-3.34086100
50.79999969	-0.82338940	-3.42875500
50.87999969	-0.73488570	-3.34086100
50.95999969	-0.82338940	-3.34086100
51.03999969	-0.82338940	-3.34086100
51.11999969	-0.82338940	-3.42875500
51.19999969	-0.82338940	-3.42875500
51.27999969	-0.73488570	-3.42875500
51.35999969	-0.82338940	-3.42875500
51.43999969	-0.82338940	-3.42875500
51.51999969	-0.82338940	-3.34086100
51.59999969	-0.82338940	-3.42875500
51.67999969	-0.82338940	-3.42875500
51.75999969	-0.82338940	-3.42875500
51.83999968	-0.82338940	-3.42875500
51.91999968	-0.82338940	-3.42875500
51.99999968	-0.82338940	-3.42875500
52.07999968	-0.82338940	-3.42875500
52.15999968	-0.82338940	-3.42875500
52.23999968	-0.82338940	-3.42875500
52.31999968	-0.82338940	-3.42875500
52.39999968	-0.82338940	-3.42875500
52.47999968	-0.82338940	-3.42875500
52.55999968	-0.82338940	-3.42875500
52.63999968	-0.82338940	-3.34086100
52.71999968	-0.73488570	-3.34086100
52.79999968	-0.82338940	-3.42875500
52.87999968	-0.82338940	-3.34086100
52.95999968	-0.82338940	-3.34086100
53.03999968	-0.82338940	-3.34086100
53.11999968	-0.82338940	-3.34086100
53.19999968	-0.82338940	-3.34086100
53.27999968	-0.82338940	-3.34086100
53.35999968	-0.82338940	-3.34086100
53.43999968	-0.82338940	-3.34086100
53.51999967	-0.82338940	-3.34086100
53.59999967	-0.82338940	-3.34086100
53.67999967	-0.82338940	-3.34086100
53.75999967	-0.82338940	-3.34086100
53.83999967	-0.82338940	-3.34086100
53.91999967	-0.73488570	-3.34086100
53.99999967	-0.82338940	-3.25327300
54.07999967	-0.82338940	-3.25327300
54.15999967	-0.82338940	-3.25327300
54.23999967	-0.82338940	-3.25327300
54.31999967	-0.82338940	-3.25327300
54.39999967	-0.73488570	-3.25327300
54.47999967	-0.82338940	-3.25327300
54.55999967	-0.82338940	-3.16538000
54.63999967	-0.82338940	-3.16538000
54.71999967	-0.82338940	-3.16538000
54.79999967	-0.82338940	-3.16538000
54.87999967	-0.82338940	-3.16538000
54.95999967	-0.82338940	-3.16538000
55.03999967	-0.73488570	-3.16538000
55.11999967	-0.82338940	-3.16538000
55.19999966	-0.82338940	-3.16538000
55.27999966	-0.82338940	-3.16538000
55.35999966	-0.73488570	-3.07748700
55.43999966	-0.82338940	-3.07748700
55.51999966	-0.82338940	-2.98959300
55.59999966	-0.82338940	-2.98959300
55.67999966	-0.82338940	-2.98959300
55.75999966	-0.73488570	-2.98959300
55.83999966	-0.82338940	-2.98959300
55.91999966	-0.82338940	-2.98959300
55.99999966	-0.82338940	-2.98959300
56.07999966	-0.82338940	-2.90200500
56.15999966	-0.73488570	-2.90200500
56.23999966	-0.82338940	-2.90200500
56.31999966	-0.73488570	-2.90200500
56.39999966	-0.82338940	-2.90200500
56.47999966	-0.82338940	-2.81411200
56.55999966	-0.82338940	-2.81411200
56.63999966	-0.73488570	-2.81411200
56.71999966	-0.82338940	-2.81411200
56.79999965	-0.82338940	-2.81411200
56.87999965	-0.73488570	-2.81411200
56.95999965	-0.73488570	-2.72621800
57.03999965	-0.82338940	-2.72621800
57.11999965	-0.73488570	-2.72621800
57.19999965	-0.82338940	-2.72621800
57.27999965	-0.73488570	-2.63832500
57.35999965	-0.73488570	-2.63832500
57.43999965	-0.73488570	-2.63832500
57.51999965	-0.82338940	-2.63832500
57.59999965	-0.73488570	-2.55043200
57.67999965	-0.82338940	-2.55043200
57.75999965	-0.73488570	-2.46284400
57.83999965	-0.73488570	-2.55043200
57.91999965	-0.73488570	-2.46284400
57.99999965	-0.73488570	-2.46284400
58.07999965	-0.73488570	-2.46284400
58.15999965	-0.82338940	-2.37495000
58.23999965	-0.73488570	-2.37495000
58.31999965	-0.73488570	-2.37495000
58.39999965	-0.73488570	-2.37495000
58.47999964	-0.73488570	-2.37495000
58.55999964	-0.73488570	-2.28705700
58.63999964	-0.73488570	-2.28705700
58.71999964	-0.73488570	-2.19916400
58.79999964	-0.73488570	-2.28705700
58.87999964	-0.73488570	-2.19916400
58.95999964	-0.73488570	-2.19916400
59.03999964	-0.73488570	-2.11157600
59.11999964	-0.73488570	-2.11157600
59.19999964	-0.73488570	-2.11157600
59.27999964	-0.73488570	-2.11157600
59.35999964	-0.73488570	-2.02368200
59.43999964	-0.73488570	-2.11157600
59.51999964	-0.73488570	-2.02368200
59.59999964	-0.73488570	-2.02368200
59.67999964	-0.73488570	-2.02368200
59.75999964	-0.73488570	-1.93578900
59.83999964	-0.73488570	-1.93578900
59.91999964	-0.73488570	-1.93578900
59.99999964	-0.73488570	-1.93578900
60.07999963	-0.73488570	-1.84789600
60.15999963	-0.73488570	-1.84789600
60.23999963	-0.73488570	-1.84789600
60.31999963	-0.73488570	-1.76030800
60.39999963	-0.73488570	-1.76030800
60.47999963	-0.73488570	-1.76030800
60.55999963	-0.64607690	-1.76030800
60.63999963	-0.73488570	-1.76030800
60.71999963	-0.73488570	-1.76030800
60.79999963	-0.64607690	-1.67241400
60.87999963	-0.64607690	-1.67241400
60.95999963	-0.73488570	-1.58452100
61.03999963	-0.64607690	-1.58452100
61.11999963	-0.64607690	-1.58452100
61.19999963	-0.64607690	-1.49662800
61.27999963	-0.64607690	-1.49662800
61.35999963	-0.64607690	-1.49662800
61.43999963	-0.55757310	-1.40904000
61.51999963	-0.55757310	-1.40904000
61.59999963	-0.55757310	-1.40904000
61.67999963	-0.64607690	-1.40904000
61.75999962	-0.64607690	-1.40904000
61.83999962	-0.55757310	-1.32114600
61.91999962	-0.64607690	-1.32114600
61.99999962	-0.55757310	-1.32114600
62.07999962	-0.55757310	-1.23325300
62.15999962	-0.55757310	-1.32114600
62.23999962	-0.64607690	-1.23325300
62.31999962	-0.55757310	-1.23325300
62.39999962	-0.55757310	-1.14536000
62.47999962	-0.55757310	-1.14536000
62.55999962	-0.55757310	-1.14536000
62.63999962	-0.55757310	-1.05746600
62.71999962	-0.55757310	-1.05746600
62.79999962	-0.55757310	-1.05746600
62.87999962	-0.55757310	-1.05746600
62.95999962	-0.55757310	-0.96987830
63.03999962	-0.55757310	-0.96987830
63.11999962	-0.55757310	-0.88198490
63.19999962	-0.55757310	-0.88198490
63.27999962	-0.55757310	-0.88198490
63.35999961	-0.55757310	-0.79409160
63.43999961	-0.55757310	-0.79409160
63.51999961	-0.55757310	-0.79409160
63.59999961	-0.55757310	-0.70619830
63.67999961	-0.55757310	-0.70619830
63.75999961	-0.55757310	-0.70619830
63.83999961	-0.55757310	-0.61861020
63.91999961	-0.46876430	-0.61861020
63.99999961	-0.55757310	-0.61861020
64.07999961	-0.46876430	-0.61861020
64.15999961	-0.46876430	-0.53071690
64.23999961	-0.46876430	-0.53071690
64.31999961	-0.46876430	-0.53071690
64.39999961	-0.46876430	-0.53071690
64.47999961	-0.46876430	-0.53071690
64.55999961	-0.46876430	-0.44282360
64.63999961	-0.46876430	-0.35493030
64.71999961	-0.46876430	-0.35493030
64.79999961	-0.46876430	-0.35493030
64.87999961	-0.38026060	-0.35493030
64.95999961	-0.38026060	-0.26734220
65.03999960	-0.38026060	-0.26734220
65.11999960	-0.38026060	-0.26734220
65.19999960	-0.38026060	-0.17944880
65.27999960	-0.38026060	-0.17944880
65.35999960	-0.38026060	-0.09155553
65.43999960	-0.38026060	-0.09155553
65.51999960	-0.29145180	-0.09155553
65.59999960	-0.20294810	-0.09155553
65.67999960	-0.20294810	-0.00366222
65.75999960	-0.20294810	-0.00366222
65.83999960	-0.11413920	-0.00366222
65.91999960	-0.20294810	-0.00366222
65.99999960	-0.11413920	-0.00366222
66.07999960	-0.11413920	-0.00366222
66.15999960	-0.11413920	0.08392590
66.23999960	-0.02563555	0.08392590
66.31999960	-0.02563555	0.17151400
66.39999960	-0.02563555	0.17151400
66.47999960	-0.02563555	0.17151400
66.55999960	0.06317332	0.17151400
66.63999959	0.06317332	0.25940730
66.71999959	0.15167700	0.25940730
66.79999959	0.24048580	0.34730060
66.87999959	0.24048580	0.34730060
66.95999959	0.32898950	0.34730060
67.03999959	0.59480580	0.34730060
67.11999959	0.59480580	0.34730060
67.19999959	0.59480580	0.43519400
67.27999959	0.59480580	0.43519400
67.35999959	0.59480580	0.52278210
67.43999959	0.59480580	0.52278210
67.51999959	0.50630210	0.52278210
67.59999959	1.48136800	0.52278210
67.67999959	2.01330600	0.61067540
67.75999959	1.83599400	0.61067540
67.83999959	1.03824000	0.61067540
67.91999959	0.15167700	0.69856870
67.99999959	4.49598700	0.69856870
68.07999959	4.14136200	0.69856870
68.15999959	4.22986600	0.69856870
68.23999959	4.05255300	0.78646200
68.31999958	4.14136200	0.78646200
68.39999958	4.05255300	0.78646200
68.47999958	4.05255300	0.87405010
68.55999958	4.05255300	0.87405010
68.63999958	4.05255300	0.87405010
68.71999958	4.05255300	0.96194340
68.79999958	4.05255300	0.96194340
68.87999958	4.05255300	0.96194340
68.95999958	3.96404900	0.96194340
69.03999958	3.96404900	1.04983700
69.11999958	3.96404900	1.04983700
69.19999958	3.96404900	1.04983700
69.27999958	3.96404900	1.13773000
69.35999958	3.96404900	1.13773000
69.43999958	3.96404900	1.22531800
69.51999958	3.96404900	1.22531800
69.59999958	3.96404900	1.22531800
69.67999958	3.87524000	1.31321100
69.75999958	3.87524000	1.31321100
69.83999958	3.87524000	1.40110500
69.91999958	3.87524000	1.40110500
69.99999957	3.87524000	1.40110500
70.07999957	3.87524000	1.40110500
70.15999957	3.87524000	1.48899800
70.23999957	3.87524000	1.48899800
70.31999957	3.87524000	1.48899800
70.39999957	3.87524000	1.57689100
70.47999957	3.78673700	1.57689100
70.55999957	3.78673700	1.57689100
70.63999957	3.78673700	1.66447900
70.71999957	3.78673700	1.75237300
70.79999957	3.78673700	1.75237300
70.87999957	3.78673700	1.75237300
70.95999957	3.78673700	1.75237300
71.03999957	3.78673700	1.84026600
71.11999957	3.78673700	1.84026600
71.19999957	3.78673700	1.92815900
71.27999957	3.78673700	1.92815900
71.35999957	3.78673700	1.92815900
71.43999957	3.78673700	2.01574800
71.51999957	3.78673700	2.01574800
71.59999956	3.78673700	2.01574800
71.67999956	3.69792800	2.10364100
71.75999956	3.69792800	2.10364100
71.83999956	3.69792800	2.19153400
71.91999956	3.78673700	2.19153400
71.99999956	3.69792800	2.27942800
72.07999956	3.69792800	2.27942800
72.15999956	3.69792800	2.27942800
72.23999956	3.69792800	2.27942800
72.31999956	3.69792800	2.36701600
72.39999956	3.69792800	2.36701600
72.47999956	3.69792800	2.36701600
72.55999956	3.69792800	2.45490900
72.63999956	3.69792800	2.45490900
72.71999956	3.69792800	2.45490900
72.79999956	3.69792800	2.54280200
72.87999956	3.69792800	2.63069600
72.95999956	3.69792800	2.63069600
73.03999956	3.69792800	2.63069600
73.11999956	3.60942400	2.71828400
73.19999956	3.69792800	2.71828400
73.27999955	3.69792800	2.80617700
73.35999955	3.60942400	2.80617700
73.43999955	3.60942400	2.80617700
73.51999955	3.60942400	2.80617700
73.59999955	3.60942400	2.89407000
73.67999955	3.60942400	2.89407000
73.75999955	3.60942400	2.89407000
73.83999955	3.60942400	2.98196400
73.91999955	3.60942400	2.98196400
73.99999955	3.60942400	2.98196400
74.07999955	3.60942400	3.06985700
74.15999955	3.60942400	3.06985700
74.23999955	3.60942400	3.15744500
74.31999955	3.52061500	3.15744500
74.39999955	3.60942400	3.15744500
74.47999955	3.52061500	3.24533800
74.55999955	3.60942400	3.24533800
74.63999955	3.60942400	3.24533800
74.71999955	3.60942400	3.33323200
74.79999955	3.60942400	3.33323200
74.87999954	3.52061500	3.42112500
74.95999954	3.60942400	3.42112500
75.03999954	3.60942400	3.42112500
75.11999954	3.60942400	3.50871300
75.19999954	3.52061500	3.50871300
75.27999954	3.60942400	3.50871300
75.35999954	3.52061500	3.50871300
75.43999954	3.60942400	3.50871300
75.51999954	3.52061500	3.59660600
75.59999954	3.60942400	3.59660600
75.67999954	3.60942400	3.68450000
75.75999954	3.52061500	3.68450000
75.83999954	3.52061500	3.68450000
75.91999954	3.52061500	3.68450000
75.99999954	3.52061500	3.77239300
76.07999954	3.60942400	3.77239300
76.15999954	3.52061500	3.77239300
76.23999954	3.52061500	3.85998100
76.31999954	3.60942400	3.85998100
76.39999954	3.52061500	3.85998100
76.47999954	3.60942400	3.85998100
76.55999953	3.52061500	3.94787400
76.63999953	3.52061500	3.85998100
76.71999953	3.52061500	3.94787400
76.79999953	3.52061500	3.94787400
76.87999953	3.52061500	4.03576800
76.95999953	3.52061500	3.94787400
77.03999953	3.60942400	4.03576800
77.11999953	3.60942400	4.03576800
77.19999953	3.52061500	4.12366100
77.27999953	3.60942400	4.03576800
77.35999953	3.60942400	4.12366100
77.43999953	3.60942400	4.12366100
77.51999953	3.60942400	4.12366100
77.59999953	3.52061500	4.21124900
77.67999953	3.60942400	4.21124900
77.75999953	3.60942400	4.21124900
77.83999953	3.60942400	4.21124900
77.91999953	3.60942400	4.21124900
77.99999953	3.60942400	4.21124900
78.07999953	3.52061500	4.21124900
78.15999952	3.60942400	4.21124900
78.23999952	3.52061500	4.29914200
78.31999952	3.60942400	4.21124900
78.39999952	3.60942400	4.29914200
78.47999952	3.60942400	4.29914200
78.55999952	3.60942400	4.29914200
78.63999952	3.60942400	4.29914200
78.71999952	3.60942400	4.38703600
78.79999952	3.60942400	4.38703600
78.87999952	3.60942400	4.29914200
78.95999952	3.60942400	4.38703600
79.03999952	3.60942400	4.38703600
79.11999952	3.60942400	4.38703600
79.19999952	3.60942400	4.38703600
79.27999952	3.60942400	4.38703600
79.35999952	3.60942400	4.38703600
79.43999952	3.60942400	4.38703600
79.51999952	3.69792800	4.38703600
79.59999952	3.60942400	4.38703600
79.67999952	3.60942400	4.38703600
79.75999952	3.60942400	4.38703600
79.83999951	3.69792800	4.38703600
79.91999951	3.60942400	4.47492900
79.99999951	3.60942400	4.38703600
80.07999951	3.69792800	4.38703600
80.15999951	3.69792800	4.38703600
80.23999951	3.69792800	4.38703600
80.31999951	3.69792800	4.38703600
80.39999951	3.69792800	4.38703600
80.47999951	3.69792800	4.38703600
80.55999951	3.69792800	4.38703600
80.63999951	3.69792800	4.38703600
80.71999951	3.69792800	4.38703600
80.79999951	3.69792800	4.47492900
80.87999951	3.69792800	4.38703600
80.95999951	3.69792800	4.38703600
81.03999951	3.69792800	4.38703600
81.11999951	3.69792800	4.29914200
81.19999951	3.69792800	4.38703600
81.27999951	3.69792800	4.38703600
81.35999951	3.69792800	4.29914200
81.43999951	3.69792800	4.29914200
81.51999950	3.69792800	4.29914200
81.59999950	3.69792800	4.29914200
81.67999950	3.69792800	4.29914200
81.75999950	3.69792800	4.29914200
81.83999950	3.78673700	4.29914200
81.91999950	3.69792800	4.29914200
81.99999950	3.69792800	4.21124900
82.07999950	3.69792800	4.21124900
82.15999950	3.78673700	4.21124900
82.23999950	3.69792800	4.21124900
82.31999950	3.78673700	4.21124900
82.39999950	3.78673700	4.21124900
82.47999950	3.78673700	4.12366100
82.55999950	3.78673700	4.12366100
82.63999950	3.78673700	4.12366100
82.71999950	3.78673700	4.12366100
82.79999950	3.78673700	4.12366100
82.87999950	3.78673700	4.03576800
82.95999950	3.78673700	4.03576800
83.03999950	3.78673700	4.03576800
83.11999949	3.78673700	4.03576800
83.19999949	3.78673700	3.94787400
83.27999949	3.78673700	3.94787400
83.35999949	3.87524000	3.85998100
83.43999949	3.87524000	3.85998100
83.51999949	3.87524000	3.85998100
83.59999949	3.78673700	3.85998100
83.67999949	3.87524000	3.85998100
83.75999949	3.87524000	3.77239300
83.83999949	3.78673700	3.77239300
83.91999949	3.78673700	3.77239300
83.99999949	3.87524000	3.77239300
84.07999949	3.87524000	3.68450000
84.15999949	3.87524000	3.68450000
84.23999949	3.87524000	3.68450000
84.31999949	3.87524000	3.59660600
84.39999949	3.87524000	3.50871300
84.47999949	3.87524000	3.50871300
84.55999949	3.87524000	3.50871300
84.63999949	3.87524000	3.50871300
84.71999949	3.87524000	3.42112500
84.79999948	3.87524000	3.42112500
84.87999948	3.87524000	3.42112500
84.95999948	3.87524000	3.33323200
85.03999948	3.96404900	3.33323200
85.11999948	3.96404900	3.24533800
85.19999948	3.87524000	3.24533800
85.27999948	3.87524000	3.24533800
85.35999948	3.87524000	3.15744500
85.43999948	3.96404900	3.06985700
85.51999948	3.87524000	3.06985700
85.59999948	3.96404900	2.98196400
85.67999948	3.96404900	2.98196400
85.75999948	3.96404900	2.98196400
85.83999948	3.96404900	2.89407000
85.91999948	3.96404900	2.89407000
85.99999948	3.96404900	2.80617700
86.07999948	3.96404900	2.80617700
86.15999948	3.96404900	2.80617700
86.23999948	3.96404900	2.80617700
86.31999948	4.05255300	2.71828400
86.39999947	3.96404900	2.71828400
86.47999947	4.05255300	2.63069600
86.55999947	3.96404900	2.63069600
86.63999947	3.96404900	2.45490900
86.71999947	3.96404900	2.45490900
86.79999947	4.05255300	2.45490900
86.87999947	4.05255300	2.45490900
86.95999947	4.05255300	2.36701600
87.03999947	4.05255300	2.27942800
87.11999947	4.05255300	2.27942800
87.19999947	4.05255300	2.27942800
87.27999947	4.05255300	2.19153400
87.35999947	4.05255300	2.19153400
87.43999947	4.05255300	2.10364100
87.51999947	4.05255300	2.10364100
87.59999947	4.05255300	2.01574800
87.67999947	4.05255300	2.01574800
87.75999947	4.05255300	1.92815900
87.83999947	4.05255300	1.84026600
87.91999947	4.05255300	1.84026600
87.99999947	4.05255300	1.75237300
88.07999946	4.14136200	1.75237300
88.15999946	4.05255300	1.75237300
88.23999946	4.14136200	1.66447900
88.31999946	4.05255300	1.57689100
88.39999946	4.14136200	1.57689100
88.47999946	4.05255300	1.57689100
88.55999946	4.14136200	1.40110500
88.63999946	4.14136200	1.40110500
88.71999946	4.05255300	1.40110500
88.79999946	4.14136200	1.31321100
88.87999946	4.14136200	1.31321100
88.95999946	4.05255300	1.22531800
89.03999946	4.05255300	1.13773000
89.11999946	4.14136200	1.22531800
89.19999946	4.14136200	1.13773000
89.27999946	4.14136200	1.04983700
89.35999946	4.14136200	1.04983700
89.43999946	4.14136200	0.96194340
89.51999946	4.14136200	0.87405010
89.59999946	4.14136200	0.87405010
89.67999945	4.14136200	0.78646200
89.75999945	4.14136200	0.78646200
89.83999945	4.14136200	0.69856870
89.91999945	4.14136200	0.69856870
89.99999945	4.14136200	0.69856870
90.07999945	4.14136200	0.61067540
90.15999945	4.14136200	0.61067540
90.23999945	4.14136200	0.52278210
90.31999945	4.14136200	0.43519400
90.39999945	4.14136200	0.43519400
90.47999945	4.22986600	0.34730060
90.55999945	4.14136200	0.34730060
90.63999945	4.14136200	0.25940730
90.71999945	4.14136200	0.17151400
90.79999945	4.22986600	0.17151400
90.87999945	4.22986600	0.08392590
90.95999945	4.14136200	-0.00366222
91.03999945	4.22986600	-0.00366222
91.11999945	4.14136200	-0.00366222
91.19999945	4.14136200	-0.09155553
91.27999945	4.22986600	-0.17944880
91.35999944	4.22986600	-0.17944880
91.43999944	4.22986600	-0.26734220
91.51999944	4.22986600	-0.35493030
91.59999944	4.22986600	-0.35493030
91.67999944	4.22986600	-0.44282360
91.75999944	4.22986600	-0.53071690
91.83999944	4.22986600	-0.53071690
91.91999944	4.22986600	-0.61861020
91.99999944	4.22986600	-0.61861020
92.07999944	4.22986600	-0.70619830
92.15999944	4.22986600	-0.79409160
92.23999944	4.22986600	-0.79409160
92.31999944	4.22986600	-0.88198490
92.39999944	4.22986600	-0.96987830
92.47999944	4.22986600	-0.96987830
92.55999944	4.22986600	-1.05746600
92.63999944	4.22986600	-1.05746600
92.71999944	4.31867400	-1.05746600
92.79999944	4.31867400	-1.14536000
92.87999944	4.22986600	-1.23325300
92.95999944	4.22986600	-1.32114600
93.03999943	4.31867400	-1.32114600
93.11999943	4.31867400	-1.32114600
93.19999943	4.31867400	-1.40904000
93.27999943	4.31867400	-1.49662800
93.35999943	4.31867400	-1.49662800
93.43999943	4.31867400	-1.58452100
93.51999943	4.31867400	-1.58452100
93.59999943	4.40717800	-1.67241400
93.67999943	4.40717800	-1.76030800
93.75999943	4.40717800	-1.76030800
93.83999943	4.67329900	-1.76030800
93.91999943	5.02792500	-1.84789600
93.99999943	5.20523700	-1.93578900
94.07999943	5.20523700	-1.93578900
94.15999943	5.11642800	-2.02368200
94.23999943	5.02792500	-2.02368200
94.31999943	5.02792500	-2.11157600
94.39999943	5.11642800	-2.11157600
94.47999943	5.11642800	-2.19916400
94.55999943	5.11642800	-2.28705700
94.63999942	5.11642800	-2.28705700
94.71999942	5.11642800	-2.28705700
94.79999942	5.02792500	-2.37495000
94.87999942	5.02792500	-2.37495000
94.95999942	5.02792500	-2.46284400
95.03999942	5.02792500	-2.55043200
95.11999942	5.02792500	-2.55043200
95.19999942	5.02792500	-2.63832500
95.27999942	5.02792500	-2.63832500
95.35999942	4.93911600	-2.72621800
95.43999942	4.93911600	-2.72621800
95.51999942	4.93911600	-2.81411200
95.59999942	4.93911600	-2.81411200
95.67999942	4.93911600	-2.81411200
95.75999942	4.93911600	-2.90200500
95.83999942	4.85061200	-2.90200500
95.91999942	4.85061200	-2.98959300
95.99999942	4.85061200	-2.98959300
96.07999942	4.85061200	-2.98959300
96.15999942	4.76180300	-3.07748700
96.23999942	4.76180300	-3.16538000
96.31999941	4.76180300	-3.16538000
96.39999941	4.76180300	-3.16538000
96.47999941	4.76180300	-3.25327300
96.55999941	4.76180300	-3.34086100
96.63999941	4.67329900	-3.34086100
96.71999941	4.67329900	-3.34086100
96.79999941	4.67329900	-3.42875500
96.87999941	4.58449000	-3.51664800
96.95999941	4.58449000	-3.51664800
97.03999941	4.58449000	-3.51664800
97.11999941	4.58449000	-3.60454100
97.19999941	4.58449000	-3.60454100
97.27999941	4.49598700	-3.60454100
97.35999941	4.49598700	-3.69212900
97.43999941	4.49598700	-3.69212900
97.51999941	4.49598700	-3.78002300
97.59999941	4.49598700	-3.78002300
97.67999941	4.49598700	-3.86791600
97.75999941	4.49598700	-3.86791600
97.83999941	4.40717800	-3.86791600
97.91999940	4.49598700	-3.86791600
97.99999940	4.49598700	-3.95580900
98.07999940	4.40717800	-4.04339700
98.15999940	4.40717800	-4.04339700
98.23999940	4.40717800	-4.04339700
98.31999940	4.40717800	-4.04339700
98.39999940	4.40717800	-4.13129000
98.47999940	4.40717800	-4.13129000
98.55999940	4.40717800	-4.21918400
98.63999940	4.40717800	-4.21918400
98.71999940	4.40717800	-4.21918400
98.79999940	4.40717800	-4.21918400
98.87999940	4.40717800	-4.30707700
98.95999940	4.40717800	-4.30707700
99.03999940	4.31867400	-4.30707700
99.11999940	4.31867400	-4.39497000
99.19999940	4.31867400	-4.39497000
99.27999940	4.31867400	-4.39497000
99.35999940	4.40717800	-4.39497000
99.43999940	4.31867400	-4.48255900
99.51999940	4.31867400	-4.57045200
99.59999939	4.31867400	-4.57045200
99.67999939	4.31867400	-4.57045200
99.75999939	4.31867400	-4.57045200
99.83999939	4.31867400	-4.57045200
99.91999939	4.31867400	-4.57045200
99.99999939	4.31867400	-4.57045200
100.07999939	4.31867400	-4.57045200
100.15999939	4.31867400	-4.65834500
100.23999939	4.22986600	-4.65834500
100.31999939	4.22986600	-4.65834500
100.39999939	4.31867400	-4.65834500
100.47999939	4.31867400	-4.74623900
100.55999939	4.22986600	-4.74623900
100.63999939	4.31867400	-4.74623900
100.71999939	4.22986600	-4.83382700
100.79999939	4.22986600	-4.83382700
100.87999939	4.31867400	-4.83382700
100.95999939	4.31867400	-4.83382700
101.03999939	4.22986600	-4.83382700
101.11999939	4.22986600	-4.83382700
101.19999938	4.22986600	-4.92172000
101.27999938	4.22986600	-4.92172000
101.35999938	4.31867400	-4.92172000
101.43999938	4.22986600	-4.92172000
101.51999938	4.22986600	-4.92172000
101.59999938	4.22986600	-4.92172000
101.67999938	4.22986600	-4.92172000
101.75999938	4.22986600	-4.92172000
101.83999938	4.22986600	-4.92172000
101.91999938	4.22986600	-4.92172000
101.99999938	4.22986600	-4.92172000
102.07999938	4.22986600	-4.92172000
102.15999938	4.22986600	-4.92172000
102.23999938	4.22986600	-4.92172000
102.31999938	4.22986600	-4.92172000
102.39999938	4.22986600	-5.00961400
102.47999938	4.22986600	-4.92172000
102.55999938	4.22986600	-4.92172000
102.63999938	4.22986600	-5.00961400
102.71999938	4.22986600	-4.92172000
102.79999938	4.22986600	-4.92172000
102.87999937	4.22986600	-4.92172000
102.95999937	4.22986600	-4.92172000
103.03999937	4.22986600	-5.00961400
103.11999937	4.22986600	-4.92172000
103.19999937	4.22986600	-4.92172000
103.27999937	4.22986600	-5.00961400
103.35999937	4.22986600	-4.92172000
103.43999937	4.22986600	-4.92172000
103.51999937	4.22986600	-4.92172000
103.59999937	4.22986600	-4.92172000
103.67999937	4.22986600	-4.92172000
103.75999937	4.22986600	-4.92172000
103.83999937	4.22986600	-4.92172000
103.91999937	4.22986600	-4.92172000
103.99999937	4.22986600	-4.92172000
104.07999937	4.22986600	-4.92172000
104.15999937	4.22986600	-4.92172000
104.23999937	4.22986600	-4.92172000
104.31999937	4.22986600	-4.92172000
104.39999937	4.22986600	-4.83382700
104.47999937	4.22986600	-4.83382700
104.55999936	4.22986600	-4.83382700
104.63999936	4.22986600	-4.83382700
104.71999936	4.22986600	-4.83382700
104.79999936	4.22986600	-4.74623900
104.87999936	4.22986600	-4.83382700
104.95999936	4.22986600	-4.74623900
105.03999936	4.22986600	-4.74623900
105.11999936	4.22986600	-4.74623900
105.19999936	4.22986600	-4.74623900
105.27999936	4.22986600	-4.74623900
105.35999936	4.22986600	-4.65834500
105.43999936	4.22986600	-4.65834500
105.51999936	4.22986600	-4.65834500
105.59999936	4.22986600	-4.57045200
105.67999936	4.22986600	-4.57045200
105.75999936	4.22986600	-4.57045200
105.83999936	4.22986600	-4.57045200
105.91999936	4.22986600	-4.57045200
105.99999936	4.22986600	-4.48255900
106.07999936	4.22986600	-4.48255900
106.15999935	4.22986600	-4.48255900
106.23999935	4.22986600	-4.48255900
106.31999935	4.31867400	-4.39497000
106.39999935	4.22986600	-4.39497000
106.47999935	4.22986600	-4.39497000
106.55999935	4.22986600	-4.30707700
106.63999935	4.22986600	-4.30707700
106.71999935	4.31867400	-4.30707700
106.79999935	4.22986600	-4.30707700
106.87999935	4.31867400	-4.21918400
106.95999935	4.31867400	-4.21918400
107.03999935	4.22986600	-4.21918400
107.11999935	4.31867400	-4.13129000
107.19999935	4.22986600	-4.21918400
107.27999935	4.31867400	-4.13129000
107.35999935	4.31867400	-4.13129000
107.43999935	4.31867400	-4.04339700
107.51999935	4.31867400	-4.04339700
107.59999935	4.31867400	-4.04339700
107.67999935	4.31867400	-3.95580900
107.75999935	4.31867400	-3.95580900
107.83999934	4.31867400	-3.86791600
107.91999934	4.31867400	-3.86791600
107.99999934	4.40717800	-3.86791600
108.07999934	4.40717800	-3.86791600
108.15999934	4.49598700	-3.78002300
108.23999934	4.58449000	-3.78002300
108.31999934	4.76180300	-3.78002300
108.39999934	4.85061200	-3.69212900
108.47999934	4.85061200	-3.69212900
108.55999934	4.93911600	-3.60454100
108.63999934	4.93911600	-3.60454100
108.71999934	4.93911600	-3.60454100
108.79999934	4.93911600	-3.51664800
108.87999934	4.93911600	-3.51664800
108.95999934	4.93911600	-3.51664800
109.03999934	4.93911600	-3.42875500
109.11999934	4.93911600	-3.42875500
109.19999934	4.93911600	-3.34086100
109.27999934	4.93911600	-3.34086100
109.35999934	5.02792500	-3.25327300
109.43999933	5.02792500	-3.25327300
109.51999933	5.02792500	-3.16538000
109.59999933	5.11642800	-3.16538000
109.67999933	5.11642800	-3.16538000
109.75999933	5.11642800	-3.16538000
109.83999933	5.11642800	-3.07748700
109.91999933	5.11642800	-2.98959300
109.99999933	5.11642800	-2.98959300
110.07999933	5.11642800	-2.98959300
110.15999933	5.11642800	-2.90200500
110.23999933	5.11642800	-2.90200500
110.31999933	5.11642800	-2.81411200
110.39999933	5.11642800	-2.81411200
110.47999933	5.11642800	-2.81411200
110.55999933	5.20523700	-2.72621800
110.63999933	5.20523700	-2.72621800
110.71999933	5.11642800	-2.63832500
110.79999933	5.11642800	-2.63832500
110.87999933	5.20523700	-2.55043200
110.95999933	5.20523700	-2.55043200
111.03999933	5.20523700	-2.46284400
111.11999932	5.20523700	-2.46284400
111.19999932	5.11642800	-2.46284400
111.27999932	5.20523700	-2.37495000
111.35999932	5.20523700	-2.37495000
111.43999932	5.20523700	-2.28705700
111.51999932	5.20523700	-2.28705700
111.59999932	5.20523700	-2.19916400
111.67999932	5.20523700	-2.19916400
111.75999932	5.20523700	-2.11157600
111.83999932	5.20523700	-2.11157600
111.91999932	5.20523700	-2.11157600
111.99999932	5.20523700	-2.02368200
112.07999932	5.20523700	-2.02368200
112.15999932	5.20523700	-2.02368200
112.23999932	5.20523700	-1.93578900
112.31999932	5.20523700	-1.84789600
112.39999932	5.29374100	-1.84789600
112.47999932	5.29374100	-1.76030800
112.55999932	5.29374100	-1.76030800
112.63999932	5.29374100	-1.76030800
112.71999931	5.29374100	-1.67241400
112.79999931	5.29374100	-1.58452100
112.87999931	5.20523700	-1.67241400
112.95999931	5.29374100	-1.58452100
113.03999931	5.29374100	-1.49662800
113.11999931	5.29374100	-1.49662800
113.19999931	5.29374100	-1.40904000
113.27999931	5.29374100	-1.40904000
113.35999931	5.29374100	-1.40904000
113.43999931	5.29374100	-1.32114600
113.51999931	5.29374100	-1.32114600
113.59999931	5.29374100	-1.23325300
113.67999931	5.29374100	-1.23325300
113.75999931	5.38254900	-1.14536000
113.83999931	5.38254900	-1.05746600
113.91999931	5.38254900	-1.05746600
113.99999931	5.38254900	-1.05746600
114.07999931	5.38254900	-1.05746600
114.15999931	5.38254900	-0.96987830
114.23999931	5.38254900	-0.96987830
114.31999931	5.38254900	-0.88198490
114.39999930	5.47105300	-0.88198490
114.47999930	5.47105300	-0.79409160
114.55999930	5.47105300	-0.70619830
114.63999930	5.47105300	-0.70619830
114.71999930	5.47105300	-0.70619830
114.79999930	5.47105300	-0.61861020
114.87999930	5.47105300	-0.53071690
114.95999930	5.47105300	-0.53071690
115.03999930	5.55986200	-0.44282360
115.11999930	5.47105300	-0.44282360
115.19999930	5.55986200	-0.44282360
115.27999930	5.55986200	-0.35493030
115.35999930	5.55986200	-0.35493030
115.43999930	5.55986200	-0.35493030
115.51999930	5.55986200	-0.26734220
115.59999930	5.55986200	-0.17944880
115.67999930	5.55986200	-0.17944880
115.75999930	5.55986200	-0.09155553
115.83999930	5.55986200	-0.09155553
115.91999930	5.55986200	-0.00366222
115.99999930	5.55986200	-0.00366222
116.07999929	5.55986200	-0.00366222
116.15999929	5.55986200	-0.00366222
116.23999929	5.55986200	0.08392590
116.31999929	5.55986200	0.17151400
116.39999929	5.55986200	0.17151400
116.47999929	5.64836500	0.25940730
116.55999929	5.64836500	0.25940730
116.63999929	5.55986200	0.34730060
116.71999929	5.64836500	0.34730060
116.79999929	5.64836500	0.43519400
116.87999929	5.64836500	0.43519400
116.95999929	5.64836500	0.43519400
117.03999929	5.64836500	0.52278210
117.11999929	5.64836500	0.61067540
117.19999929	5.64836500	0.61067540
117.27999929	5.64836500	0.69856870
117.35999929	5.64836500	0.69856870
117.43999929	5.64836500	0.69856870
117.51999929	5.64836500	0.78646200
117.59999929	5.64836500	0.78646200
117.67999928	5.64836500	0.78646200
117.75999928	5.64836500	0.87405010
117.83999928	5.64836500	0.96194340
117.91999928	5.64836500	0.96194340
117.99999928	5.64836500	0.96194340
118.07999928	5.64836500	1.04983700
118.15999928	5.64836500	1.04983700
118.23999928	5.73717500	1.04983700
118.31999928	5.64836500	1.13773000
118.39999928	5.64836500	1.22531800
118.47999928	5.64836500	1.22531800
118.55999928	5.64836500	1.22531800
118.63999928	5.64836500	1.31321100
118.71999928	5.73717500	1.40110500
118.79999928	5.64836500	1.40110500
118.87999928	5.64836500	1.40110500
118.95999928	5.64836500	1.40110500
119.03999928	5.64836500	1.48899800
119.11999928	5.64836500	1.48899800
119.19999928	5.73717500	1.57689100
119.27999928	5.73717500	1.57689100
119.35999927	5.73717500	1.57689100
119.43999927	5.73717500	1.66447900
119.51999927	5.73717500	1.75237300
119.59999927	5.73717500	1.75237300
119.67999927	5.73717500	1.75237300
119.75999927	5.73717500	1.84026600
119.83999927	5.73717500	1.84026600
119.91999927	5.73717500	1.84026600
119.99999927	5.73717500	1.92815900
120.07999927	5.73717500	1.92815900
120.15999927	5.73717500	1.92815900
120.23999927	5.82567800	1.92815900
120.31999927	5.73717500	2.01574800
120.39999927	5.73717500	2.01574800
120.47999927	5.73717500	2.10364100
120.55999927	5.73717500	2.10364100
120.63999927	5.73717500	2.19153400
120.71999927	5.73717500	2.19153400
120.79999927	5.73717500	2.19153400
120.87999927	5.73717500	2.27942800
120.95999926	5.82567800	2.27942800
121.03999926	5.82567800	2.27942800
121.11999926	5.73717500	2.27942800
121.19999926	5.73717500	2.36701600
121.27999926	5.82567800	2.45490900
121.35999926	5.82567800	2.45490900
121.43999926	5.73717500	2.45490900
121.51999926	5.82567800	2.45490900
121.59999926	5.82567800	2.45490900
121.67999926	5.82567800	2.54280200
121.75999926	5.82567800	2.54280200
121.83999926	5.82567800	2.63069600
121.91999926	5.82567800	2.63069600
121.99999926	5.82567800	2.63069600
122.07999926	5.82567800	2.71828400
122.15999926	5.82567800	2.71828400
122.23999926	5.82567800	2.71828400
122.31999926	5.82567800	2.71828400
122.39999926	5.82567800	2.80617700
122.47999926	5.82567800	2.80617700
122.55999926	5.82567800	2.80617700
122.63999925	5.82567800	2.80617700
122.71999925	5.82567800	2.80617700
122.79999925	5.82567800	2.80617700
122.87999925	5.73717500	2.89407000
122.95999925	5.82567800	2.89407000
123.03999925	5.82567800	2.89407000
123.11999925	5.82567800	2.98196400
123.19999925	5.82567800	2.98196400
123.27999925	5.82567800	2.98196400
123.35999925	5.82567800	2.98196400
123.43999925	5.82567800	2.98196400
123.51999925	5.82567800	2.98196400
123.59999925	5.82567800	3.15744500
123.67999925	5.82567800	3.06985700
123.75999925	5.82567800	3.15744500
123.83999925	5.82567800	3.15744500
123.91999925	5.82567800	3.15744500
123.99999925	5.82567800	3.15744500
124.07999925	5.82567800	3.15744500
124.15999925	5.82567800	3.24533800
124.23999924	5.82567800	3.24533800
124.31999924	5.82567800	3.24533800
124.39999924	5.82567800	3.24533800
124.47999924	5.82567800	3.24533800
124.55999924	5.82567800	3.33323200
124.63999924	5.82567800	3.33323200
124.71999924	5.82567800	3.33323200
124.79999924	5.82567800	3.33323200
124.87999924	5.82567800	3.33323200
124.95999924	5.91448700	3.33323200
125.03999924	5.82567800	3.33323200
125.11999924	5.91448700	3.33323200
125.19999924	5.82567800	3.42112500
125.27999924	5.82567800	3.42112500
125.35999924	5.82567800	3.42112500
125.43999924	5.91448700	3.42112500
125.51999924	5.82567800	3.42112500
125.59999924	5.82567800	3.50871300
125.67999924	5.91448700	3.50871300
125.75999924	5.82567800	3.50871300
125.83999924	5.91448700	3.50871300
125.91999923	5.91448700	3.50871300
125.99999923	5.91448700	3.50871300
126.07999923	5.91448700	3.50871300
126.15999923	5.82567800	3.50871300
126.23999923	5.91448700	3.50871300
126.31999923	5.91448700	3.50871300
126.39999923	5.82567800	3.50871300
126.47999923	5.91448700	3.50871300
126.55999923	5.91448700	3.50871300
126.63999923	5.82567800	3.50871300
126.71999923	5.91448700	3.50871300
126.79999923	5.91448700	3.50871300
126.87999923	5.82567800	3.50871300
126.95999923	5.91448700	3.50871300
127.03999923	5.91448700	3.50871300
127.11999923	5.91448700	3.50871300
127.19999923	5.91448700	3.50871300
127.27999923	5.91448700	3.50871300
127.35999923	5.91448700	3.50871300
127.43999923	5.91448700	3.50871300
127.51999923	5.91448700	3.50871300
127.59999922	5.91448700	3.50871300
127.67999922	5.91448700	3.50871300
127.75999922	5.82567800	3.50871300
127.83999922	5.91448700	3.50871300
127.91999922	5.91448700	3.50871300
127.99999922	5.82567800	3.50871300
128.07999922	5.91448700	3.50871300
128.15999922	5.82567800	3.50871300
128.23999922	5.91448700	3.50871300
128.31999922	5.91448700	3.50871300
128.39999922	5.91448700	3.50871300
128.47999922	5.91448700	3.50871300
128.55999922	5.91448700	3.50871300
128.63999922	5.91448700	3.50871300
128.71999922	5.91448700	3.50871300
128.79999922	5.91448700	3.50871300
128.87999922	5.91448700	3.42112500
128.95999922	5.82567800	3.50871300
129.03999922	5.91448700	3.42112500
129.11999922	5.91448700	3.42112500
129.19999921	5.91448700	3.50871300
129.27999921	5.91448700	3.50871300
129.35999921	5.91448700	3.42112500
129.43999921	5.91448700	3.42112500
129.51999921	5.82567800	3.42112500
129.59999921	5.91448700	3.42112500
129.67999921	5.91448700	3.42112500
129.75999921	5.91448700	3.42112500
129.83999921	5.82567800	3.33323200
129.91999921	5.82567800	3.33323200
129.99999921	5.91448700	3.33323200
130.07999921	5.91448700	3.33323200
130.15999921	5.91448700	3.33323200
130.23999921	5.82567800	3.33323200
130.31999921	5.91448700	3.33323200
130.39999921	5.82567800	3.24533800
130.47999921	5.91448700	3.24533800
130.55999921	5.91448700	3.24533800
130.63999921	5.91448700	3.24533800
130.71999921	5.91448700	3.24533800
130.79999921	5.91448700	3.24533800
130.87999920	5.82567800	3.24533800
130.95999920	5.82567800	3.15744500
131.03999920	5.82567800	3.15744500
131.11999920	5.82567800	3.15744500
131.19999920	5.82567800	3.06985700
131.27999920	5.82567800	3.15744500
131.35999920	5.82567800	3.06985700
131.43999920	5.82567800	2.98196400
131.51999920	5.82567800	3.06985700
131.59999920	5.82567800	3.06985700
131.67999920	5.91448700	2.98196400
131.75999920	5.82567800	2.98196400
131.83999920	5.82567800	2.98196400
131.91999920	5.91448700	2.98196400
131.99999920	5.82567800	2.98196400
132.07999920	5.82567800	2.98196400
132.15999920	5.82567800	2.89407000
132.23999920	5.82567800	2.89407000
132.31999920	5.82567800	2.89407000
132.39999920	5.82567800	2.89407000
132.47999919	5.82567800	2.80617700
132.55999919	5.82567800	2.80617700
132.63999919	5.82567800	2.80617700
132.71999919	5.82567800	2.80617700
132.79999919	5.82567800	2.71828400
132.87999919	5.82567800	2.71828400
132.95999919	5.82567800	2.71828400
133.03999919	5.82567800	2.71828400
133.11999919	5.82567800	2.63069600
133.19999919	5.82567800	2.63069600
133.27999919	5.82567800	2.63069600
133.35999919	5.73717500	2.63069600
133.43999919	5.82567800	2.63069600
133.51999919	5.82567800	2.63069600
133.59999919	5.82567800	2.54280200
133.67999919	5.82567800	2.54280200
133.75999919	5.82567800	2.54280200
133.83999919	5.82567800	2.45490900
133.91999919	5.82567800	2.45490900
133.99999919	5.82567800	2.45490900
134.07999919	5.73717500	2.45490900
134.15999918	5.82567800	2.36701600
134.23999918	5.82567800	2.36701600
134.31999918	5.73717500	2.36701600
134.39999918	5.82567800	2.27942800
134.47999918	5.73717500	2.36701600
134.55999918	5.82567800	2.27942800
134.63999918	5.73717500	2.27942800
134.71999918	5.73717500	2.19153400
134.79999918	5.73717500	2.19153400
134.87999918	5.73717500	2.19153400
134.95999918	5.73717500	2.10364100
135.03999918	5.73717500	2.10364100
135.11999918	5.73717500	2.10364100
135.19999918	5.73717500	2.10364100
135.27999918	5.64836500	2.10364100
135.35999918	5.73717500	2.01574800
135.43999918	5.64836500	2.01574800
135.51999918	5.64836500	2.01574800
135.59999918	5.64836500	1.92815900
135.67999918	5.64836500	1.92815900
135.75999917	5.64836500	1.92815900
135.83999917	5.64836500	1.92815900
135.91999917	5.64836500	1.84026600
135.99999917	5.64836500	1.84026600
136.07999917	5.64836500	1.84026600
136.15999917	5.64836500	1.75237300
136.23999917	5.64836500	1.75237300
136.31999917	5.64836500	1.75237300
136.39999917	5.64836500	1.75237300
136.47999917	5.64836500	1.66447900
136.55999917	5.64836500	1.75237300
136.63999917	5.64836500	1.66447900
136.71999917	5.55986200	1.57689100
136.79999917	5.55986200	1.57689100
136.87999917	5.55986200	1.57689100
136.95999917	5.55986200	1.57689100
137.03999917	5.55986200	1.48899800
137.11999917	5.55986200	1.48899800
137.19999917	5.47105300	1.40110500
137.27999917	5.20523700	1.40110500
137.35999917	4.76180300	1.40110500
137.43999916	4.40717800	1.40110500
137.51999916	4.31867400	1.40110500
137.59999916	4.31867400	1.31321100
137.67999916	4.31867400	1.31321100
137.75999916	4.31867400	1.31321100
137.83999916	4.31867400	1.31321100
137.91999916	4.22986600	1.22531800
137.99999916	4.31867400	1.22531800
138.07999916	4.31867400	1.13773000
138.15999916	4.31867400	1.13773000
138.23999916	4.31867400	1.13773000
138.31999916	4.31867400	1.04983700
138.39999916	4.31867400	1.04983700
138.47999916	4.31867400	1.04983700
138.55999916	4.22986600	1.04983700
138.63999916	4.22986600	1.04983700
138.71999916	4.22986600	0.96194340
138.79999916	4.22986600	0.96194340
138.87999916	4.22986600	0.96194340
138.95999916	4.31867400	0.87405010
139.03999915	4.22986600	0.87405010
139.11999915	4.22986600	0.87405010
139.19999915	4.22986600	0.78646200
139.27999915	4.31867400	0.78646200
139.35999915	4.22986600	0.78646200
139.43999915	4.31867400	0.78646200
139.51999915	4.22986600	0.69856870
139.59999915	4.22986600	0.69856870
139.67999915	4.22986600	0.69856870
139.75999915	4.22986600	0.69856870
139.83999915	4.31867400	0.61067540
139.91999915	4.22986600	0.61067540
139.99999915	4.22986600	0.61067540
140.07999915	4.22986600	0.52278210
140.15999915	4.22986600	0.52278210
140.23999915	4.22986600	0.52278210
140.31999915	4.22986600	0.43519400
140.39999915	4.22986600	0.43519400
140.47999915	4.22986600	0.34730060
140.55999915	4.22986600	0.43519400
140.63999915	4.22986600	0.34730060
140.71999914	4.22986600	0.25940730
140.79999914	4.22986600	0.25940730
140.87999914	4.22986600	0.25940730
140.95999914	4.22986600	0.25940730
141.03999914	4.22986600	0.17151400
141.11999914	4.22986600	0.17151400
141.19999914	4.22986600	0.17151400
141.27999914	4.22986600	0.08392590
141.35999914	4.22986600	0.08392590
141.43999914	4.22986600	0.08392590
141.51999914	4.31867400	-0.00366222
141.59999914	4.22986600	-0.00366222
141.67999914	4.22986600	-0.00366222
141.75999914	4.22986600	-0.00366222
141.83999914	4.22986600	-0.09155553
141.91999914	4.22986600	-0.09155553
141.99999914	4.22986600	-0.09155553
142.07999914	4.22986600	-0.17944880
142.15999914	4.22986600	-0.17944880
142.23999914	4.22986600	-0.17944880
142.31999914	4.22986600	-0.17944880
142.39999913	4.22986600	-0.26734220
142.47999913	4.22986600	-0.26734220
142.55999913	4.14136200	-0.35493030
142.63999913	3.69792800	-0.35493030
142.71999913	1.21555200	-0.35493030
142.79999913	0.77211830	-0.35493030
142.87999913	0.68361460	-0.44282360
142.95999913	0.68361460	-0.44282360
143.03999913	0.68361460	-0.44282360
143.11999913	0.68361460	-0.44282360
143.19999913	0.68361460	-0.53071690
143.27999913	0.68361460	-0.53071690
143.35999913	0.68361460	-0.61861020
143.43999913	0.68361460	-0.61861020
143.51999913	0.68361460	-0.61861020
143.59999913	0.68361460	-0.70619830
143.67999913	0.68361460	-0.70619830
143.75999913	0.77211830	-0.70619830
143.83999913	0.68361460	-0.79409160
143.91999913	0.77211830	-0.79409160
143.99999912	0.77211830	-0.79409160
144.07999912	0.77211830	-0.88198490
144.15999912	0.77211830	-0.88198490
144.23999912	0.77211830	-0.96987830
144.31999912	0.77211830	-0.96987830
144.39999912	0.77211830	-1.05746600
144.47999912	0.77211830	-1.05746600
144.55999912	0.77211830	-1.05746600
144.63999912	0.77211830	-1.05746600
144.71999912	0.77211830	-1.14536000
144.79999912	0.86092720	-1.14536000
144.87999912	0.77211830	-1.23325300
144.95999912	0.77211830	-1.23325300
145.03999912	0.77211830	-1.23325300
145.11999912	0.86092720	-1.32114600
145.19999912	0.77211830	-1.32114600
145.27999912	0.77211830	-1.32114600
145.35999912	0.86092720	-1.40904000
145.43999912	0.86092720	-1.40904000
145.51999912	0.86092720	-1.49662800
145.59999912	0.86092720	-1.49662800
145.67999911	0.86092720	-1.49662800
145.75999911	0.86092720	-1.58452100
145.83999911	0.86092720	-1.58452100
145.91999911	0.86092720	-1.67241400
145.99999911	0.86092720	-1.67241400
146.07999911	0.86092720	-1.76030800
146.15999911	0.86092720	-1.76030800
146.23999911	0.86092720	-1.76030800
146.31999911	0.86092720	-1.76030800
146.39999911	0.86092720	-1.76030800
146.47999911	0.86092720	-1.93578900
146.55999911	0.86092720	-1.93578900
146.63999911	0.86092720	-1.93578900
146.71999911	0.86092720	-1.93578900
146.79999911	0.86092720	-1.93578900
146.87999911	0.86092720	-2.02368200
146.95999911	0.86092720	-2.11157600
147.03999911	0.86092720	-2.11157600
147.11999911	0.86092720	-2.11157600
147.19999911	0.86092720	-2.19916400
147.27999910	0.86092720	-2.19916400
147.35999910	0.86092720	-2.19916400
147.43999910	0.86092720	-2.28705700
147.51999910	0.86092720	-2.28705700
147.59999910	0.86092720	-2.37495000
147.67999910	0.86092720	-2.37495000
147.75999910	0.94943080	-2.46284400
147.83999910	0.86092720	-2.46284400
147.91999910	0.86092720	-2.46284400
147.99999910	0.94943080	-2.46284400
148.07999910	0.94943080	-2.55043200
148.15999910	0.94943080	-2.63832500
148.23999910	0.94943080	-2.63832500
148.31999910	0.86092720	-2.63832500
148.39999910	0.94943080	-2.72621800
148.47999910	0.94943080	-2.72621800
148.55999910	0.94943080	-2.81411200
148.63999910	0.94943080	-2.81411200
148.71999910	0.94943080	-2.81411200
148.79999910	0.86092720	-2.90200500
148.87999910	0.94943080	-2.81411200
148.95999909	0.94943080	-2.90200500
149.03999909	0.94943080	-2.90200500
149.11999909	0.94943080	-2.98959300
149.19999909	0.94943080	-2.98959300
149.27999909	0.94943080	-3.07748700
149.35999909	0.94943080	-3.07748700
149.43999909	0.94943080	-3.07748700
149.51999909	0.94943080	-3.16538000
149.59999909	0.94943080	-3.16538000
149.67999909	0.94943080	-3.16538000
149.75999909	0.94943080	-3.16538000
149.83999909	0.94943080	-3.25327300
149.91999909	0.94943080	-3.25327300
149.99999909	0.94943080	-3.34086100
150.07999909	0.94943080	-3.34086100
150.15999909	0.94943080	-3.34086100
150.23999909	0.94943080	-3.42875500
150.31999909	0.94943080	-3.51664800
150.39999909	0.94943080	-3.51664800
150.47999909	0.94943080	-3.51664800
150.55999908	0.94943080	-3.51664800
150.63999908	0.94943080	-3.60454100
150.71999908	0.94943080	-3.60454100
150.79999908	0.94943080	-3.60454100
150.87999908	0.94943080	-3.69212900
150.95999908	0.94943080	-3.69212900
151.03999908	0.94943080	-3.69212900
151.11999908	0.94943080	-3.69212900
151.19999908	0.94943080	-3.78002300
151.27999908	0.94943080	-3.78002300
151.35999908	0.94943080	-3.78002300
151.43999908	0.94943080	-3.86791600
151.51999908	0.94943080	-3.86791600
151.59999908	0.94943080	-3.86791600
151.67999908	0.94943080	-3.86791600
151.75999908	0.94943080	-3.86791600
151.83999908	0.94943080	-3.95580900
151.91999908	0.94943080	-3.95580900
151.99999908	0.94943080	-3.95580900
152.07999908	0.94943080	-3.95580900
152.15999908	0.94943080	-4.04339700
152.23999907	0.94943080	-4.04339700
152.31999907	0.94943080	-4.04339700
152.39999907	0.94943080	-4.04339700
152.47999907	1.03824000	-4.13129000
152.55999907	0.94943080	-4.13129000
152.63999907	0.94943080	-4.13129000
152.71999907	0.94943080	-4.21918400
152.79999907	0.94943080	-4.21918400
152.87999907	0.94943080	-4.21918400
152.95999907	0.94943080	-4.21918400
153.03999907	0.94943080	-4.21918400
153.11999907	0.94943080	-4.21918400
153.19999907	0.94943080	-4.21918400
153.27999907	0.94943080	-4.21918400
153.35999907	0.94943080	-4.30707700
153.43999907	0.94943080	-4.30707700
153.51999907	1.03824000	-4.30707700
153.59999907	0.94943080	-4.30707700
153.67999907	0.94943080	-4.30707700
153.75999907	0.94943080	-4.30707700
153.83999907	0.94943080	-4.30707700
153.91999906	0.94943080	-4.30707700
153.99999906	0.94943080	-4.30707700
154.07999906	0.94943080	-4.39497000
154.15999906	0.94943080	-4.30707700
154.23999906	0.94943080	-4.39497000
154.31999906	0.94943080	-4.39497000
154.39999906	0.94943080	-4.39497000
154.47999906	0.94943080	-4.39497000
154.55999906	0.94943080	-4.39497000
154.63999906	0.94943080	-4.48255900
154.71999906	0.94943080	-4.39497000
154.79999906	0.94943080	-4.39497000
154.87999906	0.94943080	-4.39497000
154.95999906	0.94943080	-4.39497000
155.03999906	0.94943080	-4.48255900
155.11999906	0.94943080	-4.48255900
155.19999906	0.94943080	-4.48255900
155.27999906	0.94943080	-4.39497000
155.35999906	0.94943080	-4.39497000
155.43999906	0.94943080	-4.39497000
155.51999905	0.94943080	-4.39497000
155.59999905	0.94943080	-4.39497000
155.67999905	0.94943080	-4.39497000
155.75999905	0.94943080	-4.39497000
155.83999905	0.94943080	-4.39497000
155.91999905	0.94943080	-4.39497000
155.99999905	0.86092720	-4.39497000
156.07999905	0.94943080	-4.39497000
156.15999905	0.94943080	-4.39497000
156.23999905	0.94943080	-4.39497000
156.31999905	0.94943080	-4.39497000
156.39999905	0.94943080	-4.39497000
156.47999905	0.94943080	-4.30707700
156.55999905	0.94943080	-4.30707700
156.63999905	0.86092720	-4.30707700
156.71999905	0.86092720	-4.30707700
156.79999905	0.94943080	-4.21918400
156.87999905	0.94943080	-4.30707700
156.95999905	0.86092720	-4.21918400
157.03999905	0.94943080	-4.21918400
157.11999905	0.86092720	-4.21918400
157.19999904	0.86092720	-4.21918400
157.27999904	0.86092720	-4.21918400
157.35999904	0.94943080	-4.21918400
157.43999904	0.86092720	-4.21918400
157.51999904	0.94943080	-4.13129000
157.59999904	0.94943080	-4.13129000
157.67999904	0.86092720	-4.13129000
157.75999904	0.94943080	-4.04339700
157.83999904	0.94943080	-4.04339700
157.91999904	0.86092720	-4.04339700
157.99999904	0.86092720	-4.04339700
158.07999904	0.86092720	-4.04339700
158.15999904	0.86092720	-3.95580900
158.23999904	0.86092720	-3.95580900
158.31999904	0.86092720	-3.86791600
158.39999904	0.86092720	-3.86791600
158.47999904	0.86092720	-3.86791600
158.55999904	0.86092720	-3.86791600
158.63999904	0.86092720	-3.86791600
158.71999904	0.86092720	-3.78002300
158.79999903	0.86092720	-3.78002300
158.87999903	0.86092720	-3.69212900
158.95999903	0.86092720	-3.69212900
159.03999903	0.86092720	-3.69212900
159.11999903	0.86092720	-3.69212900
159.19999903	0.86092720	-3.69212900
159.27999903	0.86092720	-3.60454100
159.35999903	0.86092720	-3.51664800
159.43999903	0.86092720	-3.60454100
159.51999903	0.86092720	-3.51664800
159.59999903	0.86092720	-3.42875500
159.67999903	0.86092720	-3.42875500
159.75999903	0.86092720	-3.42875500
159.83999903	0.86092720	-3.34086100
159.91999903	0.86092720	-3.34086100
159.99999903	0.86092720	-3.25327300
160.07999903	0.86092720	-3.25327300
160.15999903	0.86092720	-3.25327300
160.23999903	0.86092720	-3.16538000
160.31999903	0.86092720	-3.16538000
160.39999903	0.86092720	-3.07748700
160.47999902	0.86092720	-3.07748700
160.55999902	0.86092720	-3.07748700
160.63999902	0.86092720	-3.07748700
160.71999902	0.86092720	-2.98959300
160.79999902	0.86092720	-2.90200500
160.87999902	0.86092720	-2.90200500
160.95999902	0.86092720	-2.81411200
161.03999902	0.86092720	-2.81411200
161.11999902	0.86092720	-2.81411200
161.19999902	0.77211830	-2.72621800
161.27999902	0.77211830	-2.72621800
161.35999902	0.86092720	-2.72621800
161.43999902	0.86092720	-2.63832500
161.51999902	0.77211830	-2.63832500
161.59999902	0.77211830	-2.63832500
161.67999902	0.86092720	-2.46284400
161.75999902	0.77211830	-2.46284400
161.83999902	0.77211830	-2.46284400
161.91999902	0.86092720	-2.37495000
161.99999902	0.77211830	-2.37495000
162.07999901	0.86092720	-2.28705700
162.15999901	0.77211830	-2.28705700
162.23999901	0.77211830	-2.19916400
162.31999901	0.86092720	-2.11157600
162.39999901	0.86092720	-2.19916400
162.47999901	0.77211830	-2.11157600
162.55999901	0.77211830	-2.02368200
162.63999901	0.77211830	-2.02368200
162.71999901	0.77211830	-1.93578900
162.79999901	0.77211830	-1.93578900
162.87999901	0.77211830	-1.93578900
162.95999901	0.86092720	-1.84789600
163.03999901	0.77211830	-1.76030800
163.11999901	0.77211830	-1.76030800
163.19999901	0.77211830	-1.76030800
163.27999901	0.77211830	-1.58452100
163.35999901	0.77211830	-1.58452100
163.43999901	0.77211830	-1.58452100
163.51999901	0.77211830	-1.49662800
163.59999901	0.77211830	-1.49662800
163.67999901	0.77211830	-1.40904000
163.75999900	0.77211830	-1.40904000
163.83999900	0.77211830	-1.32114600
163.91999900	0.77211830	-1.32114600
163.99999900	0.68361460	-1.23325300
164.07999900	0.68361460	-1.14536000
164.15999900	0.77211830	-1.14536000
164.23999900	0.77211830	-1.05746600
164.31999900	0.77211830	-1.05746600
164.39999900	0.77211830	-1.05746600
164.47999900	0.68361460	-0.96987830
164.55999900	0.68361460	-0.88198490
164.63999900	0.68361460	-0.88198490
164.71999900	0.77211830	-0.79409160
164.79999900	0.68361460	-0.79409160
164.87999900	0.68361460	-0.70619830
164.95999900	0.68361460	-0.61861020
165.03999900	0.68361460	-0.61861020
165.11999900	0.77211830	-0.53071690
165.19999900	0.77211830	-0.53071690
165.27999900	0.68361460	-0.53071690
165.35999900	0.68361460	-0.35493030
165.43999899	0.68361460	-0.35493030
165.51999899	0.68361460	-0.35493030
165.59999899	0.68361460	-0.17944880
165.67999899	0.68361460	-0.17944880
165.75999899	0.68361460	-0.17944880
165.83999899	0.68361460	-0.09155553
165.91999899	0.68361460	-0.09155553
165.99999899	0.68361460	-0.00366222
166.07999899	0.68361460	-0.00366222
166.15999899	0.68361460	0.08392590
166.23999899	0.68361460	0.17151400
166.31999899	0.68361460	0.17151400
166.39999899	0.68361460	0.25940730
166.47999899	0.68361460	0.34730060
166.55999899	0.68361460	0.34730060
166.63999899	0.68361460	0.43519400
166.71999899	0.68361460	0.43519400
166.79999899	0.68361460	0.52278210
166.87999899	0.68361460	0.52278210
166.95999899	0.68361460	0.61067540
167.03999898	0.68361460	0.69856870
167.11999898	0.68361460	0.69856870
167.19999898	0.68361460	0.69856870
167.27999898	0.68361460	0.78646200
167.35999898	0.68361460	0.87405010
167.43999898	0.68361460	0.87405010
167.51999898	0.68361460	0.96194340
167.59999898	0.68361460	0.96194340
167.67999898	0.68361460	1.04983700
167.75999898	0.68361460	1.13773000
167.83999898	0.68361460	1.13773000
167.91999898	0.68361460	1.22531800
167.99999898	0.59480580	1.31321100
168.07999898	0.68361460	1.31321100
168.15999898	0.59480580	1.40110500
168.23999898	0.59480580	1.40110500
168.31999898	0.59480580	1.40110500
168.39999898	0.59480580	1.48899800
168.47999898	0.59480580	1.57689100
168.55999898	0.59480580	1.57689100
168.63999898	0.50630210	1.66447900
168.71999897	0.50630210	1.66447900
168.79999897	0.41749320	1.75237300
168.87999897	0.41749320	1.75237300
168.95999897	0.41749320	1.75237300
169.03999897	0.50630210	1.84026600
169.11999897	0.50630210	1.92815900
169.19999897	0.50630210	1.92815900
169.27999897	0.50630210	2.01574800
169.35999897	0.50630210	2.01574800
169.43999897	0.50630210	2.10364100
169.51999897	0.50630210	2.10364100
169.59999897	0.50630210	2.19153400
169.67999897	0.50630210	2.19153400
169.75999897	0.50630210	2.27942800
169.83999897	0.50630210	2.27942800
169.91999897	0.50630210	2.36701600
169.99999897	0.59480580	2.45490900
170.07999897	0.59480580	2.45490900
170.15999897	0.50630210	2.54280200
170.23999897	0.50630210	2.54280200
170.31999896	0.59480580	2.63069600
170.39999896	0.50630210	2.63069600
170.47999896	0.59480580	2.71828400
170.55999896	0.50630210	2.71828400
170.63999896	0.50630210	2.80617700
170.71999896	0.59480580	2.80617700
170.79999896	0.50630210	2.80617700
170.87999896	0.59480580	2.89407000
170.95999896	0.59480580	2.89407000
171.03999896	0.59480580	2.98196400
171.11999896	0.59480580	2.98196400
171.19999896	0.59480580	3.06985700
171.27999896	0.59480580	3.06985700
171.35999896	0.59480580	3.15744500
171.43999896	0.59480580	3.15744500
171.51999896	0.59480580	3.24533800
171.59999896	0.59480580	3.24533800
171.67999896	0.59480580	3.33323200
171.75999896	0.59480580	3.33323200
171.83999896	0.59480580	3.42112500
171.91999896	0.59480580	3.42112500
171.99999895	0.59480580	3.50871300
172.07999895	0.59480580	3.50871300
172.15999895	0.59480580	3.50871300
172.23999895	0.59480580	3.50871300
172.31999895	0.59480580	3.59660600
172.39999895	0.59480580	3.59660600
172.47999895	0.59480580	3.68450000
172.55999895	0.59480580	3.68450000
172.63999895	0.59480580	3.68450000
172.71999895	0.59480580	3.77239300
172.79999895	0.59480580	3.77239300
172.87999895	0.59480580	3.85998100
172.95999895	0.59480580	3.85998100
173.03999895	0.59480580	3.85998100
173.11999895	0.59480580	3.85998100
173.19999895	0.59480580	3.94787400
173.27999895	0.59480580	3.94787400
173.35999895	0.59480580	4.03576800
173.43999895	0.59480580	4.03576800
173.51999895	0.59480580	4.12366100
173.59999894	0.59480580	4.12366100
173.67999894	0.59480580	4.12366100
173.75999894	0.59480580	4.12366100
173.83999894	0.59480580	4.21124900
173.91999894	0.59480580	4.21124900
173.99999894	0.68361460	4.21124900
174.07999894	0.59480580	4.21124900
174.15999894	0.59480580	4.21124900
174.23999894	0.59480580	4.29914200
174.31999894	0.59480580	4.29914200
174.39999894	0.59480580	4.38703600
174.47999894	0.59480580	4.38703600
174.55999894	0.59480580	4.38703600
174.63999894	0.68361460	4.38703600
174.71999894	0.59480580	4.47492900
174.79999894	0.68361460	4.38703600
174.87999894	0.68361460	4.47492900
174.95999894	0.59480580	4.56282200
175.03999894	0.68361460	4.56282200
175.11999894	0.68361460	4.56282200
175.19999894	0.68361460	4.56282200
175.27999893	0.68361460	4.56282200
175.35999893	0.68361460	4.56282200
175.43999893	0.68361460	4.56282200
175.51999893	0.68361460	4.65041100
175.59999893	0.68361460	4.65041100
175.67999893	0.59480580	4.73830400
175.75999893	0.68361460	4.73830400
175.83999893	0.68361460	4.73830400
175.91999893	0.68361460	4.73830400
175.99999893	0.59480580	4.73830400
176.07999893	0.68361460	4.73830400
176.15999893	0.68361460	4.73830400
176.23999893	0.59480580	4.82619700
176.31999893	0.68361460	4.82619700
176.39999893	0.68361460	4.82619700
176.47999893	0.68361460	4.82619700
176.55999893	0.68361460	4.82619700
176.63999893	0.68361460	4.82619700
176.71999893	0.59480580	4.82619700
176.79999893	0.68361460	4.82619700
176.87999893	0.68361460	4.82619700
176.95999892	0.68361460	4.91409000
177.03999892	0.68361460	4.91409000
177.11999892	0.68361460	4.91409000
177.19999892	0.68361460	4.91409000
177.27999892	0.68361460	4.91409000
177.35999892	0.68361460	4.91409000
177.43999892	0.68361460	4.91409000
177.51999892	0.68361460	4.91409000
177.59999892	0.68361460	4.91409000
177.67999892	0.68361460	4.91409000
177.75999892	0.68361460	4.91409000
177.83999892	0.68361460	4.91409000
177.91999892	0.68361460	4.91409000
177.99999892	0.68361460	4.91409000
178.07999892	0.59480580	4.91409000
178.15999892	0.68361460	4.91409000
178.23999892	0.68361460	4.91409000
178.31999892	0.68361460	4.91409000
178.39999892	0.68361460	4.91409000
178.47999892	0.68361460	4.82619700
178.55999891	0.68361460	4.91409000
178.63999891	0.68361460	4.82619700
178.71999891	0.68361460	4.91409000
178.79999891	0.68361460	4.82619700
178.87999891	0.68361460	4.91409000
178.95999891	0.68361460	4.82619700
179.03999891	0.68361460	4.82619700
179.11999891	0.68361460	4.82619700
179.19999891	0.68361460	4.82619700
179.27999891	0.68361460	4.73830400
179.35999891	0.68361460	4.82619700
179.43999891	0.68361460	4.82619700
179.51999891	0.68361460	4.82619700
179.59999891	0.68361460	4.82619700
179.67999891	0.68361460	4.73830400
179.75999891	0.59480580	4.73830400
179.83999891	0.68361460	4.73830400
179.91999891	0.68361460	4.65041100
179.99999891	0.68361460	4.65041100
180.07999891	0.68361460	4.65041100
180.15999891	0.68361460	4.65041100
180.23999890	0.68361460	4.65041100
180.31999890	0.68361460	4.65041100
180.39999890	0.68361460	4.56282200
180.47999890	0.59480580	4.56282200
180.55999890	0.68361460	4.56282200
180.63999890	0.68361460	4.56282200
180.71999890	0.68361460	4.56282200
180.79999890	0.68361460	4.56282200
180.87999890	0.68361460	4.47492900
180.95999890	0.68361460	4.47492900
181.03999890	0.68361460	4.47492900
181.11999890	0.68361460	4.38703600
181.19999890	0.68361460	4.38703600
181.27999890	0.59480580	4.38703600
181.35999890	0.68361460	4.29914200
181.43999890	0.68361460	4.29914200
181.51999890	0.68361460	4.29914200
181.59999890	0.68361460	4.21124900
181.67999890	0.68361460	4.21124900
181.75999890	0.68361460	4.21124900
181.83999889	0.68361460	4.21124900
181.91999889	0.68361460	4.21124900
181.99999889	0.68361460	4.12366100
182.07999889	0.68361460	4.12366100
182.15999889	0.68361460	4.12366100
182.23999889	0.68361460	4.12366100
182.31999889	0.68361460	4.12366100
182.39999889	0.68361460	4.03576800
182.47999889	0.68361460	4.03576800
182.55999889	0.68361460	3.94787400
182.63999889	0.68361460	3.94787400
182.71999889	0.68361460	3.85998100
182.79999889	0.59480580	3.85998100
182.87999889	0.68361460	3.85998100
182.95999889	0.68361460	3.85998100
183.03999889	0.68361460	3.85998100
183.11999889	0.68361460	3.77239300
183.19999889	0.68361460	3.77239300
183.27999889	0.59480580	3.68450000
183.35999889	0.59480580	3.68450000
183.43999889	0.68361460	3.68450000
183.51999888	0.68361460	3.68450000
183.59999888	0.59480580	3.59660600
183.67999888	0.59480580	3.59660600
183.75999888	0.59480580	3.50871300
183.83999888	0.59480580	3.50871300
183.91999888	0.59480580	3.50871300
183.99999888	0.59480580	3.42112500
184.07999888	0.68361460	3.42112500
184.15999888	0.59480580	3.33323200
184.23999888	0.59480580	3.33323200
184.31999888	0.59480580	3.33323200
184.39999888	0.59480580	3.24533800
184.47999888	0.59480580	3.24533800
184.55999888	0.59480580	3.15744500
184.63999888	0.50630210	3.15744500
184.71999888	0.50630210	3.15744500
184.79999888	0.50630210	3.15744500
184.87999888	0.50630210	3.06985700
184.95999888	0.50630210	3.06985700
185.03999888	0.50630210	2.98196400
185.11999887	0.50630210	2.89407000
185.19999887	0.50630210	2.89407000
185.27999887	0.50630210	2.89407000
185.35999887	0.41749320	2.80617700
185.43999887	0.41749320	2.80617700
185.51999887	0.41749320	2.80617700
185.59999887	0.41749320	2.71828400
185.67999887	0.32898950	2.71828400
185.75999887	0.32898950	2.71828400
185.83999887	0.32898950	2.63069600
185.91999887	0.32898950	2.54280200
185.99999887	0.32898950	2.54280200
186.07999887	0.32898950	2.45490900
186.15999887	0.24048580	2.45490900
186.23999887	0.24048580	2.45490900
186.31999887	0.24048580	2.36701600
186.39999887	0.24048580	2.36701600
186.47999887	0.24048580	2.36701600
186.55999887	0.15167700	2.27942800
186.63999887	0.15167700	2.27942800
186.71999887	0.24048580	2.19153400
186.79999886	0.15167700	2.19153400
186.87999886	0.15167700	2.19153400
186.95999886	0.15167700	2.10364100
187.03999886	0.15167700	2.10364100
187.11999886	0.06317332	2.01574800
187.19999886	0.06317332	2.01574800
187.27999886	0.06317332	1.92815900
187.35999886	0.06317332	1.92815900
187.43999886	-0.02563555	1.84026600
187.51999886	-0.02563555	1.75237300
187.59999886	-0.02563555	1.75237300
187.67999886	-0.02563555	1.75237300
187.75999886	-0.02563555	1.75237300
187.83999886	-0.02563555	1.66447900
187.91999886	-0.02563555	1.66447900
187.99999886	-0.11413920	1.57689100
188.07999886	-0.11413920	1.57689100
188.15999886	-0.11413920	1.48899800
188.23999886	-0.11413920	1.48899800
188.31999886	-0.11413920	1.40110500
188.39999886	-0.11413920	1.40110500
188.47999885	-0.11413920	1.40110500
188.55999885	-0.20294810	1.31321100
188.63999885	-0.20294810	1.31321100
188.71999885	-0.20294810	1.22531800
188.79999885	-0.20294810	1.22531800
188.87999885	-0.20294810	1.13773000
188.95999885	-0.20294810	1.04983700
189.03999885	-0.29145180	1.04983700
189.11999885	-0.29145180	1.04983700
189.19999885	-0.29145180	1.04983700
189.27999885	-0.29145180	0.96194340
189.35999885	-0.38026060	0.96194340
189.43999885	-0.38026060	0.87405010
189.51999885	-0.38026060	0.87405010
189.59999885	-0.38026060	0.78646200
189.67999885	-0.38026060	0.78646200
189.75999885	-0.38026060	0.69856870
189.83999885	-0.38026060	0.69856870
189.91999885	-0.46876430	0.69856870
189.99999885	-0.46876430	0.69856870
190.07999884	-0.38026060	0.61067540
190.15999884	-0.38026060	0.61067540
190.23999884	-0.46876430	0.52278210
190.31999884	-0.46876430	0.43519400
190.39999884	-0.46876430	0.43519400
190.47999884	-0.46876430	0.34730060
190.55999884	-0.46876430	0.34730060
190.63999884	-0.46876430	0.25940730
190.71999884	-0.46876430	0.17151400
190.79999884	-0.46876430	0.17151400
190.87999884	-0.46876430	0.17151400
190.95999884	-0.46876430	0.08392590
191.03999884	-0.46876430	0.08392590
191.11999884	-0.55757310	-0.00366222
191.19999884	-0.46876430	-0.00366222
191.27999884	-0.55757310	-0.09155553
191.35999884	-0.46876430	-0.09155553
191.43999884	-0.46876430	-0.09155553
191.51999884	-0.55757310	-0.17944880
191.59999884	-0.55757310	-0.17944880
191.67999884	-0.55757310	-0.26734220
191.75999883	-0.55757310	-0.35493030
191.83999883	-0.55757310	-0.35493030
191.91999883	-0.55757310	-0.35493030
191.99999883	-0.55757310	-0.35493030
192.07999883	-0.55757310	-0.44282360
192.15999883	-0.55757310	-0.53071690
192.23999883	-0.55757310	-0.53071690
192.31999883	-0.55757310	-0.53071690
192.39999883	-0.55757310	-0.61861020
192.47999883	-0.55757310	-0.70619830
192.55999883	-0.55757310	-0.70619830
192.63999883	-0.55757310	-0.70619830
192.71999883	-0.55757310	-0.79409160
192.79999883	-0.64607690	-0.79409160
192.87999883	-0.55757310	-0.88198490
192.95999883	-0.55757310	-0.88198490
193.03999883	-0.64607690	-0.96987830
193.11999883	-0.55757310	-0.96987830
193.19999883	-0.55757310	-1.05746600
193.27999883	-0.64607690	-1.05746600
193.35999882	-0.64607690	-1.14536000
193.43999882	-0.64607690	-1.05746600
193.51999882	-0.55757310	-1.14536000
193.59999882	-0.64607690	-1.23325300
193.67999882	-0.64607690	-1.23325300
193.75999882	-0.64607690	-1.32114600
193.83999882	-0.64607690	-1.32114600
193.91999882	-0.64607690	-1.32114600
193.99999882	-0.64607690	-1.40904000
194.07999882	-0.64607690	-1.40904000
194.15999882	-0.73488570	-1.40904000
194.23999882	-0.64607690	-1.49662800
194.31999882	-0.64607690	-1.49662800
194.39999882	-0.64607690	-1.49662800
194.47999882	-0.73488570	-1.58452100
194.55999882	-0.73488570	-1.58452100
194.63999882	-0.64607690	-1.58452100
194.71999882	-0.73488570	-1.67241400
194.79999882	-0.73488570	-1.76030800
194.87999882	-0.73488570	-1.76030800
194.95999882	-0.73488570	-1.76030800
195.03999881	-0.64607690	-1.76030800
195.11999881	-0.73488570	-1.84789600
195.19999881	-0.73488570	-1.93578900
195.27999881	-0.73488570	-1.93578900
195.35999881	-0.64607690	-1.93578900
195.43999881	-0.73488570	-1.93578900
195.51999881	-0.73488570	-1.93578900
195.59999881	-0.73488570	-2.02368200
195.67999881	-0.73488570	-2.02368200
195.75999881	-0.73488570	-2.11157600
195.83999881	-0.73488570	-2.11157600
195.91999881	-0.73488570	-2.11157600
195.99999881	-0.73488570	-2.11157600
196.07999881	-0.73488570	-2.19916400
196.15999881	-0.73488570	-2.19916400
196.23999881	-0.73488570	-2.19916400
196.31999881	-0.73488570	-2.28705700
196.39999881	-0.73488570	-2.28705700
196.47999881	-0.73488570	-2.28705700
196.55999881	-0.73488570	-2.37495000
196.63999880	-0.73488570	-2.37495000
196.71999880	-0.73488570	-2.46284400
196.79999880	-0.73488570	-2.46284400
196.87999880	-0.73488570	-2.46284400
196.95999880	-0.73488570	-2.46284400
197.03999880	-0.73488570	-2.55043200
197.11999880	-0.73488570	-2.55043200
197.19999880	-0.73488570	-2.63832500
197.27999880	-0.73488570	-2.63832500
197.35999880	-0.73488570	-2.63832500
197.43999880	-0.73488570	-2.63832500
197.51999880	-0.73488570	-2.63832500
197.59999880	-0.73488570	-2.72621800
197.67999880	-0.73488570	-2.72621800
197.75999880	-0.73488570	-2.72621800
197.83999880	-0.73488570	-2.81411200
197.91999880	-0.73488570	-2.81411200
197.99999880	-0.73488570	-2.81411200
198.07999880	-0.73488570	-2.81411200
198.15999880	-0.73488570	-2.81411200
198.23999880	-0.73488570	-2.90200500
198.31999879	-0.73488570	-2.90200500
198.39999879	-0.73488570	-2.90200500
198.47999879	-0.73488570	-2.90200500
198.55999879	-0.73488570	-2.90200500
198.63999879	-0.73488570	-2.98959300
198.71999879	-0.82338940	-2.98959300
198.79999879	-0.82338940	-2.98959300
198.87999879	-0.73488570	-2.98959300
198.95999879	-0.73488570	-2.98959300
199.03999879	-0.82338940	-3.07748700
199.11999879	-0.73488570	-3.07748700
199.19999879	-0.73488570	-3.07748700
199.27999879	-0.73488570	-3.16538000
199.35999879	-0.73488570	-3.16538000
199.43999879	-0.73488570	-3.16538000
199.51999879	-0.73488570	-3.16538000
199.59999879	-0.73488570	-3.16538000
199.67999879	-0.82338940	-3.16538000
199.75999879	-0.73488570	-3.16538000
199.83999879	-0.73488570	-3.16538000
199.91999878	-0.82338940	-3.16538000
199.99999878	-0.82338940	-3.25327300
200.07999878	-0.73488570	-3.25327300
200.15999878	-0.82338940	-3.25327300
200.23999878	-0.73488570	-3.25327300
