Time	Channel A	Channel B
(us)	(V)	(V)

0.00000000	4.22986600	-4.21918400
0.08000000	4.22986600	-4.21918400
0.16000000	4.22986600	-4.21918400
0.24000000	4.31867400	-4.21918400
0.32000000	4.31867400	-4.13129000
0.40000000	4.31867400	-4.13129000
0.48000000	4.31867400	-4.04339700
0.56000000	4.31867400	-4.04339700
0.64000000	4.22986600	-3.95580900
0.72000000	4.31867400	-4.04339700
0.80000000	4.22986600	-3.95580900
0.87999999	4.31867400	-3.86791600
0.95999999	4.31867400	-3.86791600
1.03999999	4.40717800	-3.86791600
1.11999999	4.40717800	-3.86791600
1.19999999	4.40717800	-3.78002300
1.27999999	4.49598700	-3.78002300
1.35999999	4.58449000	-3.69212900
1.43999999	4.85061200	-3.69212900
1.51999999	4.85061200	-3.69212900
1.59999999	4.93911600	-3.60454100
1.67999999	4.93911600	-3.60454100
1.75999999	4.93911600	-3.51664800
1.83999999	4.93911600	-3.51664800
1.91999999	4.93911600	-3.51664800
1.99999999	4.93911600	-3.51664800
2.07999999	4.93911600	-3.42875500
2.15999999	4.93911600	-3.42875500
2.23999999	5.02792500	-3.34086100
2.31999999	5.02792500	-3.34086100
2.39999999	5.02792500	-3.25327300
2.47999998	5.02792500	-3.25327300
2.55999998	5.11642800	-3.25327300
2.63999998	5.11642800	-3.16538000
2.71999998	5.11642800	-3.16538000
2.79999998	5.11642800	-3.07748700
2.87999998	5.11642800	-3.07748700
2.95999998	5.11642800	-2.98959300
3.03999998	5.11642800	-2.98959300
3.11999998	5.11642800	-2.90200500
3.19999998	5.11642800	-2.90200500
3.27999998	5.11642800	-2.90200500
3.35999998	5.11642800	-2.81411200
3.43999998	5.11642800	-2.81411200
3.51999998	5.11642800	-2.81411200
3.59999998	5.11642800	-2.72621800
3.67999998	5.20523700	-2.63832500
3.75999998	5.11642800	-2.63832500
3.83999998	5.20523700	-2.63832500
3.91999998	5.20523700	-2.63832500
3.99999998	5.20523700	-2.55043200
4.07999998	5.20523700	-2.46284400
4.15999997	5.11642800	-2.46284400
4.23999997	5.20523700	-2.46284400
4.31999997	5.20523700	-2.37495000
4.39999997	5.20523700	-2.28705700
4.47999997	5.20523700	-2.28705700
4.55999997	5.20523700	-2.28705700
4.63999997	5.20523700	-2.19916400
4.71999997	5.20523700	-2.11157600
4.79999997	5.20523700	-2.11157600
4.87999997	5.20523700	-2.11157600
4.95999997	5.29374100	-2.11157600
5.03999997	5.20523700	-2.02368200
5.11999997	5.20523700	-2.02368200
5.19999997	5.20523700	-1.93578900
5.27999997	5.20523700	-1.93578900
5.35999997	5.29374100	-1.84789600
5.43999997	5.29374100	-1.76030800
5.51999997	5.20523700	-1.76030800
5.59999997	5.29374100	-1.76030800
5.67999997	5.29374100	-1.67241400
5.75999996	5.29374100	-1.67241400
5.83999996	5.20523700	-1.58452100
5.91999996	5.29374100	-1.49662800
5.99999996	5.29374100	-1.49662800
6.07999996	5.29374100	-1.49662800
6.15999996	5.29374100	-1.49662800
6.23999996	5.29374100	-1.40904000
6.31999996	5.29374100	-1.40904000
6.39999996	5.29374100	-1.40904000
6.47999996	5.29374100	-1.32114600
6.55999996	5.29374100	-1.23325300
6.63999996	5.29374100	-1.23325300
6.71999996	5.29374100	-1.23325300
6.79999996	5.38254900	-1.05746600
6.87999996	5.38254900	-1.14536000
6.95999996	5.38254900	-1.05746600
7.03999996	5.38254900	-1.05746600
7.11999996	5.38254900	-0.96987830
7.19999996	5.38254900	-0.88198490
7.27999996	5.47105300	-0.88198490
7.35999996	5.47105300	-0.79409160
7.43999995	5.47105300	-0.79409160
7.51999995	5.47105300	-0.70619830
7.59999995	5.47105300	-0.70619830
7.67999995	5.47105300	-0.70619830
7.75999995	5.55986200	-0.61861020
7.83999995	5.47105300	-0.61861020
7.91999995	5.47105300	-0.53071690
7.99999995	5.47105300	-0.53071690
8.07999995	5.55986200	-0.53071690
8.15999995	5.55986200	-0.44282360
8.23999995	5.55986200	-0.35493030
8.31999995	5.55986200	-0.35493030
8.39999995	5.55986200	-0.35493030
8.47999995	5.55986200	-0.26734220
8.55999995	5.55986200	-0.17944880
8.63999995	5.55986200	-0.17944880
8.71999995	5.55986200	-0.09155553
8.79999995	5.55986200	-0.09155553
8.87999995	5.55986200	-0.00366222
8.95999995	5.55986200	-0.00366222
9.03999995	5.64836500	-0.00366222
9.11999994	5.55986200	-0.00366222
9.19999994	5.55986200	0.08392590
9.27999994	5.64836500	0.17151400
9.35999994	5.55986200	0.17151400
9.43999994	5.64836500	0.17151400
9.51999994	5.64836500	0.25940730
9.59999994	5.64836500	0.34730060
9.67999994	5.55986200	0.34730060
9.75999994	5.64836500	0.43519400
9.83999994	5.64836500	0.43519400
9.91999994	5.64836500	0.52278210
9.99999994	5.64836500	0.52278210
10.07999994	5.64836500	0.52278210
10.15999994	5.64836500	0.61067540
10.23999994	5.64836500	0.61067540
10.31999994	5.64836500	0.69856870
10.39999994	5.64836500	0.69856870
10.47999994	5.64836500	0.69856870
10.55999994	5.64836500	0.78646200
10.63999994	5.64836500	0.78646200
10.71999993	5.64836500	0.87405010
10.79999993	5.64836500	0.87405010
10.87999993	5.64836500	0.96194340
10.95999993	5.64836500	0.96194340
11.03999993	5.64836500	1.04983700
11.11999993	5.64836500	1.04983700
11.19999993	5.64836500	1.04983700
11.27999993	5.64836500	1.13773000
11.35999993	5.64836500	1.13773000
11.43999993	5.64836500	1.22531800
11.51999993	5.64836500	1.31321100
11.59999993	5.64836500	1.31321100
11.67999993	5.73717500	1.40110500
11.75999993	5.64836500	1.40110500
11.83999993	5.64836500	1.40110500
11.91999993	5.64836500	1.40110500
11.99999993	5.73717500	1.48899800
12.07999993	5.73717500	1.48899800
12.15999993	5.73717500	1.57689100
12.23999993	5.64836500	1.57689100
12.31999993	5.73717500	1.57689100
12.39999992	5.64836500	1.66447900
12.47999992	5.73717500	1.75237300
12.55999992	5.64836500	1.75237300
12.63999992	5.73717500	1.75237300
12.71999992	5.73717500	1.75237300
12.79999992	5.73717500	1.84026600
12.87999992	5.73717500	1.84026600
12.95999992	5.73717500	1.92815900
13.03999992	5.73717500	1.92815900
13.11999992	5.73717500	2.01574800
13.19999992	5.73717500	2.01574800
13.27999992	5.73717500	2.01574800
13.35999992	5.73717500	2.01574800
13.43999992	5.73717500	2.10364100
13.51999992	5.82567800	2.10364100
13.59999992	5.73717500	2.10364100
13.67999992	5.73717500	2.19153400
13.75999992	5.73717500	2.19153400
13.83999992	5.82567800	2.19153400
13.91999992	5.73717500	2.27942800
13.99999991	5.82567800	2.27942800
14.07999991	5.82567800	2.36701600
14.15999991	5.82567800	2.36701600
14.23999991	5.82567800	2.36701600
14.31999991	5.82567800	2.45490900
14.39999991	5.82567800	2.45490900
14.47999991	5.73717500	2.45490900
14.55999991	5.82567800	2.45490900
14.63999991	5.82567800	2.54280200
14.71999991	5.82567800	2.54280200
14.79999991	5.82567800	2.54280200
14.87999991	5.82567800	2.63069600
14.95999991	5.82567800	2.63069600
15.03999991	5.82567800	2.63069600
15.11999991	5.82567800	2.71828400
15.19999991	5.82567800	2.71828400
15.27999991	5.82567800	2.80617700
15.35999991	5.82567800	2.71828400
15.43999991	5.82567800	2.80617700
15.51999991	5.82567800	2.80617700
15.59999991	5.82567800	2.80617700
15.67999990	5.82567800	2.80617700
15.75999990	5.82567800	2.80617700
15.83999990	5.82567800	2.89407000
15.91999990	5.82567800	2.89407000
15.99999990	5.82567800	2.89407000
16.07999990	5.82567800	2.98196400
16.15999990	5.82567800	2.98196400
16.23999990	5.82567800	2.98196400
16.31999990	5.82567800	2.98196400
16.39999990	5.82567800	3.06985700
16.47999990	5.82567800	3.06985700
16.55999990	5.82567800	3.06985700
16.63999990	5.82567800	3.06985700
16.71999990	5.82567800	3.15744500
16.79999990	5.82567800	3.15744500
16.87999990	5.82567800	3.15744500
16.95999990	5.82567800	3.15744500
17.03999990	5.82567800	3.15744500
17.11999990	5.82567800	3.15744500
17.19999990	5.82567800	3.24533800
17.27999989	5.82567800	3.24533800
17.35999989	5.82567800	3.24533800
17.43999989	5.82567800	3.24533800
17.51999989	5.82567800	3.24533800
17.59999989	5.82567800	3.33323200
17.67999989	5.91448700	3.33323200
17.75999989	5.82567800	3.33323200
17.83999989	5.82567800	3.33323200
17.91999989	5.82567800	3.42112500
17.99999989	5.91448700	3.33323200
18.07999989	5.82567800	3.42112500
18.15999989	5.91448700	3.42112500
18.23999989	5.91448700	3.42112500
18.31999989	5.82567800	3.42112500
18.39999989	5.82567800	3.42112500
18.47999989	5.82567800	3.42112500
18.55999989	5.91448700	3.50871300
18.63999989	5.91448700	3.42112500
18.71999989	5.91448700	3.42112500
18.79999989	5.91448700	3.50871300
18.87999989	5.91448700	3.50871300
18.95999988	5.91448700	3.50871300
19.03999988	5.82567800	3.50871300
19.11999988	5.82567800	3.50871300
19.19999988	5.91448700	3.50871300
19.27999988	5.91448700	3.50871300
19.35999988	5.91448700	3.50871300
19.43999988	5.91448700	3.50871300
19.51999988	5.91448700	3.50871300
19.59999988	5.82567800	3.50871300
19.67999988	5.82567800	3.50871300
19.75999988	5.82567800	3.50871300
19.83999988	5.91448700	3.50871300
19.91999988	5.91448700	3.50871300
19.99999988	5.91448700	3.50871300
20.07999988	5.91448700	3.50871300
20.15999988	5.91448700	3.50871300
20.23999988	5.82567800	3.50871300
20.31999988	5.91448700	3.50871300
20.39999988	5.91448700	3.50871300
20.47999988	5.91448700	3.50871300
20.55999988	5.91448700	3.50871300
20.63999987	5.91448700	3.50871300
20.71999987	5.91448700	3.50871300
20.79999987	5.91448700	3.50871300
20.87999987	5.91448700	3.50871300
20.95999987	5.91448700	3.50871300
21.03999987	5.91448700	3.50871300
21.11999987	5.91448700	3.50871300
21.19999987	5.91448700	3.50871300
21.27999987	5.91448700	3.50871300
21.35999987	5.91448700	3.50871300
21.43999987	5.82567800	3.50871300
21.51999987	5.82567800	3.50871300
21.59999987	5.91448700	3.50871300
21.67999987	5.91448700	3.50871300
21.75999987	5.91448700	3.50871300
21.83999987	5.91448700	3.42112500
21.91999987	5.91448700	3.50871300
21.99999987	5.91448700	3.50871300
22.07999987	5.91448700	3.42112500
22.15999987	5.91448700	3.42112500
22.23999986	5.91448700	3.42112500
22.31999986	5.91448700	3.42112500
22.39999986	5.91448700	3.42112500
22.47999986	5.91448700	3.42112500
22.55999986	5.91448700	3.42112500
22.63999986	5.82567800	3.42112500
22.71999986	5.91448700	3.42112500
22.79999986	5.91448700	3.33323200
22.87999986	5.91448700	3.33323200
22.95999986	5.82567800	3.42112500
23.03999986	5.91448700	3.33323200
23.11999986	5.91448700	3.33323200
23.19999986	5.91448700	3.33323200
23.27999986	5.82567800	3.33323200
23.35999986	5.91448700	3.24533800
23.43999986	5.91448700	3.24533800
23.51999986	5.91448700	3.24533800
23.59999986	5.91448700	3.24533800
23.67999986	5.91448700	3.24533800
23.75999986	5.91448700	3.24533800
23.83999986	5.91448700	3.15744500
23.91999985	5.82567800	3.15744500
23.99999985	5.82567800	3.15744500
24.07999985	5.91448700	3.15744500
24.15999985	5.91448700	3.15744500
24.23999985	5.91448700	3.15744500
24.31999985	5.82567800	3.06985700
24.39999985	5.91448700	3.06985700
24.47999985	5.82567800	3.06985700
24.55999985	5.91448700	3.06985700
24.63999985	5.82567800	3.06985700
24.71999985	5.91448700	2.98196400
24.79999985	5.91448700	2.98196400
24.87999985	5.91448700	2.98196400
24.95999985	5.82567800	2.89407000
25.03999985	5.82567800	2.89407000
25.11999985	5.82567800	2.89407000
25.19999985	5.82567800	2.89407000
25.27999985	5.82567800	2.80617700
25.35999985	5.82567800	2.89407000
25.43999985	5.82567800	2.80617700
25.51999984	5.82567800	2.80617700
25.59999984	5.82567800	2.80617700
25.67999984	5.82567800	2.80617700
25.75999984	5.91448700	2.80617700
25.83999984	5.82567800	2.80617700
25.91999984	5.82567800	2.71828400
25.99999984	5.82567800	2.71828400
26.07999984	5.82567800	2.71828400
26.15999984	5.82567800	2.63069600
26.23999984	5.82567800	2.63069600
26.31999984	5.82567800	2.63069600
26.39999984	5.82567800	2.63069600
26.47999984	5.82567800	2.63069600
26.55999984	5.82567800	2.54280200
26.63999984	5.82567800	2.54280200
26.71999984	5.82567800	2.45490900
26.79999984	5.82567800	2.45490900
26.87999984	5.82567800	2.45490900
26.95999984	5.82567800	2.45490900
27.03999984	5.82567800	2.45490900
27.11999984	5.82567800	2.36701600
27.19999983	5.73717500	2.36701600
27.27999983	5.82567800	2.27942800
27.35999983	5.73717500	2.27942800
27.43999983	5.82567800	2.27942800
27.51999983	5.82567800	2.27942800
27.59999983	5.73717500	2.27942800
27.67999983	5.73717500	2.27942800
27.75999983	5.82567800	2.19153400
27.83999983	5.73717500	2.19153400
27.91999983	5.73717500	2.19153400
27.99999983	5.73717500	2.19153400
28.07999983	5.73717500	2.10364100
28.15999983	5.73717500	2.10364100
28.23999983	5.73717500	2.10364100
28.31999983	5.73717500	2.01574800
28.39999983	5.64836500	2.01574800
28.47999983	5.73717500	2.01574800
28.55999983	5.64836500	2.01574800
28.63999983	5.64836500	2.01574800
28.71999983	5.64836500	1.92815900
28.79999982	5.64836500	1.84026600
28.87999982	5.64836500	1.92815900
28.95999982	5.64836500	1.84026600
29.03999982	5.64836500	1.84026600
29.11999982	5.64836500	1.84026600
29.19999982	5.64836500	1.75237300
29.27999982	5.73717500	1.75237300
29.35999982	5.64836500	1.75237300
29.43999982	5.64836500	1.75237300
29.51999982	5.64836500	1.66447900
29.59999982	5.64836500	1.66447900
29.67999982	5.64836500	1.57689100
29.75999982	5.64836500	1.57689100
29.83999982	5.55986200	1.57689100
29.91999982	5.55986200	1.48899800
29.99999982	5.55986200	1.48899800
30.07999982	5.55986200	1.48899800
30.15999982	5.55986200	1.40110500
30.23999982	5.20523700	1.40110500
30.31999982	4.67329900	1.40110500
30.39999982	4.40717800	1.40110500
30.47999981	4.31867400	1.40110500
30.55999981	4.31867400	1.40110500
30.63999981	4.31867400	1.31321100
30.71999981	4.31867400	1.31321100
30.79999981	4.31867400	1.22531800
30.87999981	4.31867400	1.22531800
30.95999981	4.31867400	1.22531800
31.03999981	4.31867400	1.13773000
31.11999981	4.31867400	1.13773000
31.19999981	4.31867400	1.13773000
31.27999981	4.31867400	1.13773000
31.35999981	4.31867400	1.04983700
31.43999981	4.22986600	1.04983700
31.51999981	4.31867400	1.04983700
31.59999981	4.31867400	1.04983700
31.67999981	4.31867400	1.04983700
31.75999981	4.31867400	0.96194340
31.83999981	4.22986600	0.96194340
31.91999981	4.31867400	0.87405010
31.99999981	4.22986600	0.87405010
32.07999981	4.22986600	0.87405010
32.15999980	4.22986600	0.87405010
32.23999980	4.22986600	0.78646200
32.31999980	4.31867400	0.78646200
32.39999980	4.22986600	0.69856870
32.47999980	4.22986600	0.69856870
32.55999980	4.22986600	0.69856870
32.63999980	4.22986600	0.69856870
32.71999980	4.31867400	0.69856870
32.79999980	4.22986600	0.69856870
32.87999980	4.22986600	0.61067540
32.95999980	4.22986600	0.61067540
33.03999980	4.22986600	0.52278210
33.11999980	4.22986600	0.61067540
33.19999980	4.22986600	0.52278210
33.27999980	4.22986600	0.43519400
33.35999980	4.22986600	0.43519400
33.43999980	4.22986600	0.43519400
33.51999980	4.22986600	0.43519400
33.59999980	4.22986600	0.34730060
33.67999980	4.22986600	0.34730060
33.75999979	4.22986600	0.25940730
33.83999979	4.22986600	0.25940730
33.91999979	4.22986600	0.25940730
33.99999979	4.22986600	0.17151400
34.07999979	4.22986600	0.17151400
34.15999979	4.22986600	0.17151400
34.23999979	4.22986600	0.08392590
34.31999979	4.22986600	0.08392590
34.39999979	4.22986600	0.08392590
34.47999979	4.22986600	0.08392590
34.55999979	4.22986600	-0.00366222
34.63999979	4.22986600	-0.00366222
34.71999979	4.22986600	-0.00366222
34.79999979	4.22986600	-0.00366222
34.87999979	4.22986600	-0.09155553
34.95999979	4.22986600	-0.09155553
35.03999979	4.22986600	-0.09155553
35.11999979	4.22986600	-0.17944880
35.19999979	4.31867400	-0.17944880
35.27999979	4.22986600	-0.17944880
35.35999979	4.22986600	-0.17944880
35.43999978	4.22986600	-0.26734220
35.51999978	3.69792800	-0.26734220
35.59999978	1.48136800	-0.35493030
35.67999978	0.68361460	-0.35493030
35.75999978	0.68361460	-0.35493030
35.83999978	0.68361460	-0.35493030
35.91999978	0.68361460	-0.44282360
35.99999978	0.68361460	-0.44282360
36.07999978	0.68361460	-0.53071690
36.15999978	0.68361460	-0.53071690
36.23999978	0.68361460	-0.53071690
36.31999978	0.68361460	-0.53071690
36.39999978	0.68361460	-0.61861020
36.47999978	0.77211830	-0.61861020
36.55999978	0.68361460	-0.70619830
36.63999978	0.68361460	-0.70619830
36.71999978	0.68361460	-0.70619830
36.79999978	0.77211830	-0.79409160
36.87999978	0.68361460	-0.79409160
36.95999978	0.77211830	-0.79409160
37.03999977	0.68361460	-0.88198490
37.11999977	0.77211830	-0.88198490
37.19999977	0.77211830	-0.96987830
37.27999977	0.77211830	-0.96987830
37.35999977	0.77211830	-1.05746600
37.43999977	0.77211830	-1.05746600
37.51999977	0.68361460	-1.05746600
37.59999977	0.77211830	-1.05746600
37.67999977	0.77211830	-1.14536000
37.75999977	0.77211830	-1.14536000
37.83999977	0.77211830	-1.23325300
37.91999977	0.77211830	-1.23325300
37.99999977	0.86092720	-1.23325300
38.07999977	0.86092720	-1.32114600
38.15999977	0.86092720	-1.32114600
38.23999977	0.86092720	-1.32114600
38.31999977	0.86092720	-1.40904000
38.39999977	0.86092720	-1.40904000
38.47999977	0.86092720	-1.40904000
38.55999977	0.86092720	-1.49662800
38.63999977	0.86092720	-1.49662800
38.71999976	0.86092720	-1.58452100
38.79999976	0.86092720	-1.58452100
38.87999976	0.86092720	-1.58452100
38.95999976	0.86092720	-1.67241400
39.03999976	0.86092720	-1.76030800
39.11999976	0.86092720	-1.76030800
39.19999976	0.86092720	-1.76030800
39.27999976	0.86092720	-1.76030800
39.35999976	0.86092720	-1.84789600
39.43999976	0.86092720	-1.84789600
39.51999976	0.86092720	-1.93578900
39.59999976	0.86092720	-1.93578900
39.67999976	0.86092720	-1.93578900
39.75999976	0.86092720	-2.02368200
39.83999976	0.86092720	-2.11157600
39.91999976	0.86092720	-2.11157600
39.99999976	0.86092720	-2.11157600
40.07999976	0.86092720	-2.11157600
40.15999976	0.86092720	-2.19916400
40.23999976	0.94943080	-2.19916400
40.31999975	0.94943080	-2.28705700
40.39999975	0.86092720	-2.28705700
40.47999975	0.86092720	-2.28705700
40.55999975	0.86092720	-2.37495000
40.63999975	0.94943080	-2.37495000
40.71999975	0.94943080	-2.46284400
40.79999975	0.86092720	-2.46284400
40.87999975	0.94943080	-2.55043200
40.95999975	0.86092720	-2.55043200
41.03999975	0.94943080	-2.55043200
41.11999975	0.86092720	-2.63832500
41.19999975	0.94943080	-2.63832500
41.27999975	0.94943080	-2.63832500
41.35999975	0.94943080	-2.72621800
41.43999975	0.94943080	-2.72621800
41.51999975	0.94943080	-2.81411200
41.59999975	0.94943080	-2.81411200
41.67999975	0.94943080	-2.81411200
41.75999975	0.86092720	-2.90200500
41.83999975	0.94943080	-2.90200500
41.91999975	0.94943080	-2.90200500
41.99999974	0.94943080	-2.98959300
42.07999974	0.94943080	-3.07748700
42.15999974	0.94943080	-3.07748700
42.23999974	0.94943080	-3.07748700
42.31999974	0.94943080	-3.16538000
42.39999974	0.94943080	-3.16538000
42.47999974	0.94943080	-3.16538000
42.55999974	0.94943080	-3.16538000
42.63999974	0.94943080	-3.25327300
42.71999974	0.94943080	-3.25327300
42.79999974	0.94943080	-3.34086100
42.87999974	0.94943080	-3.34086100
42.95999974	0.94943080	-3.34086100
43.03999974	0.94943080	-3.42875500
43.11999974	0.94943080	-3.42875500
43.19999974	0.94943080	-3.42875500
43.27999974	0.94943080	-3.42875500
43.35999974	0.94943080	-3.51664800
43.43999974	0.94943080	-3.51664800
43.51999974	0.94943080	-3.51664800
43.59999974	0.94943080	-3.60454100
43.67999973	0.94943080	-3.60454100
43.75999973	0.94943080	-3.60454100
43.83999973	0.94943080	-3.69212900
43.91999973	0.94943080	-3.69212900
43.99999973	0.94943080	-3.69212900
44.07999973	0.94943080	-3.78002300
44.15999973	0.94943080	-3.78002300
44.23999973	0.94943080	-3.78002300
44.31999973	0.94943080	-3.86791600
44.39999973	0.94943080	-3.86791600
44.47999973	0.94943080	-3.86791600
44.55999973	0.94943080	-3.86791600
44.63999973	0.94943080	-3.86791600
44.71999973	0.94943080	-3.86791600
44.79999973	0.94943080	-3.95580900
44.87999973	1.03824000	-4.04339700
44.95999973	0.94943080	-4.04339700
45.03999973	0.94943080	-4.04339700
45.11999973	0.94943080	-4.04339700
45.19999973	0.94943080	-4.04339700
45.27999972	0.94943080	-4.13129000
45.35999972	0.94943080	-4.13129000
45.43999972	0.94943080	-4.13129000
45.51999972	0.94943080	-4.13129000
45.59999972	0.94943080	-4.21918400
45.67999972	0.94943080	-4.21918400
45.75999972	0.94943080	-4.21918400
45.83999972	0.94943080	-4.21918400
45.91999972	1.03824000	-4.21918400
45.99999972	0.94943080	-4.21918400
46.07999972	0.94943080	-4.21918400
46.15999972	0.94943080	-4.30707700
46.23999972	0.94943080	-4.30707700
46.31999972	0.94943080	-4.30707700
46.39999972	0.94943080	-4.30707700
46.47999972	0.94943080	-4.30707700
46.55999972	0.94943080	-4.30707700
46.63999972	0.94943080	-4.30707700
46.71999972	0.94943080	-4.39497000
46.79999972	0.94943080	-4.39497000
46.87999972	0.94943080	-4.39497000
46.95999971	0.94943080	-4.39497000
47.03999971	0.94943080	-4.39497000
47.11999971	0.94943080	-4.39497000
47.19999971	0.94943080	-4.39497000
47.27999971	0.94943080	-4.39497000
47.35999971	0.94943080	-4.48255900
47.43999971	0.94943080	-4.39497000
47.51999971	0.94943080	-4.48255900
47.59999971	0.94943080	-4.48255900
47.67999971	0.94943080	-4.39497000
47.75999971	0.94943080	-4.48255900
47.83999971	0.94943080	-4.48255900
47.91999971	0.94943080	-4.48255900
47.99999971	0.94943080	-4.48255900
48.07999971	0.94943080	-4.39497000
48.15999971	0.94943080	-4.39497000
48.23999971	0.94943080	-4.48255900
48.31999971	0.94943080	-4.48255900
48.39999971	0.94943080	-4.39497000
48.47999971	0.94943080	-4.39497000
48.55999970	0.94943080	-4.39497000
48.63999970	0.86092720	-4.39497000
48.71999970	0.94943080	-4.39497000
48.79999970	0.94943080	-4.48255900
48.87999970	0.94943080	-4.39497000
48.95999970	0.94943080	-4.39497000
49.03999970	0.94943080	-4.39497000
49.11999970	0.94943080	-4.39497000
49.19999970	0.94943080	-4.30707700
49.27999970	0.94943080	-4.39497000
49.35999970	0.94943080	-4.39497000
49.43999970	0.94943080	-4.30707700
49.51999970	0.94943080	-4.30707700
49.59999970	0.86092720	-4.30707700
49.67999970	0.94943080	-4.30707700
49.75999970	0.86092720	-4.30707700
49.83999970	0.94943080	-4.30707700
49.91999970	0.94943080	-4.30707700
49.99999970	0.86092720	-4.21918400
50.07999970	0.94943080	-4.21918400
50.15999970	0.94943080	-4.21918400
50.23999969	0.86092720	-4.21918400
50.31999969	0.86092720	-4.21918400
50.39999969	0.86092720	-4.21918400
50.47999969	0.86092720	-4.13129000
50.55999969	0.94943080	-4.13129000
50.63999969	0.94943080	-4.13129000
50.71999969	0.94943080	-4.04339700
50.79999969	0.94943080	-4.04339700
50.87999969	0.94943080	-4.04339700
50.95999969	0.86092720	-4.04339700
51.03999969	0.86092720	-4.04339700
51.11999969	0.86092720	-3.95580900
51.19999969	0.86092720	-3.95580900
51.27999969	0.86092720	-3.95580900
51.35999969	0.86092720	-3.86791600
51.43999969	0.86092720	-3.86791600
51.51999969	0.86092720	-3.86791600
51.59999969	0.86092720	-3.86791600
51.67999969	0.86092720	-3.78002300
51.75999969	0.86092720	-3.78002300
51.83999968	0.86092720	-3.78002300
51.91999968	0.86092720	-3.69212900
51.99999968	0.86092720	-3.69212900
52.07999968	0.86092720	-3.60454100
52.15999968	0.86092720	-3.60454100
52.23999968	0.86092720	-3.60454100
52.31999968	0.86092720	-3.51664800
52.39999968	0.86092720	-3.51664800
52.47999968	0.86092720	-3.51664800
52.55999968	0.86092720	-3.51664800
52.63999968	0.86092720	-3.51664800
52.71999968	0.86092720	-3.34086100
52.79999968	0.86092720	-3.34086100
52.87999968	0.86092720	-3.34086100
52.95999968	0.86092720	-3.34086100
53.03999968	0.77211830	-3.25327300
53.11999968	0.86092720	-3.25327300
53.19999968	0.86092720	-3.16538000
53.27999968	0.86092720	-3.16538000
53.35999968	0.86092720	-3.16538000
53.43999968	0.86092720	-3.07748700
53.51999967	0.86092720	-3.07748700
53.59999967	0.86092720	-2.98959300
53.67999967	0.86092720	-2.98959300
53.75999967	0.86092720	-2.90200500
53.83999967	0.86092720	-2.90200500
53.91999967	0.77211830	-2.90200500
53.99999967	0.86092720	-2.81411200
54.07999967	0.86092720	-2.81411200
54.15999967	0.86092720	-2.81411200
54.23999967	0.86092720	-2.72621800
54.31999967	0.86092720	-2.72621800
54.39999967	0.86092720	-2.63832500
54.47999967	0.86092720	-2.63832500
54.55999967	0.86092720	-2.55043200
54.63999967	0.86092720	-2.46284400
54.71999967	0.77211830	-2.46284400
54.79999967	0.77211830	-2.37495000
54.87999967	0.77211830	-2.37495000
54.95999967	0.77211830	-2.28705700
55.03999967	0.77211830	-2.28705700
55.11999967	0.77211830	-2.28705700
55.19999966	0.77211830	-2.19916400
55.27999966	0.77211830	-2.11157600
55.35999966	0.77211830	-2.11157600
55.43999966	0.77211830	-2.11157600
55.51999966	0.77211830	-2.02368200
55.59999966	0.77211830	-1.93578900
55.67999966	0.77211830	-1.93578900
55.75999966	0.77211830	-1.93578900
55.83999966	0.77211830	-1.93578900
55.91999966	0.77211830	-1.76030800
55.99999966	0.77211830	-1.76030800
56.07999966	0.77211830	-1.76030800
56.15999966	0.77211830	-1.67241400
56.23999966	0.77211830	-1.58452100
56.31999966	0.77211830	-1.58452100
56.39999966	0.77211830	-1.49662800
56.47999966	0.77211830	-1.49662800
56.55999966	0.77211830	-1.49662800
56.63999966	0.77211830	-1.40904000
56.71999966	0.77211830	-1.40904000
56.79999965	0.77211830	-1.32114600
56.87999965	0.77211830	-1.23325300
56.95999965	0.77211830	-1.23325300
57.03999965	0.68361460	-1.14536000
57.11999965	0.68361460	-1.05746600
57.19999965	0.68361460	-1.05746600
57.27999965	0.68361460	-0.96987830
57.35999965	0.77211830	-0.96987830
57.43999965	0.77211830	-0.88198490
57.51999965	0.77211830	-0.88198490
57.59999965	0.68361460	-0.79409160
57.67999965	0.77211830	-0.79409160
57.75999965	0.77211830	-0.70619830
57.83999965	0.68361460	-0.70619830
57.91999965	0.68361460	-0.61861020
57.99999965	0.68361460	-0.61861020
58.07999965	0.68361460	-0.53071690
58.15999965	0.77211830	-0.53071690
58.23999965	0.77211830	-0.44282360
58.31999965	0.68361460	-0.35493030
58.39999965	0.68361460	-0.35493030
58.47999964	0.68361460	-0.26734220
58.55999964	0.68361460	-0.17944880
58.63999964	0.68361460	-0.17944880
58.71999964	0.68361460	-0.09155553
58.79999964	0.68361460	-0.09155553
58.87999964	0.68361460	-0.00366222
58.95999964	0.68361460	-0.00366222
59.03999964	0.68361460	-0.00366222
59.11999964	0.68361460	0.17151400
59.19999964	0.68361460	0.17151400
59.27999964	0.68361460	0.17151400
59.35999964	0.68361460	0.25940730
59.43999964	0.68361460	0.34730060
59.51999964	0.68361460	0.34730060
59.59999964	0.68361460	0.43519400
59.67999964	0.68361460	0.52278210
59.75999964	0.68361460	0.52278210
59.83999964	0.68361460	0.61067540
59.91999964	0.68361460	0.69856870
59.99999964	0.68361460	0.69856870
60.07999963	0.68361460	0.69856870
60.15999963	0.68361460	0.78646200
60.23999963	0.68361460	0.87405010
60.31999963	0.68361460	0.87405010
60.39999963	0.68361460	0.87405010
60.47999963	0.59480580	0.96194340
60.55999963	0.68361460	1.04983700
60.63999963	0.59480580	1.04983700
60.71999963	0.68361460	1.13773000
60.79999963	0.59480580	1.13773000
60.87999963	0.68361460	1.22531800
60.95999963	0.59480580	1.22531800
61.03999963	0.68361460	1.31321100
61.11999963	0.59480580	1.40110500
61.19999963	0.59480580	1.40110500
61.27999963	0.59480580	1.48899800
61.35999963	0.59480580	1.57689100
61.43999963	0.59480580	1.57689100
61.51999963	0.50630210	1.57689100
61.59999963	0.50630210	1.75237300
61.67999963	0.41749320	1.75237300
61.75999962	0.41749320	1.75237300
61.83999962	0.41749320	1.84026600
61.91999962	0.50630210	1.92815900
61.99999962	0.50630210	1.92815900
62.07999962	0.50630210	2.01574800
62.15999962	0.59480580	2.01574800
62.23999962	0.50630210	2.01574800
62.31999962	0.50630210	2.10364100
62.39999962	0.50630210	2.19153400
62.47999962	0.59480580	2.19153400
62.55999962	0.50630210	2.19153400
62.63999962	0.50630210	2.27942800
62.71999962	0.59480580	2.27942800
62.79999962	0.50630210	2.36701600
62.87999962	0.50630210	2.45490900
62.95999962	0.59480580	2.45490900
63.03999962	0.50630210	2.45490900
63.11999962	0.59480580	2.54280200
63.19999962	0.59480580	2.63069600
63.27999962	0.50630210	2.63069600
63.35999961	0.50630210	2.71828400
63.43999961	0.50630210	2.71828400
63.51999961	0.50630210	2.80617700
63.59999961	0.50630210	2.80617700
63.67999961	0.59480580	2.80617700
63.75999961	0.59480580	2.89407000
63.83999961	0.50630210	2.98196400
63.91999961	0.59480580	2.98196400
63.99999961	0.59480580	2.98196400
64.07999961	0.59480580	3.06985700
64.15999961	0.50630210	3.06985700
64.23999961	0.59480580	3.15744500
64.31999961	0.59480580	3.15744500
64.39999961	0.59480580	3.24533800
64.47999961	0.59480580	3.24533800
64.55999961	0.59480580	3.33323200
64.63999961	0.59480580	3.33323200
64.71999961	0.59480580	3.42112500
64.79999961	0.59480580	3.42112500
64.87999961	0.59480580	3.42112500
64.95999961	0.59480580	3.50871300
65.03999960	0.59480580	3.50871300
65.11999960	0.59480580	3.50871300
65.19999960	0.59480580	3.59660600
65.27999960	0.59480580	3.59660600
65.35999960	0.59480580	3.68450000
65.43999960	0.59480580	3.68450000
65.51999960	0.59480580	3.68450000
65.59999960	0.59480580	3.68450000
65.67999960	0.59480580	3.77239300
65.75999960	0.59480580	3.85998100
65.83999960	0.59480580	3.85998100
65.91999960	0.59480580	3.85998100
65.99999960	0.59480580	3.85998100
66.07999960	0.59480580	3.85998100
66.15999960	0.59480580	4.03576800
66.23999960	0.59480580	4.03576800
66.31999960	0.59480580	4.03576800
66.39999960	0.59480580	4.03576800
66.47999960	0.59480580	4.12366100
66.55999960	0.59480580	4.12366100
66.63999959	0.68361460	4.12366100
66.71999959	0.59480580	4.21124900
66.79999959	0.59480580	4.21124900
66.87999959	0.59480580	4.21124900
66.95999959	0.59480580	4.21124900
67.03999959	0.59480580	4.29914200
67.11999959	0.68361460	4.29914200
67.19999959	0.68361460	4.38703600
67.27999959	0.59480580	4.38703600
67.35999959	0.68361460	4.38703600
67.43999959	0.59480580	4.38703600
67.51999959	0.59480580	4.38703600
67.59999959	0.68361460	4.38703600
67.67999959	0.59480580	4.47492900
67.75999959	0.68361460	4.47492900
67.83999959	0.68361460	4.56282200
67.91999959	0.68361460	4.56282200
67.99999959	0.68361460	4.56282200
68.07999959	0.68361460	4.56282200
68.15999959	0.59480580	4.56282200
68.23999959	0.68361460	4.56282200
68.31999958	0.68361460	4.65041100
68.39999958	0.68361460	4.65041100
68.47999958	0.68361460	4.73830400
68.55999958	0.68361460	4.65041100
68.63999958	0.68361460	4.73830400
68.71999958	0.68361460	4.73830400
68.79999958	0.68361460	4.73830400
68.87999958	0.59480580	4.73830400
68.95999958	0.68361460	4.82619700
69.03999958	0.68361460	4.82619700
69.11999958	0.68361460	4.82619700
69.19999958	0.68361460	4.82619700
69.27999958	0.68361460	4.82619700
69.35999958	0.68361460	4.82619700
69.43999958	0.68361460	4.82619700
69.51999958	0.68361460	4.82619700
69.59999958	0.68361460	4.91409000
69.67999958	0.68361460	4.91409000
69.75999958	0.68361460	4.91409000
69.83999958	0.68361460	4.91409000
69.91999958	0.68361460	4.91409000
69.99999957	0.68361460	4.91409000
70.07999957	0.68361460	4.91409000
70.15999957	0.68361460	4.91409000
70.23999957	0.68361460	4.91409000
70.31999957	0.68361460	4.91409000
70.39999957	0.68361460	4.91409000
70.47999957	0.68361460	4.91409000
70.55999957	0.68361460	4.91409000
70.63999957	0.68361460	4.91409000
70.71999957	0.68361460	4.91409000
70.79999957	0.68361460	4.91409000
70.87999957	0.68361460	4.91409000
70.95999957	0.68361460	4.91409000
71.03999957	0.68361460	4.91409000
71.11999957	0.68361460	4.91409000
71.19999957	0.68361460	4.91409000
71.27999957	0.68361460	4.91409000
71.35999957	0.68361460	4.91409000
71.43999957	0.68361460	4.91409000
71.51999957	0.68361460	4.91409000
71.59999956	0.68361460	4.91409000
71.67999956	0.68361460	4.91409000
71.75999956	0.68361460	4.91409000
71.83999956	0.68361460	4.91409000
71.91999956	0.68361460	4.91409000
71.99999956	0.68361460	4.82619700
72.07999956	0.68361460	4.82619700
72.15999956	0.68361460	4.82619700
72.23999956	0.68361460	4.82619700
72.31999956	0.68361460	4.82619700
72.39999956	0.68361460	4.82619700
72.47999956	0.68361460	4.82619700
72.55999956	0.68361460	4.73830400
72.63999956	0.68361460	4.73830400
72.71999956	0.68361460	4.73830400
72.79999956	0.68361460	4.73830400
72.87999956	0.68361460	4.73830400
72.95999956	0.68361460	4.73830400
73.03999956	0.68361460	4.65041100
73.11999956	0.68361460	4.56282200
73.19999956	0.68361460	4.65041100
73.27999955	0.68361460	4.56282200
73.35999955	0.68361460	4.56282200
73.43999955	0.68361460	4.56282200
73.51999955	0.68361460	4.56282200
73.59999955	0.68361460	4.56282200
73.67999955	0.68361460	4.56282200
73.75999955	0.68361460	4.56282200
73.83999955	0.68361460	4.47492900
73.91999955	0.68361460	4.47492900
73.99999955	0.68361460	4.38703600
74.07999955	0.68361460	4.38703600
74.15999955	0.68361460	4.38703600
74.23999955	0.68361460	4.38703600
74.31999955	0.68361460	4.29914200
74.39999955	0.68361460	4.29914200
74.47999955	0.68361460	4.29914200
74.55999955	0.68361460	4.21124900
74.63999955	0.68361460	4.21124900
74.71999955	0.68361460	4.21124900
74.79999955	0.68361460	4.21124900
74.87999954	0.68361460	4.21124900
74.95999954	0.68361460	4.12366100
75.03999954	0.68361460	4.12366100
75.11999954	0.68361460	4.12366100
75.19999954	0.68361460	4.03576800
75.27999954	0.68361460	4.03576800
75.35999954	0.68361460	4.03576800
75.43999954	0.68361460	4.03576800
75.51999954	0.68361460	3.94787400
75.59999954	0.68361460	3.94787400
75.67999954	0.68361460	3.85998100
75.75999954	0.68361460	3.85998100
75.83999954	0.68361460	3.85998100
75.91999954	0.68361460	3.85998100
75.99999954	0.68361460	3.85998100
76.07999954	0.68361460	3.77239300
76.15999954	0.68361460	3.68450000
76.23999954	0.68361460	3.68450000
76.31999954	0.68361460	3.68450000
76.39999954	0.68361460	3.59660600
76.47999954	0.68361460	3.59660600
76.55999953	0.59480580	3.50871300
76.63999953	0.59480580	3.50871300
76.71999953	0.59480580	3.50871300
76.79999953	0.68361460	3.50871300
76.87999953	0.59480580	3.42112500
76.95999953	0.59480580	3.42112500
77.03999953	0.59480580	3.42112500
77.11999953	0.59480580	3.33323200
77.19999953	0.59480580	3.24533800
77.27999953	0.59480580	3.33323200
77.35999953	0.59480580	3.24533800
77.43999953	0.59480580	3.15744500
77.51999953	0.50630210	3.15744500
77.59999953	0.59480580	3.15744500
77.67999953	0.50630210	3.06985700
77.75999953	0.50630210	3.06985700
77.83999953	0.50630210	2.98196400
77.91999953	0.50630210	2.98196400
77.99999953	0.50630210	2.98196400
78.07999953	0.50630210	2.89407000
78.15999952	0.50630210	2.89407000
78.23999952	0.50630210	2.89407000
78.31999952	0.41749320	2.80617700
78.39999952	0.41749320	2.80617700
78.47999952	0.32898950	2.80617700
78.55999952	0.32898950	2.71828400
78.63999952	0.32898950	2.71828400
78.71999952	0.32898950	2.63069600
78.79999952	0.32898950	2.63069600
78.87999952	0.24048580	2.63069600
78.95999952	0.32898950	2.45490900
79.03999952	0.24048580	2.54280200
79.11999952	0.24048580	2.45490900
79.19999952	0.32898950	2.45490900
79.27999952	0.24048580	2.36701600
79.35999952	0.24048580	2.27942800
79.43999952	0.15167700	2.27942800
79.51999952	0.15167700	2.27942800
79.59999952	0.15167700	2.27942800
79.67999952	0.15167700	2.19153400
79.75999952	0.24048580	2.19153400
79.83999951	0.15167700	2.10364100
79.91999951	0.15167700	2.10364100
79.99999951	0.15167700	2.01574800
80.07999951	0.06317332	2.01574800
80.15999951	0.06317332	2.01574800
80.23999951	0.06317332	1.92815900
80.31999951	-0.02563555	1.84026600
80.39999951	-0.02563555	1.84026600
80.47999951	-0.02563555	1.84026600
80.55999951	-0.02563555	1.75237300
80.63999951	-0.02563555	1.75237300
80.71999951	-0.11413920	1.66447900
80.79999951	-0.02563555	1.66447900
80.87999951	-0.02563555	1.57689100
80.95999951	-0.11413920	1.57689100
81.03999951	-0.11413920	1.48899800
81.11999951	-0.11413920	1.48899800
81.19999951	-0.11413920	1.48899800
81.27999951	-0.11413920	1.40110500
81.35999951	-0.20294810	1.40110500
81.43999951	-0.20294810	1.31321100
81.51999950	-0.20294810	1.31321100
81.59999950	-0.20294810	1.31321100
81.67999950	-0.20294810	1.22531800
81.75999950	-0.20294810	1.13773000
81.83999950	-0.29145180	1.13773000
81.91999950	-0.29145180	1.13773000
81.99999950	-0.29145180	1.04983700
82.07999950	-0.29145180	1.04983700
82.15999950	-0.29145180	0.96194340
82.23999950	-0.38026060	0.87405010
82.31999950	-0.38026060	0.87405010
82.39999950	-0.38026060	0.87405010
82.47999950	-0.38026060	0.87405010
82.55999950	-0.38026060	0.78646200
82.63999950	-0.38026060	0.78646200
82.71999950	-0.38026060	0.69856870
82.79999950	-0.46876430	0.69856870
82.87999950	-0.38026060	0.61067540
82.95999950	-0.46876430	0.61067540
83.03999950	-0.46876430	0.61067540
83.11999949	-0.46876430	0.52278210
83.19999949	-0.46876430	0.43519400
83.27999949	-0.46876430	0.43519400
83.35999949	-0.46876430	0.34730060
83.43999949	-0.46876430	0.34730060
83.51999949	-0.46876430	0.34730060
83.59999949	-0.46876430	0.25940730
83.67999949	-0.46876430	0.17151400
83.75999949	-0.46876430	0.17151400
83.83999949	-0.46876430	0.17151400
83.91999949	-0.55757310	0.08392590
83.99999949	-0.46876430	-0.00366222
84.07999949	-0.46876430	-0.00366222
84.15999949	-0.55757310	-0.00366222
84.23999949	-0.55757310	-0.09155553
84.31999949	-0.55757310	-0.09155553
84.39999949	-0.55757310	-0.09155553
84.47999949	-0.55757310	-0.17944880
84.55999949	-0.55757310	-0.26734220
84.63999949	-0.55757310	-0.26734220
84.71999949	-0.55757310	-0.35493030
84.79999948	-0.55757310	-0.35493030
84.87999948	-0.55757310	-0.35493030
84.95999948	-0.55757310	-0.44282360
85.03999948	-0.55757310	-0.53071690
85.11999948	-0.55757310	-0.53071690
85.19999948	-0.55757310	-0.53071690
85.27999948	-0.55757310	-0.61861020
85.35999948	-0.55757310	-0.61861020
85.43999948	-0.55757310	-0.70619830
85.51999948	-0.55757310	-0.70619830
85.59999948	-0.55757310	-0.79409160
85.67999948	-0.55757310	-0.79409160
85.75999948	-0.55757310	-0.79409160
85.83999948	-0.64607690	-0.88198490
85.91999948	-0.64607690	-0.96987830
85.99999948	-0.64607690	-0.96987830
86.07999948	-0.64607690	-1.05746600
86.15999948	-0.64607690	-1.05746600
86.23999948	-0.64607690	-1.05746600
86.31999948	-0.64607690	-1.05746600
86.39999947	-0.64607690	-1.14536000
86.47999947	-0.64607690	-1.23325300
86.55999947	-0.64607690	-1.23325300
86.63999947	-0.64607690	-1.32114600
86.71999947	-0.64607690	-1.32114600
86.79999947	-0.64607690	-1.32114600
86.87999947	-0.73488570	-1.40904000
86.95999947	-0.64607690	-1.40904000
87.03999947	-0.64607690	-1.40904000
87.11999947	-0.64607690	-1.40904000
87.19999947	-0.64607690	-1.49662800
87.27999947	-0.64607690	-1.49662800
87.35999947	-0.64607690	-1.58452100
87.43999947	-0.64607690	-1.58452100
87.51999947	-0.64607690	-1.67241400
87.59999947	-0.64607690	-1.67241400
87.67999947	-0.73488570	-1.76030800
87.75999947	-0.73488570	-1.76030800
87.83999947	-0.73488570	-1.76030800
87.91999947	-0.73488570	-1.76030800
87.99999947	-0.73488570	-1.76030800
88.07999946	-0.73488570	-1.84789600
88.15999946	-0.64607690	-1.93578900
88.23999946	-0.73488570	-1.93578900
88.31999946	-0.73488570	-1.93578900
88.39999946	-0.64607690	-2.02368200
88.47999946	-0.64607690	-2.02368200
88.55999946	-0.64607690	-2.02368200
88.63999946	-0.64607690	-2.11157600
88.71999946	-0.73488570	-2.11157600
88.79999946	-0.73488570	-2.11157600
88.87999946	-0.73488570	-2.11157600
88.95999946	-0.73488570	-2.19916400
89.03999946	-0.73488570	-2.19916400
89.11999946	-0.73488570	-2.19916400
89.19999946	-0.73488570	-2.28705700
89.27999946	-0.73488570	-2.28705700
89.35999946	-0.73488570	-2.28705700
89.43999946	-0.73488570	-2.37495000
89.51999946	-0.73488570	-2.37495000
89.59999946	-0.73488570	-2.46284400
89.67999945	-0.73488570	-2.46284400
89.75999945	-0.73488570	-2.46284400
89.83999945	-0.73488570	-2.46284400
89.91999945	-0.73488570	-2.55043200
89.99999945	-0.73488570	-2.55043200
90.07999945	-0.73488570	-2.55043200
90.15999945	-0.73488570	-2.63832500
90.23999945	-0.73488570	-2.63832500
90.31999945	-0.73488570	-2.63832500
90.39999945	-0.73488570	-2.72621800
90.47999945	-0.73488570	-2.63832500
90.55999945	-0.73488570	-2.72621800
90.63999945	-0.73488570	-2.81411200
90.71999945	-0.73488570	-2.81411200
90.79999945	-0.73488570	-2.81411200
90.87999945	-0.82338940	-2.81411200
90.95999945	-0.73488570	-2.81411200
91.03999945	-0.73488570	-2.81411200
91.11999945	-0.73488570	-2.81411200
91.19999945	-0.73488570	-2.90200500
91.27999945	-0.73488570	-2.90200500
91.35999944	-0.82338940	-2.90200500
91.43999944	-0.73488570	-2.98959300
91.51999944	-0.73488570	-2.98959300
91.59999944	-0.73488570	-2.98959300
91.67999944	-0.82338940	-2.98959300
91.75999944	-0.73488570	-2.98959300
91.83999944	-0.73488570	-2.98959300
91.91999944	-0.73488570	-3.07748700
91.99999944	-0.82338940	-3.07748700
92.07999944	-0.82338940	-3.07748700
92.15999944	-0.73488570	-3.16538000
92.23999944	-0.82338940	-3.16538000
92.31999944	-0.73488570	-3.16538000
92.39999944	-0.73488570	-3.16538000
92.47999944	-0.82338940	-3.16538000
92.55999944	-0.82338940	-3.16538000
92.63999944	-0.73488570	-3.16538000
92.71999944	-0.82338940	-3.16538000
92.79999944	-0.82338940	-3.25327300
92.87999944	-0.73488570	-3.25327300
92.95999944	-0.73488570	-3.16538000
93.03999943	-0.73488570	-3.25327300
93.11999943	-0.73488570	-3.25327300
93.19999943	-0.73488570	-3.25327300
93.27999943	-0.82338940	-3.34086100
93.35999943	-0.82338940	-3.34086100
93.43999943	-0.73488570	-3.34086100
93.51999943	-0.82338940	-3.34086100
93.59999943	-0.82338940	-3.34086100
93.67999943	-0.82338940	-3.34086100
93.75999943	-0.73488570	-3.34086100
93.83999943	-0.82338940	-3.34086100
93.91999943	-0.82338940	-3.42875500
93.99999943	-0.73488570	-3.34086100
94.07999943	-0.82338940	-3.34086100
94.15999943	-0.82338940	-3.34086100
94.23999943	-0.82338940	-3.34086100
94.31999943	-0.82338940	-3.34086100
94.39999943	-0.82338940	-3.34086100
94.47999943	-0.82338940	-3.42875500
94.55999943	-0.73488570	-3.42875500
94.63999942	-0.82338940	-3.34086100
94.71999942	-0.82338940	-3.42875500
94.79999942	-0.82338940	-3.34086100
94.87999942	-0.82338940	-3.42875500
94.95999942	-0.82338940	-3.42875500
95.03999942	-0.82338940	-3.42875500
95.11999942	-0.82338940	-3.42875500
95.19999942	-0.82338940	-3.42875500
95.27999942	-0.82338940	-3.42875500
95.35999942	-0.82338940	-3.34086100
95.43999942	-0.73488570	-3.42875500
95.51999942	-0.82338940	-3.42875500
95.59999942	-0.82338940	-3.42875500
95.67999942	-0.82338940	-3.42875500
95.75999942	-0.73488570	-3.42875500
95.83999942	-0.82338940	-3.42875500
95.91999942	-0.91219820	-3.42875500
95.99999942	-0.82338940	-3.42875500
96.07999942	-0.82338940	-3.34086100
96.15999942	-0.82338940	-3.42875500
96.23999942	-0.82338940	-3.42875500
96.31999941	-0.82338940	-3.34086100
96.39999941	-0.82338940	-3.42875500
96.47999941	-0.73488570	-3.34086100
96.55999941	-0.82338940	-3.34086100
96.63999941	-0.82338940	-3.34086100
96.71999941	-0.82338940	-3.34086100
96.79999941	-0.82338940	-3.34086100
96.87999941	-0.82338940	-3.34086100
96.95999941	-0.82338940	-3.25327300
97.03999941	-0.82338940	-3.34086100
97.11999941	-0.82338940	-3.34086100
97.19999941	-0.82338940	-3.34086100
97.27999941	-0.82338940	-3.34086100
97.35999941	-0.82338940	-3.34086100
97.43999941	-0.82338940	-3.34086100
97.51999941	-0.82338940	-3.34086100
97.59999941	-0.82338940	-3.25327300
97.67999941	-0.82338940	-3.25327300
97.75999941	-0.82338940	-3.25327300
97.83999941	-0.82338940	-3.25327300
97.91999940	-0.82338940	-3.25327300
97.99999940	-0.82338940	-3.25327300
98.07999940	-0.73488570	-3.25327300
98.15999940	-0.82338940	-3.16538000
98.23999940	-0.82338940	-3.16538000
98.31999940	-0.82338940	-3.16538000
98.39999940	-0.82338940	-3.16538000
98.47999940	-0.82338940	-3.16538000
98.55999940	-0.82338940	-3.16538000
98.63999940	-0.82338940	-3.16538000
98.71999940	-0.82338940	-3.16538000
98.79999940	-0.82338940	-3.07748700
98.87999940	-0.82338940	-3.07748700
98.95999940	-0.82338940	-3.07748700
99.03999940	-0.73488570	-3.07748700
99.11999940	-0.82338940	-3.07748700
99.19999940	-0.82338940	-2.98959300
99.27999940	-0.82338940	-2.98959300
99.35999940	-0.73488570	-2.98959300
99.43999940	-0.82338940	-2.98959300
99.51999940	-0.73488570	-2.98959300
99.59999939	-0.82338940	-2.90200500
99.67999939	-0.73488570	-2.90200500
99.75999939	-0.82338940	-2.90200500
99.83999939	-0.82338940	-2.90200500
99.91999939	-0.73488570	-2.81411200
99.99999939	-0.82338940	-2.81411200
100.07999939	-0.82338940	-2.81411200
100.15999939	-0.82338940	-2.81411200
100.23999939	-0.82338940	-2.81411200
100.31999939	-0.82338940	-2.81411200
100.39999939	-0.82338940	-2.81411200
100.47999939	-0.82338940	-2.72621800
100.55999939	-0.73488570	-2.72621800
100.63999939	-0.82338940	-2.72621800
100.71999939	-0.73488570	-2.63832500
100.79999939	-0.73488570	-2.63832500
100.87999939	-0.73488570	-2.63832500
100.95999939	-0.73488570	-2.63832500
101.03999939	-0.82338940	-2.63832500
101.11999939	-0.82338940	-2.63832500
101.19999938	-0.73488570	-2.55043200
101.27999938	-0.73488570	-2.55043200
101.35999938	-0.82338940	-2.46284400
101.43999938	-0.73488570	-2.46284400
101.51999938	-0.73488570	-2.46284400
101.59999938	-0.82338940	-2.46284400
101.67999938	-0.73488570	-2.46284400
101.75999938	-0.73488570	-2.37495000
101.83999938	-0.73488570	-2.37495000
101.91999938	-0.73488570	-2.37495000
101.99999938	-0.73488570	-2.28705700
102.07999938	-0.73488570	-2.28705700
102.15999938	-0.73488570	-2.28705700
102.23999938	-0.73488570	-2.28705700
102.31999938	-0.73488570	-2.28705700
102.39999938	-0.73488570	-2.19916400
102.47999938	-0.73488570	-2.19916400
102.55999938	-0.73488570	-2.11157600
102.63999938	-0.73488570	-2.11157600
102.71999938	-0.73488570	-2.11157600
102.79999938	-0.73488570	-2.11157600
102.87999937	-0.73488570	-2.11157600
102.95999937	-0.73488570	-2.11157600
103.03999937	-0.73488570	-2.02368200
103.11999937	-0.73488570	-2.02368200
103.19999937	-0.73488570	-1.93578900
103.27999937	-0.73488570	-2.02368200
103.35999937	-0.73488570	-1.93578900
103.43999937	-0.73488570	-1.93578900
103.51999937	-0.73488570	-1.84789600
103.59999937	-0.73488570	-1.84789600
103.67999937	-0.64607690	-1.84789600
103.75999937	-0.73488570	-1.84789600
103.83999937	-0.73488570	-1.76030800
103.91999937	-0.73488570	-1.76030800
103.99999937	-0.73488570	-1.76030800
104.07999937	-0.73488570	-1.76030800
104.15999937	-0.73488570	-1.76030800
104.23999937	-0.64607690	-1.76030800
104.31999937	-0.73488570	-1.58452100
104.39999937	-0.64607690	-1.58452100
104.47999937	-0.73488570	-1.58452100
104.55999936	-0.64607690	-1.58452100
104.63999936	-0.64607690	-1.58452100
104.71999936	-0.64607690	-1.49662800
104.79999936	-0.64607690	-1.49662800
104.87999936	-0.64607690	-1.49662800
104.95999936	-0.64607690	-1.49662800
105.03999936	-0.64607690	-1.40904000
105.11999936	-0.64607690	-1.40904000
105.19999936	-0.64607690	-1.40904000
105.27999936	-0.64607690	-1.40904000
105.35999936	-0.64607690	-1.40904000
105.43999936	-0.55757310	-1.32114600
105.51999936	-0.55757310	-1.32114600
105.59999936	-0.55757310	-1.23325300
105.67999936	-0.55757310	-1.23325300
105.75999936	-0.55757310	-1.23325300
105.83999936	-0.55757310	-1.23325300
105.91999936	-0.55757310	-1.14536000
105.99999936	-0.55757310	-1.14536000
106.07999936	-0.55757310	-1.14536000
106.15999935	-0.55757310	-1.05746600
106.23999935	-0.55757310	-1.05746600
106.31999935	-0.55757310	-1.05746600
106.39999935	-0.55757310	-1.05746600
106.47999935	-0.55757310	-1.05746600
106.55999935	-0.55757310	-0.96987830
106.63999935	-0.55757310	-0.96987830
106.71999935	-0.55757310	-0.88198490
106.79999935	-0.55757310	-0.88198490
106.87999935	-0.55757310	-0.79409160
106.95999935	-0.55757310	-0.79409160
107.03999935	-0.55757310	-0.79409160
107.11999935	-0.46876430	-0.79409160
107.19999935	-0.55757310	-0.70619830
107.27999935	-0.55757310	-0.70619830
107.35999935	-0.55757310	-0.70619830
107.43999935	-0.46876430	-0.61861020
107.51999935	-0.46876430	-0.61861020
107.59999935	-0.55757310	-0.61861020
107.67999935	-0.46876430	-0.61861020
107.75999935	-0.46876430	-0.53071690
107.83999934	-0.46876430	-0.53071690
107.91999934	-0.46876430	-0.53071690
107.99999934	-0.46876430	-0.53071690
108.07999934	-0.46876430	-0.44282360
108.15999934	-0.46876430	-0.35493030
108.23999934	-0.46876430	-0.35493030
108.31999934	-0.38026060	-0.35493030
108.39999934	-0.38026060	-0.35493030
108.47999934	-0.38026060	-0.35493030
108.55999934	-0.38026060	-0.26734220
108.63999934	-0.38026060	-0.26734220
108.71999934	-0.38026060	-0.17944880
108.79999934	-0.38026060	-0.17944880
108.87999934	-0.29145180	-0.17944880
108.95999934	-0.29145180	-0.17944880
109.03999934	-0.29145180	-0.09155553
109.11999934	-0.29145180	-0.09155553
109.19999934	-0.20294810	-0.09155553
109.27999934	-0.20294810	-0.09155553
109.35999934	-0.11413920	-0.00366222
109.43999933	-0.11413920	-0.00366222
109.51999933	-0.11413920	-0.00366222
109.59999933	-0.11413920	-0.00366222
109.67999933	-0.02563555	0.08392590
109.75999933	-0.02563555	0.08392590
109.83999933	-0.02563555	0.08392590
109.91999933	-0.02563555	0.17151400
109.99999933	-0.02563555	0.17151400
110.07999933	0.06317332	0.17151400
110.15999933	0.15167700	0.17151400
110.23999933	0.15167700	0.25940730
110.31999933	0.15167700	0.25940730
110.39999933	0.24048580	0.34730060
110.47999933	0.32898950	0.34730060
110.55999933	0.68361460	0.34730060
110.63999933	0.59480580	0.43519400
110.71999933	0.59480580	0.43519400
110.79999933	0.50630210	0.52278210
110.87999933	0.68361460	0.52278210
110.95999933	1.65868100	0.52278210
111.03999933	2.19061900	0.52278210
111.11999932	1.92480200	0.61067540
111.19999932	1.12674300	0.61067540
111.27999932	0.24048580	0.61067540
111.35999932	4.58449000	0.61067540
111.43999932	4.05255300	0.69856870
111.51999932	4.31867400	0.69856870
111.59999932	4.05255300	0.69856870
111.67999932	4.14136200	0.78646200
111.75999932	4.05255300	0.78646200
111.83999932	4.05255300	0.78646200
111.91999932	4.05255300	0.87405010
111.99999932	4.05255300	0.87405010
112.07999932	4.05255300	0.87405010
112.15999932	4.05255300	0.87405010
112.23999932	4.05255300	0.96194340
112.31999932	4.05255300	0.96194340
112.39999932	4.05255300	1.04983700
112.47999932	3.96404900	1.04983700
112.55999932	3.96404900	1.04983700
112.63999932	3.96404900	1.04983700
112.71999931	3.96404900	1.04983700
112.79999931	3.96404900	1.13773000
112.87999931	3.96404900	1.13773000
112.95999931	3.96404900	1.22531800
113.03999931	3.96404900	1.22531800
113.11999931	3.87524000	1.31321100
113.19999931	3.87524000	1.31321100
113.27999931	3.87524000	1.31321100
113.35999931	3.87524000	1.31321100
113.43999931	3.87524000	1.40110500
113.51999931	3.87524000	1.40110500
113.59999931	3.87524000	1.40110500
113.67999931	3.87524000	1.48899800
113.75999931	3.87524000	1.48899800
113.83999931	3.87524000	1.57689100
113.91999931	3.87524000	1.57689100
113.99999931	3.78673700	1.57689100
114.07999931	3.78673700	1.66447900
114.15999931	3.78673700	1.75237300
114.23999931	3.87524000	1.75237300
114.31999931	3.78673700	1.75237300
114.39999930	3.78673700	1.75237300
114.47999930	3.78673700	1.84026600
114.55999930	3.78673700	1.84026600
114.63999930	3.78673700	1.84026600
114.71999930	3.69792800	1.92815900
114.79999930	3.69792800	1.92815900
114.87999930	3.78673700	1.92815900
114.95999930	3.78673700	2.01574800
115.03999930	3.69792800	2.10364100
115.11999930	3.69792800	2.10364100
115.19999930	3.69792800	2.10364100
115.27999930	3.69792800	2.19153400
115.35999930	3.69792800	2.19153400
115.43999930	3.69792800	2.19153400
115.51999930	3.69792800	2.27942800
115.59999930	3.69792800	2.27942800
115.67999930	3.69792800	2.36701600
115.75999930	3.69792800	2.36701600
115.83999930	3.69792800	2.45490900
115.91999930	3.69792800	2.45490900
115.99999930	3.69792800	2.45490900
116.07999929	3.69792800	2.45490900
116.15999929	3.69792800	2.54280200
116.23999929	3.60942400	2.54280200
116.31999929	3.69792800	2.63069600
116.39999929	3.60942400	2.63069600
116.47999929	3.69792800	2.71828400
116.55999929	3.60942400	2.71828400
116.63999929	3.69792800	2.71828400
116.71999929	3.60942400	2.80617700
116.79999929	3.60942400	2.80617700
116.87999929	3.60942400	2.80617700
116.95999929	3.60942400	2.80617700
117.03999929	3.60942400	2.89407000
117.11999929	3.69792800	2.89407000
117.19999929	3.60942400	2.98196400
117.27999929	3.60942400	2.98196400
117.35999929	3.60942400	2.98196400
117.43999929	3.60942400	3.06985700
117.51999929	3.52061500	3.06985700
117.59999929	3.60942400	3.06985700
117.67999928	3.60942400	3.15744500
117.75999928	3.60942400	3.15744500
117.83999928	3.60942400	3.24533800
117.91999928	3.52061500	3.24533800
117.99999928	3.60942400	3.24533800
118.07999928	3.60942400	3.33323200
118.15999928	3.52061500	3.33323200
118.23999928	3.52061500	3.42112500
118.31999928	3.60942400	3.42112500
118.39999928	3.52061500	3.42112500
118.47999928	3.60942400	3.50871300
118.55999928	3.52061500	3.50871300
118.63999928	3.60942400	3.50871300
118.71999928	3.60942400	3.50871300
118.79999928	3.60942400	3.59660600
118.87999928	3.60942400	3.59660600
118.95999928	3.52061500	3.59660600
119.03999928	3.60942400	3.59660600
119.11999928	3.52061500	3.68450000
119.19999928	3.60942400	3.68450000
119.27999928	3.52061500	3.68450000
119.35999927	3.60942400	3.68450000
119.43999927	3.52061500	3.77239300
119.51999927	3.60942400	3.77239300
119.59999927	3.52061500	3.85998100
119.67999927	3.52061500	3.85998100
119.75999927	3.52061500	3.85998100
119.83999927	3.52061500	3.85998100
119.91999927	3.60942400	3.85998100
119.99999927	3.52061500	3.94787400
120.07999927	3.60942400	3.94787400
120.15999927	3.60942400	3.94787400
120.23999927	3.60942400	4.03576800
120.31999927	3.52061500	4.03576800
120.39999927	3.52061500	4.03576800
120.47999927	3.60942400	4.03576800
120.55999927	3.52061500	4.03576800
120.63999927	3.60942400	4.12366100
120.71999927	3.60942400	4.12366100
120.79999927	3.60942400	4.12366100
120.87999927	3.60942400	4.21124900
120.95999926	3.60942400	4.21124900
121.03999926	3.60942400	4.21124900
121.11999926	3.52061500	4.21124900
121.19999926	3.52061500	4.21124900
121.27999926	3.60942400	4.21124900
121.35999926	3.60942400	4.21124900
121.43999926	3.60942400	4.21124900
121.51999926	3.60942400	4.29914200
121.59999926	3.60942400	4.29914200
121.67999926	3.60942400	4.29914200
121.75999926	3.60942400	4.29914200
121.83999926	3.69792800	4.29914200
121.91999926	3.60942400	4.29914200
121.99999926	3.69792800	4.38703600
122.07999926	3.52061500	4.29914200
122.15999926	3.60942400	4.38703600
122.23999926	3.60942400	4.38703600
122.31999926	3.60942400	4.38703600
122.39999926	3.60942400	4.38703600
122.47999926	3.60942400	4.38703600
122.55999926	3.60942400	4.38703600
122.63999925	3.60942400	4.38703600
122.71999925	3.60942400	4.47492900
122.79999925	3.60942400	4.38703600
122.87999925	3.69792800	4.38703600
122.95999925	3.69792800	4.47492900
123.03999925	3.69792800	4.38703600
123.11999925	3.69792800	4.47492900
123.19999925	3.69792800	4.38703600
123.27999925	3.69792800	4.38703600
123.35999925	3.69792800	4.38703600
123.43999925	3.69792800	4.38703600
123.51999925	3.69792800	4.38703600
123.59999925	3.69792800	4.47492900
123.67999925	3.69792800	4.47492900
123.75999925	3.69792800	4.47492900
123.83999925	3.69792800	4.38703600
123.91999925	3.69792800	4.47492900
123.99999925	3.69792800	4.47492900
124.07999925	3.69792800	4.38703600
124.15999925	3.69792800	4.38703600
124.23999924	3.69792800	4.38703600
124.31999924	3.69792800	4.38703600
124.39999924	3.69792800	4.38703600
124.47999924	3.69792800	4.38703600
124.55999924	3.69792800	4.38703600
124.63999924	3.69792800	4.38703600
124.71999924	3.69792800	4.38703600
124.79999924	3.69792800	4.38703600
124.87999924	3.69792800	4.29914200
124.95999924	3.78673700	4.29914200
125.03999924	3.69792800	4.38703600
125.11999924	3.78673700	4.29914200
125.19999924	3.78673700	4.29914200
125.27999924	3.78673700	4.21124900
125.35999924	3.69792800	4.21124900
125.43999924	3.69792800	4.21124900
125.51999924	3.78673700	4.21124900
125.59999924	3.69792800	4.21124900
125.67999924	3.78673700	4.21124900
125.75999924	3.78673700	4.21124900
125.83999924	3.78673700	4.21124900
125.91999923	3.78673700	4.21124900
125.99999923	3.78673700	4.21124900
126.07999923	3.78673700	4.12366100
126.15999923	3.78673700	4.12366100
126.23999923	3.87524000	4.12366100
126.31999923	3.78673700	4.03576800
126.39999923	3.78673700	4.03576800
126.47999923	3.87524000	4.03576800
126.55999923	3.78673700	4.03576800
126.63999923	3.87524000	3.94787400
126.71999923	3.78673700	3.94787400
126.79999923	3.78673700	3.85998100
126.87999923	3.87524000	3.85998100
126.95999923	3.87524000	3.85998100
127.03999923	3.87524000	3.85998100
127.11999923	3.87524000	3.85998100
127.19999923	3.87524000	3.77239300
127.27999923	3.87524000	3.77239300
127.35999923	3.87524000	3.68450000
127.43999923	3.87524000	3.68450000
127.51999923	3.87524000	3.68450000
127.59999922	3.87524000	3.68450000
127.67999922	3.87524000	3.59660600
127.75999922	3.87524000	3.59660600
127.83999922	3.87524000	3.59660600
127.91999922	3.87524000	3.50871300
127.99999922	3.87524000	3.50871300
128.07999922	3.87524000	3.50871300
128.15999922	3.87524000	3.42112500
128.23999922	3.87524000	3.42112500
128.31999922	3.87524000	3.42112500
128.39999922	3.87524000	3.33323200
128.47999922	3.96404900	3.33323200
128.55999922	3.96404900	3.24533800
128.63999922	3.96404900	3.24533800
128.71999922	3.87524000	3.24533800
128.79999922	3.96404900	3.15744500
128.87999922	3.96404900	3.15744500
128.95999922	3.96404900	3.06985700
129.03999922	3.96404900	3.06985700
129.11999922	3.96404900	2.98196400
129.19999921	3.96404900	2.98196400
129.27999921	3.96404900	2.89407000
129.35999921	3.96404900	2.89407000
129.43999921	4.05255300	2.80617700
129.51999921	3.96404900	2.80617700
129.59999921	4.05255300	2.80617700
129.67999921	4.05255300	2.80617700
129.75999921	4.05255300	2.71828400
129.83999921	3.96404900	2.63069600
129.91999921	4.05255300	2.63069600
129.99999921	4.05255300	2.54280200
130.07999921	4.05255300	2.54280200
130.15999921	3.96404900	2.45490900
130.23999921	4.05255300	2.45490900
130.31999921	4.05255300	2.45490900
130.39999921	4.05255300	2.36701600
130.47999921	4.05255300	2.36701600
130.55999921	4.05255300	2.27942800
130.63999921	4.05255300	2.27942800
130.71999921	4.05255300	2.19153400
130.79999921	4.05255300	2.10364100
130.87999920	4.05255300	2.10364100
130.95999920	4.05255300	2.01574800
131.03999920	4.05255300	2.01574800
131.11999920	4.05255300	2.01574800
131.19999920	4.05255300	1.92815900
131.27999920	4.05255300	1.84026600
131.35999920	4.05255300	1.84026600
131.43999920	4.14136200	1.75237300
131.51999920	4.05255300	1.75237300
131.59999920	4.05255300	1.75237300
131.67999920	4.14136200	1.66447900
131.75999920	4.05255300	1.57689100
131.83999920	4.14136200	1.57689100
131.91999920	4.14136200	1.48899800
131.99999920	4.14136200	1.48899800
132.07999920	4.05255300	1.40110500
132.15999920	4.14136200	1.40110500
132.23999920	4.14136200	1.31321100
132.31999920	4.14136200	1.31321100
132.39999920	4.14136200	1.22531800
132.47999919	4.14136200	1.22531800
132.55999919	4.14136200	1.13773000
132.63999919	4.14136200	1.04983700
132.71999919	4.14136200	1.04983700
132.79999919	4.14136200	0.96194340
132.87999919	4.14136200	0.96194340
132.95999919	4.14136200	0.87405010
133.03999919	4.14136200	0.87405010
133.11999919	4.14136200	0.78646200
133.19999919	4.14136200	0.78646200
133.27999919	4.14136200	0.69856870
133.35999919	4.14136200	0.69856870
133.43999919	4.14136200	0.69856870
133.51999919	4.14136200	0.61067540
133.59999919	4.14136200	0.52278210
133.67999919	4.14136200	0.43519400
133.75999919	4.14136200	0.43519400
133.83999919	4.22986600	0.34730060
133.91999919	4.14136200	0.34730060
133.99999919	4.14136200	0.25940730
134.07999919	4.14136200	0.17151400
134.15999918	4.22986600	0.17151400
134.23999918	4.22986600	0.08392590
134.31999918	4.22986600	0.08392590
134.39999918	4.14136200	-0.00366222
134.47999918	4.14136200	-0.09155553
134.55999918	4.22986600	-0.09155553
134.63999918	4.22986600	-0.17944880
134.71999918	4.22986600	-0.17944880
134.79999918	4.22986600	-0.26734220
134.87999918	4.22986600	-0.26734220
134.95999918	4.22986600	-0.35493030
135.03999918	4.22986600	-0.35493030
135.11999918	4.22986600	-0.53071690
135.19999918	4.22986600	-0.53071690
135.27999918	4.22986600	-0.53071690
135.35999918	4.14136200	-0.61861020
135.43999918	4.22986600	-0.61861020
135.51999918	4.22986600	-0.70619830
135.59999918	4.22986600	-0.79409160
135.67999918	4.22986600	-0.79409160
135.75999917	4.22986600	-0.88198490
135.83999917	4.22986600	-0.96987830
135.91999917	4.22986600	-0.96987830
135.99999917	4.22986600	-1.05746600
136.07999917	4.31867400	-1.14536000
136.15999917	4.22986600	-1.14536000
136.23999917	4.22986600	-1.23325300
136.31999917	4.31867400	-1.23325300
136.39999917	4.31867400	-1.32114600
136.47999917	4.31867400	-1.40904000
136.55999917	4.31867400	-1.40904000
136.63999917	4.31867400	-1.49662800
136.71999917	4.31867400	-1.49662800
136.79999917	4.40717800	-1.58452100
136.87999917	4.40717800	-1.58452100
136.95999917	4.40717800	-1.67241400
137.03999917	4.58449000	-1.67241400
137.11999917	4.85061200	-1.76030800
137.19999917	5.11642800	-1.76030800
137.27999917	5.20523700	-1.84789600
137.35999917	5.11642800	-1.84789600
137.43999916	5.11642800	-1.93578900
137.51999916	5.02792500	-2.02368200
137.59999916	5.11642800	-2.02368200
137.67999916	5.11642800	-2.11157600
137.75999916	5.11642800	-2.11157600
137.83999916	5.11642800	-2.19916400
137.91999916	5.11642800	-2.19916400
137.99999916	5.02792500	-2.28705700
138.07999916	5.02792500	-2.28705700
138.15999916	5.02792500	-2.37495000
138.23999916	5.02792500	-2.37495000
138.31999916	5.02792500	-2.46284400
138.39999916	5.02792500	-2.46284400
138.47999916	4.93911600	-2.55043200
138.55999916	4.93911600	-2.63832500
138.63999916	4.93911600	-2.63832500
138.71999916	4.93911600	-2.72621800
138.79999916	4.93911600	-2.72621800
138.87999916	4.93911600	-2.81411200
138.95999916	4.85061200	-2.81411200
139.03999915	4.85061200	-2.81411200
139.11999915	4.85061200	-2.90200500
139.19999915	4.85061200	-2.90200500
139.27999915	4.85061200	-2.98959300
139.35999915	4.76180300	-2.98959300
139.43999915	4.76180300	-3.07748700
139.51999915	4.76180300	-3.07748700
139.59999915	4.76180300	-3.16538000
139.67999915	4.76180300	-3.16538000
139.75999915	4.76180300	-3.25327300
139.83999915	4.67329900	-3.25327300
139.91999915	4.67329900	-3.25327300
139.99999915	4.67329900	-3.34086100
140.07999915	4.67329900	-3.34086100
140.15999915	4.58449000	-3.42875500
140.23999915	4.58449000	-3.42875500
140.31999915	4.58449000	-3.51664800
140.39999915	4.58449000	-3.51664800
140.47999915	4.58449000	-3.60454100
140.55999915	4.58449000	-3.60454100
140.63999915	4.49598700	-3.69212900
140.71999914	4.49598700	-3.69212900
140.79999914	4.49598700	-3.69212900
140.87999914	4.49598700	-3.78002300
140.95999914	4.49598700	-3.78002300
141.03999914	4.40717800	-3.86791600
141.11999914	4.40717800	-3.86791600
141.19999914	4.40717800	-3.86791600
141.27999914	4.40717800	-3.86791600
141.35999914	4.40717800	-3.95580900
141.43999914	4.40717800	-3.95580900
141.51999914	4.40717800	-4.04339700
141.59999914	4.40717800	-4.04339700
141.67999914	4.40717800	-4.13129000
141.75999914	4.40717800	-4.13129000
141.83999914	4.40717800	-4.13129000
141.91999914	4.40717800	-4.21918400
141.99999914	4.40717800	-4.21918400
142.07999914	4.31867400	-4.21918400
142.15999914	4.40717800	-4.30707700
142.23999914	4.40717800	-4.30707700
142.31999914	4.31867400	-4.30707700
142.39999913	4.31867400	-4.30707700
142.47999913	4.40717800	-4.30707700
142.55999913	4.31867400	-4.39497000
142.63999913	4.31867400	-4.39497000
142.71999913	4.31867400	-4.48255900
142.79999913	4.31867400	-4.48255900
142.87999913	4.31867400	-4.48255900
142.95999913	4.31867400	-4.57045200
143.03999913	4.31867400	-4.57045200
143.11999913	4.31867400	-4.57045200
143.19999913	4.31867400	-4.57045200
143.27999913	4.31867400	-4.57045200
143.35999913	4.31867400	-4.65834500
143.43999913	4.22986600	-4.65834500
143.51999913	4.22986600	-4.65834500
143.59999913	4.31867400	-4.65834500
143.67999913	4.31867400	-4.74623900
143.75999913	4.31867400	-4.74623900
143.83999913	4.22986600	-4.74623900
143.91999913	4.31867400	-4.74623900
143.99999912	4.22986600	-4.74623900
144.07999912	4.22986600	-4.83382700
144.15999912	4.31867400	-4.83382700
144.23999912	4.22986600	-4.83382700
144.31999912	4.31867400	-4.83382700
144.39999912	4.22986600	-4.83382700
144.47999912	4.31867400	-4.92172000
144.55999912	4.22986600	-4.83382700
144.63999912	4.22986600	-4.92172000
144.71999912	4.22986600	-4.92172000
144.79999912	4.22986600	-4.92172000
144.87999912	4.22986600	-4.92172000
144.95999912	4.22986600	-4.92172000
145.03999912	4.22986600	-4.92172000
145.11999912	4.22986600	-4.92172000
145.19999912	4.22986600	-4.92172000
145.27999912	4.22986600	-4.92172000
145.35999912	4.22986600	-4.92172000
145.43999912	4.22986600	-4.92172000
145.51999912	4.22986600	-5.00961400
145.59999912	4.22986600	-5.00961400
145.67999911	4.22986600	-5.00961400
145.75999911	4.22986600	-4.92172000
145.83999911	4.22986600	-4.92172000
145.91999911	4.22986600	-5.00961400
145.99999911	4.22986600	-5.00961400
146.07999911	4.22986600	-4.92172000
146.15999911	4.22986600	-5.00961400
146.23999911	4.22986600	-5.00961400
146.31999911	4.22986600	-4.92172000
146.39999911	4.22986600	-4.92172000
146.47999911	4.22986600	-4.92172000
146.55999911	4.22986600	-5.00961400
146.63999911	4.22986600	-4.92172000
146.71999911	4.22986600	-5.00961400
146.79999911	4.22986600	-4.92172000
146.87999911	4.22986600	-5.00961400
146.95999911	4.22986600	-4.92172000
147.03999911	4.22986600	-4.92172000
147.11999911	4.22986600	-4.92172000
147.19999911	4.22986600	-4.92172000
147.27999910	4.22986600	-4.92172000
147.35999910	4.22986600	-4.92172000
147.43999910	4.22986600	-4.92172000
147.51999910	4.22986600	-4.92172000
147.59999910	4.22986600	-4.92172000
147.67999910	4.22986600	-4.92172000
147.75999910	4.22986600	-4.83382700
147.83999910	4.22986600	-4.83382700
147.91999910	4.22986600	-4.83382700
147.99999910	4.22986600	-4.83382700
148.07999910	4.22986600	-4.83382700
148.15999910	4.22986600	-4.83382700
148.23999910	4.22986600	-4.74623900
148.31999910	4.22986600	-4.74623900
148.39999910	4.22986600	-4.83382700
148.47999910	4.22986600	-4.74623900
148.55999910	4.22986600	-4.74623900
148.63999910	4.22986600	-4.65834500
148.71999910	4.22986600	-4.74623900
148.79999910	4.22986600	-4.65834500
148.87999910	4.22986600	-4.65834500
148.95999909	4.22986600	-4.65834500
149.03999909	4.22986600	-4.57045200
149.11999909	4.22986600	-4.57045200
149.19999909	4.22986600	-4.57045200
149.27999909	4.22986600	-4.57045200
149.35999909	4.22986600	-4.57045200
149.43999909	4.22986600	-4.57045200
149.51999909	4.31867400	-4.48255900
149.59999909	4.22986600	-4.48255900
149.67999909	4.22986600	-4.48255900
149.75999909	4.22986600	-4.48255900
149.83999909	4.31867400	-4.39497000
149.91999909	4.22986600	-4.39497000
149.99999909	4.22986600	-4.39497000
150.07999909	4.22986600	-4.30707700
150.15999909	4.22986600	-4.30707700
150.23999909	4.31867400	-4.30707700
150.31999909	4.31867400	-4.21918400
150.39999909	4.22986600	-4.21918400
150.47999909	4.31867400	-4.21918400
150.55999908	4.22986600	-4.21918400
150.63999908	4.31867400	-4.13129000
150.71999908	4.22986600	-4.13129000
150.79999908	4.31867400	-4.04339700
150.87999908	4.22986600	-4.04339700
150.95999908	4.31867400	-4.04339700
151.03999908	4.31867400	-3.95580900
151.11999908	4.31867400	-3.95580900
151.19999908	4.31867400	-3.86791600
151.27999908	4.31867400	-3.86791600
151.35999908	4.31867400	-3.86791600
151.43999908	4.31867400	-3.86791600
151.51999908	4.40717800	-3.86791600
151.59999908	4.40717800	-3.78002300
151.67999908	4.40717800	-3.78002300
151.75999908	4.40717800	-3.69212900
151.83999908	4.49598700	-3.69212900
151.91999908	4.67329900	-3.60454100
151.99999908	4.85061200	-3.60454100
152.07999908	4.93911600	-3.60454100
152.15999908	4.93911600	-3.51664800
152.23999907	4.93911600	-3.51664800
152.31999907	4.93911600	-3.51664800
152.39999907	4.93911600	-3.42875500
152.47999907	4.93911600	-3.34086100
152.55999907	4.93911600	-3.34086100
152.63999907	4.93911600	-3.34086100
152.71999907	5.02792500	-3.34086100
152.79999907	5.02792500	-3.25327300
152.87999907	5.02792500	-3.25327300
152.95999907	5.02792500	-3.16538000
153.03999907	5.02792500	-3.16538000
153.11999907	5.11642800	-3.16538000
153.19999907	5.11642800	-3.07748700
153.27999907	5.11642800	-3.07748700
153.35999907	5.11642800	-2.98959300
153.43999907	5.11642800	-2.98959300
153.51999907	5.11642800	-2.90200500
153.59999907	5.11642800	-2.90200500
153.67999907	5.11642800	-2.81411200
153.75999907	5.11642800	-2.81411200
153.83999907	5.11642800	-2.81411200
153.91999906	5.11642800	-2.81411200
153.99999906	5.11642800	-2.72621800
154.07999906	5.20523700	-2.72621800
154.15999906	5.20523700	-2.63832500
154.23999906	5.20523700	-2.63832500
154.31999906	5.20523700	-2.55043200
154.39999906	5.20523700	-2.55043200
154.47999906	5.11642800	-2.46284400
154.55999906	5.20523700	-2.46284400
154.63999906	5.20523700	-2.46284400
154.71999906	5.20523700	-2.37495000
154.79999906	5.20523700	-2.28705700
154.87999906	5.20523700	-2.28705700
154.95999906	5.20523700	-2.19916400
155.03999906	5.20523700	-2.19916400
155.11999906	5.20523700	-2.11157600
155.19999906	5.20523700	-2.11157600
155.27999906	5.20523700	-2.11157600
155.35999906	5.20523700	-2.11157600
155.43999906	5.20523700	-2.02368200
155.51999905	5.20523700	-1.93578900
155.59999905	5.20523700	-1.93578900
155.67999905	5.29374100	-1.93578900
155.75999905	5.29374100	-1.84789600
155.83999905	5.29374100	-1.84789600
155.91999905	5.29374100	-1.76030800
155.99999905	5.29374100	-1.76030800
156.07999905	5.29374100	-1.76030800
156.15999905	5.29374100	-1.67241400
156.23999905	5.29374100	-1.58452100
156.31999905	5.29374100	-1.58452100
156.39999905	5.29374100	-1.58452100
156.47999905	5.29374100	-1.49662800
156.55999905	5.29374100	-1.40904000
156.63999905	5.29374100	-1.40904000
156.71999905	5.29374100	-1.40904000
156.79999905	5.29374100	-1.32114600
156.87999905	5.29374100	-1.32114600
156.95999905	5.38254900	-1.23325300
157.03999905	5.38254900	-1.23325300
157.11999905	5.38254900	-1.23325300
157.19999904	5.29374100	-1.14536000
157.27999904	5.29374100	-1.05746600
157.35999904	5.38254900	-1.05746600
157.43999904	5.38254900	-1.05746600
157.51999904	5.38254900	-0.96987830
157.59999904	5.47105300	-0.96987830
157.67999904	5.47105300	-0.88198490
157.75999904	5.47105300	-0.88198490
157.83999904	5.47105300	-0.79409160
157.91999904	5.47105300	-0.79409160
157.99999904	5.47105300	-0.70619830
158.07999904	5.47105300	-0.61861020
158.15999904	5.47105300	-0.61861020
158.23999904	5.47105300	-0.53071690
158.31999904	5.47105300	-0.53071690
158.39999904	5.47105300	-0.44282360
158.47999904	5.55986200	-0.53071690
158.55999904	5.55986200	-0.44282360
158.63999904	5.47105300	-0.44282360
158.71999904	5.55986200	-0.35493030
158.79999903	5.55986200	-0.35493030
158.87999903	5.55986200	-0.26734220
158.95999903	5.55986200	-0.17944880
159.03999903	5.55986200	-0.17944880
159.11999903	5.55986200	-0.17944880
159.19999903	5.55986200	-0.09155553
159.27999903	5.55986200	-0.09155553
159.35999903	5.55986200	-0.00366222
159.43999903	5.55986200	-0.00366222
159.51999903	5.55986200	-0.00366222
159.59999903	5.55986200	0.08392590
159.67999903	5.55986200	0.08392590
159.75999903	5.55986200	0.17151400
159.83999903	5.55986200	0.25940730
159.91999903	5.64836500	0.25940730
159.99999903	5.55986200	0.34730060
160.07999903	5.64836500	0.34730060
160.15999903	5.55986200	0.43519400
160.23999903	5.64836500	0.43519400
160.31999903	5.64836500	0.52278210
160.39999903	5.64836500	0.52278210
160.47999902	5.64836500	0.61067540
160.55999902	5.64836500	0.61067540
160.63999902	5.64836500	0.69856870
160.71999902	5.64836500	0.69856870
160.79999902	5.64836500	0.69856870
160.87999902	5.64836500	0.69856870
160.95999902	5.64836500	0.78646200
161.03999902	5.64836500	0.87405010
161.11999902	5.64836500	0.87405010
161.19999902	5.64836500	0.87405010
161.27999902	5.64836500	0.96194340
161.35999902	5.64836500	0.96194340
161.43999902	5.64836500	1.04983700
161.51999902	5.64836500	1.04983700
161.59999902	5.64836500	1.04983700
161.67999902	5.64836500	1.13773000
161.75999902	5.64836500	1.22531800
161.83999902	5.73717500	1.22531800
161.91999902	5.64836500	1.31321100
161.99999902	5.64836500	1.31321100
162.07999901	5.64836500	1.31321100
162.15999901	5.73717500	1.40110500
162.23999901	5.73717500	1.40110500
162.31999901	5.64836500	1.40110500
162.39999901	5.64836500	1.48899800
162.47999901	5.73717500	1.48899800
162.55999901	5.64836500	1.48899800
162.63999901	5.64836500	1.57689100
162.71999901	5.73717500	1.57689100
162.79999901	5.73717500	1.66447900
162.87999901	5.73717500	1.66447900
162.95999901	5.73717500	1.75237300
163.03999901	5.73717500	1.75237300
163.11999901	5.73717500	1.75237300
163.19999901	5.73717500	1.75237300
163.27999901	5.73717500	1.84026600
163.35999901	5.73717500	1.84026600
163.43999901	5.73717500	1.92815900
163.51999901	5.73717500	2.01574800
163.59999901	5.73717500	2.01574800
163.67999901	5.73717500	2.01574800
163.75999900	5.73717500	2.01574800
163.83999900	5.73717500	2.10364100
163.91999900	5.73717500	2.10364100
163.99999900	5.82567800	2.10364100
164.07999900	5.82567800	2.19153400
164.15999900	5.82567800	2.19153400
164.23999900	5.82567800	2.27942800
164.31999900	5.82567800	2.27942800
164.39999900	5.73717500	2.27942800
164.47999900	5.73717500	2.27942800
164.55999900	5.82567800	2.36701600
164.63999900	5.82567800	2.36701600
164.71999900	5.82567800	2.45490900
164.79999900	5.82567800	2.45490900
164.87999900	5.82567800	2.45490900
164.95999900	5.82567800	2.45490900
165.03999900	5.82567800	2.54280200
165.11999900	5.82567800	2.54280200
165.19999900	5.82567800	2.54280200
165.27999900	5.82567800	2.63069600
165.35999900	5.82567800	2.63069600
165.43999899	5.82567800	2.63069600
165.51999899	5.82567800	2.71828400
165.59999899	5.82567800	2.71828400
165.67999899	5.82567800	2.71828400
165.75999899	5.82567800	2.71828400
165.83999899	5.82567800	2.80617700
165.91999899	5.82567800	2.80617700
165.99999899	5.82567800	2.80617700
166.07999899	5.82567800	2.80617700
166.15999899	5.82567800	2.80617700
166.23999899	5.82567800	2.89407000
166.31999899	5.82567800	2.89407000
166.39999899	5.82567800	2.98196400
166.47999899	5.82567800	2.98196400
166.55999899	5.82567800	2.98196400
166.63999899	5.82567800	2.98196400
166.71999899	5.82567800	2.98196400
166.79999899	5.82567800	2.98196400
166.87999899	5.82567800	3.06985700
166.95999899	5.82567800	3.06985700
167.03999898	5.82567800	3.06985700
167.11999898	5.82567800	3.15744500
167.19999898	5.82567800	3.15744500
167.27999898	5.82567800	3.15744500
167.35999898	5.82567800	3.15744500
167.43999898	5.91448700	3.15744500
167.51999898	5.82567800	3.24533800
167.59999898	5.82567800	3.24533800
167.67999898	5.82567800	3.24533800
167.75999898	5.91448700	3.24533800
167.83999898	5.82567800	3.24533800
167.91999898	5.82567800	3.24533800
167.99999898	5.91448700	3.33323200
168.07999898	5.82567800	3.33323200
168.15999898	5.82567800	3.33323200
168.23999898	5.91448700	3.33323200
168.31999898	5.82567800	3.33323200
168.39999898	5.82567800	3.42112500
168.47999898	5.91448700	3.42112500
168.55999898	5.91448700	3.42112500
168.63999898	5.82567800	3.42112500
168.71999897	5.82567800	3.42112500
168.79999897	5.82567800	3.42112500
168.87999897	5.82567800	3.42112500
168.95999897	5.91448700	3.42112500
169.03999897	5.91448700	3.42112500
169.11999897	5.82567800	3.42112500
169.19999897	5.82567800	3.50871300
169.27999897	5.91448700	3.50871300
169.35999897	5.91448700	3.42112500
169.43999897	5.82567800	3.50871300
169.51999897	5.91448700	3.50871300
169.59999897	5.91448700	3.50871300
169.67999897	5.82567800	3.50871300
169.75999897	5.82567800	3.50871300
169.83999897	5.91448700	3.50871300
169.91999897	5.91448700	3.50871300
169.99999897	5.91448700	3.50871300
170.07999897	5.91448700	3.50871300
170.15999897	5.91448700	3.50871300
170.23999897	5.91448700	3.50871300
170.31999896	5.91448700	3.50871300
170.39999896	5.91448700	3.50871300
170.47999896	5.91448700	3.50871300
170.55999896	5.91448700	3.50871300
170.63999896	5.91448700	3.50871300
170.71999896	5.91448700	3.50871300
170.79999896	5.91448700	3.50871300
170.87999896	5.91448700	3.50871300
170.95999896	5.91448700	3.50871300
171.03999896	5.82567800	3.50871300
171.11999896	5.91448700	3.50871300
171.19999896	5.82567800	3.50871300
171.27999896	5.91448700	3.50871300
171.35999896	5.91448700	3.50871300
171.43999896	5.91448700	3.50871300
171.51999896	5.91448700	3.50871300
171.59999896	5.91448700	3.50871300
171.67999896	5.82567800	3.50871300
171.75999896	5.91448700	3.50871300
171.83999896	5.91448700	3.50871300
171.91999896	5.91448700	3.50871300
171.99999895	5.91448700	3.50871300
172.07999895	5.91448700	3.50871300
172.15999895	5.91448700	3.42112500
172.23999895	5.91448700	3.50871300
172.31999895	5.91448700	3.50871300
172.39999895	5.91448700	3.50871300
172.47999895	5.91448700	3.42112500
172.55999895	5.91448700	3.50871300
172.63999895	5.91448700	3.42112500
172.71999895	5.91448700	3.42112500
172.79999895	5.91448700	3.42112500
172.87999895	5.91448700	3.42112500
172.95999895	5.91448700	3.42112500
173.03999895	5.91448700	3.42112500
173.11999895	5.91448700	3.42112500
173.19999895	5.91448700	3.33323200
173.27999895	5.91448700	3.33323200
173.35999895	5.91448700	3.33323200
173.43999895	5.82567800	3.33323200
173.51999895	5.91448700	3.33323200
173.59999894	5.91448700	3.33323200
173.67999894	5.91448700	3.33323200
173.75999894	5.82567800	3.24533800
173.83999894	5.91448700	3.24533800
173.91999894	5.82567800	3.24533800
173.99999894	5.82567800	3.24533800
174.07999894	5.91448700	3.24533800
174.15999894	5.91448700	3.24533800
174.23999894	5.91448700	3.15744500
174.31999894	5.91448700	3.15744500
174.39999894	5.82567800	3.15744500
174.47999894	5.82567800	3.15744500
174.55999894	5.91448700	3.15744500
174.63999894	5.82567800	3.15744500
174.71999894	5.91448700	3.06985700
174.79999894	5.91448700	3.06985700
174.87999894	5.91448700	3.06985700
174.95999894	5.91448700	3.06985700
175.03999894	5.82567800	2.98196400
175.11999894	5.91448700	2.98196400
175.19999894	5.82567800	2.98196400
175.27999893	5.82567800	2.98196400
175.35999893	5.82567800	2.89407000
175.43999893	5.82567800	2.98196400
175.51999893	5.82567800	2.89407000
175.59999893	5.82567800	2.89407000
175.67999893	5.82567800	2.89407000
175.75999893	5.82567800	2.89407000
175.83999893	5.82567800	2.80617700
175.91999893	5.82567800	2.80617700
175.99999893	5.82567800	2.80617700
176.07999893	5.82567800	2.80617700
176.15999893	5.82567800	2.71828400
176.23999893	5.82567800	2.71828400
176.31999893	5.82567800	2.71828400
176.39999893	5.82567800	2.71828400
176.47999893	5.82567800	2.71828400
176.55999893	5.82567800	2.71828400
176.63999893	5.82567800	2.63069600
176.71999893	5.82567800	2.63069600
176.79999893	5.82567800	2.63069600
176.87999893	5.82567800	2.63069600
176.95999892	5.82567800	2.54280200
177.03999892	5.82567800	2.54280200
177.11999892	5.82567800	2.45490900
177.19999892	5.82567800	2.45490900
177.27999892	5.82567800	2.45490900
177.35999892	5.82567800	2.45490900
177.43999892	5.82567800	2.45490900
177.51999892	5.82567800	2.36701600
177.59999892	5.82567800	2.36701600
177.67999892	5.73717500	2.27942800
177.75999892	5.82567800	2.27942800
177.83999892	5.73717500	2.27942800
177.91999892	5.82567800	2.27942800
177.99999892	5.82567800	2.27942800
178.07999892	5.73717500	2.19153400
178.15999892	5.73717500	2.19153400
178.23999892	5.73717500	2.19153400
178.31999892	5.82567800	2.19153400
178.39999892	5.73717500	2.19153400
178.47999892	5.73717500	2.10364100
178.55999891	5.73717500	2.10364100
178.63999891	5.73717500	2.01574800
178.71999891	5.73717500	2.01574800
178.79999891	5.73717500	2.01574800
178.87999891	5.73717500	2.01574800
178.95999891	5.73717500	1.92815900
179.03999891	5.64836500	1.92815900
179.11999891	5.73717500	1.92815900
179.19999891	5.64836500	1.84026600
179.27999891	5.64836500	1.92815900
179.35999891	5.64836500	1.84026600
179.43999891	5.64836500	1.84026600
179.51999891	5.64836500	1.75237300
179.59999891	5.64836500	1.75237300
179.67999891	5.64836500	1.75237300
179.75999891	5.64836500	1.75237300
179.83999891	5.64836500	1.66447900
179.91999891	5.64836500	1.75237300
179.99999891	5.64836500	1.66447900
180.07999891	5.64836500	1.57689100
180.15999891	5.64836500	1.57689100
180.23999890	5.64836500	1.57689100
180.31999890	5.55986200	1.57689100
180.39999890	5.55986200	1.48899800
180.47999890	5.55986200	1.48899800
180.55999890	5.47105300	1.48899800
180.63999890	5.29374100	1.40110500
180.71999890	4.76180300	1.40110500
180.79999890	4.40717800	1.40110500
180.87999890	4.31867400	1.40110500
180.95999890	4.31867400	1.31321100
181.03999890	4.31867400	1.31321100
181.11999890	4.31867400	1.31321100
181.19999890	4.31867400	1.31321100
181.27999890	4.31867400	1.22531800
181.35999890	4.31867400	1.22531800
181.43999890	4.31867400	1.22531800
181.51999890	4.31867400	1.13773000
181.59999890	4.31867400	1.13773000
181.67999890	4.31867400	1.04983700
181.75999890	4.31867400	1.04983700
181.83999889	4.31867400	1.04983700
181.91999889	4.31867400	1.04983700
181.99999889	4.22986600	1.04983700
182.07999889	4.31867400	0.96194340
182.15999889	4.31867400	0.87405010
182.23999889	4.31867400	0.87405010
182.31999889	4.22986600	0.96194340
182.39999889	4.22986600	0.87405010
182.47999889	4.31867400	0.87405010
182.55999889	4.22986600	0.78646200
182.63999889	4.22986600	0.78646200
182.71999889	4.31867400	0.78646200
182.79999889	4.22986600	0.69856870
182.87999889	4.22986600	0.69856870
182.95999889	4.22986600	0.69856870
183.03999889	4.22986600	0.69856870
183.11999889	4.31867400	0.69856870
183.19999889	4.22986600	0.61067540
183.27999889	4.22986600	0.61067540
183.35999889	4.22986600	0.61067540
183.43999889	4.22986600	0.52278210
183.51999888	4.22986600	0.52278210
183.59999888	4.22986600	0.52278210
183.67999888	4.22986600	0.52278210
183.75999888	4.22986600	0.43519400
183.83999888	4.22986600	0.43519400
183.91999888	4.22986600	0.34730060
183.99999888	4.22986600	0.34730060
184.07999888	4.22986600	0.34730060
184.15999888	4.22986600	0.25940730
184.23999888	4.22986600	0.34730060
184.31999888	4.22986600	0.25940730
184.39999888	4.22986600	0.17151400
184.47999888	4.22986600	0.17151400
184.55999888	4.22986600	0.17151400
184.63999888	4.22986600	0.17151400
184.71999888	4.22986600	0.08392590
184.79999888	4.22986600	-0.00366222
184.87999888	4.22986600	-0.00366222
184.95999888	4.22986600	-0.00366222
185.03999888	4.22986600	-0.00366222
185.11999887	4.22986600	-0.00366222
185.19999887	4.22986600	-0.09155553
185.27999887	4.22986600	-0.09155553
185.35999887	4.22986600	-0.09155553
185.43999887	4.22986600	-0.09155553
185.51999887	4.22986600	-0.17944880
185.59999887	4.22986600	-0.17944880
185.67999887	4.22986600	-0.17944880
185.75999887	4.22986600	-0.26734220
185.83999887	4.22986600	-0.26734220
185.91999887	3.87524000	-0.35493030
185.99999887	2.54524400	-0.35493030
186.07999887	0.86092720	-0.35493030
186.15999887	0.68361460	-0.35493030
186.23999887	0.68361460	-0.44282360
186.31999887	0.68361460	-0.44282360
186.39999887	0.68361460	-0.53071690
186.47999887	0.68361460	-0.53071690
186.55999887	0.68361460	-0.53071690
186.63999887	0.68361460	-0.53071690
186.71999887	0.68361460	-0.61861020
186.79999886	0.68361460	-0.61861020
186.87999886	0.77211830	-0.61861020
186.95999886	0.68361460	-0.70619830
187.03999886	0.77211830	-0.70619830
187.11999886	0.68361460	-0.70619830
187.19999886	0.77211830	-0.70619830
187.27999886	0.68361460	-0.79409160
187.35999886	0.77211830	-0.79409160
187.43999886	0.77211830	-0.88198490
187.51999886	0.77211830	-0.88198490
187.59999886	0.77211830	-0.96987830
187.67999886	0.77211830	-0.96987830
187.75999886	0.77211830	-0.96987830
187.83999886	0.77211830	-1.05746600
187.91999886	0.77211830	-1.05746600
187.99999886	0.77211830	-1.05746600
188.07999886	0.86092720	-1.14536000
188.15999886	0.77211830	-1.14536000
188.23999886	0.77211830	-1.14536000
188.31999886	0.86092720	-1.23325300
188.39999886	0.77211830	-1.23325300
188.47999885	0.77211830	-1.23325300
188.55999885	0.86092720	-1.32114600
188.63999885	0.77211830	-1.40904000
188.71999885	0.86092720	-1.40904000
188.79999885	0.86092720	-1.40904000
188.87999885	0.86092720	-1.49662800
188.95999885	0.86092720	-1.40904000
189.03999885	0.86092720	-1.49662800
189.11999885	0.86092720	-1.58452100
189.19999885	0.86092720	-1.58452100
189.27999885	0.86092720	-1.58452100
189.35999885	0.86092720	-1.67241400
189.43999885	0.86092720	-1.67241400
189.51999885	0.86092720	-1.76030800
189.59999885	0.86092720	-1.76030800
189.67999885	0.86092720	-1.76030800
189.75999885	0.86092720	-1.84789600
189.83999885	0.86092720	-1.84789600
189.91999885	0.86092720	-1.93578900
189.99999885	0.86092720	-1.93578900
190.07999884	0.86092720	-1.93578900
190.15999884	0.86092720	-2.02368200
190.23999884	0.86092720	-2.02368200
190.31999884	0.86092720	-2.11157600
190.39999884	0.86092720	-2.11157600
190.47999884	0.86092720	-2.11157600
190.55999884	0.86092720	-2.11157600
190.63999884	0.86092720	-2.19916400
190.71999884	0.86092720	-2.28705700
190.79999884	0.86092720	-2.28705700
190.87999884	0.86092720	-2.37495000
190.95999884	0.86092720	-2.37495000
191.03999884	0.86092720	-2.37495000
191.11999884	0.86092720	-2.46284400
191.19999884	0.86092720	-2.46284400
191.27999884	0.86092720	-2.55043200
191.35999884	0.86092720	-2.55043200
191.43999884	0.94943080	-2.55043200
191.51999884	0.94943080	-2.63832500
191.59999884	0.86092720	-2.63832500
191.67999884	0.86092720	-2.72621800
191.75999883	0.94943080	-2.72621800
191.83999883	0.94943080	-2.72621800
191.91999883	0.86092720	-2.81411200
191.99999883	0.86092720	-2.81411200
192.07999883	0.94943080	-2.81411200
192.15999883	0.94943080	-2.81411200
192.23999883	0.94943080	-2.90200500
192.31999883	0.94943080	-2.90200500
192.39999883	0.86092720	-2.90200500
192.47999883	0.86092720	-2.98959300
192.55999883	0.94943080	-2.98959300
192.63999883	0.94943080	-3.07748700
192.71999883	0.94943080	-3.07748700
192.79999883	0.94943080	-3.16538000
192.87999883	0.94943080	-3.16538000
192.95999883	0.94943080	-3.16538000
193.03999883	0.94943080	-3.25327300
193.11999883	0.94943080	-3.25327300
193.19999883	0.94943080	-3.25327300
193.27999883	0.94943080	-3.34086100
193.35999882	0.94943080	-3.34086100
193.43999882	0.94943080	-3.34086100
193.51999882	0.94943080	-3.42875500
193.59999882	0.94943080	-3.42875500
193.67999882	0.94943080	-3.42875500
193.75999882	0.94943080	-3.51664800
193.83999882	0.94943080	-3.51664800
193.91999882	0.94943080	-3.51664800
193.99999882	0.94943080	-3.60454100
194.07999882	0.94943080	-3.60454100
194.15999882	0.94943080	-3.60454100
194.23999882	0.94943080	-3.69212900
194.31999882	0.94943080	-3.69212900
194.39999882	0.94943080	-3.69212900
194.47999882	0.94943080	-3.78002300
194.55999882	0.94943080	-3.78002300
194.63999882	0.94943080	-3.78002300
194.71999882	0.94943080	-3.86791600
194.79999882	0.94943080	-3.86791600
194.87999882	0.94943080	-3.86791600
194.95999882	0.94943080	-3.86791600
195.03999881	0.94943080	-3.86791600
195.11999881	0.94943080	-3.86791600
195.19999881	0.94943080	-3.95580900
195.27999881	0.94943080	-3.95580900
195.35999881	0.94943080	-4.04339700
195.43999881	0.94943080	-4.04339700
195.51999881	0.94943080	-4.04339700
195.59999881	0.94943080	-4.04339700
195.67999881	0.94943080	-4.04339700
195.75999881	0.94943080	-4.04339700
195.83999881	0.94943080	-4.13129000
195.91999881	0.94943080	-4.13129000
195.99999881	0.94943080	-4.21918400
196.07999881	0.94943080	-4.21918400
196.15999881	0.94943080	-4.21918400
196.23999881	0.94943080	-4.21918400
196.31999881	0.94943080	-4.21918400
196.39999881	0.94943080	-4.21918400
196.47999881	0.94943080	-4.30707700
196.55999881	0.94943080	-4.30707700
196.63999880	0.94943080	-4.30707700
196.71999880	0.94943080	-4.30707700
196.79999880	0.94943080	-4.30707700
196.87999880	0.94943080	-4.30707700
196.95999880	0.94943080	-4.30707700
197.03999880	0.94943080	-4.30707700
197.11999880	0.94943080	-4.39497000
197.19999880	0.94943080	-4.39497000
197.27999880	0.94943080	-4.39497000
197.35999880	0.94943080	-4.39497000
197.43999880	0.94943080	-4.39497000
197.51999880	0.94943080	-4.39497000
197.59999880	0.94943080	-4.39497000
197.67999880	0.94943080	-4.39497000
197.75999880	0.94943080	-4.48255900
197.83999880	0.94943080	-4.39497000
197.91999880	0.94943080	-4.39497000
197.99999880	0.94943080	-4.39497000
198.07999880	0.94943080	-4.39497000
198.15999880	0.94943080	-4.39497000
198.23999880	0.94943080	-4.48255900
198.31999879	0.94943080	-4.48255900
198.39999879	0.94943080	-4.48255900
198.47999879	0.94943080	-4.48255900
198.55999879	0.94943080	-4.48255900
198.63999879	0.94943080	-4.39497000
198.71999879	0.94943080	-4.48255900
198.79999879	0.94943080	-4.39497000
198.87999879	0.86092720	-4.48255900
198.95999879	0.94943080	-4.48255900
199.03999879	0.94943080	-4.39497000
199.11999879	0.94943080	-4.48255900
199.19999879	0.94943080	-4.39497000
199.27999879	0.94943080	-4.39497000
199.35999879	0.94943080	-4.39497000
199.43999879	0.86092720	-4.39497000
199.51999879	0.94943080	-4.39497000
199.59999879	0.94943080	-4.39497000
199.67999879	0.94943080	-4.39497000
199.75999879	0.94943080	-4.30707700
199.83999879	0.94943080	-4.30707700
199.91999878	0.86092720	-4.30707700
199.99999878	0.94943080	-4.30707700
200.07999878	0.94943080	-4.30707700
200.15999878	0.94943080	-4.30707700
200.23999878	0.94943080	-4.30707700
