Time	Channel A	Channel B
(us)	(V)	(V)

0.00000000	-0.73488570	-2.98959300
0.08000000	-0.82338940	-3.07748700
0.16000000	-0.73488570	-3.07748700
0.24000000	-0.82338940	-3.16538000
0.32000000	-0.73488570	-3.16538000
0.40000000	-0.73488570	-3.16538000
0.48000000	-0.73488570	-3.16538000
0.56000000	-0.82338940	-3.16538000
0.64000000	-0.82338940	-3.16538000
0.72000000	-0.82338940	-3.16538000
0.80000000	-0.82338940	-3.16538000
0.87999999	-0.82338940	-3.16538000
0.95999999	-0.82338940	-3.16538000
1.03999999	-0.82338940	-3.25327300
1.11999999	-0.73488570	-3.25327300
1.19999999	-0.82338940	-3.25327300
1.27999999	-0.73488570	-3.25327300
1.35999999	-0.82338940	-3.25327300
1.43999999	-0.82338940	-3.25327300
1.51999999	-0.82338940	-3.34086100
1.59999999	-0.82338940	-3.25327300
1.67999999	-0.82338940	-3.34086100
1.75999999	-0.82338940	-3.34086100
1.83999999	-0.82338940	-3.34086100
1.91999999	-0.82338940	-3.34086100
1.99999999	-0.82338940	-3.34086100
2.07999999	-0.73488570	-3.34086100
2.15999999	-0.82338940	-3.34086100
2.23999999	-0.82338940	-3.34086100
2.31999999	-0.82338940	-3.34086100
2.39999999	-0.73488570	-3.34086100
2.47999998	-0.82338940	-3.34086100
2.55999998	-0.82338940	-3.42875500
2.63999998	-0.82338940	-3.42875500
2.71999998	-0.82338940	-3.42875500
2.79999998	-0.82338940	-3.34086100
2.87999998	-0.82338940	-3.42875500
2.95999998	-0.82338940	-3.34086100
3.03999998	-0.82338940	-3.42875500
3.11999998	-0.82338940	-3.42875500
3.19999998	-0.82338940	-3.34086100
3.27999998	-0.82338940	-3.42875500
3.35999998	-0.82338940	-3.42875500
3.43999998	-0.82338940	-3.34086100
3.51999998	-0.82338940	-3.42875500
3.59999998	-0.82338940	-3.42875500
3.67999998	-0.82338940	-3.42875500
3.75999998	-0.82338940	-3.42875500
3.83999998	-0.82338940	-3.34086100
3.91999998	-0.82338940	-3.42875500
3.99999998	-0.82338940	-3.34086100
4.07999998	-0.82338940	-3.34086100
4.15999997	-0.82338940	-3.42875500
4.23999997	-0.82338940	-3.42875500
4.31999997	-0.82338940	-3.34086100
4.39999997	-0.82338940	-3.42875500
4.47999997	-0.82338940	-3.34086100
4.55999997	-0.82338940	-3.34086100
4.63999997	-0.82338940	-3.34086100
4.71999997	-0.82338940	-3.34086100
4.79999997	-0.82338940	-3.34086100
4.87999997	-0.82338940	-3.34086100
4.95999997	-0.82338940	-3.34086100
5.03999997	-0.82338940	-3.34086100
5.11999997	-0.82338940	-3.34086100
5.19999997	-0.82338940	-3.34086100
5.27999997	-0.82338940	-3.25327300
5.35999997	-0.82338940	-3.25327300
5.43999997	-0.82338940	-3.34086100
5.51999997	-0.82338940	-3.34086100
5.59999997	-0.82338940	-3.34086100
5.67999997	-0.82338940	-3.25327300
5.75999996	-0.82338940	-3.25327300
5.83999996	-0.82338940	-3.25327300
5.91999996	-0.82338940	-3.25327300
5.99999996	-0.82338940	-3.25327300
6.07999996	-0.82338940	-3.16538000
6.15999996	-0.82338940	-3.16538000
6.23999996	-0.82338940	-3.16538000
6.31999996	-0.82338940	-3.16538000
6.39999996	-0.82338940	-3.16538000
6.47999996	-0.82338940	-3.16538000
6.55999996	-0.82338940	-3.16538000
6.63999996	-0.82338940	-3.16538000
6.71999996	-0.82338940	-3.16538000
6.79999996	-0.82338940	-3.07748700
6.87999996	-0.82338940	-3.16538000
6.95999996	-0.82338940	-3.07748700
7.03999996	-0.82338940	-2.98959300
7.11999996	-0.82338940	-2.98959300
7.19999996	-0.82338940	-3.07748700
7.27999996	-0.82338940	-2.98959300
7.35999996	-0.82338940	-2.98959300
7.43999995	-0.82338940	-2.98959300
7.51999995	-0.82338940	-2.98959300
7.59999995	-0.82338940	-2.90200500
7.67999995	-0.82338940	-2.90200500
7.75999995	-0.82338940	-2.90200500
7.83999995	-0.82338940	-2.90200500
7.91999995	-0.82338940	-2.90200500
7.99999995	-0.82338940	-2.81411200
8.07999995	-0.82338940	-2.81411200
8.15999995	-0.82338940	-2.81411200
8.23999995	-0.73488570	-2.81411200
8.31999995	-0.73488570	-2.81411200
8.39999995	-0.73488570	-2.81411200
8.47999995	-0.82338940	-2.81411200
8.55999995	-0.82338940	-2.72621800
8.63999995	-0.73488570	-2.72621800
8.71999995	-0.73488570	-2.72621800
8.79999995	-0.73488570	-2.72621800
8.87999995	-0.82338940	-2.63832500
8.95999995	-0.82338940	-2.63832500
9.03999995	-0.82338940	-2.63832500
9.11999994	-0.73488570	-2.63832500
9.19999994	-0.73488570	-2.55043200
9.27999994	-0.73488570	-2.55043200
9.35999994	-0.82338940	-2.55043200
9.43999994	-0.73488570	-2.46284400
9.51999994	-0.82338940	-2.46284400
9.59999994	-0.82338940	-2.46284400
9.67999994	-0.82338940	-2.46284400
9.75999994	-0.73488570	-2.46284400
9.83999994	-0.82338940	-2.37495000
9.91999994	-0.73488570	-2.37495000
9.99999994	-0.73488570	-2.37495000
10.07999994	-0.73488570	-2.37495000
10.15999994	-0.73488570	-2.28705700
10.23999994	-0.73488570	-2.28705700
10.31999994	-0.73488570	-2.28705700
10.39999994	-0.82338940	-2.19916400
10.47999994	-0.73488570	-2.19916400
10.55999994	-0.73488570	-2.19916400
10.63999994	-0.73488570	-2.11157600
10.71999993	-0.73488570	-2.11157600
10.79999993	-0.73488570	-2.11157600
10.87999993	-0.73488570	-2.11157600
10.95999993	-0.73488570	-2.11157600
11.03999993	-0.73488570	-2.02368200
11.11999993	-0.73488570	-2.02368200
11.19999993	-0.73488570	-2.02368200
11.27999993	-0.73488570	-2.02368200
11.35999993	-0.73488570	-1.93578900
11.43999993	-0.73488570	-1.93578900
11.51999993	-0.73488570	-1.93578900
11.59999993	-0.73488570	-1.84789600
11.67999993	-0.73488570	-1.84789600
11.75999993	-0.73488570	-1.76030800
11.83999993	-0.73488570	-1.84789600
11.91999993	-0.73488570	-1.76030800
11.99999993	-0.73488570	-1.76030800
12.07999993	-0.64607690	-1.76030800
12.15999993	-0.73488570	-1.67241400
12.23999993	-0.73488570	-1.67241400
12.31999993	-0.73488570	-1.67241400
12.39999992	-0.64607690	-1.67241400
12.47999992	-0.73488570	-1.58452100
12.55999992	-0.64607690	-1.58452100
12.63999992	-0.73488570	-1.58452100
12.71999992	-0.64607690	-1.49662800
12.79999992	-0.64607690	-1.49662800
12.87999992	-0.64607690	-1.49662800
12.95999992	-0.64607690	-1.49662800
13.03999992	-0.64607690	-1.40904000
13.11999992	-0.55757310	-1.40904000
13.19999992	-0.55757310	-1.40904000
13.27999992	-0.55757310	-1.40904000
13.35999992	-0.55757310	-1.32114600
13.43999992	-0.55757310	-1.32114600
13.51999992	-0.55757310	-1.32114600
13.59999992	-0.55757310	-1.23325300
13.67999992	-0.55757310	-1.23325300
13.75999992	-0.55757310	-1.23325300
13.83999992	-0.55757310	-1.23325300
13.91999992	-0.55757310	-1.23325300
13.99999991	-0.55757310	-1.14536000
14.07999991	-0.55757310	-1.05746600
14.15999991	-0.55757310	-1.05746600
14.23999991	-0.55757310	-1.05746600
14.31999991	-0.55757310	-1.05746600
14.39999991	-0.55757310	-1.05746600
14.47999991	-0.55757310	-1.05746600
14.55999991	-0.55757310	-1.05746600
14.63999991	-0.55757310	-0.96987830
14.71999991	-0.55757310	-0.88198490
14.79999991	-0.55757310	-0.88198490
14.87999991	-0.55757310	-0.88198490
14.95999991	-0.55757310	-0.79409160
15.03999991	-0.55757310	-0.79409160
15.11999991	-0.55757310	-0.79409160
15.19999991	-0.55757310	-0.79409160
15.27999991	-0.55757310	-0.70619830
15.35999991	-0.46876430	-0.70619830
15.43999991	-0.46876430	-0.70619830
15.51999991	-0.55757310	-0.70619830
15.59999991	-0.46876430	-0.61861020
15.67999990	-0.46876430	-0.53071690
15.75999990	-0.46876430	-0.53071690
15.83999990	-0.46876430	-0.53071690
15.91999990	-0.46876430	-0.53071690
15.99999990	-0.46876430	-0.53071690
16.07999990	-0.46876430	-0.53071690
16.15999990	-0.46876430	-0.44282360
16.23999990	-0.46876430	-0.44282360
16.31999990	-0.46876430	-0.35493030
16.39999990	-0.38026060	-0.35493030
16.47999990	-0.46876430	-0.35493030
16.55999990	-0.38026060	-0.35493030
16.63999990	-0.38026060	-0.26734220
16.71999990	-0.38026060	-0.26734220
16.79999990	-0.38026060	-0.17944880
16.87999990	-0.29145180	-0.17944880
16.95999990	-0.29145180	-0.17944880
17.03999990	-0.38026060	-0.09155553
17.11999990	-0.29145180	-0.09155553
17.19999990	-0.20294810	-0.09155553
17.27999989	-0.20294810	-0.09155553
17.35999989	-0.20294810	-0.00366222
17.43999989	-0.11413920	-0.00366222
17.51999989	-0.20294810	-0.00366222
17.59999989	-0.11413920	-0.00366222
17.67999989	-0.11413920	-0.00366222
17.75999989	-0.02563555	-0.00366222
17.83999989	-0.02563555	0.08392590
17.91999989	-0.02563555	0.17151400
17.99999989	-0.02563555	0.17151400
18.07999989	0.06317332	0.17151400
18.15999989	0.06317332	0.17151400
18.23999989	0.15167700	0.25940730
18.31999989	0.15167700	0.25940730
18.39999989	0.24048580	0.34730060
18.47999989	0.24048580	0.34730060
18.55999989	0.32898950	0.34730060
18.63999989	0.59480580	0.43519400
18.71999989	0.59480580	0.43519400
18.79999989	0.59480580	0.43519400
18.87999989	0.59480580	0.43519400
18.95999988	0.59480580	0.43519400
19.03999988	0.50630210	0.52278210
19.11999988	0.59480580	0.61067540
19.19999988	1.65868100	0.61067540
19.27999988	2.10211500	0.61067540
19.35999988	1.92480200	0.61067540
19.43999988	1.03824000	0.69856870
19.51999988	0.15167700	0.69856870
19.59999988	4.58449000	0.69856870
19.67999988	4.14136200	0.69856870
19.75999988	4.31867400	0.69856870
19.83999988	4.05255300	0.69856870
19.91999988	4.14136200	0.78646200
19.99999988	4.05255300	0.78646200
20.07999988	4.05255300	0.87405010
20.15999988	4.05255300	0.87405010
20.23999988	4.05255300	0.87405010
20.31999988	4.05255300	0.87405010
20.39999988	4.05255300	0.96194340
20.47999988	4.05255300	0.96194340
20.55999988	4.05255300	1.04983700
20.63999987	3.96404900	1.04983700
20.71999987	3.96404900	1.04983700
20.79999987	3.96404900	1.04983700
20.87999987	3.96404900	1.13773000
20.95999987	3.96404900	1.13773000
21.03999987	3.87524000	1.22531800
21.11999987	3.87524000	1.22531800
21.19999987	3.96404900	1.31321100
21.27999987	3.96404900	1.31321100
21.35999987	3.87524000	1.31321100
21.43999987	3.87524000	1.40110500
21.51999987	3.87524000	1.40110500
21.59999987	3.87524000	1.40110500
21.67999987	3.87524000	1.40110500
21.75999987	3.87524000	1.48899800
21.83999987	3.78673700	1.48899800
21.91999987	3.87524000	1.57689100
21.99999987	3.87524000	1.57689100
22.07999987	3.78673700	1.57689100
22.15999987	3.78673700	1.66447900
22.23999986	3.78673700	1.75237300
22.31999986	3.78673700	1.75237300
22.39999986	3.78673700	1.75237300
22.47999986	3.78673700	1.75237300
22.55999986	3.78673700	1.75237300
22.63999986	3.69792800	1.84026600
22.71999986	3.78673700	1.84026600
22.79999986	3.78673700	1.92815900
22.87999986	3.78673700	1.92815900
22.95999986	3.78673700	2.01574800
23.03999986	3.78673700	2.01574800
23.11999986	3.69792800	2.01574800
23.19999986	3.78673700	2.01574800
23.27999986	3.69792800	2.10364100
23.35999986	3.69792800	2.10364100
23.43999986	3.69792800	2.19153400
23.51999986	3.69792800	2.19153400
23.59999986	3.69792800	2.27942800
23.67999986	3.69792800	2.27942800
23.75999986	3.69792800	2.27942800
23.83999986	3.69792800	2.27942800
23.91999985	3.69792800	2.36701600
23.99999985	3.69792800	2.36701600
24.07999985	3.69792800	2.45490900
24.15999985	3.69792800	2.45490900
24.23999985	3.69792800	2.45490900
24.31999985	3.69792800	2.54280200
24.39999985	3.69792800	2.54280200
24.47999985	3.69792800	2.63069600
24.55999985	3.69792800	2.63069600
24.63999985	3.60942400	2.63069600
24.71999985	3.69792800	2.71828400
24.79999985	3.60942400	2.71828400
24.87999985	3.60942400	2.80617700
24.95999985	3.69792800	2.80617700
25.03999985	3.60942400	2.80617700
25.11999985	3.60942400	2.80617700
25.19999985	3.60942400	2.89407000
25.27999985	3.60942400	2.89407000
25.35999985	3.60942400	2.98196400
25.43999985	3.60942400	2.98196400
25.51999984	3.60942400	2.98196400
25.59999984	3.60942400	2.98196400
25.67999984	3.60942400	3.06985700
25.75999984	3.60942400	3.06985700
25.83999984	3.60942400	3.15744500
25.91999984	3.60942400	3.15744500
25.99999984	3.60942400	3.15744500
26.07999984	3.60942400	3.24533800
26.15999984	3.60942400	3.24533800
26.23999984	3.60942400	3.24533800
26.31999984	3.60942400	3.33323200
26.39999984	3.60942400	3.33323200
26.47999984	3.60942400	3.42112500
26.55999984	3.52061500	3.42112500
26.63999984	3.60942400	3.50871300
26.71999984	3.52061500	3.50871300
26.79999984	3.52061500	3.50871300
26.87999984	3.60942400	3.50871300
26.95999984	3.60942400	3.50871300
27.03999984	3.60942400	3.59660600
27.11999984	3.60942400	3.59660600
27.19999983	3.60942400	3.59660600
27.27999983	3.60942400	3.68450000
27.35999983	3.60942400	3.68450000
27.43999983	3.52061500	3.68450000
27.51999983	3.52061500	3.68450000
27.59999983	3.60942400	3.68450000
27.67999983	3.52061500	3.77239300
27.75999983	3.60942400	3.85998100
27.83999983	3.60942400	3.85998100
27.91999983	3.60942400	3.85998100
27.99999983	3.52061500	3.85998100
28.07999983	3.60942400	3.85998100
28.15999983	3.52061500	3.85998100
28.23999983	3.52061500	3.94787400
28.31999983	3.52061500	3.94787400
28.39999983	3.60942400	4.03576800
28.47999983	3.60942400	4.03576800
28.55999983	3.60942400	4.03576800
28.63999983	3.52061500	4.03576800
28.71999983	3.52061500	4.12366100
28.79999982	3.60942400	4.12366100
28.87999982	3.60942400	4.12366100
28.95999982	3.60942400	4.12366100
29.03999982	3.60942400	4.12366100
29.11999982	3.60942400	4.12366100
29.19999982	3.52061500	4.21124900
29.27999982	3.52061500	4.21124900
29.35999982	3.52061500	4.21124900
29.43999982	3.52061500	4.21124900
29.51999982	3.52061500	4.21124900
29.59999982	3.60942400	4.21124900
29.67999982	3.60942400	4.21124900
29.75999982	3.60942400	4.21124900
29.83999982	3.60942400	4.29914200
29.91999982	3.60942400	4.29914200
29.99999982	3.60942400	4.29914200
30.07999982	3.60942400	4.29914200
30.15999982	3.60942400	4.29914200
30.23999982	3.52061500	4.29914200
30.31999982	3.60942400	4.38703600
30.39999982	3.60942400	4.38703600
30.47999981	3.69792800	4.38703600
30.55999981	3.60942400	4.38703600
30.63999981	3.60942400	4.38703600
30.71999981	3.60942400	4.38703600
30.79999981	3.60942400	4.38703600
30.87999981	3.60942400	4.38703600
30.95999981	3.60942400	4.38703600
31.03999981	3.69792800	4.38703600
31.11999981	3.60942400	4.38703600
31.19999981	3.60942400	4.38703600
31.27999981	3.60942400	4.38703600
31.35999981	3.60942400	4.38703600
31.43999981	3.69792800	4.38703600
31.51999981	3.69792800	4.38703600
31.59999981	3.69792800	4.47492900
31.67999981	3.69792800	4.38703600
31.75999981	3.69792800	4.38703600
31.83999981	3.69792800	4.38703600
31.91999981	3.69792800	4.47492900
31.99999981	3.69792800	4.47492900
32.07999981	3.69792800	4.38703600
32.15999980	3.69792800	4.38703600
32.23999980	3.69792800	4.47492900
32.31999980	3.69792800	4.38703600
32.39999980	3.69792800	4.38703600
32.47999980	3.69792800	4.38703600
32.55999980	3.69792800	4.38703600
32.63999980	3.69792800	4.38703600
32.71999980	3.69792800	4.38703600
32.79999980	3.69792800	4.38703600
32.87999980	3.69792800	4.38703600
32.95999980	3.69792800	4.29914200
33.03999980	3.69792800	4.29914200
33.11999980	3.69792800	4.29914200
33.19999980	3.69792800	4.29914200
33.27999980	3.78673700	4.29914200
33.35999980	3.69792800	4.21124900
33.43999980	3.69792800	4.29914200
33.51999980	3.69792800	4.21124900
33.59999980	3.69792800	4.21124900
33.67999980	3.78673700	4.21124900
33.75999979	3.69792800	4.21124900
33.83999979	3.78673700	4.21124900
33.91999979	3.69792800	4.21124900
33.99999979	3.78673700	4.21124900
34.07999979	3.78673700	4.21124900
34.15999979	3.78673700	4.12366100
34.23999979	3.78673700	4.12366100
34.31999979	3.78673700	4.12366100
34.39999979	3.78673700	4.12366100
34.47999979	3.78673700	4.03576800
34.55999979	3.78673700	4.03576800
34.63999979	3.78673700	4.03576800
34.71999979	3.78673700	3.94787400
34.79999979	3.78673700	3.94787400
34.87999979	3.78673700	3.94787400
34.95999979	3.78673700	3.85998100
35.03999979	3.78673700	3.85998100
35.11999979	3.87524000	3.85998100
35.19999979	3.78673700	3.85998100
35.27999979	3.87524000	3.77239300
35.35999979	3.87524000	3.77239300
35.43999978	3.87524000	3.68450000
35.51999978	3.87524000	3.68450000
35.59999978	3.87524000	3.68450000
35.67999978	3.87524000	3.68450000
35.75999978	3.87524000	3.68450000
35.83999978	3.87524000	3.59660600
35.91999978	3.87524000	3.59660600
35.99999978	3.87524000	3.59660600
36.07999978	3.87524000	3.50871300
36.15999978	3.87524000	3.50871300
36.23999978	3.87524000	3.42112500
36.31999978	3.87524000	3.42112500
36.39999978	3.87524000	3.33323200
36.47999978	3.87524000	3.33323200
36.55999978	3.87524000	3.33323200
36.63999978	3.87524000	3.33323200
36.71999978	3.87524000	3.24533800
36.79999978	3.96404900	3.24533800
36.87999978	3.96404900	3.15744500
36.95999978	3.87524000	3.15744500
37.03999977	3.87524000	3.15744500
37.11999977	3.87524000	3.06985700
37.19999977	3.87524000	3.06985700
37.27999977	3.96404900	2.98196400
37.35999977	3.96404900	2.98196400
37.43999977	3.96404900	2.89407000
37.51999977	3.96404900	2.89407000
37.59999977	3.96404900	2.89407000
37.67999977	3.96404900	2.80617700
37.75999977	3.96404900	2.80617700
37.83999977	3.96404900	2.71828400
37.91999977	3.96404900	2.71828400
37.99999977	3.96404900	2.63069600
38.07999977	3.96404900	2.63069600
38.15999977	3.96404900	2.54280200
38.23999977	3.96404900	2.54280200
38.31999977	4.05255300	2.45490900
38.39999977	4.05255300	2.45490900
38.47999977	4.05255300	2.45490900
38.55999977	4.05255300	2.36701600
38.63999977	4.05255300	2.36701600
38.71999976	3.96404900	2.27942800
38.79999976	4.05255300	2.27942800
38.87999976	4.05255300	2.19153400
38.95999976	4.05255300	2.10364100
39.03999976	4.05255300	2.01574800
39.11999976	4.05255300	2.10364100
39.19999976	4.05255300	2.01574800
39.27999976	4.05255300	2.01574800
39.35999976	4.05255300	2.01574800
39.43999976	4.05255300	1.84026600
39.51999976	4.05255300	1.84026600
39.59999976	4.14136200	1.75237300
39.67999976	4.05255300	1.75237300
39.75999976	4.05255300	1.75237300
39.83999976	4.05255300	1.66447900
39.91999976	4.05255300	1.57689100
39.99999976	4.05255300	1.57689100
40.07999976	4.14136200	1.48899800
40.15999976	4.05255300	1.48899800
40.23999976	4.05255300	1.40110500
40.31999975	4.05255300	1.40110500
40.39999975	4.05255300	1.31321100
40.47999975	4.14136200	1.31321100
40.55999975	4.14136200	1.22531800
40.63999975	4.05255300	1.22531800
40.71999975	4.05255300	1.13773000
40.79999975	4.14136200	1.04983700
40.87999975	4.14136200	1.04983700
40.95999975	4.14136200	1.04983700
41.03999975	4.14136200	0.96194340
41.11999975	4.14136200	0.87405010
41.19999975	4.14136200	0.87405010
41.27999975	4.14136200	0.78646200
41.35999975	4.14136200	0.78646200
41.43999975	4.14136200	0.69856870
41.51999975	4.14136200	0.69856870
41.59999975	4.14136200	0.61067540
41.67999975	4.14136200	0.61067540
41.75999975	4.14136200	0.52278210
41.83999975	4.14136200	0.43519400
41.91999975	4.14136200	0.43519400
41.99999974	4.14136200	0.34730060
42.07999974	4.14136200	0.25940730
42.15999974	4.14136200	0.25940730
42.23999974	4.14136200	0.17151400
42.31999974	4.14136200	0.17151400
42.39999974	4.22986600	0.08392590
42.47999974	4.22986600	0.08392590
42.55999974	4.14136200	-0.00366222
42.63999974	4.14136200	-0.00366222
42.71999974	4.22986600	-0.09155553
42.79999974	4.14136200	-0.09155553
42.87999974	4.14136200	-0.17944880
42.95999974	4.22986600	-0.26734220
43.03999974	4.22986600	-0.26734220
43.11999974	4.22986600	-0.35493030
43.19999974	4.22986600	-0.44282360
43.27999974	4.22986600	-0.44282360
43.35999974	4.22986600	-0.53071690
43.43999974	4.22986600	-0.61861020
43.51999974	4.22986600	-0.61861020
43.59999974	4.22986600	-0.70619830
43.67999973	4.22986600	-0.70619830
43.75999973	4.22986600	-0.79409160
43.83999973	4.22986600	-0.79409160
43.91999973	4.22986600	-0.88198490
43.99999973	4.22986600	-0.96987830
44.07999973	4.22986600	-1.05746600
44.15999973	4.22986600	-1.05746600
44.23999973	4.22986600	-1.05746600
44.31999973	4.31867400	-1.14536000
44.39999973	4.22986600	-1.23325300
44.47999973	4.22986600	-1.23325300
44.55999973	4.22986600	-1.32114600
44.63999973	4.22986600	-1.40904000
44.71999973	4.22986600	-1.40904000
44.79999973	4.22986600	-1.40904000
44.87999973	4.31867400	-1.49662800
44.95999973	4.31867400	-1.58452100
45.03999973	4.31867400	-1.67241400
45.11999973	4.31867400	-1.67241400
45.19999973	4.31867400	-1.76030800
45.27999972	4.31867400	-1.76030800
45.35999972	4.40717800	-1.76030800
45.43999972	4.40717800	-1.84789600
45.51999972	4.58449000	-1.84789600
45.59999972	4.93911600	-1.93578900
45.67999972	5.11642800	-2.02368200
45.75999972	5.20523700	-2.02368200
45.83999972	5.11642800	-2.11157600
45.91999972	5.02792500	-2.11157600
45.99999972	5.02792500	-2.19916400
46.07999972	5.02792500	-2.19916400
46.15999972	5.02792500	-2.28705700
46.23999972	5.11642800	-2.28705700
46.31999972	5.11642800	-2.37495000
46.39999972	5.11642800	-2.37495000
46.47999972	5.02792500	-2.46284400
46.55999972	5.02792500	-2.46284400
46.63999972	4.93911600	-2.63832500
46.71999972	4.93911600	-2.63832500
46.79999972	4.93911600	-2.63832500
46.87999972	4.93911600	-2.63832500
46.95999971	4.93911600	-2.72621800
47.03999971	4.93911600	-2.81411200
47.11999971	4.85061200	-2.81411200
47.19999971	4.85061200	-2.81411200
47.27999971	4.85061200	-2.90200500
47.35999971	4.85061200	-2.90200500
47.43999971	4.85061200	-2.98959300
47.51999971	4.76180300	-2.98959300
47.59999971	4.76180300	-3.07748700
47.67999971	4.76180300	-3.16538000
47.75999971	4.76180300	-3.16538000
47.83999971	4.76180300	-3.16538000
47.91999971	4.76180300	-3.16538000
47.99999971	4.67329900	-3.25327300
48.07999971	4.67329900	-3.34086100
48.15999971	4.58449000	-3.34086100
48.23999971	4.67329900	-3.34086100
48.31999971	4.58449000	-3.42875500
48.39999971	4.58449000	-3.42875500
48.47999971	4.58449000	-3.42875500
48.55999970	4.49598700	-3.51664800
48.63999970	4.58449000	-3.60454100
48.71999970	4.58449000	-3.60454100
48.79999970	4.49598700	-3.60454100
48.87999970	4.49598700	-3.60454100
48.95999970	4.49598700	-3.69212900
49.03999970	4.49598700	-3.78002300
49.11999970	4.49598700	-3.78002300
49.19999970	4.40717800	-3.86791600
49.27999970	4.40717800	-3.86791600
49.35999970	4.40717800	-3.86791600
49.43999970	4.40717800	-3.86791600
49.51999970	4.40717800	-3.95580900
49.59999970	4.40717800	-3.95580900
49.67999970	4.40717800	-4.04339700
49.75999970	4.40717800	-4.04339700
49.83999970	4.40717800	-4.13129000
49.91999970	4.40717800	-4.04339700
49.99999970	4.40717800	-4.13129000
50.07999970	4.31867400	-4.21918400
50.15999970	4.31867400	-4.21918400
50.23999969	4.31867400	-4.21918400
50.31999969	4.31867400	-4.21918400
50.39999969	4.31867400	-4.30707700
50.47999969	4.31867400	-4.30707700
50.55999969	4.31867400	-4.30707700
50.63999969	4.31867400	-4.39497000
50.71999969	4.31867400	-4.39497000
50.79999969	4.40717800	-4.39497000
50.87999969	4.22986600	-4.48255900
50.95999969	4.31867400	-4.48255900
51.03999969	4.31867400	-4.48255900
51.11999969	4.31867400	-4.57045200
51.19999969	4.22986600	-4.57045200
51.27999969	4.31867400	-4.57045200
51.35999969	4.31867400	-4.57045200
51.43999969	4.31867400	-4.65834500
51.51999969	4.31867400	-4.57045200
51.59999969	4.31867400	-4.65834500
51.67999969	4.31867400	-4.65834500
51.75999969	4.22986600	-4.74623900
51.83999968	4.31867400	-4.74623900
51.91999968	4.22986600	-4.74623900
51.99999968	4.22986600	-4.65834500
52.07999968	4.22986600	-4.74623900
52.15999968	4.31867400	-4.74623900
52.23999968	4.22986600	-4.83382700
52.31999968	4.22986600	-4.74623900
52.39999968	4.22986600	-4.83382700
52.47999968	4.22986600	-4.83382700
52.55999968	4.22986600	-4.83382700
52.63999968	4.22986600	-4.92172000
52.71999968	4.22986600	-4.92172000
52.79999968	4.22986600	-4.92172000
52.87999968	4.22986600	-4.92172000
52.95999968	4.22986600	-4.92172000
53.03999968	4.22986600	-4.92172000
53.11999968	4.22986600	-4.92172000
53.19999968	4.22986600	-4.92172000
53.27999968	4.31867400	-4.92172000
53.35999968	4.22986600	-4.92172000
53.43999968	4.22986600	-4.92172000
53.51999967	4.22986600	-4.92172000
53.59999967	4.22986600	-4.92172000
53.67999967	4.22986600	-4.92172000
53.75999967	4.22986600	-4.92172000
53.83999967	4.22986600	-4.92172000
53.91999967	4.31867400	-4.92172000
53.99999967	4.22986600	-5.00961400
54.07999967	4.31867400	-4.92172000
54.15999967	4.22986600	-4.92172000
54.23999967	4.22986600	-4.92172000
54.31999967	4.22986600	-5.00961400
54.39999967	4.22986600	-4.92172000
54.47999967	4.22986600	-5.00961400
54.55999967	4.22986600	-5.00961400
54.63999967	4.22986600	-5.00961400
54.71999967	4.22986600	-5.00961400
54.79999967	4.22986600	-4.92172000
54.87999967	4.22986600	-4.92172000
54.95999967	4.22986600	-4.92172000
55.03999967	4.22986600	-5.00961400
55.11999967	4.22986600	-4.92172000
55.19999966	4.22986600	-4.92172000
55.27999966	4.22986600	-4.92172000
55.35999966	4.22986600	-4.92172000
55.43999966	4.22986600	-4.92172000
55.51999966	4.22986600	-4.92172000
55.59999966	4.22986600	-4.92172000
55.67999966	4.22986600	-4.92172000
55.75999966	4.22986600	-4.92172000
55.83999966	4.22986600	-4.83382700
55.91999966	4.22986600	-4.92172000
55.99999966	4.22986600	-4.92172000
56.07999966	4.22986600	-4.83382700
56.15999966	4.22986600	-4.83382700
56.23999966	4.22986600	-4.83382700
56.31999966	4.22986600	-4.83382700
56.39999966	4.22986600	-4.74623900
56.47999966	4.22986600	-4.74623900
56.55999966	4.22986600	-4.74623900
56.63999966	4.22986600	-4.74623900
56.71999966	4.22986600	-4.74623900
56.79999965	4.22986600	-4.74623900
56.87999965	4.22986600	-4.74623900
56.95999965	4.22986600	-4.65834500
57.03999965	4.22986600	-4.65834500
57.11999965	4.22986600	-4.65834500
57.19999965	4.22986600	-4.57045200
57.27999965	4.22986600	-4.57045200
57.35999965	4.22986600	-4.57045200
57.43999965	4.22986600	-4.57045200
57.51999965	4.22986600	-4.57045200
57.59999965	4.22986600	-4.57045200
57.67999965	4.22986600	-4.48255900
57.75999965	4.22986600	-4.48255900
57.83999965	4.22986600	-4.39497000
57.91999965	4.22986600	-4.39497000
57.99999965	4.22986600	-4.39497000
58.07999965	4.22986600	-4.30707700
58.15999965	4.22986600	-4.30707700
58.23999965	4.22986600	-4.30707700
58.31999965	4.22986600	-4.21918400
58.39999965	4.22986600	-4.21918400
58.47999964	4.22986600	-4.21918400
58.55999964	4.22986600	-4.21918400
58.63999964	4.31867400	-4.21918400
58.71999964	4.31867400	-4.13129000
58.79999964	4.22986600	-4.13129000
58.87999964	4.22986600	-4.13129000
58.95999964	4.31867400	-4.04339700
59.03999964	4.31867400	-4.04339700
59.11999964	4.22986600	-4.04339700
59.19999964	4.22986600	-3.95580900
59.27999964	4.31867400	-3.95580900
59.35999964	4.31867400	-3.86791600
59.43999964	4.31867400	-3.86791600
59.51999964	4.31867400	-3.86791600
59.59999964	4.31867400	-3.86791600
59.67999964	4.31867400	-3.78002300
59.75999964	4.40717800	-3.78002300
59.83999964	4.40717800	-3.69212900
59.91999964	4.49598700	-3.69212900
59.99999964	4.58449000	-3.60454100
60.07999963	4.76180300	-3.60454100
60.15999963	4.85061200	-3.60454100
60.23999963	4.93911600	-3.60454100
60.31999963	4.93911600	-3.51664800
60.39999963	4.93911600	-3.51664800
60.47999963	4.93911600	-3.51664800
60.55999963	5.02792500	-3.42875500
60.63999963	4.93911600	-3.34086100
60.71999963	5.02792500	-3.34086100
60.79999963	5.02792500	-3.25327300
60.87999963	5.02792500	-3.34086100
60.95999963	5.02792500	-3.25327300
61.03999963	5.02792500	-3.25327300
61.11999963	5.11642800	-3.16538000
61.19999963	5.02792500	-3.16538000
61.27999963	5.11642800	-3.07748700
61.35999963	5.11642800	-3.07748700
61.43999963	5.11642800	-2.98959300
61.51999963	5.11642800	-2.98959300
61.59999963	5.11642800	-2.98959300
61.67999963	5.11642800	-2.90200500
61.75999962	5.11642800	-2.90200500
61.83999962	5.11642800	-2.90200500
61.91999962	5.11642800	-2.81411200
61.99999962	5.20523700	-2.81411200
62.07999962	5.11642800	-2.81411200
62.15999962	5.11642800	-2.72621800
62.23999962	5.11642800	-2.72621800
62.31999962	5.11642800	-2.63832500
62.39999962	5.11642800	-2.63832500
62.47999962	5.20523700	-2.55043200
62.55999962	5.11642800	-2.46284400
62.63999962	5.11642800	-2.46284400
62.71999962	5.20523700	-2.37495000
62.79999962	5.11642800	-2.37495000
62.87999962	5.20523700	-2.28705700
62.95999962	5.20523700	-2.28705700
63.03999962	5.20523700	-2.28705700
63.11999962	5.20523700	-2.19916400
63.19999962	5.20523700	-2.19916400
63.27999962	5.20523700	-2.19916400
63.35999961	5.20523700	-2.11157600
63.43999961	5.20523700	-2.02368200
63.51999961	5.20523700	-2.02368200
63.59999961	5.20523700	-2.02368200
63.67999961	5.20523700	-1.93578900
63.75999961	5.20523700	-1.93578900
63.83999961	5.20523700	-1.84789600
63.91999961	5.20523700	-1.84789600
63.99999961	5.29374100	-1.76030800
64.07999961	5.20523700	-1.76030800
64.15999961	5.29374100	-1.76030800
64.23999961	5.29374100	-1.67241400
64.31999961	5.29374100	-1.67241400
64.39999961	5.29374100	-1.58452100
64.47999961	5.29374100	-1.58452100
64.55999961	5.29374100	-1.49662800
64.63999961	5.29374100	-1.49662800
64.71999961	5.29374100	-1.40904000
64.79999961	5.29374100	-1.40904000
64.87999961	5.29374100	-1.40904000
64.95999961	5.29374100	-1.32114600
65.03999960	5.29374100	-1.23325300
65.11999960	5.29374100	-1.23325300
65.19999960	5.29374100	-1.23325300
65.27999960	5.38254900	-1.14536000
65.35999960	5.29374100	-1.14536000
65.43999960	5.38254900	-1.05746600
65.51999960	5.29374100	-1.05746600
65.59999960	5.38254900	-1.05746600
65.67999960	5.38254900	-0.88198490
65.75999960	5.38254900	-0.88198490
65.83999960	5.38254900	-0.88198490
65.91999960	5.38254900	-0.79409160
65.99999960	5.38254900	-0.70619830
66.07999960	5.47105300	-0.70619830
66.15999960	5.47105300	-0.70619830
66.23999960	5.47105300	-0.61861020
66.31999960	5.47105300	-0.61861020
66.39999960	5.47105300	-0.53071690
66.47999960	5.47105300	-0.53071690
66.55999960	5.55986200	-0.53071690
66.63999959	5.55986200	-0.44282360
66.71999959	5.55986200	-0.35493030
66.79999959	5.55986200	-0.35493030
66.87999959	5.55986200	-0.35493030
66.95999959	5.55986200	-0.26734220
67.03999959	5.55986200	-0.17944880
67.11999959	5.55986200	-0.17944880
67.19999959	5.55986200	-0.17944880
67.27999959	5.55986200	-0.09155553
67.35999959	5.55986200	-0.09155553
67.43999959	5.55986200	-0.00366222
67.51999959	5.55986200	-0.00366222
67.59999959	5.64836500	0.08392590
67.67999959	5.64836500	0.08392590
67.75999959	5.55986200	0.17151400
67.83999959	5.55986200	0.17151400
67.91999959	5.55986200	0.17151400
67.99999959	5.55986200	0.25940730
68.07999959	5.55986200	0.34730060
68.15999959	5.64836500	0.34730060
68.23999959	5.55986200	0.34730060
68.31999958	5.64836500	0.43519400
68.39999958	5.55986200	0.43519400
68.47999958	5.64836500	0.52278210
68.55999958	5.64836500	0.52278210
68.63999958	5.64836500	0.61067540
68.71999958	5.64836500	0.61067540
68.79999958	5.64836500	0.69856870
68.87999958	5.64836500	0.69856870
68.95999958	5.64836500	0.69856870
69.03999958	5.64836500	0.78646200
69.11999958	5.64836500	0.78646200
69.19999958	5.64836500	0.87405010
69.27999958	5.64836500	0.87405010
69.35999958	5.64836500	0.87405010
69.43999958	5.64836500	0.96194340
69.51999958	5.64836500	1.04983700
69.59999958	5.64836500	1.04983700
69.67999958	5.64836500	1.04983700
69.75999958	5.73717500	1.04983700
69.83999958	5.64836500	1.22531800
69.91999958	5.64836500	1.22531800
69.99999957	5.64836500	1.22531800
70.07999957	5.64836500	1.22531800
70.15999957	5.73717500	1.31321100
70.23999957	5.64836500	1.40110500
70.31999957	5.64836500	1.40110500
70.39999957	5.73717500	1.40110500
70.47999957	5.64836500	1.48899800
70.55999957	5.73717500	1.48899800
70.63999957	5.64836500	1.57689100
70.71999957	5.73717500	1.57689100
70.79999957	5.64836500	1.57689100
70.87999957	5.73717500	1.66447900
70.95999957	5.73717500	1.66447900
71.03999957	5.64836500	1.75237300
71.11999957	5.73717500	1.75237300
71.19999957	5.73717500	1.75237300
71.27999957	5.64836500	1.75237300
71.35999957	5.73717500	1.84026600
71.43999957	5.73717500	1.84026600
71.51999957	5.73717500	1.92815900
71.59999956	5.73717500	1.92815900
71.67999956	5.73717500	1.92815900
71.75999956	5.73717500	2.01574800
71.83999956	5.73717500	2.01574800
71.91999956	5.73717500	2.10364100
71.99999956	5.73717500	2.10364100
72.07999956	5.73717500	2.10364100
72.15999956	5.73717500	2.19153400
72.23999956	5.82567800	2.19153400
72.31999956	5.73717500	2.27942800
72.39999956	5.73717500	2.27942800
72.47999956	5.73717500	2.27942800
72.55999956	5.82567800	2.27942800
72.63999956	5.73717500	2.36701600
72.71999956	5.82567800	2.36701600
72.79999956	5.82567800	2.36701600
72.87999956	5.82567800	2.45490900
72.95999956	5.82567800	2.45490900
73.03999956	5.73717500	2.45490900
73.11999956	5.73717500	2.45490900
73.19999956	5.82567800	2.54280200
73.27999955	5.82567800	2.54280200
73.35999955	5.73717500	2.54280200
73.43999955	5.82567800	2.63069600
73.51999955	5.82567800	2.63069600
73.59999955	5.82567800	2.63069600
73.67999955	5.82567800	2.71828400
73.75999955	5.82567800	2.71828400
73.83999955	5.82567800	2.71828400
73.91999955	5.82567800	2.80617700
73.99999955	5.82567800	2.80617700
74.07999955	5.82567800	2.80617700
74.15999955	5.82567800	2.80617700
74.23999955	5.82567800	2.80617700
74.31999955	5.82567800	2.80617700
74.39999955	5.82567800	2.89407000
74.47999955	5.82567800	2.89407000
74.55999955	5.82567800	2.98196400
74.63999955	5.82567800	2.98196400
74.71999955	5.82567800	2.98196400
74.79999955	5.82567800	2.98196400
74.87999954	5.82567800	3.06985700
74.95999954	5.82567800	3.06985700
75.03999954	5.82567800	3.06985700
75.11999954	5.82567800	3.15744500
75.19999954	5.82567800	3.15744500
75.27999954	5.82567800	3.15744500
75.35999954	5.82567800	3.15744500
75.43999954	5.82567800	3.15744500
75.51999954	5.82567800	3.15744500
75.59999954	5.82567800	3.15744500
75.67999954	5.82567800	3.24533800
75.75999954	5.82567800	3.24533800
75.83999954	5.82567800	3.24533800
75.91999954	5.82567800	3.24533800
75.99999954	5.91448700	3.33323200
76.07999954	5.82567800	3.24533800
76.15999954	5.82567800	3.33323200
76.23999954	5.82567800	3.33323200
76.31999954	5.82567800	3.33323200
76.39999954	5.82567800	3.33323200
76.47999954	5.82567800	3.33323200
76.55999953	5.82567800	3.33323200
76.63999953	5.82567800	3.42112500
76.71999953	5.82567800	3.42112500
76.79999953	5.91448700	3.42112500
76.87999953	5.82567800	3.42112500
76.95999953	5.82567800	3.42112500
77.03999953	5.82567800	3.42112500
77.11999953	5.82567800	3.42112500
77.19999953	5.82567800	3.42112500
77.27999953	5.82567800	3.42112500
77.35999953	5.82567800	3.50871300
77.43999953	5.82567800	3.42112500
77.51999953	5.91448700	3.42112500
77.59999953	5.82567800	3.50871300
77.67999953	5.82567800	3.50871300
77.75999953	5.91448700	3.50871300
77.83999953	5.82567800	3.50871300
77.91999953	5.91448700	3.50871300
77.99999953	5.91448700	3.50871300
78.07999953	5.91448700	3.50871300
78.15999952	5.91448700	3.50871300
78.23999952	5.82567800	3.50871300
78.31999952	5.91448700	3.50871300
78.39999952	5.82567800	3.50871300
78.47999952	5.82567800	3.50871300
78.55999952	5.82567800	3.50871300
78.63999952	5.91448700	3.50871300
78.71999952	5.91448700	3.50871300
78.79999952	5.91448700	3.50871300
78.87999952	5.91448700	3.50871300
78.95999952	5.82567800	3.50871300
79.03999952	5.91448700	3.50871300
79.11999952	5.82567800	3.50871300
79.19999952	5.82567800	3.50871300
79.27999952	5.82567800	3.50871300
79.35999952	5.82567800	3.50871300
79.43999952	5.82567800	3.50871300
79.51999952	5.91448700	3.50871300
79.59999952	5.91448700	3.50871300
79.67999952	5.91448700	3.50871300
79.75999952	5.91448700	3.50871300
79.83999951	5.91448700	3.50871300
79.91999951	5.91448700	3.50871300
79.99999951	5.91448700	3.50871300
80.07999951	5.91448700	3.50871300
80.15999951	5.91448700	3.50871300
80.23999951	5.82567800	3.50871300
80.31999951	5.91448700	3.50871300
80.39999951	5.82567800	3.50871300
80.47999951	5.91448700	3.50871300
80.55999951	5.91448700	3.50871300
80.63999951	5.82567800	3.42112500
80.71999951	5.82567800	3.42112500
80.79999951	5.91448700	3.42112500
80.87999951	5.91448700	3.42112500
80.95999951	5.91448700	3.42112500
81.03999951	5.82567800	3.42112500
81.11999951	5.91448700	3.42112500
81.19999951	5.82567800	3.42112500
81.27999951	5.91448700	3.33323200
81.35999951	5.91448700	3.33323200
81.43999951	5.82567800	3.33323200
81.51999950	5.82567800	3.33323200
81.59999950	5.82567800	3.33323200
81.67999950	5.91448700	3.33323200
81.75999950	5.82567800	3.33323200
81.83999950	5.82567800	3.24533800
81.91999950	5.82567800	3.24533800
81.99999950	5.91448700	3.24533800
82.07999950	5.82567800	3.24533800
82.15999950	5.82567800	3.15744500
82.23999950	5.82567800	3.15744500
82.31999950	5.82567800	3.15744500
82.39999950	5.82567800	3.15744500
82.47999950	5.82567800	3.15744500
82.55999950	5.91448700	3.15744500
82.63999950	5.82567800	3.15744500
82.71999950	5.91448700	3.06985700
82.79999950	5.82567800	3.06985700
82.87999950	5.82567800	3.06985700
82.95999950	5.82567800	2.98196400
83.03999950	5.91448700	2.98196400
83.11999949	5.82567800	2.98196400
83.19999949	5.82567800	2.98196400
83.27999949	5.82567800	2.98196400
83.35999949	5.82567800	2.98196400
83.43999949	5.82567800	2.98196400
83.51999949	5.82567800	2.89407000
83.59999949	5.82567800	2.98196400
83.67999949	5.82567800	2.89407000
83.75999949	5.82567800	2.89407000
83.83999949	5.82567800	2.89407000
83.91999949	5.82567800	2.80617700
83.99999949	5.82567800	2.80617700
84.07999949	5.82567800	2.80617700
84.15999949	5.82567800	2.80617700
84.23999949	5.82567800	2.80617700
84.31999949	5.82567800	2.71828400
84.39999949	5.82567800	2.71828400
84.47999949	5.82567800	2.71828400
84.55999949	5.82567800	2.63069600
84.63999949	5.82567800	2.63069600
84.71999949	5.82567800	2.63069600
84.79999948	5.82567800	2.63069600
84.87999948	5.82567800	2.54280200
84.95999948	5.82567800	2.54280200
85.03999948	5.82567800	2.54280200
85.11999948	5.73717500	2.45490900
85.19999948	5.82567800	2.45490900
85.27999948	5.82567800	2.45490900
85.35999948	5.82567800	2.45490900
85.43999948	5.82567800	2.45490900
85.51999948	5.82567800	2.45490900
85.59999948	5.73717500	2.45490900
85.67999948	5.82567800	2.36701600
85.75999948	5.73717500	2.36701600
85.83999948	5.73717500	2.27942800
85.91999948	5.73717500	2.27942800
85.99999948	5.82567800	2.27942800
86.07999948	5.73717500	2.27942800
86.15999948	5.73717500	2.19153400
86.23999948	5.73717500	2.19153400
86.31999948	5.73717500	2.19153400
86.39999947	5.73717500	2.19153400
86.47999947	5.82567800	2.10364100
86.55999947	5.73717500	2.10364100
86.63999947	5.73717500	2.10364100
86.71999947	5.73717500	2.10364100
86.79999947	5.73717500	2.01574800
86.87999947	5.73717500	2.01574800
86.95999947	5.64836500	2.01574800
87.03999947	5.64836500	1.92815900
87.11999947	5.64836500	1.92815900
87.19999947	5.64836500	1.92815900
87.27999947	5.64836500	1.92815900
87.35999947	5.64836500	1.84026600
87.43999947	5.64836500	1.84026600
87.51999947	5.64836500	1.84026600
87.59999947	5.64836500	1.75237300
87.67999947	5.64836500	1.75237300
87.75999947	5.64836500	1.75237300
87.83999947	5.64836500	1.75237300
87.91999947	5.64836500	1.66447900
87.99999947	5.64836500	1.66447900
88.07999946	5.64836500	1.66447900
88.15999946	5.55986200	1.57689100
88.23999946	5.64836500	1.57689100
88.31999946	5.55986200	1.57689100
88.39999946	5.55986200	1.57689100
88.47999946	5.55986200	1.48899800
88.55999946	5.55986200	1.48899800
88.63999946	5.47105300	1.48899800
88.71999946	5.29374100	1.40110500
88.79999946	4.85061200	1.40110500
88.87999946	4.49598700	1.40110500
88.95999946	4.31867400	1.31321100
89.03999946	4.22986600	1.31321100
89.11999946	4.31867400	1.31321100
89.19999946	4.31867400	1.31321100
89.27999946	4.31867400	1.31321100
89.35999946	4.31867400	1.22531800
89.43999946	4.31867400	1.22531800
89.51999946	4.31867400	1.22531800
89.59999946	4.31867400	1.13773000
89.67999945	4.22986600	1.04983700
89.75999945	4.22986600	1.04983700
89.83999945	4.31867400	1.04983700
89.91999945	4.31867400	1.04983700
89.99999945	4.22986600	1.04983700
90.07999945	4.31867400	1.04983700
90.15999945	4.22986600	1.04983700
90.23999945	4.22986600	0.96194340
90.31999945	4.22986600	0.96194340
90.39999945	4.22986600	0.87405010
90.47999945	4.31867400	0.87405010
90.55999945	4.22986600	0.87405010
90.63999945	4.22986600	0.78646200
90.71999945	4.22986600	0.78646200
90.79999945	4.22986600	0.78646200
90.87999945	4.22986600	0.69856870
90.95999945	4.22986600	0.69856870
91.03999945	4.22986600	0.69856870
91.11999945	4.22986600	0.69856870
91.19999945	4.22986600	0.69856870
91.27999945	4.22986600	0.61067540
91.35999944	4.22986600	0.61067540
91.43999944	4.22986600	0.61067540
91.51999944	4.22986600	0.52278210
91.59999944	4.22986600	0.52278210
91.67999944	4.22986600	0.43519400
91.75999944	4.22986600	0.43519400
91.83999944	4.22986600	0.43519400
91.91999944	4.22986600	0.43519400
91.99999944	4.22986600	0.43519400
92.07999944	4.22986600	0.34730060
92.15999944	4.22986600	0.34730060
92.23999944	4.22986600	0.34730060
92.31999944	4.22986600	0.25940730
92.39999944	4.22986600	0.17151400
92.47999944	4.22986600	0.17151400
92.55999944	4.22986600	0.17151400
92.63999944	4.22986600	0.08392590
92.71999944	4.22986600	0.17151400
92.79999944	4.22986600	0.08392590
92.87999944	4.22986600	0.08392590
92.95999944	4.31867400	0.08392590
93.03999943	4.22986600	-0.00366222
93.11999943	4.22986600	-0.00366222
93.19999943	4.22986600	-0.00366222
93.27999943	4.22986600	-0.00366222
93.35999943	4.22986600	-0.09155553
93.43999943	4.22986600	-0.09155553
93.51999943	4.22986600	-0.09155553
93.59999943	4.22986600	-0.09155553
93.67999943	4.22986600	-0.17944880
93.75999943	4.22986600	-0.17944880
93.83999943	4.22986600	-0.17944880
93.91999943	4.22986600	-0.26734220
93.99999943	4.31867400	-0.26734220
94.07999943	4.31867400	-0.35493030
94.15999943	3.96404900	-0.35493030
94.23999943	2.98867800	-0.35493030
94.31999943	1.12674300	-0.44282360
94.39999943	0.68361460	-0.44282360
94.47999943	0.68361460	-0.44282360
94.55999943	0.68361460	-0.53071690
94.63999942	0.68361460	-0.53071690
94.71999942	0.68361460	-0.53071690
94.79999942	0.68361460	-0.61861020
94.87999942	0.68361460	-0.61861020
94.95999942	0.68361460	-0.61861020
95.03999942	0.68361460	-0.61861020
95.11999942	0.68361460	-0.70619830
95.19999942	0.77211830	-0.79409160
95.27999942	0.68361460	-0.70619830
95.35999942	0.68361460	-0.79409160
95.43999942	0.77211830	-0.79409160
95.51999942	0.68361460	-0.79409160
95.59999942	0.77211830	-0.79409160
95.67999942	0.68361460	-0.88198490
95.75999942	0.77211830	-0.88198490
95.83999942	0.68361460	-0.96987830
95.91999942	0.77211830	-1.05746600
95.99999942	0.77211830	-1.05746600
96.07999942	0.77211830	-1.05746600
96.15999942	0.77211830	-1.05746600
96.23999942	0.77211830	-1.14536000
96.31999941	0.77211830	-1.14536000
96.39999941	0.77211830	-1.23325300
96.47999941	0.77211830	-1.23325300
96.55999941	0.77211830	-1.32114600
96.63999941	0.77211830	-1.32114600
96.71999941	0.86092720	-1.32114600
96.79999941	0.86092720	-1.40904000
96.87999941	0.86092720	-1.40904000
96.95999941	0.77211830	-1.40904000
97.03999941	0.86092720	-1.40904000
97.11999941	0.86092720	-1.49662800
97.19999941	0.86092720	-1.49662800
97.27999941	0.86092720	-1.58452100
97.35999941	0.86092720	-1.58452100
97.43999941	0.86092720	-1.67241400
97.51999941	0.86092720	-1.67241400
97.59999941	0.86092720	-1.67241400
97.67999941	0.86092720	-1.76030800
97.75999941	0.86092720	-1.76030800
97.83999941	0.86092720	-1.76030800
97.91999940	0.86092720	-1.76030800
97.99999940	0.86092720	-1.93578900
98.07999940	0.86092720	-1.93578900
98.15999940	0.86092720	-1.93578900
98.23999940	0.86092720	-1.93578900
98.31999940	0.86092720	-2.02368200
98.39999940	0.86092720	-2.11157600
98.47999940	0.86092720	-2.11157600
98.55999940	0.86092720	-2.11157600
98.63999940	0.86092720	-2.11157600
98.71999940	0.86092720	-2.19916400
98.79999940	0.86092720	-2.19916400
98.87999940	0.94943080	-2.19916400
98.95999940	0.86092720	-2.28705700
99.03999940	0.86092720	-2.28705700
99.11999940	0.86092720	-2.37495000
99.19999940	0.86092720	-2.37495000
99.27999940	0.86092720	-2.46284400
99.35999940	0.94943080	-2.46284400
99.43999940	0.86092720	-2.46284400
99.51999940	0.94943080	-2.46284400
99.59999939	0.94943080	-2.55043200
99.67999939	0.94943080	-2.63832500
99.75999939	0.86092720	-2.63832500
99.83999939	0.94943080	-2.63832500
99.91999939	0.94943080	-2.72621800
99.99999939	0.94943080	-2.72621800
100.07999939	0.94943080	-2.81411200
100.15999939	0.94943080	-2.81411200
100.23999939	0.94943080	-2.81411200
100.31999939	0.86092720	-2.81411200
100.39999939	0.94943080	-2.90200500
100.47999939	0.94943080	-2.90200500
100.55999939	0.94943080	-2.90200500
100.63999939	0.94943080	-2.98959300
100.71999939	0.94943080	-2.98959300
100.79999939	0.94943080	-2.98959300
100.87999939	0.94943080	-3.07748700
100.95999939	0.94943080	-3.07748700
101.03999939	0.94943080	-3.16538000
101.11999939	0.94943080	-3.16538000
101.19999938	0.94943080	-3.16538000
101.27999938	0.94943080	-3.25327300
101.35999938	0.94943080	-3.25327300
101.43999938	0.94943080	-3.25327300
101.51999938	0.94943080	-3.34086100
101.59999938	0.94943080	-3.34086100
101.67999938	0.94943080	-3.34086100
101.75999938	0.94943080	-3.42875500
101.83999938	0.94943080	-3.42875500
101.91999938	0.94943080	-3.51664800
101.99999938	0.94943080	-3.51664800
102.07999938	0.94943080	-3.51664800
102.15999938	0.94943080	-3.60454100
102.23999938	0.94943080	-3.60454100
102.31999938	0.94943080	-3.60454100
102.39999938	0.94943080	-3.69212900
102.47999938	0.94943080	-3.69212900
102.55999938	0.94943080	-3.69212900
102.63999938	0.94943080	-3.69212900
102.71999938	1.03824000	-3.69212900
102.79999938	0.94943080	-3.78002300
102.87999937	0.94943080	-3.78002300
102.95999937	0.94943080	-3.86791600
103.03999937	0.94943080	-3.86791600
103.11999937	0.94943080	-3.86791600
103.19999937	0.94943080	-3.86791600
103.27999937	0.94943080	-3.86791600
103.35999937	0.94943080	-3.95580900
103.43999937	0.94943080	-3.95580900
103.51999937	0.94943080	-4.04339700
103.59999937	0.94943080	-3.95580900
103.67999937	0.94943080	-4.04339700
103.75999937	0.94943080	-4.04339700
103.83999937	0.94943080	-4.04339700
103.91999937	0.94943080	-4.13129000
103.99999937	0.94943080	-4.04339700
104.07999937	0.94943080	-4.13129000
104.15999937	0.94943080	-4.13129000
104.23999937	0.94943080	-4.13129000
104.31999937	0.94943080	-4.21918400
104.39999937	0.94943080	-4.21918400
104.47999937	0.94943080	-4.21918400
104.55999936	0.94943080	-4.21918400
104.63999936	0.94943080	-4.21918400
104.71999936	0.94943080	-4.21918400
104.79999936	0.94943080	-4.30707700
104.87999936	0.94943080	-4.21918400
104.95999936	0.94943080	-4.30707700
105.03999936	0.94943080	-4.30707700
105.11999936	0.94943080	-4.30707700
105.19999936	0.94943080	-4.30707700
105.27999936	0.94943080	-4.30707700
105.35999936	0.94943080	-4.30707700
105.43999936	0.94943080	-4.39497000
105.51999936	0.94943080	-4.39497000
105.59999936	0.94943080	-4.30707700
105.67999936	0.94943080	-4.39497000
105.75999936	0.94943080	-4.39497000
105.83999936	0.94943080	-4.39497000
105.91999936	0.94943080	-4.39497000
105.99999936	0.94943080	-4.39497000
106.07999936	0.94943080	-4.39497000
106.15999935	0.94943080	-4.39497000
106.23999935	0.94943080	-4.39497000
106.31999935	0.94943080	-4.39497000
106.39999935	0.94943080	-4.39497000
106.47999935	0.94943080	-4.39497000
106.55999935	0.94943080	-4.48255900
106.63999935	0.94943080	-4.39497000
106.71999935	0.94943080	-4.39497000
106.79999935	0.94943080	-4.39497000
106.87999935	0.94943080	-4.39497000
106.95999935	0.94943080	-4.39497000
107.03999935	0.94943080	-4.39497000
107.11999935	0.94943080	-4.39497000
107.19999935	0.94943080	-4.39497000
107.27999935	0.94943080	-4.39497000
107.35999935	0.94943080	-4.39497000
107.43999935	0.94943080	-4.30707700
107.51999935	0.94943080	-4.39497000
107.59999935	0.86092720	-4.39497000
107.67999935	0.94943080	-4.30707700
107.75999935	0.94943080	-4.30707700
107.83999934	0.94943080	-4.39497000
107.91999934	0.86092720	-4.30707700
107.99999934	0.94943080	-4.30707700
108.07999934	0.94943080	-4.30707700
108.15999934	0.86092720	-4.30707700
108.23999934	0.86092720	-4.30707700
108.31999934	0.94943080	-4.30707700
108.39999934	0.86092720	-4.21918400
108.47999934	0.94943080	-4.21918400
108.55999934	0.86092720	-4.21918400
108.63999934	0.86092720	-4.21918400
108.71999934	0.86092720	-4.21918400
108.79999934	0.86092720	-4.21918400
108.87999934	0.86092720	-4.21918400
108.95999934	0.86092720	-4.21918400
109.03999934	0.94943080	-4.13129000
109.11999934	0.86092720	-4.04339700
109.19999934	0.86092720	-4.13129000
109.27999934	0.86092720	-4.04339700
109.35999934	0.86092720	-4.04339700
109.43999933	0.86092720	-4.04339700
109.51999933	0.86092720	-4.04339700
109.59999933	0.86092720	-3.95580900
109.67999933	0.86092720	-3.95580900
109.75999933	0.86092720	-3.95580900
109.83999933	0.86092720	-3.95580900
109.91999933	0.86092720	-3.86791600
109.99999933	0.86092720	-3.86791600
110.07999933	0.86092720	-3.86791600
110.15999933	0.86092720	-3.78002300
110.23999933	0.86092720	-3.78002300
110.31999933	0.86092720	-3.69212900
110.39999933	0.86092720	-3.69212900
110.47999933	0.86092720	-3.69212900
110.55999933	0.86092720	-3.69212900
110.63999933	0.86092720	-3.60454100
110.71999933	0.86092720	-3.60454100
110.79999933	0.86092720	-3.51664800
110.87999933	0.86092720	-3.51664800
110.95999933	0.86092720	-3.51664800
111.03999933	0.86092720	-3.51664800
111.11999932	0.86092720	-3.42875500
111.19999932	0.86092720	-3.42875500
111.27999932	0.86092720	-3.34086100
111.35999932	0.86092720	-3.34086100
111.43999932	0.86092720	-3.25327300
111.51999932	0.86092720	-3.34086100
111.59999932	0.86092720	-3.25327300
111.67999932	0.86092720	-3.16538000
111.75999932	0.86092720	-3.16538000
111.83999932	0.86092720	-3.16538000
111.91999932	0.86092720	-3.16538000
111.99999932	0.86092720	-3.07748700
112.07999932	0.86092720	-2.98959300
112.15999932	0.86092720	-2.98959300
112.23999932	0.86092720	-2.90200500
112.31999932	0.86092720	-2.90200500
112.39999932	0.86092720	-2.90200500
112.47999932	0.86092720	-2.81411200
112.55999932	0.86092720	-2.81411200
112.63999932	0.86092720	-2.81411200
112.71999931	0.77211830	-2.72621800
112.79999931	0.86092720	-2.63832500
112.87999931	0.86092720	-2.63832500
112.95999931	0.86092720	-2.63832500
113.03999931	0.86092720	-2.63832500
113.11999931	0.86092720	-2.46284400
113.19999931	0.86092720	-2.46284400
113.27999931	0.77211830	-2.46284400
113.35999931	0.86092720	-2.37495000
113.43999931	0.77211830	-2.37495000
113.51999931	0.77211830	-2.28705700
113.59999931	0.77211830	-2.28705700
113.67999931	0.77211830	-2.19916400
113.75999931	0.77211830	-2.19916400
113.83999931	0.77211830	-2.11157600
113.91999931	0.77211830	-2.11157600
113.99999931	0.77211830	-2.02368200
114.07999931	0.77211830	-2.02368200
114.15999931	0.77211830	-1.93578900
114.23999931	0.77211830	-1.93578900
114.31999931	0.77211830	-1.93578900
114.39999930	0.77211830	-1.84789600
114.47999930	0.77211830	-1.76030800
114.55999930	0.77211830	-1.76030800
114.63999930	0.77211830	-1.76030800
114.71999930	0.77211830	-1.67241400
114.79999930	0.77211830	-1.58452100
114.87999930	0.68361460	-1.58452100
114.95999930	0.77211830	-1.49662800
115.03999930	0.77211830	-1.49662800
115.11999930	0.77211830	-1.40904000
115.19999930	0.77211830	-1.40904000
115.27999930	0.77211830	-1.40904000
115.35999930	0.77211830	-1.32114600
115.43999930	0.68361460	-1.23325300
115.51999930	0.77211830	-1.23325300
115.59999930	0.77211830	-1.14536000
115.67999930	0.77211830	-1.05746600
115.75999930	0.68361460	-1.05746600
115.83999930	0.77211830	-1.05746600
115.91999930	0.68361460	-0.96987830
115.99999930	0.77211830	-0.96987830
116.07999929	0.68361460	-0.88198490
116.15999929	0.68361460	-0.79409160
116.23999929	0.77211830	-0.70619830
116.31999929	0.77211830	-0.70619830
116.39999929	0.68361460	-0.70619830
116.47999929	0.68361460	-0.61861020
116.55999929	0.68361460	-0.61861020
116.63999929	0.68361460	-0.53071690
116.71999929	0.68361460	-0.53071690
116.79999929	0.68361460	-0.35493030
116.87999929	0.68361460	-0.35493030
116.95999929	0.77211830	-0.35493030
117.03999929	0.77211830	-0.26734220
117.11999929	0.77211830	-0.17944880
117.19999929	0.68361460	-0.17944880
117.27999929	0.68361460	-0.09155553
117.35999929	0.68361460	-0.09155553
117.43999929	0.68361460	-0.00366222
117.51999929	0.68361460	-0.00366222
117.59999929	0.68361460	0.08392590
117.67999928	0.68361460	0.08392590
117.75999928	0.68361460	0.17151400
117.83999928	0.68361460	0.17151400
117.91999928	0.68361460	0.25940730
117.99999928	0.68361460	0.34730060
118.07999928	0.68361460	0.34730060
118.15999928	0.68361460	0.43519400
118.23999928	0.68361460	0.52278210
118.31999928	0.68361460	0.52278210
118.39999928	0.68361460	0.52278210
118.47999928	0.68361460	0.61067540
118.55999928	0.68361460	0.69856870
118.63999928	0.68361460	0.69856870
118.71999928	0.68361460	0.69856870
118.79999928	0.68361460	0.78646200
118.87999928	0.68361460	0.87405010
118.95999928	0.68361460	0.87405010
119.03999928	0.68361460	0.96194340
119.11999928	0.68361460	1.04983700
119.19999928	0.68361460	1.04983700
119.27999928	0.68361460	1.13773000
119.35999927	0.68361460	1.13773000
119.43999927	0.68361460	1.22531800
119.51999927	0.68361460	1.31321100
119.59999927	0.68361460	1.31321100
119.67999927	0.68361460	1.40110500
119.75999927	0.59480580	1.40110500
119.83999927	0.68361460	1.48899800
119.91999927	0.68361460	1.48899800
119.99999927	0.59480580	1.57689100
120.07999927	0.59480580	1.57689100
120.15999927	0.59480580	1.66447900
120.23999927	0.59480580	1.66447900
120.31999927	0.59480580	1.75237300
120.39999927	0.59480580	1.84026600
120.47999927	0.50630210	1.84026600
120.55999927	0.50630210	1.92815900
120.63999927	0.50630210	2.01574800
120.71999927	0.50630210	2.01574800
120.79999927	0.50630210	2.10364100
120.87999927	0.50630210	2.10364100
120.95999926	0.50630210	2.10364100
121.03999926	0.50630210	2.19153400
121.11999926	0.50630210	2.27942800
121.19999926	0.50630210	2.27942800
121.27999926	0.50630210	2.27942800
121.35999926	0.50630210	2.45490900
121.43999926	0.50630210	2.36701600
121.51999926	0.50630210	2.45490900
121.59999926	0.50630210	2.45490900
121.67999926	0.59480580	2.54280200
121.75999926	0.50630210	2.63069600
121.83999926	0.50630210	2.63069600
121.91999926	0.59480580	2.71828400
121.99999926	0.59480580	2.71828400
122.07999926	0.59480580	2.80617700
122.15999926	0.50630210	2.80617700
122.23999926	0.50630210	2.80617700
122.31999926	0.50630210	2.89407000
122.39999926	0.59480580	2.89407000
122.47999926	0.59480580	2.89407000
122.55999926	0.59480580	2.98196400
122.63999925	0.50630210	2.98196400
122.71999925	0.59480580	3.06985700
122.79999925	0.59480580	3.06985700
122.87999925	0.59480580	3.15744500
122.95999925	0.59480580	3.15744500
123.03999925	0.59480580	3.24533800
123.11999925	0.59480580	3.33323200
123.19999925	0.59480580	3.33323200
123.27999925	0.59480580	3.33323200
123.35999925	0.59480580	3.42112500
123.43999925	0.59480580	3.50871300
123.51999925	0.59480580	3.50871300
123.59999925	0.59480580	3.50871300
123.67999925	0.59480580	3.50871300
123.75999925	0.59480580	3.59660600
123.83999925	0.59480580	3.59660600
123.91999925	0.59480580	3.68450000
123.99999925	0.59480580	3.68450000
124.07999925	0.59480580	3.77239300
124.15999925	0.59480580	3.77239300
124.23999924	0.59480580	3.77239300
124.31999924	0.59480580	3.85998100
124.39999924	0.59480580	3.85998100
124.47999924	0.59480580	3.85998100
124.55999924	0.59480580	3.94787400
124.63999924	0.59480580	3.85998100
124.71999924	0.59480580	3.94787400
124.79999924	0.59480580	4.03576800
124.87999924	0.59480580	4.03576800
124.95999924	0.59480580	4.12366100
125.03999924	0.59480580	4.12366100
125.11999924	0.59480580	4.12366100
125.19999924	0.59480580	4.12366100
125.27999924	0.59480580	4.21124900
125.35999924	0.59480580	4.21124900
125.43999924	0.59480580	4.21124900
125.51999924	0.59480580	4.21124900
125.59999924	0.59480580	4.29914200
125.67999924	0.59480580	4.29914200
125.75999924	0.59480580	4.29914200
125.83999924	0.59480580	4.38703600
125.91999923	0.68361460	4.38703600
125.99999923	0.68361460	4.38703600
126.07999923	0.59480580	4.38703600
126.15999923	0.59480580	4.47492900
126.23999923	0.68361460	4.47492900
126.31999923	0.59480580	4.56282200
126.39999923	0.68361460	4.56282200
126.47999923	0.68361460	4.56282200
126.55999923	0.59480580	4.56282200
126.63999923	0.59480580	4.56282200
126.71999923	0.59480580	4.56282200
126.79999923	0.68361460	4.56282200
126.87999923	0.59480580	4.65041100
126.95999923	0.68361460	4.65041100
127.03999923	0.68361460	4.65041100
127.11999923	0.68361460	4.73830400
127.19999923	0.59480580	4.73830400
127.27999923	0.68361460	4.73830400
127.35999923	0.68361460	4.73830400
127.43999923	0.59480580	4.73830400
127.51999923	0.68361460	4.82619700
127.59999922	0.68361460	4.82619700
127.67999922	0.68361460	4.82619700
127.75999922	0.68361460	4.82619700
127.83999922	0.68361460	4.82619700
127.91999922	0.68361460	4.82619700
127.99999922	0.68361460	4.82619700
128.07999922	0.68361460	4.82619700
128.15999922	0.68361460	4.82619700
128.23999922	0.68361460	4.82619700
128.31999922	0.68361460	4.91409000
128.39999922	0.68361460	4.91409000
128.47999922	0.68361460	4.91409000
128.55999922	0.68361460	4.82619700
128.63999922	0.68361460	4.91409000
128.71999922	0.59480580	4.91409000
128.79999922	0.68361460	4.91409000
128.87999922	0.68361460	4.91409000
128.95999922	0.68361460	4.91409000
129.03999922	0.68361460	4.91409000
129.11999922	0.68361460	4.91409000
129.19999921	0.68361460	4.91409000
129.27999921	0.68361460	4.91409000
129.35999921	0.68361460	4.91409000
129.43999921	0.68361460	4.91409000
129.51999921	0.68361460	4.91409000
129.59999921	0.68361460	4.91409000
129.67999921	0.68361460	4.91409000
129.75999921	0.68361460	4.91409000
129.83999921	0.59480580	4.91409000
129.91999921	0.68361460	4.91409000
129.99999921	0.68361460	4.91409000
130.07999921	0.59480580	4.91409000
130.15999921	0.68361460	4.91409000
130.23999921	0.68361460	4.82619700
130.31999921	0.68361460	4.91409000
130.39999921	0.68361460	4.91409000
130.47999921	0.68361460	4.91409000
130.55999921	0.68361460	4.91409000
130.63999921	0.68361460	4.82619700
130.71999921	0.68361460	4.82619700
130.79999921	0.68361460	4.82619700
130.87999920	0.68361460	4.82619700
130.95999920	0.68361460	4.82619700
131.03999920	0.68361460	4.82619700
131.11999920	0.68361460	4.82619700
131.19999920	0.68361460	4.73830400
131.27999920	0.68361460	4.73830400
131.35999920	0.68361460	4.73830400
131.43999920	0.68361460	4.73830400
131.51999920	0.68361460	4.73830400
131.59999920	0.68361460	4.65041100
131.67999920	0.68361460	4.56282200
131.75999920	0.68361460	4.65041100
131.83999920	0.68361460	4.65041100
131.91999920	0.68361460	4.56282200
131.99999920	0.68361460	4.56282200
132.07999920	0.68361460	4.56282200
132.15999920	0.68361460	4.56282200
132.23999920	0.68361460	4.56282200
132.31999920	0.68361460	4.47492900
132.39999920	0.68361460	4.47492900
132.47999919	0.68361460	4.47492900
132.55999919	0.68361460	4.38703600
132.63999919	0.68361460	4.38703600
132.71999919	0.68361460	4.38703600
132.79999919	0.68361460	4.38703600
132.87999919	0.68361460	4.38703600
132.95999919	0.68361460	4.29914200
133.03999919	0.68361460	4.29914200
133.11999919	0.68361460	4.29914200
133.19999919	0.68361460	4.21124900
133.27999919	0.68361460	4.21124900
133.35999919	0.68361460	4.21124900
133.43999919	0.68361460	4.21124900
133.51999919	0.68361460	4.12366100
133.59999919	0.68361460	4.12366100
133.67999919	0.68361460	4.12366100
133.75999919	0.68361460	4.12366100
133.83999919	0.68361460	4.03576800
133.91999919	0.68361460	4.03576800
133.99999919	0.68361460	4.03576800
134.07999919	0.59480580	3.94787400
134.15999918	0.68361460	3.94787400
134.23999918	0.68361460	3.85998100
134.31999918	0.68361460	3.85998100
134.39999918	0.68361460	3.85998100
134.47999918	0.68361460	3.85998100
134.55999918	0.59480580	3.85998100
134.63999918	0.68361460	3.68450000
134.71999918	0.68361460	3.68450000
134.79999918	0.59480580	3.68450000
134.87999918	0.68361460	3.68450000
134.95999918	0.68361460	3.68450000
135.03999918	0.68361460	3.59660600
135.11999918	0.68361460	3.50871300
135.19999918	0.68361460	3.50871300
135.27999918	0.59480580	3.50871300
135.35999918	0.59480580	3.50871300
135.43999918	0.59480580	3.50871300
135.51999918	0.68361460	3.42112500
135.59999918	0.59480580	3.42112500
135.67999918	0.59480580	3.33323200
135.75999917	0.59480580	3.33323200
135.83999917	0.59480580	3.24533800
135.91999917	0.59480580	3.33323200
135.99999917	0.59480580	3.24533800
136.07999917	0.59480580	3.24533800
136.15999917	0.59480580	3.15744500
136.23999917	0.50630210	3.15744500
136.31999917	0.50630210	3.06985700
136.39999917	0.50630210	2.98196400
136.47999917	0.50630210	2.98196400
136.55999917	0.50630210	2.98196400
136.63999917	0.50630210	2.89407000
136.71999917	0.50630210	2.89407000
136.79999917	0.41749320	2.89407000
136.87999917	0.41749320	2.80617700
136.95999917	0.41749320	2.80617700
137.03999917	0.41749320	2.80617700
137.11999917	0.32898950	2.71828400
137.19999917	0.32898950	2.71828400
137.27999917	0.32898950	2.63069600
137.35999917	0.32898950	2.63069600
137.43999916	0.32898950	2.63069600
137.51999916	0.24048580	2.54280200
137.59999916	0.24048580	2.54280200
137.67999916	0.24048580	2.45490900
137.75999916	0.24048580	2.45490900
137.83999916	0.24048580	2.36701600
137.91999916	0.24048580	2.27942800
137.99999916	0.24048580	2.27942800
138.07999916	0.15167700	2.27942800
138.15999916	0.15167700	2.19153400
138.23999916	0.15167700	2.19153400
138.31999916	0.15167700	2.19153400
138.39999916	0.15167700	2.10364100
138.47999916	0.15167700	2.10364100
138.55999916	0.15167700	2.01574800
138.63999916	0.06317332	2.01574800
138.71999916	0.15167700	2.01574800
138.79999916	0.06317332	1.84026600
138.87999916	0.06317332	1.84026600
138.95999916	-0.02563555	1.84026600
139.03999915	-0.02563555	1.75237300
139.11999915	-0.02563555	1.75237300
139.19999915	-0.02563555	1.75237300
139.27999915	-0.02563555	1.66447900
139.35999915	-0.02563555	1.66447900
139.43999915	-0.02563555	1.57689100
139.51999915	-0.11413920	1.57689100
139.59999915	-0.11413920	1.57689100
139.67999915	-0.11413920	1.48899800
139.75999915	-0.11413920	1.40110500
139.83999915	-0.11413920	1.40110500
139.91999915	-0.11413920	1.40110500
139.99999915	-0.20294810	1.31321100
140.07999915	-0.20294810	1.31321100
140.15999915	-0.20294810	1.31321100
140.23999915	-0.20294810	1.22531800
140.31999915	-0.20294810	1.13773000
140.39999915	-0.29145180	1.13773000
140.47999915	-0.29145180	1.04983700
140.55999915	-0.38026060	1.04983700
140.63999915	-0.29145180	1.04983700
140.71999914	-0.38026060	1.04983700
140.79999914	-0.38026060	0.96194340
140.87999914	-0.38026060	0.87405010
140.95999914	-0.38026060	0.87405010
141.03999914	-0.38026060	0.78646200
141.11999914	-0.38026060	0.78646200
141.19999914	-0.38026060	0.69856870
141.27999914	-0.38026060	0.69856870
141.35999914	-0.46876430	0.69856870
141.43999914	-0.38026060	0.61067540
141.51999914	-0.46876430	0.61067540
141.59999914	-0.46876430	0.61067540
141.67999914	-0.46876430	0.52278210
141.75999914	-0.46876430	0.43519400
141.83999914	-0.46876430	0.43519400
141.91999914	-0.46876430	0.34730060
141.99999914	-0.46876430	0.34730060
142.07999914	-0.46876430	0.25940730
142.15999914	-0.46876430	0.25940730
142.23999914	-0.46876430	0.17151400
142.31999914	-0.46876430	0.17151400
142.39999913	-0.46876430	0.08392590
142.47999913	-0.46876430	0.08392590
142.55999913	-0.46876430	-0.00366222
142.63999913	-0.46876430	-0.00366222
142.71999913	-0.55757310	-0.00366222
142.79999913	-0.46876430	-0.09155553
142.87999913	-0.55757310	-0.09155553
142.95999913	-0.55757310	-0.09155553
143.03999913	-0.55757310	-0.17944880
143.11999913	-0.55757310	-0.26734220
143.19999913	-0.55757310	-0.26734220
143.27999913	-0.55757310	-0.35493030
143.35999913	-0.55757310	-0.35493030
143.43999913	-0.55757310	-0.35493030
143.51999913	-0.55757310	-0.44282360
143.59999913	-0.55757310	-0.44282360
143.67999913	-0.55757310	-0.53071690
143.75999913	-0.55757310	-0.53071690
143.83999913	-0.55757310	-0.61861020
143.91999913	-0.55757310	-0.61861020
143.99999912	-0.55757310	-0.61861020
144.07999912	-0.64607690	-0.70619830
144.15999912	-0.55757310	-0.79409160
144.23999912	-0.55757310	-0.79409160
144.31999912	-0.64607690	-0.79409160
144.39999912	-0.64607690	-0.96987830
144.47999912	-0.64607690	-0.88198490
144.55999912	-0.64607690	-0.96987830
144.63999912	-0.64607690	-0.96987830
144.71999912	-0.55757310	-1.05746600
144.79999912	-0.64607690	-1.05746600
144.87999912	-0.64607690	-1.05746600
144.95999912	-0.64607690	-1.14536000
145.03999912	-0.64607690	-1.14536000
145.11999912	-0.64607690	-1.23325300
145.19999912	-0.64607690	-1.23325300
145.27999912	-0.64607690	-1.32114600
145.35999912	-0.64607690	-1.32114600
145.43999912	-0.64607690	-1.40904000
145.51999912	-0.64607690	-1.40904000
145.59999912	-0.64607690	-1.40904000
145.67999911	-0.73488570	-1.49662800
145.75999911	-0.64607690	-1.49662800
145.83999911	-0.73488570	-1.49662800
145.91999911	-0.64607690	-1.58452100
145.99999911	-0.73488570	-1.58452100
146.07999911	-0.73488570	-1.67241400
146.15999911	-0.73488570	-1.67241400
146.23999911	-0.64607690	-1.76030800
146.31999911	-0.73488570	-1.76030800
146.39999911	-0.73488570	-1.76030800
146.47999911	-0.73488570	-1.84789600
146.55999911	-0.73488570	-1.84789600
146.63999911	-0.73488570	-1.84789600
146.71999911	-0.73488570	-1.93578900
146.79999911	-0.73488570	-1.93578900
146.87999911	-0.73488570	-1.93578900
146.95999911	-0.73488570	-2.02368200
147.03999911	-0.64607690	-2.02368200
147.11999911	-0.73488570	-2.02368200
147.19999911	-0.73488570	-2.11157600
147.27999910	-0.73488570	-2.11157600
147.35999910	-0.73488570	-2.11157600
147.43999910	-0.73488570	-2.19916400
147.51999910	-0.73488570	-2.11157600
147.59999910	-0.73488570	-2.19916400
147.67999910	-0.73488570	-2.28705700
147.75999910	-0.73488570	-2.28705700
147.83999910	-0.73488570	-2.28705700
147.91999910	-0.73488570	-2.37495000
147.99999910	-0.73488570	-2.37495000
148.07999910	-0.73488570	-2.37495000
148.15999910	-0.73488570	-2.37495000
148.23999910	-0.73488570	-2.46284400
148.31999910	-0.73488570	-2.46284400
148.39999910	-0.73488570	-2.46284400
148.47999910	-0.73488570	-2.46284400
148.55999910	-0.73488570	-2.55043200
148.63999910	-0.73488570	-2.55043200
148.71999910	-0.73488570	-2.63832500
148.79999910	-0.73488570	-2.63832500
148.87999910	-0.73488570	-2.63832500
148.95999909	-0.73488570	-2.72621800
149.03999909	-0.73488570	-2.63832500
149.11999909	-0.73488570	-2.72621800
149.19999909	-0.73488570	-2.72621800
149.27999909	-0.82338940	-2.81411200
149.35999909	-0.73488570	-2.81411200
149.43999909	-0.73488570	-2.81411200
149.51999909	-0.73488570	-2.81411200
149.59999909	-0.73488570	-2.81411200
149.67999909	-0.82338940	-2.81411200
149.75999909	-0.73488570	-2.90200500
149.83999909	-0.82338940	-2.90200500
149.91999909	-0.73488570	-2.90200500
149.99999909	-0.73488570	-2.90200500
150.07999909	-0.82338940	-2.98959300
150.15999909	-0.73488570	-2.98959300
150.23999909	-0.82338940	-2.98959300
150.31999909	-0.82338940	-2.98959300
150.39999909	-0.82338940	-3.07748700
150.47999909	-0.73488570	-2.98959300
150.55999908	-0.73488570	-3.07748700
150.63999908	-0.73488570	-3.07748700
150.71999908	-0.73488570	-3.07748700
150.79999908	-0.73488570	-3.16538000
150.87999908	-0.73488570	-3.16538000
150.95999908	-0.82338940	-3.16538000
151.03999908	-0.82338940	-3.16538000
151.11999908	-0.82338940	-3.16538000
151.19999908	-0.82338940	-3.16538000
151.27999908	-0.82338940	-3.16538000
151.35999908	-0.82338940	-3.16538000
151.43999908	-0.82338940	-3.16538000
151.51999908	-0.82338940	-3.25327300
151.59999908	-0.73488570	-3.25327300
151.67999908	-0.82338940	-3.25327300
151.75999908	-0.82338940	-3.25327300
151.83999908	-0.73488570	-3.25327300
151.91999908	-0.73488570	-3.25327300
151.99999908	-0.82338940	-3.34086100
152.07999908	-0.82338940	-3.34086100
152.15999908	-0.82338940	-3.34086100
152.23999907	-0.82338940	-3.25327300
152.31999907	-0.73488570	-3.34086100
152.39999907	-0.82338940	-3.34086100
152.47999907	-0.82338940	-3.34086100
152.55999907	-0.82338940	-3.34086100
152.63999907	-0.82338940	-3.34086100
152.71999907	-0.82338940	-3.34086100
152.79999907	-0.82338940	-3.34086100
152.87999907	-0.82338940	-3.34086100
152.95999907	-0.82338940	-3.42875500
153.03999907	-0.73488570	-3.34086100
153.11999907	-0.82338940	-3.42875500
153.19999907	-0.82338940	-3.42875500
153.27999907	-0.82338940	-3.42875500
153.35999907	-0.82338940	-3.42875500
153.43999907	-0.82338940	-3.42875500
153.51999907	-0.73488570	-3.42875500
153.59999907	-0.82338940	-3.34086100
153.67999907	-0.82338940	-3.42875500
153.75999907	-0.82338940	-3.42875500
153.83999907	-0.82338940	-3.42875500
153.91999906	-0.82338940	-3.42875500
153.99999906	-0.82338940	-3.42875500
154.07999906	-0.82338940	-3.42875500
154.15999906	-0.82338940	-3.42875500
154.23999906	-0.82338940	-3.34086100
154.31999906	-0.82338940	-3.42875500
154.39999906	-0.82338940	-3.42875500
154.47999906	-0.82338940	-3.42875500
154.55999906	-0.82338940	-3.34086100
154.63999906	-0.82338940	-3.42875500
154.71999906	-0.82338940	-3.34086100
154.79999906	-0.73488570	-3.34086100
154.87999906	-0.82338940	-3.34086100
154.95999906	-0.82338940	-3.42875500
155.03999906	-0.82338940	-3.42875500
155.11999906	-0.82338940	-3.34086100
155.19999906	-0.82338940	-3.34086100
155.27999906	-0.82338940	-3.34086100
155.35999906	-0.82338940	-3.34086100
155.43999906	-0.73488570	-3.34086100
155.51999905	-0.82338940	-3.34086100
155.59999905	-0.82338940	-3.34086100
155.67999905	-0.82338940	-3.34086100
155.75999905	-0.82338940	-3.34086100
155.83999905	-0.73488570	-3.34086100
155.91999905	-0.82338940	-3.34086100
155.99999905	-0.82338940	-3.34086100
156.07999905	-0.82338940	-3.25327300
156.15999905	-0.82338940	-3.25327300
156.23999905	-0.82338940	-3.25327300
156.31999905	-0.82338940	-3.25327300
156.39999905	-0.82338940	-3.16538000
156.47999905	-0.82338940	-3.25327300
156.55999905	-0.82338940	-3.16538000
156.63999905	-0.82338940	-3.16538000
156.71999905	-0.82338940	-3.16538000
156.79999905	-0.73488570	-3.16538000
156.87999905	-0.82338940	-3.16538000
156.95999905	-0.82338940	-3.16538000
157.03999905	-0.82338940	-3.16538000
157.11999905	-0.82338940	-3.16538000
157.19999904	-0.82338940	-3.16538000
157.27999904	-0.82338940	-3.07748700
157.35999904	-0.82338940	-3.07748700
157.43999904	-0.82338940	-2.98959300
157.51999904	-0.82338940	-3.07748700
157.59999904	-0.82338940	-2.98959300
157.67999904	-0.73488570	-2.98959300
157.75999904	-0.82338940	-2.98959300
157.83999904	-0.82338940	-2.98959300
157.91999904	-0.82338940	-2.90200500
157.99999904	-0.73488570	-2.98959300
158.07999904	-0.82338940	-2.90200500
158.15999904	-0.82338940	-2.90200500
158.23999904	-0.73488570	-2.90200500
158.31999904	-0.82338940	-2.90200500
158.39999904	-0.73488570	-2.90200500
158.47999904	-0.82338940	-2.81411200
158.55999904	-0.82338940	-2.81411200
158.63999904	-0.82338940	-2.81411200
158.71999904	-0.73488570	-2.81411200
158.79999903	-0.73488570	-2.81411200
158.87999903	-0.73488570	-2.81411200
158.95999903	-0.82338940	-2.72621800
159.03999903	-0.82338940	-2.72621800
159.11999903	-0.73488570	-2.72621800
159.19999903	-0.82338940	-2.72621800
159.27999903	-0.82338940	-2.63832500
159.35999903	-0.82338940	-2.63832500
159.43999903	-0.73488570	-2.63832500
159.51999903	-0.73488570	-2.55043200
159.59999903	-0.73488570	-2.55043200
159.67999903	-0.82338940	-2.55043200
159.75999903	-0.82338940	-2.55043200
159.83999903	-0.82338940	-2.55043200
159.91999903	-0.82338940	-2.46284400
159.99999903	-0.73488570	-2.46284400
160.07999903	-0.73488570	-2.46284400
160.15999903	-0.73488570	-2.46284400
160.23999903	-0.82338940	-2.46284400
160.31999903	-0.73488570	-2.37495000
160.39999903	-0.73488570	-2.37495000
160.47999902	-0.73488570	-2.37495000
160.55999902	-0.73488570	-2.28705700
160.63999902	-0.73488570	-2.28705700
160.71999902	-0.73488570	-2.19916400
160.79999902	-0.82338940	-2.28705700
160.87999902	-0.73488570	-2.19916400
160.95999902	-0.73488570	-2.19916400
161.03999902	-0.73488570	-2.11157600
161.11999902	-0.73488570	-2.11157600
161.19999902	-0.73488570	-2.11157600
161.27999902	-0.73488570	-2.11157600
161.35999902	-0.73488570	-2.11157600
161.43999902	-0.73488570	-2.02368200
161.51999902	-0.73488570	-2.02368200
161.59999902	-0.73488570	-2.02368200
161.67999902	-0.73488570	-2.02368200
161.75999902	-0.73488570	-2.02368200
161.83999902	-0.73488570	-1.93578900
161.91999902	-0.73488570	-1.93578900
161.99999902	-0.73488570	-1.84789600
162.07999901	-0.73488570	-1.84789600
162.15999901	-0.73488570	-1.84789600
162.23999901	-0.73488570	-1.84789600
162.31999901	-0.73488570	-1.76030800
162.39999901	-0.73488570	-1.76030800
162.47999901	-0.73488570	-1.76030800
162.55999901	-0.73488570	-1.76030800
162.63999901	-0.64607690	-1.76030800
162.71999901	-0.73488570	-1.67241400
162.79999901	-0.73488570	-1.67241400
162.87999901	-0.64607690	-1.58452100
162.95999901	-0.64607690	-1.58452100
163.03999901	-0.64607690	-1.58452100
163.11999901	-0.64607690	-1.58452100
163.19999901	-0.64607690	-1.49662800
163.27999901	-0.73488570	-1.49662800
163.35999901	-0.64607690	-1.49662800
163.43999901	-0.64607690	-1.49662800
163.51999901	-0.64607690	-1.40904000
163.59999901	-0.64607690	-1.40904000
163.67999901	-0.64607690	-1.40904000
163.75999900	-0.64607690	-1.40904000
163.83999900	-0.64607690	-1.32114600
163.91999900	-0.64607690	-1.32114600
163.99999900	-0.55757310	-1.32114600
164.07999900	-0.55757310	-1.23325300
164.15999900	-0.55757310	-1.23325300
164.23999900	-0.64607690	-1.23325300
164.31999900	-0.55757310	-1.14536000
164.39999900	-0.55757310	-1.14536000
164.47999900	-0.55757310	-1.14536000
164.55999900	-0.55757310	-1.14536000
164.63999900	-0.55757310	-1.05746600
164.71999900	-0.55757310	-1.05746600
164.79999900	-0.55757310	-1.05746600
164.87999900	-0.55757310	-1.05746600
164.95999900	-0.55757310	-0.96987830
165.03999900	-0.55757310	-0.96987830
165.11999900	-0.55757310	-0.96987830
165.19999900	-0.55757310	-0.88198490
165.27999900	-0.55757310	-0.88198490
165.35999900	-0.55757310	-0.88198490
165.43999899	-0.55757310	-0.88198490
165.51999899	-0.55757310	-0.79409160
165.59999899	-0.55757310	-0.70619830
165.67999899	-0.46876430	-0.70619830
165.75999899	-0.55757310	-0.70619830
165.83999899	-0.46876430	-0.70619830
165.91999899	-0.55757310	-0.70619830
165.99999899	-0.46876430	-0.61861020
166.07999899	-0.46876430	-0.61861020
166.15999899	-0.46876430	-0.53071690
166.23999899	-0.46876430	-0.53071690
166.31999899	-0.46876430	-0.53071690
166.39999899	-0.46876430	-0.53071690
166.47999899	-0.46876430	-0.44282360
166.55999899	-0.46876430	-0.53071690
166.63999899	-0.46876430	-0.44282360
166.71999899	-0.46876430	-0.35493030
166.79999899	-0.38026060	-0.35493030
166.87999899	-0.38026060	-0.35493030
166.95999899	-0.38026060	-0.35493030
167.03999898	-0.38026060	-0.26734220
167.11999898	-0.38026060	-0.26734220
167.19999898	-0.38026060	-0.17944880
167.27999898	-0.38026060	-0.17944880
167.35999898	-0.38026060	-0.17944880
167.43999898	-0.29145180	-0.09155553
167.51999898	-0.29145180	-0.09155553
167.59999898	-0.29145180	-0.09155553
167.67999898	-0.29145180	-0.09155553
167.75999898	-0.20294810	-0.00366222
167.83999898	-0.20294810	-0.09155553
167.91999898	-0.20294810	-0.00366222
167.99999898	-0.20294810	-0.00366222
168.07999898	-0.11413920	0.08392590
168.15999898	-0.11413920	0.08392590
168.23999898	-0.11413920	0.08392590
168.31999898	-0.02563555	0.17151400
168.39999898	-0.02563555	0.17151400
168.47999898	-0.02563555	0.17151400
168.55999898	0.06317332	0.17151400
168.63999898	0.06317332	0.17151400
168.71999897	0.15167700	0.25940730
168.79999897	0.15167700	0.34730060
168.87999897	0.24048580	0.34730060
168.95999897	0.24048580	0.34730060
169.03999897	0.50630210	0.43519400
169.11999897	0.59480580	0.43519400
169.19999897	0.59480580	0.43519400
169.27999897	0.59480580	0.43519400
169.35999897	0.59480580	0.52278210
169.43999897	0.59480580	0.52278210
169.51999897	0.59480580	0.52278210
169.59999897	0.50630210	0.61067540
169.67999897	1.48136800	0.61067540
169.75999897	2.10211500	0.69856870
169.83999897	1.92480200	0.61067540
169.91999897	1.12674300	0.69856870
169.99999897	0.15167700	0.69856870
170.07999897	4.22986600	0.69856870
170.15999897	4.14136200	0.69856870
170.23999897	4.22986600	0.69856870
170.31999896	4.05255300	0.78646200
170.39999896	4.14136200	0.87405010
170.47999896	4.05255300	0.87405010
170.55999896	4.05255300	0.87405010
170.63999896	4.05255300	0.87405010
170.71999896	4.05255300	0.87405010
170.79999896	4.05255300	0.96194340
170.87999896	4.05255300	0.96194340
170.95999896	4.05255300	0.96194340
171.03999896	3.96404900	1.04983700
171.11999896	3.96404900	1.04983700
171.19999896	3.96404900	1.04983700
171.27999896	3.96404900	1.04983700
171.35999896	3.87524000	1.13773000
171.43999896	3.96404900	1.22531800
171.51999896	3.87524000	1.22531800
171.59999896	3.96404900	1.22531800
171.67999896	3.87524000	1.31321100
171.75999896	3.87524000	1.31321100
171.83999896	3.96404900	1.31321100
171.91999896	3.87524000	1.40110500
171.99999895	3.87524000	1.40110500
172.07999895	3.87524000	1.40110500
172.15999895	3.87524000	1.48899800
172.23999895	3.87524000	1.48899800
172.31999895	3.78673700	1.48899800
172.39999895	3.87524000	1.57689100
172.47999895	3.78673700	1.57689100
172.55999895	3.87524000	1.57689100
172.63999895	3.78673700	1.66447900
172.71999895	3.78673700	1.66447900
172.79999895	3.78673700	1.75237300
172.87999895	3.87524000	1.75237300
172.95999895	3.78673700	1.75237300
173.03999895	3.78673700	1.75237300
173.11999895	3.78673700	1.75237300
173.19999895	3.78673700	1.84026600
173.27999895	3.78673700	1.84026600
173.35999895	3.78673700	1.92815900
173.43999895	3.78673700	2.01574800
173.51999895	3.78673700	2.01574800
173.59999894	3.78673700	2.01574800
173.67999894	3.69792800	2.10364100
173.75999894	3.69792800	2.10364100
173.83999894	3.69792800	2.10364100
173.91999894	3.69792800	2.19153400
173.99999894	3.69792800	2.19153400
174.07999894	3.69792800	2.27942800
174.15999894	3.69792800	2.27942800
174.23999894	3.69792800	2.27942800
174.31999894	3.69792800	2.36701600
174.39999894	3.69792800	2.36701600
174.47999894	3.69792800	2.45490900
174.55999894	3.69792800	2.45490900
174.63999894	3.69792800	2.45490900
174.71999894	3.69792800	2.54280200
174.79999894	3.69792800	2.54280200
174.87999894	3.69792800	2.54280200
174.95999894	3.69792800	2.63069600
175.03999894	3.69792800	2.63069600
175.11999894	3.69792800	2.71828400
175.19999894	3.69792800	2.71828400
175.27999893	3.69792800	2.71828400
175.35999893	3.60942400	2.80617700
175.43999893	3.69792800	2.80617700
175.51999893	3.60942400	2.80617700
175.59999893	3.60942400	2.80617700
175.67999893	3.60942400	2.89407000
175.75999893	3.60942400	2.89407000
175.83999893	3.60942400	2.98196400
175.91999893	3.60942400	2.98196400
175.99999893	3.60942400	2.98196400
176.07999893	3.60942400	3.06985700
176.15999893	3.60942400	3.06985700
176.23999893	3.60942400	3.15744500
176.31999893	3.60942400	3.15744500
176.39999893	3.60942400	3.15744500
176.47999893	3.60942400	3.24533800
176.55999893	3.60942400	3.24533800
176.63999893	3.60942400	3.24533800
176.71999893	3.60942400	3.24533800
176.79999893	3.60942400	3.33323200
176.87999893	3.60942400	3.33323200
176.95999892	3.52061500	3.42112500
177.03999892	3.60942400	3.42112500
177.11999892	3.52061500	3.42112500
177.19999892	3.60942400	3.50871300
177.27999892	3.52061500	3.50871300
177.35999892	3.52061500	3.50871300
177.43999892	3.60942400	3.50871300
177.51999892	3.52061500	3.50871300
177.59999892	3.60942400	3.59660600
177.67999892	3.60942400	3.68450000
177.75999892	3.60942400	3.68450000
177.83999892	3.60942400	3.68450000
177.91999892	3.60942400	3.68450000
177.99999892	3.60942400	3.68450000
178.07999892	3.52061500	3.68450000
178.15999892	3.60942400	3.77239300
178.23999892	3.52061500	3.77239300
178.31999892	3.60942400	3.85998100
178.39999892	3.60942400	3.85998100
178.47999892	3.52061500	3.85998100
178.55999891	3.52061500	3.85998100
178.63999891	3.60942400	3.94787400
178.71999891	3.52061500	3.94787400
178.79999891	3.60942400	3.94787400
178.87999891	3.60942400	4.03576800
178.95999891	3.60942400	4.03576800
179.03999891	3.60942400	4.03576800
179.11999891	3.60942400	4.03576800
179.19999891	3.60942400	4.03576800
179.27999891	3.60942400	4.12366100
179.35999891	3.60942400	4.12366100
179.43999891	3.52061500	4.12366100
179.51999891	3.60942400	4.12366100
179.59999891	3.60942400	4.21124900
179.67999891	3.60942400	4.21124900
179.75999891	3.52061500	4.21124900
179.83999891	3.60942400	4.21124900
179.91999891	3.60942400	4.21124900
179.99999891	3.52061500	4.21124900
180.07999891	3.60942400	4.21124900
180.15999891	3.60942400	4.29914200
180.23999890	3.60942400	4.29914200
180.31999890	3.60942400	4.29914200
180.39999890	3.60942400	4.29914200
180.47999890	3.60942400	4.29914200
180.55999890	3.52061500	4.29914200
180.63999890	3.60942400	4.29914200
180.71999890	3.52061500	4.38703600
180.79999890	3.60942400	4.38703600
180.87999890	3.60942400	4.38703600
180.95999890	3.60942400	4.38703600
181.03999890	3.60942400	4.38703600
181.11999890	3.60942400	4.38703600
181.19999890	3.60942400	4.38703600
181.27999890	3.60942400	4.38703600
181.35999890	3.69792800	4.38703600
181.43999890	3.60942400	4.38703600
181.51999890	3.60942400	4.38703600
181.59999890	3.60942400	4.38703600
181.67999890	3.60942400	4.38703600
181.75999890	3.69792800	4.38703600
181.83999889	3.69792800	4.38703600
181.91999889	3.69792800	4.47492900
181.99999889	3.60942400	4.38703600
182.07999889	3.69792800	4.38703600
182.15999889	3.69792800	4.38703600
182.23999889	3.69792800	4.47492900
182.31999889	3.60942400	4.38703600
182.39999889	3.69792800	4.38703600
182.47999889	3.69792800	4.47492900
182.55999889	3.69792800	4.38703600
182.63999889	3.69792800	4.38703600
182.71999889	3.69792800	4.38703600
182.79999889	3.69792800	4.38703600
182.87999889	3.69792800	4.38703600
182.95999889	3.69792800	4.38703600
183.03999889	3.69792800	4.38703600
183.11999889	3.69792800	4.38703600
183.19999889	3.69792800	4.38703600
183.27999889	3.69792800	4.38703600
183.35999889	3.69792800	4.29914200
183.43999889	3.69792800	4.38703600
183.51999888	3.69792800	4.29914200
183.59999888	3.69792800	4.29914200
183.67999888	3.69792800	4.29914200
183.75999888	3.69792800	4.29914200
183.83999888	3.78673700	4.29914200
183.91999888	3.69792800	4.29914200
183.99999888	3.69792800	4.21124900
184.07999888	3.78673700	4.21124900
184.15999888	3.78673700	4.21124900
184.23999888	3.78673700	4.21124900
184.31999888	3.78673700	4.21124900
184.39999888	3.78673700	4.21124900
184.47999888	3.78673700	4.21124900
184.55999888	3.78673700	4.12366100
184.63999888	3.78673700	4.12366100
184.71999888	3.78673700	4.12366100
184.79999888	3.78673700	4.03576800
184.87999888	3.78673700	4.03576800
184.95999888	3.78673700	4.03576800
185.03999888	3.78673700	4.03576800
185.11999887	3.78673700	4.03576800
185.19999887	3.78673700	3.94787400
185.27999887	3.78673700	3.94787400
185.35999887	3.78673700	3.94787400
185.43999887	3.78673700	3.85998100
185.51999887	3.78673700	3.85998100
185.59999887	3.78673700	3.85998100
185.67999887	3.78673700	3.85998100
185.75999887	3.87524000	3.85998100
185.83999887	3.78673700	3.77239300
185.91999887	3.78673700	3.77239300
185.99999887	3.87524000	3.68450000
186.07999887	3.87524000	3.68450000
186.15999887	3.87524000	3.68450000
186.23999887	3.87524000	3.68450000
186.31999887	3.87524000	3.59660600
186.39999887	3.87524000	3.59660600
186.47999887	3.87524000	3.59660600
186.55999887	3.87524000	3.50871300
186.63999887	3.96404900	3.50871300
186.71999887	3.87524000	3.42112500
186.79999886	3.87524000	3.42112500
186.87999886	3.87524000	3.42112500
186.95999886	3.87524000	3.42112500
187.03999886	3.87524000	3.33323200
187.11999886	3.87524000	3.24533800
187.19999886	3.87524000	3.24533800
187.27999886	3.87524000	3.24533800
187.35999886	3.87524000	3.15744500
187.43999886	3.87524000	3.15744500
187.51999886	3.87524000	3.06985700
187.59999886	3.96404900	3.06985700
187.67999886	3.87524000	3.06985700
187.75999886	3.96404900	2.98196400
187.83999886	3.96404900	2.98196400
187.91999886	3.96404900	2.89407000
187.99999886	3.96404900	2.89407000
188.07999886	3.96404900	2.89407000
188.15999886	3.96404900	2.80617700
188.23999886	3.96404900	2.80617700
188.31999886	3.96404900	2.71828400
188.39999886	4.05255300	2.71828400
188.47999885	3.96404900	2.63069600
188.55999885	3.96404900	2.63069600
188.63999885	4.05255300	2.54280200
188.71999885	4.05255300	2.45490900
188.79999885	3.96404900	2.45490900
188.87999885	4.05255300	2.45490900
188.95999885	3.96404900	2.45490900
189.03999885	3.96404900	2.36701600
189.11999885	4.05255300	2.36701600
189.19999885	4.05255300	2.27942800
189.27999885	4.05255300	2.19153400
189.35999885	4.05255300	2.19153400
189.43999885	4.05255300	2.10364100
189.51999885	4.05255300	2.10364100
189.59999885	4.05255300	2.10364100
189.67999885	4.05255300	2.01574800
189.75999885	4.05255300	1.92815900
189.83999885	4.05255300	1.92815900
189.91999885	4.05255300	1.84026600
189.99999885	4.05255300	1.84026600
190.07999884	4.05255300	1.75237300
190.15999884	4.14136200	1.75237300
190.23999884	4.05255300	1.75237300
190.31999884	4.05255300	1.66447900
190.39999884	4.14136200	1.57689100
190.47999884	4.05255300	1.57689100
190.55999884	4.05255300	1.48899800
190.63999884	4.05255300	1.40110500
190.71999884	4.05255300	1.40110500
190.79999884	4.14136200	1.40110500
190.87999884	4.14136200	1.40110500
190.95999884	4.05255300	1.31321100
191.03999884	4.14136200	1.22531800
191.11999884	4.05255300	1.22531800
191.19999884	4.05255300	1.13773000
191.27999884	4.14136200	1.04983700
191.35999884	4.05255300	1.04983700
191.43999884	4.14136200	0.96194340
191.51999884	4.14136200	0.87405010
191.59999884	4.14136200	0.87405010
191.67999884	4.14136200	0.87405010
191.75999883	4.14136200	0.78646200
191.83999883	4.14136200	0.78646200
191.91999883	4.14136200	0.69856870
191.99999883	4.14136200	0.69856870
192.07999883	4.14136200	0.61067540
192.15999883	4.14136200	0.52278210
192.23999883	4.14136200	0.52278210
192.31999883	4.14136200	0.43519400
192.39999883	4.14136200	0.43519400
192.47999883	4.14136200	0.34730060
192.55999883	4.14136200	0.25940730
192.63999883	4.14136200	0.25940730
192.71999883	4.14136200	0.17151400
192.79999883	4.14136200	0.17151400
192.87999883	4.14136200	0.08392590
192.95999883	4.14136200	0.08392590
193.03999883	4.22986600	-0.00366222
193.11999883	4.22986600	-0.00366222
193.19999883	4.14136200	-0.09155553
193.27999883	4.14136200	-0.17944880
193.35999882	4.14136200	-0.17944880
193.43999882	4.22986600	-0.26734220
193.51999882	4.14136200	-0.35493030
193.59999882	4.22986600	-0.35493030
193.67999882	4.22986600	-0.44282360
193.75999882	4.22986600	-0.53071690
193.83999882	4.22986600	-0.53071690
193.91999882	4.22986600	-0.61861020
193.99999882	4.22986600	-0.61861020
194.07999882	4.22986600	-0.70619830
194.15999882	4.22986600	-0.70619830
194.23999882	4.22986600	-0.70619830
194.31999882	4.22986600	-0.79409160
194.39999882	4.22986600	-0.88198490
194.47999882	4.22986600	-0.88198490
194.55999882	4.22986600	-0.96987830
194.63999882	4.22986600	-1.05746600
194.71999882	4.22986600	-1.14536000
194.79999882	4.22986600	-1.14536000
194.87999882	4.22986600	-1.23325300
194.95999882	4.22986600	-1.23325300
195.03999881	4.31867400	-1.32114600
195.11999881	4.22986600	-1.40904000
195.19999881	4.22986600	-1.40904000
195.27999881	4.22986600	-1.40904000
195.35999881	4.22986600	-1.49662800
195.43999881	4.31867400	-1.58452100
195.51999881	4.31867400	-1.58452100
195.59999881	4.22986600	-1.67241400
195.67999881	4.31867400	-1.76030800
195.75999881	4.31867400	-1.76030800
195.83999881	4.40717800	-1.84789600
195.91999881	4.40717800	-1.84789600
195.99999881	4.49598700	-1.93578900
196.07999881	4.76180300	-1.93578900
196.15999881	5.02792500	-2.02368200
196.23999881	5.11642800	-2.11157600
196.31999881	5.11642800	-2.11157600
196.39999881	5.02792500	-2.11157600
196.47999881	4.93911600	-2.11157600
196.55999881	5.02792500	-2.19916400
196.63999880	5.11642800	-2.28705700
196.71999880	5.02792500	-2.28705700
196.79999880	5.11642800	-2.37495000
196.87999880	5.02792500	-2.37495000
196.95999880	5.02792500	-2.46284400
197.03999880	5.02792500	-2.46284400
197.11999880	5.02792500	-2.55043200
197.19999880	4.93911600	-2.55043200
197.27999880	5.02792500	-2.63832500
197.35999880	4.93911600	-2.72621800
197.43999880	4.93911600	-2.72621800
197.51999880	4.93911600	-2.81411200
197.59999880	4.93911600	-2.81411200
197.67999880	4.85061200	-2.81411200
197.75999880	4.85061200	-2.90200500
197.83999880	4.85061200	-2.98959300
197.91999880	4.85061200	-2.98959300
197.99999880	4.85061200	-2.98959300
198.07999880	4.76180300	-3.07748700
198.15999880	4.76180300	-3.16538000
198.23999880	4.76180300	-3.16538000
198.31999879	4.76180300	-3.16538000
198.39999879	4.76180300	-3.25327300
198.47999879	4.67329900	-3.25327300
198.55999879	4.67329900	-3.25327300
198.63999879	4.67329900	-3.34086100
198.71999879	4.67329900	-3.34086100
198.79999879	4.58449000	-3.42875500
198.87999879	4.58449000	-3.42875500
198.95999879	4.58449000	-3.51664800
199.03999879	4.58449000	-3.51664800
199.11999879	4.58449000	-3.51664800
199.19999879	4.49598700	-3.60454100
199.27999879	4.49598700	-3.60454100
199.35999879	4.49598700	-3.69212900
199.43999879	4.49598700	-3.78002300
199.51999879	4.49598700	-3.78002300
199.59999879	4.40717800	-3.78002300
199.67999879	4.40717800	-3.86791600
199.75999879	4.40717800	-3.86791600
199.83999879	4.40717800	-3.86791600
199.91999878	4.40717800	-3.86791600
199.99999878	4.40717800	-3.95580900
200.07999878	4.40717800	-3.95580900
200.15999878	4.40717800	-4.04339700
200.23999878	4.40717800	-4.04339700
