Time	Channel A	Channel B
(us)	(V)	(V)

0.00000000	0.86092720	-2.28705700
0.08000000	0.86092720	-2.28705700
0.16000000	0.94943080	-2.37495000
0.24000000	0.86092720	-2.37495000
0.32000000	0.86092720	-2.46284400
0.40000000	0.94943080	-2.46284400
0.48000000	0.94943080	-2.55043200
0.56000000	0.94943080	-2.55043200
0.64000000	0.86092720	-2.55043200
0.72000000	0.94943080	-2.63832500
0.80000000	0.86092720	-2.63832500
0.87999999	0.94943080	-2.63832500
0.95999999	0.86092720	-2.72621800
1.03999999	0.94943080	-2.81411200
1.11999999	0.94943080	-2.81411200
1.19999999	0.86092720	-2.81411200
1.27999999	0.94943080	-2.81411200
1.35999999	0.86092720	-2.81411200
1.43999999	0.94943080	-2.90200500
1.51999999	0.94943080	-2.90200500
1.59999999	0.94943080	-2.98959300
1.67999999	0.94943080	-2.98959300
1.75999999	0.94943080	-2.98959300
1.83999999	0.94943080	-3.07748700
1.91999999	0.94943080	-3.07748700
1.99999999	0.94943080	-3.16538000
2.07999999	0.94943080	-3.16538000
2.15999999	0.94943080	-3.16538000
2.23999999	0.94943080	-3.25327300
2.31999999	0.94943080	-3.25327300
2.39999999	0.86092720	-3.34086100
2.47999998	0.94943080	-3.34086100
2.55999998	0.94943080	-3.34086100
2.63999998	0.94943080	-3.34086100
2.71999998	0.94943080	-3.42875500
2.79999998	0.94943080	-3.42875500
2.87999998	0.94943080	-3.51664800
2.95999998	0.94943080	-3.51664800
3.03999998	0.94943080	-3.51664800
3.11999998	0.94943080	-3.51664800
3.19999998	0.94943080	-3.51664800
3.27999998	0.94943080	-3.60454100
3.35999998	0.94943080	-3.60454100
3.43999998	0.94943080	-3.60454100
3.51999998	0.94943080	-3.69212900
3.59999998	0.94943080	-3.69212900
3.67999998	0.94943080	-3.69212900
3.75999998	0.94943080	-3.78002300
3.83999998	0.94943080	-3.78002300
3.91999998	0.94943080	-3.86791600
3.99999998	0.94943080	-3.86791600
4.07999998	0.94943080	-3.86791600
4.15999997	0.94943080	-3.95580900
4.23999997	0.94943080	-3.95580900
4.31999997	0.94943080	-3.95580900
4.39999997	0.94943080	-3.95580900
4.47999997	0.94943080	-3.95580900
4.55999997	0.94943080	-4.04339700
4.63999997	0.94943080	-4.04339700
4.71999997	0.94943080	-4.04339700
4.79999997	0.94943080	-4.04339700
4.87999997	0.94943080	-4.04339700
4.95999997	0.94943080	-4.13129000
5.03999997	0.94943080	-4.13129000
5.11999997	0.94943080	-4.13129000
5.19999997	0.94943080	-4.13129000
5.27999997	0.94943080	-4.21918400
5.35999997	0.94943080	-4.13129000
5.43999997	0.94943080	-4.21918400
5.51999997	0.94943080	-4.21918400
5.59999997	0.94943080	-4.21918400
5.67999997	0.94943080	-4.21918400
5.75999996	0.94943080	-4.21918400
5.83999996	1.03824000	-4.21918400
5.91999996	0.94943080	-4.21918400
5.99999996	0.94943080	-4.30707700
6.07999996	0.94943080	-4.30707700
6.15999996	0.94943080	-4.30707700
6.23999996	0.94943080	-4.30707700
6.31999996	0.94943080	-4.30707700
6.39999996	0.94943080	-4.39497000
6.47999996	0.94943080	-4.30707700
6.55999996	0.94943080	-4.39497000
6.63999996	0.94943080	-4.39497000
6.71999996	0.94943080	-4.39497000
6.79999996	0.94943080	-4.39497000
6.87999996	0.86092720	-4.39497000
6.95999996	0.94943080	-4.39497000
7.03999996	0.94943080	-4.39497000
7.11999996	0.94943080	-4.39497000
7.19999996	0.94943080	-4.39497000
7.27999996	0.94943080	-4.39497000
7.35999996	0.94943080	-4.39497000
7.43999995	0.94943080	-4.39497000
7.51999995	0.94943080	-4.39497000
7.59999995	0.94943080	-4.39497000
7.67999995	0.94943080	-4.39497000
7.75999995	0.94943080	-4.39497000
7.83999995	0.94943080	-4.39497000
7.91999995	0.94943080	-4.39497000
7.99999995	0.94943080	-4.39497000
8.07999995	0.94943080	-4.39497000
8.15999995	0.94943080	-4.39497000
8.23999995	0.94943080	-4.39497000
8.31999995	0.94943080	-4.39497000
8.39999995	0.86092720	-4.39497000
8.47999995	0.94943080	-4.39497000
8.55999995	0.94943080	-4.39497000
8.63999995	0.94943080	-4.39497000
8.71999995	0.94943080	-4.39497000
8.79999995	0.86092720	-4.39497000
8.87999995	0.94943080	-4.39497000
8.95999995	0.94943080	-4.30707700
9.03999995	0.94943080	-4.30707700
9.11999994	0.94943080	-4.30707700
9.19999994	0.94943080	-4.30707700
9.27999994	0.86092720	-4.30707700
9.35999994	0.86092720	-4.30707700
9.43999994	0.94943080	-4.30707700
9.51999994	0.94943080	-4.21918400
9.59999994	0.94943080	-4.21918400
9.67999994	0.86092720	-4.21918400
9.75999994	0.86092720	-4.21918400
9.83999994	0.94943080	-4.21918400
9.91999994	0.86092720	-4.21918400
9.99999994	0.86092720	-4.13129000
10.07999994	0.86092720	-4.13129000
10.15999994	0.94943080	-4.04339700
10.23999994	0.94943080	-4.13129000
10.31999994	0.86092720	-4.04339700
10.39999994	0.86092720	-4.04339700
10.47999994	0.94943080	-4.04339700
10.55999994	0.86092720	-4.04339700
10.63999994	0.86092720	-3.95580900
10.71999993	0.86092720	-3.95580900
10.79999993	0.86092720	-3.86791600
10.87999993	0.86092720	-3.86791600
10.95999993	0.86092720	-3.86791600
11.03999993	0.86092720	-3.86791600
11.11999993	0.86092720	-3.86791600
11.19999993	0.86092720	-3.86791600
11.27999993	0.86092720	-3.78002300
11.35999993	0.86092720	-3.78002300
11.43999993	0.86092720	-3.78002300
11.51999993	0.86092720	-3.69212900
11.59999993	0.86092720	-3.69212900
11.67999993	0.86092720	-3.60454100
11.75999993	0.86092720	-3.60454100
11.83999993	0.86092720	-3.60454100
11.91999993	0.86092720	-3.51664800
11.99999993	0.86092720	-3.51664800
12.07999993	0.86092720	-3.51664800
12.15999993	0.86092720	-3.42875500
12.23999993	0.86092720	-3.42875500
12.31999993	0.86092720	-3.42875500
12.39999992	0.86092720	-3.34086100
12.47999992	0.86092720	-3.25327300
12.55999992	0.86092720	-3.25327300
12.63999992	0.86092720	-3.25327300
12.71999992	0.86092720	-3.25327300
12.79999992	0.86092720	-3.16538000
12.87999992	0.86092720	-3.16538000
12.95999992	0.86092720	-3.07748700
13.03999992	0.86092720	-3.07748700
13.11999992	0.86092720	-2.98959300
13.19999992	0.86092720	-2.98959300
13.27999992	0.86092720	-2.90200500
13.35999992	0.86092720	-2.90200500
13.43999992	0.86092720	-2.90200500
13.51999992	0.77211830	-2.90200500
13.59999992	0.86092720	-2.81411200
13.67999992	0.86092720	-2.81411200
13.75999992	0.77211830	-2.81411200
13.83999992	0.77211830	-2.72621800
13.91999992	0.86092720	-2.63832500
13.99999991	0.77211830	-2.63832500
14.07999991	0.77211830	-2.55043200
14.15999991	0.86092720	-2.55043200
14.23999991	0.86092720	-2.46284400
14.31999991	0.77211830	-2.46284400
14.39999991	0.77211830	-2.37495000
14.47999991	0.77211830	-2.37495000
14.55999991	0.77211830	-2.28705700
14.63999991	0.77211830	-2.28705700
14.71999991	0.77211830	-2.19916400
14.79999991	0.77211830	-2.19916400
14.87999991	0.77211830	-2.11157600
14.95999991	0.77211830	-2.11157600
15.03999991	0.77211830	-2.11157600
15.11999991	0.77211830	-2.02368200
15.19999991	0.77211830	-1.93578900
15.27999991	0.77211830	-1.93578900
15.35999991	0.77211830	-1.93578900
15.43999991	0.77211830	-1.84789600
15.51999991	0.86092720	-1.76030800
15.59999991	0.77211830	-1.76030800
15.67999990	0.77211830	-1.76030800
15.75999990	0.77211830	-1.67241400
15.83999990	0.77211830	-1.58452100
15.91999990	0.77211830	-1.58452100
15.99999990	0.77211830	-1.49662800
16.07999990	0.77211830	-1.49662800
16.15999990	0.77211830	-1.40904000
16.23999990	0.77211830	-1.40904000
16.31999990	0.77211830	-1.40904000
16.39999990	0.77211830	-1.32114600
16.47999990	0.77211830	-1.23325300
16.55999990	0.77211830	-1.23325300
16.63999990	0.68361460	-1.14536000
16.71999990	0.68361460	-1.05746600
16.79999990	0.77211830	-1.05746600
16.87999990	0.77211830	-1.05746600
16.95999990	0.77211830	-0.96987830
17.03999990	0.68361460	-0.88198490
17.11999990	0.77211830	-0.88198490
17.19999990	0.77211830	-0.79409160
17.27999989	0.68361460	-0.70619830
17.35999989	0.77211830	-0.70619830
17.43999989	0.68361460	-0.70619830
17.51999989	0.77211830	-0.61861020
17.59999989	0.77211830	-0.53071690
17.67999989	0.68361460	-0.53071690
17.75999989	0.68361460	-0.44282360
17.83999989	0.77211830	-0.35493030
17.91999989	0.68361460	-0.35493030
17.99999989	0.68361460	-0.35493030
18.07999989	0.68361460	-0.26734220
18.15999989	0.68361460	-0.17944880
18.23999989	0.68361460	-0.17944880
18.31999989	0.68361460	-0.09155553
18.39999989	0.68361460	-0.00366222
18.47999989	0.68361460	-0.00366222
18.55999989	0.68361460	-0.00366222
18.63999989	0.68361460	0.08392590
18.71999989	0.68361460	0.17151400
18.79999989	0.68361460	0.17151400
18.87999989	0.68361460	0.25940730
18.95999988	0.68361460	0.34730060
19.03999988	0.68361460	0.34730060
19.11999988	0.68361460	0.34730060
19.19999988	0.68361460	0.43519400
19.27999988	0.68361460	0.52278210
19.35999988	0.68361460	0.61067540
19.43999988	0.68361460	0.61067540
19.51999988	0.68361460	0.69856870
19.59999988	0.68361460	0.69856870
19.67999988	0.68361460	0.69856870
19.75999988	0.68361460	0.78646200
19.83999988	0.68361460	0.78646200
19.91999988	0.68361460	0.87405010
19.99999988	0.68361460	0.96194340
20.07999988	0.68361460	0.96194340
20.15999988	0.68361460	1.04983700
20.23999988	0.68361460	1.04983700
20.31999988	0.68361460	1.13773000
20.39999988	0.68361460	1.13773000
20.47999988	0.68361460	1.22531800
20.55999988	0.59480580	1.31321100
20.63999987	0.68361460	1.40110500
20.71999987	0.59480580	1.40110500
20.79999987	0.59480580	1.40110500
20.87999987	0.59480580	1.48899800
20.95999987	0.59480580	1.48899800
21.03999987	0.59480580	1.57689100
21.11999987	0.59480580	1.66447900
21.19999987	0.59480580	1.66447900
21.27999987	0.50630210	1.75237300
21.35999987	0.50630210	1.75237300
21.43999987	0.50630210	1.84026600
21.51999987	0.50630210	1.92815900
21.59999987	0.50630210	1.92815900
21.67999987	0.50630210	1.92815900
21.75999987	0.50630210	2.01574800
21.83999987	0.50630210	2.01574800
21.91999987	0.50630210	2.10364100
21.99999987	0.50630210	2.10364100
22.07999987	0.50630210	2.19153400
22.15999987	0.59480580	2.19153400
22.23999986	0.50630210	2.27942800
22.31999986	0.50630210	2.36701600
22.39999986	0.50630210	2.36701600
22.47999986	0.50630210	2.45490900
22.55999986	0.50630210	2.45490900
22.63999986	0.50630210	2.45490900
22.71999986	0.59480580	2.54280200
22.79999986	0.59480580	2.63069600
22.87999986	0.59480580	2.63069600
22.95999986	0.59480580	2.71828400
23.03999986	0.59480580	2.71828400
23.11999986	0.59480580	2.80617700
23.19999986	0.59480580	2.80617700
23.27999986	0.59480580	2.80617700
23.35999986	0.59480580	2.89407000
23.43999986	0.50630210	2.89407000
23.51999986	0.59480580	2.98196400
23.59999986	0.59480580	2.98196400
23.67999986	0.50630210	3.06985700
23.75999986	0.59480580	3.15744500
23.83999986	0.59480580	3.15744500
23.91999985	0.59480580	3.15744500
23.99999985	0.59480580	3.24533800
24.07999985	0.59480580	3.24533800
24.15999985	0.59480580	3.33323200
24.23999985	0.59480580	3.33323200
24.31999985	0.59480580	3.33323200
24.39999985	0.59480580	3.42112500
24.47999985	0.59480580	3.50871300
24.55999985	0.59480580	3.50871300
24.63999985	0.59480580	3.50871300
24.71999985	0.59480580	3.59660600
24.79999985	0.59480580	3.59660600
24.87999985	0.59480580	3.59660600
24.95999985	0.59480580	3.68450000
25.03999985	0.59480580	3.68450000
25.11999985	0.59480580	3.68450000
25.19999985	0.59480580	3.68450000
25.27999985	0.59480580	3.85998100
25.35999985	0.59480580	3.85998100
25.43999985	0.59480580	3.85998100
25.51999984	0.59480580	3.85998100
25.59999984	0.68361460	3.85998100
25.67999984	0.59480580	3.94787400
25.75999984	0.59480580	4.03576800
25.83999984	0.59480580	4.03576800
25.91999984	0.59480580	4.03576800
25.99999984	0.59480580	4.12366100
26.07999984	0.59480580	4.12366100
26.15999984	0.59480580	4.12366100
26.23999984	0.59480580	4.21124900
26.31999984	0.59480580	4.21124900
26.39999984	0.59480580	4.21124900
26.47999984	0.59480580	4.21124900
26.55999984	0.59480580	4.29914200
26.63999984	0.59480580	4.29914200
26.71999984	0.59480580	4.29914200
26.79999984	0.68361460	4.29914200
26.87999984	0.68361460	4.38703600
26.95999984	0.59480580	4.38703600
27.03999984	0.59480580	4.38703600
27.11999984	0.59480580	4.47492900
27.19999983	0.59480580	4.47492900
27.27999983	0.59480580	4.47492900
27.35999983	0.68361460	4.56282200
27.43999983	0.59480580	4.56282200
27.51999983	0.59480580	4.56282200
27.59999983	0.59480580	4.56282200
27.67999983	0.68361460	4.56282200
27.75999983	0.68361460	4.56282200
27.83999983	0.68361460	4.65041100
27.91999983	0.68361460	4.65041100
27.99999983	0.59480580	4.73830400
28.07999983	0.68361460	4.73830400
28.15999983	0.68361460	4.73830400
28.23999983	0.68361460	4.73830400
28.31999983	0.68361460	4.73830400
28.39999983	0.68361460	4.73830400
28.47999983	0.68361460	4.82619700
28.55999983	0.68361460	4.73830400
28.63999983	0.68361460	4.82619700
28.71999983	0.68361460	4.82619700
28.79999982	0.68361460	4.82619700
28.87999982	0.68361460	4.82619700
28.95999982	0.68361460	4.82619700
29.03999982	0.68361460	4.82619700
29.11999982	0.68361460	4.91409000
29.19999982	0.68361460	4.82619700
29.27999982	0.68361460	4.91409000
29.35999982	0.68361460	4.91409000
29.43999982	0.68361460	4.91409000
29.51999982	0.68361460	4.91409000
29.59999982	0.68361460	4.91409000
29.67999982	0.68361460	4.91409000
29.75999982	0.68361460	4.91409000
29.83999982	0.68361460	4.91409000
29.91999982	0.68361460	4.91409000
29.99999982	0.68361460	4.91409000
30.07999982	0.68361460	4.91409000
30.15999982	0.68361460	4.91409000
30.23999982	0.68361460	4.91409000
30.31999982	0.68361460	4.91409000
30.39999982	0.68361460	5.00167800
30.47999981	0.68361460	4.91409000
30.55999981	0.68361460	4.91409000
30.63999981	0.68361460	4.91409000
30.71999981	0.68361460	4.91409000
30.79999981	0.68361460	4.91409000
30.87999981	0.68361460	4.91409000
30.95999981	0.68361460	4.91409000
31.03999981	0.68361460	4.91409000
31.11999981	0.68361460	4.91409000
31.19999981	0.68361460	4.82619700
31.27999981	0.68361460	4.91409000
31.35999981	0.59480580	4.91409000
31.43999981	0.68361460	4.91409000
31.51999981	0.68361460	4.91409000
31.59999981	0.68361460	4.82619700
31.67999981	0.68361460	4.82619700
31.75999981	0.68361460	4.82619700
31.83999981	0.68361460	4.82619700
31.91999981	0.68361460	4.82619700
31.99999981	0.68361460	4.82619700
32.07999981	0.68361460	4.82619700
32.15999980	0.68361460	4.82619700
32.23999980	0.68361460	4.82619700
32.31999980	0.68361460	4.73830400
32.39999980	0.68361460	4.73830400
32.47999980	0.68361460	4.65041100
32.55999980	0.68361460	4.65041100
32.63999980	0.68361460	4.65041100
32.71999980	0.68361460	4.65041100
32.79999980	0.68361460	4.65041100
32.87999980	0.68361460	4.65041100
32.95999980	0.68361460	4.56282200
33.03999980	0.68361460	4.56282200
33.11999980	0.68361460	4.56282200
33.19999980	0.68361460	4.56282200
33.27999980	0.68361460	4.56282200
33.35999980	0.68361460	4.47492900
33.43999980	0.68361460	4.47492900
33.51999980	0.68361460	4.47492900
33.59999980	0.68361460	4.38703600
33.67999980	0.68361460	4.38703600
33.75999979	0.68361460	4.38703600
33.83999979	0.68361460	4.38703600
33.91999979	0.68361460	4.29914200
33.99999979	0.68361460	4.29914200
34.07999979	0.68361460	4.29914200
34.15999979	0.68361460	4.21124900
34.23999979	0.68361460	4.29914200
34.31999979	0.68361460	4.21124900
34.39999979	0.68361460	4.21124900
34.47999979	0.68361460	4.21124900
34.55999979	0.68361460	4.21124900
34.63999979	0.68361460	4.12366100
34.71999979	0.68361460	4.12366100
34.79999979	0.68361460	4.03576800
34.87999979	0.68361460	4.12366100
34.95999979	0.68361460	4.03576800
35.03999979	0.68361460	3.94787400
35.11999979	0.68361460	3.94787400
35.19999979	0.68361460	3.85998100
35.27999979	0.68361460	3.94787400
35.35999979	0.59480580	3.85998100
35.43999978	0.59480580	3.85998100
35.51999978	0.68361460	3.85998100
35.59999978	0.68361460	3.85998100
35.67999978	0.68361460	3.68450000
35.75999978	0.68361460	3.68450000
35.83999978	0.68361460	3.68450000
35.91999978	0.68361460	3.68450000
35.99999978	0.59480580	3.59660600
36.07999978	0.68361460	3.59660600
36.15999978	0.68361460	3.50871300
36.23999978	0.59480580	3.50871300
36.31999978	0.68361460	3.50871300
36.39999978	0.59480580	3.50871300
36.47999978	0.59480580	3.42112500
36.55999978	0.59480580	3.42112500
36.63999978	0.59480580	3.42112500
36.71999978	0.59480580	3.33323200
36.79999978	0.59480580	3.24533800
36.87999978	0.59480580	3.24533800
36.95999978	0.59480580	3.24533800
37.03999977	0.59480580	3.24533800
37.11999977	0.50630210	3.15744500
37.19999977	0.50630210	3.15744500
37.27999977	0.50630210	3.06985700
37.35999977	0.50630210	3.06985700
37.43999977	0.50630210	2.98196400
37.51999977	0.50630210	2.98196400
37.59999977	0.50630210	2.98196400
37.67999977	0.41749320	2.89407000
37.75999977	0.50630210	2.89407000
37.83999977	0.41749320	2.80617700
37.91999977	0.32898950	2.80617700
37.99999977	0.41749320	2.80617700
38.07999977	0.41749320	2.80617700
38.15999977	0.32898950	2.71828400
38.23999977	0.32898950	2.71828400
38.31999977	0.32898950	2.63069600
38.39999977	0.32898950	2.54280200
38.47999977	0.32898950	2.63069600
38.55999977	0.32898950	2.45490900
38.63999977	0.24048580	2.45490900
38.71999976	0.24048580	2.45490900
38.79999976	0.24048580	2.45490900
38.87999976	0.24048580	2.36701600
38.95999976	0.24048580	2.36701600
39.03999976	0.24048580	2.36701600
39.11999976	0.15167700	2.27942800
39.19999976	0.15167700	2.19153400
39.27999976	0.15167700	2.19153400
39.35999976	0.15167700	2.10364100
39.43999976	0.15167700	2.10364100
39.51999976	0.15167700	2.01574800
39.59999976	0.06317332	2.01574800
39.67999976	0.06317332	1.92815900
39.75999976	0.06317332	1.92815900
39.83999976	0.06317332	1.92815900
39.91999976	-0.02563555	1.84026600
39.99999976	0.06317332	1.84026600
40.07999976	-0.02563555	1.75237300
40.15999976	-0.02563555	1.75237300
40.23999976	-0.02563555	1.75237300
40.31999975	-0.02563555	1.66447900
40.39999975	-0.02563555	1.66447900
40.47999975	-0.11413920	1.57689100
40.55999975	-0.11413920	1.57689100
40.63999975	-0.11413920	1.48899800
40.71999975	-0.11413920	1.40110500
40.79999975	-0.11413920	1.40110500
40.87999975	-0.20294810	1.40110500
40.95999975	-0.20294810	1.31321100
41.03999975	-0.11413920	1.31321100
41.11999975	-0.20294810	1.31321100
41.19999975	-0.20294810	1.22531800
41.27999975	-0.20294810	1.22531800
41.35999975	-0.20294810	1.13773000
41.43999975	-0.29145180	1.13773000
41.51999975	-0.29145180	1.04983700
41.59999975	-0.29145180	1.04983700
41.67999975	-0.29145180	0.96194340
41.75999975	-0.38026060	0.96194340
41.83999975	-0.38026060	0.87405010
41.91999975	-0.38026060	0.87405010
41.99999974	-0.38026060	0.87405010
42.07999974	-0.38026060	0.78646200
42.15999974	-0.38026060	0.78646200
42.23999974	-0.38026060	0.69856870
42.31999974	-0.38026060	0.69856870
42.39999974	-0.38026060	0.69856870
42.47999974	-0.38026060	0.61067540
42.55999974	-0.46876430	0.61067540
42.63999974	-0.38026060	0.52278210
42.71999974	-0.46876430	0.52278210
42.79999974	-0.46876430	0.43519400
42.87999974	-0.46876430	0.43519400
42.95999974	-0.46876430	0.34730060
43.03999974	-0.46876430	0.34730060
43.11999974	-0.46876430	0.34730060
43.19999974	-0.46876430	0.25940730
43.27999974	-0.46876430	0.17151400
43.35999974	-0.46876430	0.17151400
43.43999974	-0.46876430	0.08392590
43.51999974	-0.46876430	0.08392590
43.59999974	-0.46876430	-0.00366222
43.67999973	-0.55757310	-0.00366222
43.75999973	-0.55757310	-0.00366222
43.83999973	-0.46876430	-0.09155553
43.91999973	-0.55757310	-0.09155553
43.99999973	-0.55757310	-0.17944880
44.07999973	-0.55757310	-0.17944880
44.15999973	-0.55757310	-0.26734220
44.23999973	-0.55757310	-0.26734220
44.31999973	-0.55757310	-0.35493030
44.39999973	-0.55757310	-0.35493030
44.47999973	-0.55757310	-0.35493030
44.55999973	-0.55757310	-0.44282360
44.63999973	-0.55757310	-0.53071690
44.71999973	-0.55757310	-0.53071690
44.79999973	-0.55757310	-0.61861020
44.87999973	-0.55757310	-0.61861020
44.95999973	-0.55757310	-0.70619830
45.03999973	-0.55757310	-0.70619830
45.11999973	-0.55757310	-0.70619830
45.19999973	-0.64607690	-0.79409160
45.27999972	-0.55757310	-0.79409160
45.35999972	-0.55757310	-0.88198490
45.43999972	-0.55757310	-0.88198490
45.51999972	-0.55757310	-0.96987830
45.59999972	-0.64607690	-0.96987830
45.67999972	-0.64607690	-1.05746600
45.75999972	-0.55757310	-1.05746600
45.83999972	-0.64607690	-1.05746600
45.91999972	-0.64607690	-1.14536000
45.99999972	-0.64607690	-1.23325300
46.07999972	-0.55757310	-1.14536000
46.15999972	-0.64607690	-1.23325300
46.23999972	-0.64607690	-1.23325300
46.31999972	-0.64607690	-1.32114600
46.39999972	-0.73488570	-1.32114600
46.47999972	-0.64607690	-1.40904000
46.55999972	-0.64607690	-1.40904000
46.63999972	-0.64607690	-1.40904000
46.71999972	-0.64607690	-1.40904000
46.79999972	-0.64607690	-1.49662800
46.87999972	-0.73488570	-1.49662800
46.95999971	-0.64607690	-1.58452100
47.03999971	-0.64607690	-1.67241400
47.11999971	-0.73488570	-1.58452100
47.19999971	-0.73488570	-1.67241400
47.27999971	-0.73488570	-1.76030800
47.35999971	-0.73488570	-1.76030800
47.43999971	-0.73488570	-1.76030800
47.51999971	-0.64607690	-1.76030800
47.59999971	-0.64607690	-1.84789600
47.67999971	-0.73488570	-1.84789600
47.75999971	-0.73488570	-1.93578900
47.83999971	-0.73488570	-1.93578900
47.91999971	-0.73488570	-2.02368200
47.99999971	-0.73488570	-2.02368200
48.07999971	-0.73488570	-2.02368200
48.15999971	-0.73488570	-2.11157600
48.23999971	-0.73488570	-2.11157600
48.31999971	-0.73488570	-2.11157600
48.39999971	-0.73488570	-2.11157600
48.47999971	-0.73488570	-2.19916400
48.55999970	-0.73488570	-2.19916400
48.63999970	-0.73488570	-2.19916400
48.71999970	-0.73488570	-2.19916400
48.79999970	-0.73488570	-2.28705700
48.87999970	-0.73488570	-2.28705700
48.95999970	-0.73488570	-2.37495000
49.03999970	-0.73488570	-2.37495000
49.11999970	-0.73488570	-2.37495000
49.19999970	-0.73488570	-2.46284400
49.27999970	-0.73488570	-2.46284400
49.35999970	-0.73488570	-2.46284400
49.43999970	-0.73488570	-2.55043200
49.51999970	-0.73488570	-2.55043200
49.59999970	-0.73488570	-2.63832500
49.67999970	-0.73488570	-2.55043200
49.75999970	-0.73488570	-2.63832500
49.83999970	-0.73488570	-2.63832500
49.91999970	-0.73488570	-2.63832500
49.99999970	-0.73488570	-2.72621800
50.07999970	-0.73488570	-2.72621800
50.15999970	-0.73488570	-2.72621800
50.23999969	-0.73488570	-2.81411200
50.31999969	-0.73488570	-2.81411200
50.39999969	-0.73488570	-2.81411200
50.47999969	-0.73488570	-2.81411200
50.55999969	-0.73488570	-2.81411200
50.63999969	-0.73488570	-2.81411200
50.71999969	-0.82338940	-2.90200500
50.79999969	-0.73488570	-2.81411200
50.87999969	-0.73488570	-2.90200500
50.95999969	-0.73488570	-2.90200500
51.03999969	-0.73488570	-2.90200500
51.11999969	-0.73488570	-2.90200500
51.19999969	-0.73488570	-2.98959300
51.27999969	-0.73488570	-2.98959300
51.35999969	-0.73488570	-2.98959300
51.43999969	-0.73488570	-3.07748700
51.51999969	-0.73488570	-3.07748700
51.59999969	-0.73488570	-3.16538000
51.67999969	-0.73488570	-3.07748700
51.75999969	-0.82338940	-3.07748700
51.83999968	-0.73488570	-3.16538000
51.91999968	-0.82338940	-3.16538000
51.99999968	-0.73488570	-3.16538000
52.07999968	-0.73488570	-3.16538000
52.15999968	-0.73488570	-3.16538000
52.23999968	-0.73488570	-3.16538000
52.31999968	-0.82338940	-3.16538000
52.39999968	-0.73488570	-3.16538000
52.47999968	-0.82338940	-3.25327300
52.55999968	-0.82338940	-3.25327300
52.63999968	-0.82338940	-3.25327300
52.71999968	-0.82338940	-3.25327300
52.79999968	-0.82338940	-3.25327300
52.87999968	-0.82338940	-3.25327300
52.95999968	-0.73488570	-3.25327300
53.03999968	-0.82338940	-3.25327300
53.11999968	-0.82338940	-3.34086100
53.19999968	-0.82338940	-3.34086100
53.27999968	-0.82338940	-3.34086100
53.35999968	-0.82338940	-3.34086100
53.43999968	-0.82338940	-3.34086100
53.51999967	-0.82338940	-3.34086100
53.59999967	-0.82338940	-3.34086100
53.67999967	-0.82338940	-3.34086100
53.75999967	-0.82338940	-3.34086100
53.83999967	-0.73488570	-3.42875500
53.91999967	-0.82338940	-3.34086100
53.99999967	-0.82338940	-3.42875500
54.07999967	-0.82338940	-3.34086100
54.15999967	-0.82338940	-3.42875500
54.23999967	-0.82338940	-3.34086100
54.31999967	-0.82338940	-3.34086100
54.39999967	-0.82338940	-3.42875500
54.47999967	-0.82338940	-3.34086100
54.55999967	-0.82338940	-3.42875500
54.63999967	-0.82338940	-3.42875500
54.71999967	-0.82338940	-3.34086100
54.79999967	-0.82338940	-3.42875500
54.87999967	-0.82338940	-3.42875500
54.95999967	-0.82338940	-3.34086100
55.03999967	-0.82338940	-3.42875500
55.11999967	-0.82338940	-3.42875500
55.19999966	-0.82338940	-3.34086100
55.27999966	-0.73488570	-3.42875500
55.35999966	-0.82338940	-3.42875500
55.43999966	-0.82338940	-3.42875500
55.51999966	-0.82338940	-3.42875500
55.59999966	-0.82338940	-3.34086100
55.67999966	-0.82338940	-3.42875500
55.75999966	-0.82338940	-3.42875500
55.83999966	-0.82338940	-3.42875500
55.91999966	-0.73488570	-3.34086100
55.99999966	-0.82338940	-3.34086100
56.07999966	-0.82338940	-3.42875500
56.15999966	-0.82338940	-3.34086100
56.23999966	-0.82338940	-3.34086100
56.31999966	-0.82338940	-3.34086100
56.39999966	-0.82338940	-3.34086100
56.47999966	-0.82338940	-3.34086100
56.55999966	-0.82338940	-3.34086100
56.63999966	-0.82338940	-3.34086100
56.71999966	-0.82338940	-3.34086100
56.79999965	-0.82338940	-3.34086100
56.87999965	-0.82338940	-3.34086100
56.95999965	-0.82338940	-3.34086100
57.03999965	-0.82338940	-3.25327300
57.11999965	-0.82338940	-3.25327300
57.19999965	-0.82338940	-3.25327300
57.27999965	-0.82338940	-3.25327300
57.35999965	-0.82338940	-3.25327300
57.43999965	-0.82338940	-3.25327300
57.51999965	-0.82338940	-3.16538000
57.59999965	-0.82338940	-3.16538000
57.67999965	-0.82338940	-3.16538000
57.75999965	-0.82338940	-3.16538000
57.83999965	-0.82338940	-3.16538000
57.91999965	-0.82338940	-3.16538000
57.99999965	-0.82338940	-3.16538000
58.07999965	-0.82338940	-3.16538000
58.15999965	-0.82338940	-3.16538000
58.23999965	-0.82338940	-3.07748700
58.31999965	-0.82338940	-3.16538000
58.39999965	-0.82338940	-3.07748700
58.47999964	-0.82338940	-3.07748700
58.55999964	-0.82338940	-2.98959300
58.63999964	-0.82338940	-3.07748700
58.71999964	-0.73488570	-3.07748700
58.79999964	-0.82338940	-2.98959300
58.87999964	-0.82338940	-2.98959300
58.95999964	-0.82338940	-2.98959300
59.03999964	-0.82338940	-2.90200500
59.11999964	-0.82338940	-2.90200500
59.19999964	-0.82338940	-2.90200500
59.27999964	-0.82338940	-2.90200500
59.35999964	-0.82338940	-2.90200500
59.43999964	-0.73488570	-2.81411200
59.51999964	-0.82338940	-2.81411200
59.59999964	-0.73488570	-2.81411200
59.67999964	-0.82338940	-2.81411200
59.75999964	-0.82338940	-2.81411200
59.83999964	-0.82338940	-2.81411200
59.91999964	-0.82338940	-2.81411200
59.99999964	-0.73488570	-2.72621800
60.07999963	-0.73488570	-2.72621800
60.15999963	-0.82338940	-2.72621800
60.23999963	-0.82338940	-2.63832500
60.31999963	-0.73488570	-2.72621800
60.39999963	-0.73488570	-2.63832500
60.47999963	-0.82338940	-2.63832500
60.55999963	-0.73488570	-2.63832500
60.63999963	-0.73488570	-2.55043200
60.71999963	-0.73488570	-2.55043200
60.79999963	-0.73488570	-2.55043200
60.87999963	-0.73488570	-2.46284400
60.95999963	-0.73488570	-2.46284400
61.03999963	-0.73488570	-2.46284400
61.11999963	-0.82338940	-2.46284400
61.19999963	-0.73488570	-2.46284400
61.27999963	-0.73488570	-2.37495000
61.35999963	-0.73488570	-2.37495000
61.43999963	-0.73488570	-2.28705700
61.51999963	-0.73488570	-2.28705700
61.59999963	-0.73488570	-2.28705700
61.67999963	-0.73488570	-2.28705700
61.75999962	-0.73488570	-2.28705700
61.83999962	-0.73488570	-2.28705700
61.91999962	-0.73488570	-2.19916400
61.99999962	-0.73488570	-2.19916400
62.07999962	-0.73488570	-2.11157600
62.15999962	-0.73488570	-2.19916400
62.23999962	-0.73488570	-2.11157600
62.31999962	-0.73488570	-2.11157600
62.39999962	-0.73488570	-2.11157600
62.47999962	-0.73488570	-2.02368200
62.55999962	-0.73488570	-2.02368200
62.63999962	-0.73488570	-1.93578900
62.71999962	-0.73488570	-1.93578900
62.79999962	-0.73488570	-1.93578900
62.87999962	-0.73488570	-1.93578900
62.95999962	-0.73488570	-1.93578900
63.03999962	-0.73488570	-1.93578900
63.11999962	-0.73488570	-1.84789600
63.19999962	-0.73488570	-1.84789600
63.27999962	-0.73488570	-1.76030800
63.35999961	-0.73488570	-1.76030800
63.43999961	-0.73488570	-1.76030800
63.51999961	-0.73488570	-1.76030800
63.59999961	-0.73488570	-1.76030800
63.67999961	-0.73488570	-1.76030800
63.75999961	-0.73488570	-1.67241400
63.83999961	-0.64607690	-1.67241400
63.91999961	-0.64607690	-1.58452100
63.99999961	-0.64607690	-1.58452100
64.07999961	-0.64607690	-1.58452100
64.15999961	-0.73488570	-1.49662800
64.23999961	-0.73488570	-1.58452100
64.31999961	-0.64607690	-1.49662800
64.39999961	-0.64607690	-1.40904000
64.47999961	-0.64607690	-1.49662800
64.55999961	-0.64607690	-1.40904000
64.63999961	-0.64607690	-1.40904000
64.71999961	-0.55757310	-1.40904000
64.79999961	-0.64607690	-1.40904000
64.87999961	-0.55757310	-1.40904000
64.95999961	-0.55757310	-1.32114600
65.03999960	-0.64607690	-1.32114600
65.11999960	-0.64607690	-1.23325300
65.19999960	-0.55757310	-1.23325300
65.27999960	-0.55757310	-1.23325300
65.35999960	-0.55757310	-1.23325300
65.43999960	-0.64607690	-1.14536000
65.51999960	-0.55757310	-1.14536000
65.59999960	-0.55757310	-1.05746600
65.67999960	-0.55757310	-1.05746600
65.75999960	-0.55757310	-1.05746600
65.83999960	-0.55757310	-1.05746600
65.91999960	-0.55757310	-0.96987830
65.99999960	-0.55757310	-0.96987830
66.07999960	-0.55757310	-0.96987830
66.15999960	-0.55757310	-0.88198490
66.23999960	-0.55757310	-0.88198490
66.31999960	-0.55757310	-0.88198490
66.39999960	-0.55757310	-0.88198490
66.47999960	-0.55757310	-0.79409160
66.55999960	-0.55757310	-0.79409160
66.63999959	-0.55757310	-0.79409160
66.71999959	-0.55757310	-0.70619830
66.79999959	-0.46876430	-0.70619830
66.87999959	-0.46876430	-0.70619830
66.95999959	-0.46876430	-0.61861020
67.03999959	-0.55757310	-0.61861020
67.11999959	-0.46876430	-0.61861020
67.19999959	-0.46876430	-0.53071690
67.27999959	-0.46876430	-0.53071690
67.35999959	-0.46876430	-0.53071690
67.43999959	-0.46876430	-0.53071690
67.51999959	-0.46876430	-0.53071690
67.59999959	-0.46876430	-0.44282360
67.67999959	-0.46876430	-0.44282360
67.75999959	-0.46876430	-0.44282360
67.83999959	-0.46876430	-0.35493030
67.91999959	-0.38026060	-0.35493030
67.99999959	-0.38026060	-0.35493030
68.07999959	-0.38026060	-0.26734220
68.15999959	-0.38026060	-0.26734220
68.23999959	-0.38026060	-0.17944880
68.31999958	-0.38026060	-0.17944880
68.39999958	-0.38026060	-0.17944880
68.47999958	-0.29145180	-0.17944880
68.55999958	-0.29145180	-0.09155553
68.63999958	-0.20294810	-0.09155553
68.71999958	-0.20294810	-0.09155553
68.79999958	-0.20294810	-0.00366222
68.87999958	-0.11413920	-0.00366222
68.95999958	-0.11413920	-0.00366222
69.03999958	-0.11413920	-0.00366222
69.11999958	-0.11413920	-0.00366222
69.19999958	-0.02563555	0.08392590
69.27999958	-0.02563555	0.08392590
69.35999958	-0.02563555	0.17151400
69.43999958	0.06317332	0.17151400
69.51999958	-0.02563555	0.17151400
69.59999958	0.06317332	0.17151400
69.67999958	0.15167700	0.25940730
69.75999958	0.15167700	0.25940730
69.83999958	0.15167700	0.34730060
69.91999958	0.24048580	0.34730060
69.99999957	0.32898950	0.34730060
70.07999957	0.59480580	0.34730060
70.15999957	0.59480580	0.34730060
70.23999957	0.59480580	0.43519400
70.31999957	0.59480580	0.43519400
70.39999957	0.59480580	0.52278210
70.47999957	0.59480580	0.52278210
70.55999957	0.59480580	0.61067540
70.63999957	0.59480580	0.52278210
70.71999957	0.59480580	0.61067540
70.79999957	0.59480580	0.61067540
70.87999957	0.32898950	0.69856870
70.95999957	1.21555200	0.69856870
71.03999957	1.92480200	0.69856870
71.11999957	1.83599400	0.69856870
71.19999957	1.21555200	0.69856870
71.27999957	0.15167700	0.78646200
71.35999957	3.87524000	0.78646200
71.43999957	4.31867400	0.78646200
71.51999957	4.22986600	0.87405010
71.59999956	4.05255300	0.87405010
71.67999956	4.14136200	0.96194340
71.75999956	4.05255300	0.96194340
71.83999956	4.05255300	0.87405010
71.91999956	4.05255300	1.04983700
71.99999956	4.05255300	1.04983700
72.07999956	4.05255300	1.04983700
72.15999956	4.05255300	1.04983700
72.23999956	4.05255300	1.13773000
72.31999956	4.05255300	1.13773000
72.39999956	4.05255300	1.13773000
72.47999956	3.96404900	1.13773000
72.55999956	4.05255300	1.22531800
72.63999956	3.96404900	1.31321100
72.71999956	3.87524000	1.31321100
72.79999956	3.96404900	1.31321100
72.87999956	3.87524000	1.31321100
72.95999956	3.96404900	1.40110500
73.03999956	3.87524000	1.40110500
73.11999956	3.87524000	1.40110500
73.19999956	3.87524000	1.40110500
73.27999955	3.87524000	1.48899800
73.35999955	3.87524000	1.48899800
73.43999955	3.87524000	1.48899800
73.51999955	3.87524000	1.57689100
73.59999955	3.87524000	1.57689100
73.67999955	3.87524000	1.57689100
73.75999955	3.87524000	1.66447900
73.83999955	3.87524000	1.66447900
73.91999955	3.87524000	1.75237300
73.99999955	3.87524000	1.75237300
74.07999955	3.87524000	1.75237300
74.15999955	3.87524000	1.75237300
74.23999955	3.87524000	1.84026600
74.31999955	3.78673700	1.84026600
74.39999955	3.78673700	1.92815900
74.47999955	3.78673700	1.92815900
74.55999955	3.78673700	1.92815900
74.63999955	3.78673700	2.01574800
74.71999955	3.78673700	2.01574800
74.79999955	3.78673700	2.01574800
74.87999954	3.69792800	2.10364100
74.95999954	3.78673700	2.10364100
75.03999954	3.69792800	2.19153400
75.11999954	3.78673700	2.19153400
75.19999954	3.69792800	2.27942800
75.27999954	3.69792800	2.27942800
75.35999954	3.69792800	2.27942800
75.43999954	3.69792800	2.36701600
75.51999954	3.69792800	2.36701600
75.59999954	3.69792800	2.36701600
75.67999954	3.69792800	2.45490900
75.75999954	3.69792800	2.45490900
75.83999954	3.69792800	2.45490900
75.91999954	3.69792800	2.45490900
75.99999954	3.69792800	2.54280200
76.07999954	3.69792800	2.63069600
76.15999954	3.69792800	2.54280200
76.23999954	3.69792800	2.63069600
76.31999954	3.69792800	2.63069600
76.39999954	3.69792800	2.71828400
76.47999954	3.69792800	2.80617700
76.55999953	3.60942400	2.80617700
76.63999953	3.69792800	2.80617700
76.71999953	3.69792800	2.89407000
76.79999953	3.60942400	2.89407000
76.87999953	3.69792800	2.89407000
76.95999953	3.69792800	2.89407000
77.03999953	3.60942400	2.98196400
77.11999953	3.60942400	2.98196400
77.19999953	3.69792800	2.98196400
77.27999953	3.60942400	3.06985700
77.35999953	3.60942400	3.06985700
77.43999953	3.60942400	3.15744500
77.51999953	3.60942400	3.15744500
77.59999953	3.60942400	3.24533800
77.67999953	3.60942400	3.24533800
77.75999953	3.60942400	3.24533800
77.83999953	3.60942400	3.24533800
77.91999953	3.60942400	3.33323200
77.99999953	3.60942400	3.33323200
78.07999953	3.52061500	3.42112500
78.15999952	3.60942400	3.42112500
78.23999952	3.60942400	3.42112500
78.31999952	3.60942400	3.42112500
78.39999952	3.60942400	3.50871300
78.47999952	3.60942400	3.50871300
78.55999952	3.60942400	3.50871300
78.63999952	3.60942400	3.50871300
78.71999952	3.60942400	3.59660600
78.79999952	3.60942400	3.59660600
78.87999952	3.52061500	3.59660600
78.95999952	3.60942400	3.59660600
79.03999952	3.60942400	3.68450000
79.11999952	3.60942400	3.68450000
79.19999952	3.52061500	3.68450000
79.27999952	3.60942400	3.77239300
79.35999952	3.60942400	3.77239300
79.43999952	3.60942400	3.85998100
79.51999952	3.60942400	3.77239300
79.59999952	3.60942400	3.85998100
79.67999952	3.52061500	3.85998100
79.75999952	3.52061500	3.85998100
79.83999951	3.60942400	3.94787400
79.91999951	3.60942400	3.94787400
79.99999951	3.60942400	3.94787400
80.07999951	3.60942400	3.94787400
80.15999951	3.60942400	4.03576800
80.23999951	3.52061500	4.03576800
80.31999951	3.52061500	4.12366100
80.39999951	3.60942400	4.03576800
80.47999951	3.60942400	4.03576800
80.55999951	3.52061500	4.12366100
80.63999951	3.60942400	4.12366100
80.71999951	3.60942400	4.12366100
80.79999951	3.60942400	4.12366100
80.87999951	3.60942400	4.21124900
80.95999951	3.52061500	4.21124900
81.03999951	3.60942400	4.21124900
81.11999951	3.60942400	4.21124900
81.19999951	3.60942400	4.21124900
81.27999951	3.60942400	4.21124900
81.35999951	3.60942400	4.21124900
81.43999951	3.60942400	4.21124900
81.51999950	3.60942400	4.21124900
81.59999950	3.60942400	4.29914200
81.67999950	3.60942400	4.29914200
81.75999950	3.60942400	4.29914200
81.83999950	3.60942400	4.29914200
81.91999950	3.69792800	4.29914200
81.99999950	3.60942400	4.38703600
82.07999950	3.69792800	4.29914200
82.15999950	3.60942400	4.38703600
82.23999950	3.60942400	4.38703600
82.31999950	3.60942400	4.38703600
82.39999950	3.60942400	4.29914200
82.47999950	3.60942400	4.38703600
82.55999950	3.69792800	4.38703600
82.63999950	3.69792800	4.38703600
82.71999950	3.69792800	4.38703600
82.79999950	3.69792800	4.38703600
82.87999950	3.69792800	4.38703600
82.95999950	3.60942400	4.38703600
83.03999950	3.69792800	4.38703600
83.11999949	3.69792800	4.38703600
83.19999949	3.60942400	4.38703600
83.27999949	3.69792800	4.38703600
83.35999949	3.69792800	4.38703600
83.43999949	3.69792800	4.38703600
83.51999949	3.69792800	4.38703600
83.59999949	3.69792800	4.38703600
83.67999949	3.69792800	4.38703600
83.75999949	3.69792800	4.38703600
83.83999949	3.69792800	4.38703600
83.91999949	3.69792800	4.38703600
83.99999949	3.69792800	4.38703600
84.07999949	3.69792800	4.38703600
84.15999949	3.69792800	4.38703600
84.23999949	3.69792800	4.38703600
84.31999949	3.69792800	4.38703600
84.39999949	3.69792800	4.29914200
84.47999949	3.69792800	4.29914200
84.55999949	3.69792800	4.29914200
84.63999949	3.69792800	4.29914200
84.71999949	3.69792800	4.29914200
84.79999948	3.69792800	4.21124900
84.87999948	3.69792800	4.29914200
84.95999948	3.69792800	4.29914200
85.03999948	3.69792800	4.29914200
85.11999948	3.69792800	4.21124900
85.19999948	3.69792800	4.21124900
85.27999948	3.78673700	4.21124900
85.35999948	3.69792800	4.21124900
85.43999948	3.78673700	4.21124900
85.51999948	3.69792800	4.21124900
85.59999948	3.78673700	4.12366100
85.67999948	3.78673700	4.12366100
85.75999948	3.78673700	4.12366100
85.83999948	3.78673700	4.12366100
85.91999948	3.78673700	4.03576800
85.99999948	3.78673700	4.12366100
86.07999948	3.78673700	4.03576800
86.15999948	3.78673700	4.03576800
86.23999948	3.78673700	3.94787400
86.31999948	3.78673700	3.94787400
86.39999947	3.78673700	3.94787400
86.47999947	3.78673700	3.85998100
86.55999947	3.87524000	3.85998100
86.63999947	3.87524000	3.85998100
86.71999947	3.87524000	3.85998100
86.79999947	3.87524000	3.85998100
86.87999947	3.87524000	3.77239300
86.95999947	3.87524000	3.77239300
87.03999947	3.87524000	3.77239300
87.11999947	3.87524000	3.68450000
87.19999947	3.87524000	3.77239300
87.27999947	3.87524000	3.68450000
87.35999947	3.87524000	3.59660600
87.43999947	3.87524000	3.59660600
87.51999947	3.87524000	3.59660600
87.59999947	3.87524000	3.59660600
87.67999947	3.87524000	3.50871300
87.75999947	3.87524000	3.50871300
87.83999947	3.87524000	3.50871300
87.91999947	3.87524000	3.42112500
87.99999947	3.87524000	3.42112500
88.07999946	3.87524000	3.42112500
88.15999946	3.87524000	3.33323200
88.23999946	3.96404900	3.33323200
88.31999946	3.87524000	3.24533800
88.39999946	3.96404900	3.24533800
88.47999946	3.87524000	3.24533800
88.55999946	3.96404900	3.15744500
88.63999946	3.87524000	3.15744500
88.71999946	3.87524000	3.06985700
88.79999946	3.96404900	2.98196400
88.87999946	3.96404900	2.98196400
88.95999946	3.87524000	2.98196400
89.03999946	3.96404900	2.89407000
89.11999946	3.87524000	2.89407000
89.19999946	3.96404900	2.80617700
89.27999946	3.96404900	2.80617700
89.35999946	3.87524000	2.80617700
89.43999946	3.96404900	2.80617700
89.51999946	3.96404900	2.71828400
89.59999946	4.05255300	2.63069600
89.67999945	3.96404900	2.63069600
89.75999945	3.96404900	2.54280200
89.83999945	3.96404900	2.54280200
89.91999945	4.05255300	2.45490900
89.99999945	4.05255300	2.45490900
90.07999945	3.96404900	2.45490900
90.15999945	3.96404900	2.45490900
90.23999945	3.96404900	2.36701600
90.31999945	4.05255300	2.27942800
90.39999945	4.05255300	2.27942800
90.47999945	4.05255300	2.19153400
90.55999945	4.05255300	2.19153400
90.63999945	4.05255300	2.10364100
90.71999945	4.05255300	2.10364100
90.79999945	4.05255300	2.01574800
90.87999945	4.05255300	2.01574800
90.95999945	4.05255300	1.92815900
91.03999945	4.05255300	1.92815900
91.11999945	4.05255300	1.84026600
91.19999945	4.05255300	1.84026600
91.27999945	4.05255300	1.75237300
91.35999944	4.05255300	1.75237300
91.43999944	4.05255300	1.66447900
91.51999944	4.05255300	1.66447900
91.59999944	4.14136200	1.57689100
91.67999944	4.05255300	1.57689100
91.75999944	4.05255300	1.48899800
91.83999944	4.14136200	1.40110500
91.91999944	4.05255300	1.40110500
91.99999944	4.14136200	1.40110500
92.07999944	4.05255300	1.31321100
92.15999944	4.14136200	1.31321100
92.23999944	4.14136200	1.22531800
92.31999944	4.14136200	1.13773000
92.39999944	4.14136200	1.04983700
92.47999944	4.14136200	1.04983700
92.55999944	4.14136200	1.04983700
92.63999944	4.05255300	0.96194340
92.71999944	4.14136200	0.96194340
92.79999944	4.14136200	0.87405010
92.87999944	4.14136200	0.87405010
92.95999944	4.14136200	0.78646200
93.03999943	4.14136200	0.69856870
93.11999943	4.14136200	0.69856870
93.19999943	4.14136200	0.61067540
93.27999943	4.14136200	0.61067540
93.35999943	4.14136200	0.52278210
93.43999943	4.14136200	0.52278210
93.51999943	4.14136200	0.43519400
93.59999943	4.14136200	0.43519400
93.67999943	4.14136200	0.34730060
93.75999943	4.14136200	0.34730060
93.83999943	4.14136200	0.25940730
93.91999943	4.14136200	0.25940730
93.99999943	4.22986600	0.08392590
94.07999943	4.22986600	0.08392590
94.15999943	4.22986600	0.08392590
94.23999943	4.22986600	-0.00366222
94.31999943	4.14136200	-0.00366222
94.39999943	4.14136200	-0.09155553
94.47999943	4.14136200	-0.17944880
94.55999943	4.22986600	-0.17944880
94.63999942	4.22986600	-0.26734220
94.71999942	4.22986600	-0.35493030
94.79999942	4.14136200	-0.35493030
94.87999942	4.22986600	-0.44282360
94.95999942	4.22986600	-0.53071690
95.03999942	4.14136200	-0.53071690
95.11999942	4.22986600	-0.53071690
95.19999942	4.22986600	-0.61861020
95.27999942	4.22986600	-0.70619830
95.35999942	4.22986600	-0.70619830
95.43999942	4.22986600	-0.79409160
95.51999942	4.22986600	-0.79409160
95.59999942	4.22986600	-0.88198490
95.67999942	4.22986600	-0.96987830
95.75999942	4.22986600	-1.05746600
95.83999942	4.22986600	-1.05746600
95.91999942	4.22986600	-1.05746600
95.99999942	4.22986600	-1.23325300
96.07999942	4.31867400	-1.23325300
96.15999942	4.22986600	-1.23325300
96.23999942	4.22986600	-1.32114600
96.31999941	4.31867400	-1.40904000
96.39999941	4.22986600	-1.40904000
96.47999941	4.31867400	-1.40904000
96.55999941	4.31867400	-1.49662800
96.63999941	4.31867400	-1.58452100
96.71999941	4.31867400	-1.58452100
96.79999941	4.31867400	-1.58452100
96.87999941	4.22986600	-1.67241400
96.95999941	4.31867400	-1.76030800
97.03999941	4.31867400	-1.76030800
97.11999941	4.31867400	-1.84789600
97.19999941	4.31867400	-1.84789600
97.27999941	4.40717800	-1.93578900
97.35999941	4.40717800	-2.02368200
97.43999941	4.49598700	-2.02368200
97.51999941	4.76180300	-2.11157600
97.59999941	5.02792500	-2.11157600
97.67999941	5.11642800	-2.11157600
97.75999941	5.11642800	-2.19916400
97.83999941	5.11642800	-2.19916400
97.91999940	5.02792500	-2.28705700
97.99999940	5.02792500	-2.37495000
98.07999940	5.02792500	-2.37495000
98.15999940	5.11642800	-2.46284400
98.23999940	5.11642800	-2.46284400
98.31999940	5.02792500	-2.55043200
98.39999940	5.11642800	-2.63832500
98.47999940	5.02792500	-2.63832500
98.55999940	5.02792500	-2.63832500
98.63999940	4.93911600	-2.72621800
98.71999940	4.93911600	-2.81411200
98.79999940	4.93911600	-2.81411200
98.87999940	4.93911600	-2.81411200
98.95999940	4.93911600	-2.90200500
99.03999940	4.93911600	-2.90200500
99.11999940	4.93911600	-2.98959300
99.19999940	4.85061200	-3.07748700
99.27999940	4.85061200	-3.07748700
99.35999940	4.85061200	-3.16538000
99.43999940	4.85061200	-3.16538000
99.51999940	4.76180300	-3.16538000
99.59999939	4.76180300	-3.16538000
99.67999939	4.76180300	-3.25327300
99.75999939	4.76180300	-3.34086100
99.83999939	4.76180300	-3.34086100
99.91999939	4.76180300	-3.34086100
99.99999939	4.67329900	-3.42875500
100.07999939	4.67329900	-3.42875500
100.15999939	4.67329900	-3.51664800
100.23999939	4.58449000	-3.51664800
100.31999939	4.58449000	-3.51664800
100.39999939	4.58449000	-3.60454100
100.47999939	4.58449000	-3.60454100
100.55999939	4.58449000	-3.69212900
100.63999939	4.58449000	-3.69212900
100.71999939	4.58449000	-3.78002300
100.79999939	4.49598700	-3.78002300
100.87999939	4.49598700	-3.86791600
100.95999939	4.49598700	-3.86791600
101.03999939	4.49598700	-3.86791600
101.11999939	4.49598700	-3.86791600
101.19999938	4.49598700	-3.95580900
101.27999938	4.40717800	-3.95580900
101.35999938	4.40717800	-4.04339700
101.43999938	4.40717800	-4.04339700
101.51999938	4.40717800	-4.04339700
101.59999938	4.40717800	-4.13129000
101.67999938	4.40717800	-4.13129000
101.75999938	4.40717800	-4.21918400
101.83999938	4.40717800	-4.21918400
101.91999938	4.40717800	-4.21918400
101.99999938	4.40717800	-4.30707700
102.07999938	4.31867400	-4.30707700
102.15999938	4.40717800	-4.30707700
102.23999938	4.40717800	-4.30707700
102.31999938	4.40717800	-4.30707700
102.39999938	4.31867400	-4.48255900
102.47999938	4.31867400	-4.39497000
102.55999938	4.31867400	-4.39497000
102.63999938	4.31867400	-4.48255900
102.71999938	4.31867400	-4.48255900
102.79999938	4.40717800	-4.48255900
102.87999937	4.31867400	-4.57045200
102.95999937	4.31867400	-4.57045200
103.03999937	4.31867400	-4.57045200
103.11999937	4.31867400	-4.65834500
103.19999937	4.31867400	-4.65834500
103.27999937	4.31867400	-4.65834500
103.35999937	4.22986600	-4.65834500
103.43999937	4.31867400	-4.74623900
103.51999937	4.31867400	-4.74623900
103.59999937	4.22986600	-4.74623900
103.67999937	4.31867400	-4.74623900
103.75999937	4.31867400	-4.74623900
103.83999937	4.31867400	-4.74623900
103.91999937	4.31867400	-4.83382700
103.99999937	4.31867400	-4.83382700
104.07999937	4.31867400	-4.83382700
104.15999937	4.31867400	-4.83382700
104.23999937	4.22986600	-4.83382700
104.31999937	4.31867400	-4.83382700
104.39999937	4.31867400	-4.92172000
104.47999937	4.22986600	-4.92172000
104.55999936	4.22986600	-4.92172000
104.63999936	4.31867400	-4.92172000
104.71999936	4.31867400	-4.92172000
104.79999936	4.22986600	-4.92172000
104.87999936	4.22986600	-4.92172000
104.95999936	4.22986600	-4.92172000
105.03999936	4.31867400	-4.92172000
105.11999936	4.22986600	-4.92172000
105.19999936	4.22986600	-4.92172000
105.27999936	4.22986600	-5.00961400
105.35999936	4.22986600	-5.00961400
105.43999936	4.22986600	-4.92172000
105.51999936	4.22986600	-4.92172000
105.59999936	4.22986600	-5.00961400
105.67999936	4.22986600	-4.92172000
105.75999936	4.22986600	-5.00961400
105.83999936	4.22986600	-5.00961400
105.91999936	4.22986600	-5.00961400
105.99999936	4.31867400	-5.00961400
106.07999936	4.22986600	-5.00961400
106.15999935	4.22986600	-5.00961400
106.23999935	4.22986600	-5.00961400
106.31999935	4.22986600	-4.92172000
106.39999935	4.22986600	-5.00961400
106.47999935	4.31867400	-4.92172000
106.55999935	4.22986600	-5.00961400
106.63999935	4.22986600	-4.92172000
106.71999935	4.31867400	-5.00961400
106.79999935	4.22986600	-5.00961400
106.87999935	4.22986600	-4.92172000
106.95999935	4.22986600	-4.92172000
107.03999935	4.22986600	-4.92172000
107.11999935	4.22986600	-4.92172000
107.19999935	4.22986600	-4.92172000
107.27999935	4.22986600	-4.92172000
107.35999935	4.22986600	-4.92172000
107.43999935	4.22986600	-4.92172000
107.51999935	4.22986600	-4.92172000
107.59999935	4.22986600	-4.92172000
107.67999935	4.22986600	-4.83382700
107.75999935	4.22986600	-4.83382700
107.83999934	4.22986600	-4.83382700
107.91999934	4.22986600	-4.83382700
107.99999934	4.22986600	-4.83382700
108.07999934	4.22986600	-4.83382700
108.15999934	4.22986600	-4.74623900
108.23999934	4.22986600	-4.74623900
108.31999934	4.31867400	-4.74623900
108.39999934	4.22986600	-4.74623900
108.47999934	4.22986600	-4.74623900
108.55999934	4.22986600	-4.65834500
108.63999934	4.22986600	-4.74623900
108.71999934	4.22986600	-4.65834500
108.79999934	4.22986600	-4.57045200
108.87999934	4.22986600	-4.65834500
108.95999934	4.22986600	-4.65834500
109.03999934	4.22986600	-4.57045200
109.11999934	4.22986600	-4.57045200
109.19999934	4.22986600	-4.57045200
109.27999934	4.22986600	-4.57045200
109.35999934	4.31867400	-4.48255900
109.43999933	4.22986600	-4.48255900
109.51999933	4.22986600	-4.48255900
109.59999933	4.22986600	-4.39497000
109.67999933	4.31867400	-4.39497000
109.75999933	4.22986600	-4.39497000
109.83999933	4.22986600	-4.39497000
109.91999933	4.31867400	-4.30707700
109.99999933	4.31867400	-4.30707700
110.07999933	4.31867400	-4.21918400
110.15999933	4.31867400	-4.21918400
110.23999933	4.31867400	-4.21918400
110.31999933	4.31867400	-4.21918400
110.39999933	4.31867400	-4.13129000
110.47999933	4.31867400	-4.13129000
110.55999933	4.31867400	-4.13129000
110.63999933	4.40717800	-4.13129000
110.71999933	4.31867400	-4.04339700
110.79999933	4.31867400	-4.04339700
110.87999933	4.31867400	-4.04339700
110.95999933	4.40717800	-3.95580900
111.03999933	4.40717800	-3.86791600
111.11999932	4.40717800	-3.86791600
111.19999932	4.49598700	-3.86791600
111.27999932	4.58449000	-3.86791600
111.35999932	4.67329900	-3.78002300
111.43999932	4.85061200	-3.78002300
111.51999932	4.85061200	-3.69212900
111.59999932	4.85061200	-3.69212900
111.67999932	4.93911600	-3.69212900
111.75999932	4.93911600	-3.60454100
111.83999932	4.85061200	-3.60454100
111.91999932	4.93911600	-3.60454100
111.99999932	4.93911600	-3.51664800
112.07999932	4.93911600	-3.51664800
112.15999932	4.93911600	-3.42875500
112.23999932	4.93911600	-3.42875500
112.31999932	4.93911600	-3.42875500
112.39999932	5.02792500	-3.34086100
112.47999932	5.02792500	-3.34086100
112.55999932	5.02792500	-3.34086100
112.63999932	5.02792500	-3.25327300
112.71999931	5.11642800	-3.16538000
112.79999931	5.11642800	-3.16538000
112.87999931	5.11642800	-3.16538000
112.95999931	5.11642800	-3.16538000
113.03999931	5.11642800	-3.07748700
113.11999931	5.11642800	-3.07748700
113.19999931	5.11642800	-2.98959300
113.27999931	5.11642800	-2.98959300
113.35999931	5.11642800	-2.90200500
113.43999931	5.11642800	-2.90200500
113.51999931	5.11642800	-2.90200500
113.59999931	5.11642800	-2.81411200
113.67999931	5.11642800	-2.81411200
113.75999931	5.20523700	-2.72621800
113.83999931	5.20523700	-2.72621800
113.91999931	5.11642800	-2.63832500
113.99999931	5.20523700	-2.63832500
114.07999931	5.20523700	-2.63832500
114.15999931	5.20523700	-2.55043200
114.23999931	5.20523700	-2.55043200
114.31999931	5.20523700	-2.46284400
114.39999930	5.20523700	-2.46284400
114.47999930	5.20523700	-2.46284400
114.55999930	5.20523700	-2.37495000
114.63999930	5.20523700	-2.28705700
114.71999930	5.20523700	-2.28705700
114.79999930	5.20523700	-2.28705700
114.87999930	5.20523700	-2.19916400
114.95999930	5.20523700	-2.11157600
115.03999930	5.20523700	-2.11157600
115.11999930	5.20523700	-2.11157600
115.19999930	5.20523700	-2.11157600
115.27999930	5.20523700	-2.02368200
115.35999930	5.20523700	-1.93578900
115.43999930	5.29374100	-1.93578900
115.51999930	5.29374100	-1.93578900
115.59999930	5.20523700	-1.84789600
115.67999930	5.29374100	-1.76030800
115.75999930	5.29374100	-1.76030800
115.83999930	5.29374100	-1.76030800
115.91999930	5.29374100	-1.67241400
115.99999930	5.29374100	-1.67241400
116.07999929	5.29374100	-1.58452100
116.15999929	5.29374100	-1.58452100
116.23999929	5.29374100	-1.58452100
116.31999929	5.29374100	-1.49662800
116.39999929	5.29374100	-1.40904000
116.47999929	5.29374100	-1.40904000
116.55999929	5.29374100	-1.40904000
116.63999929	5.29374100	-1.32114600
116.71999929	5.38254900	-1.32114600
116.79999929	5.38254900	-1.23325300
116.87999929	5.38254900	-1.23325300
116.95999929	5.38254900	-1.23325300
117.03999929	5.29374100	-1.14536000
117.11999929	5.38254900	-1.05746600
117.19999929	5.38254900	-1.05746600
117.27999929	5.38254900	-1.05746600
117.35999929	5.38254900	-0.96987830
117.43999929	5.38254900	-0.96987830
117.51999929	5.38254900	-0.88198490
117.59999929	5.47105300	-0.79409160
117.67999928	5.47105300	-0.79409160
117.75999928	5.47105300	-0.70619830
117.83999928	5.47105300	-0.70619830
117.91999928	5.47105300	-0.70619830
117.99999928	5.55986200	-0.61861020
118.07999928	5.47105300	-0.53071690
118.15999928	5.55986200	-0.53071690
118.23999928	5.55986200	-0.53071690
118.31999928	5.55986200	-0.44282360
118.39999928	5.55986200	-0.35493030
118.47999928	5.55986200	-0.35493030
118.55999928	5.55986200	-0.35493030
118.63999928	5.55986200	-0.26734220
118.71999928	5.55986200	-0.17944880
118.79999928	5.55986200	-0.17944880
118.87999928	5.55986200	-0.17944880
118.95999928	5.55986200	-0.09155553
119.03999928	5.55986200	-0.09155553
119.11999928	5.55986200	-0.00366222
119.19999928	5.55986200	-0.00366222
119.27999928	5.55986200	-0.00366222
119.35999927	5.64836500	0.08392590
119.43999927	5.55986200	0.08392590
119.51999927	5.55986200	0.17151400
119.59999927	5.64836500	0.17151400
119.67999927	5.64836500	0.25940730
119.75999927	5.64836500	0.25940730
119.83999927	5.64836500	0.34730060
119.91999927	5.64836500	0.34730060
119.99999927	5.64836500	0.43519400
120.07999927	5.64836500	0.43519400
120.15999927	5.64836500	0.52278210
120.23999927	5.64836500	0.52278210
120.31999927	5.64836500	0.61067540
120.39999927	5.64836500	0.61067540
120.47999927	5.64836500	0.69856870
120.55999927	5.64836500	0.69856870
120.63999927	5.64836500	0.78646200
120.71999927	5.64836500	0.78646200
120.79999927	5.64836500	0.78646200
120.87999927	5.64836500	0.87405010
120.95999926	5.64836500	0.87405010
121.03999926	5.64836500	0.96194340
121.11999926	5.64836500	0.96194340
121.19999926	5.64836500	0.96194340
121.27999926	5.64836500	1.04983700
121.35999926	5.64836500	1.04983700
121.43999926	5.64836500	1.13773000
121.51999926	5.64836500	1.22531800
121.59999926	5.64836500	1.22531800
121.67999926	5.64836500	1.22531800
121.75999926	5.64836500	1.31321100
121.83999926	5.73717500	1.31321100
121.91999926	5.73717500	1.40110500
121.99999926	5.64836500	1.40110500
122.07999926	5.73717500	1.40110500
122.15999926	5.73717500	1.40110500
122.23999926	5.73717500	1.48899800
122.31999926	5.64836500	1.57689100
122.39999926	5.64836500	1.57689100
122.47999926	5.73717500	1.57689100
122.55999926	5.73717500	1.57689100
122.63999925	5.73717500	1.66447900
122.71999925	5.73717500	1.75237300
122.79999925	5.73717500	1.75237300
122.87999925	5.73717500	1.75237300
122.95999925	5.73717500	1.75237300
123.03999925	5.73717500	1.84026600
123.11999925	5.73717500	1.84026600
123.19999925	5.73717500	1.92815900
123.27999925	5.73717500	1.92815900
123.35999925	5.82567800	2.01574800
123.43999925	5.73717500	2.01574800
123.51999925	5.73717500	2.01574800
123.59999925	5.73717500	2.01574800
123.67999925	5.73717500	2.10364100
123.75999925	5.73717500	2.10364100
123.83999925	5.82567800	2.19153400
123.91999925	5.73717500	2.19153400
123.99999925	5.82567800	2.19153400
124.07999925	5.73717500	2.27942800
124.15999925	5.82567800	2.27942800
124.23999924	5.82567800	2.27942800
124.31999924	5.82567800	2.36701600
124.39999924	5.82567800	2.36701600
124.47999924	5.82567800	2.45490900
124.55999924	5.73717500	2.45490900
124.63999924	5.82567800	2.45490900
124.71999924	5.82567800	2.45490900
124.79999924	5.82567800	2.54280200
124.87999924	5.82567800	2.54280200
124.95999924	5.82567800	2.54280200
125.03999924	5.82567800	2.63069600
125.11999924	5.82567800	2.63069600
125.19999924	5.82567800	2.71828400
125.27999924	5.82567800	2.63069600
125.35999924	5.82567800	2.71828400
125.43999924	5.82567800	2.71828400
125.51999924	5.82567800	2.80617700
125.59999924	5.82567800	2.80617700
125.67999924	5.82567800	2.80617700
125.75999924	5.82567800	2.80617700
125.83999924	5.82567800	2.80617700
125.91999923	5.82567800	2.80617700
125.99999923	5.82567800	2.89407000
126.07999923	5.82567800	2.89407000
126.15999923	5.82567800	2.98196400
126.23999923	5.82567800	2.89407000
126.31999923	5.82567800	2.98196400
126.39999923	5.82567800	2.98196400
126.47999923	5.82567800	2.98196400
126.55999923	5.82567800	3.06985700
126.63999923	5.82567800	3.06985700
126.71999923	5.82567800	3.06985700
126.79999923	5.82567800	3.06985700
126.87999923	5.82567800	3.15744500
126.95999923	5.82567800	3.15744500
127.03999923	5.82567800	3.15744500
127.11999923	5.82567800	3.15744500
127.19999923	5.91448700	3.15744500
127.27999923	5.82567800	3.15744500
127.35999923	5.82567800	3.24533800
127.43999923	5.82567800	3.24533800
127.51999923	5.82567800	3.24533800
127.59999922	5.91448700	3.24533800
127.67999922	5.91448700	3.33323200
127.75999922	5.82567800	3.33323200
127.83999922	5.91448700	3.33323200
127.91999922	5.82567800	3.33323200
127.99999922	5.91448700	3.33323200
128.07999922	5.82567800	3.42112500
128.15999922	5.91448700	3.42112500
128.23999922	5.82567800	3.42112500
128.31999922	5.91448700	3.42112500
128.39999922	5.82567800	3.42112500
128.47999922	5.82567800	3.42112500
128.55999922	5.91448700	3.42112500
128.63999922	5.91448700	3.42112500
128.71999922	5.91448700	3.42112500
128.79999922	5.91448700	3.50871300
128.87999922	5.91448700	3.50871300
128.95999922	5.91448700	3.50871300
129.03999922	5.82567800	3.50871300
129.11999922	5.82567800	3.50871300
129.19999921	5.91448700	3.50871300
129.27999921	5.91448700	3.50871300
129.35999921	5.91448700	3.50871300
129.43999921	5.91448700	3.50871300
129.51999921	5.91448700	3.50871300
129.59999921	5.91448700	3.50871300
129.67999921	5.91448700	3.50871300
129.75999921	5.91448700	3.50871300
129.83999921	5.91448700	3.50871300
129.91999921	5.91448700	3.50871300
129.99999921	5.91448700	3.59660600
130.07999921	5.91448700	3.50871300
130.15999921	5.91448700	3.50871300
130.23999921	5.91448700	3.50871300
130.31999921	5.91448700	3.50871300
130.39999921	5.91448700	3.50871300
130.47999921	5.91448700	3.50871300
130.55999921	5.91448700	3.50871300
130.63999921	5.91448700	3.50871300
130.71999921	5.91448700	3.50871300
130.79999921	5.91448700	3.50871300
130.87999920	5.91448700	3.50871300
130.95999920	5.91448700	3.50871300
131.03999920	5.91448700	3.50871300
131.11999920	5.91448700	3.50871300
131.19999920	5.91448700	3.50871300
131.27999920	5.91448700	3.50871300
131.35999920	5.91448700	3.50871300
131.43999920	5.91448700	3.50871300
131.51999920	5.91448700	3.50871300
131.59999920	5.91448700	3.50871300
131.67999920	5.91448700	3.50871300
131.75999920	5.91448700	3.50871300
131.83999920	5.91448700	3.50871300
131.91999920	5.91448700	3.50871300
131.99999920	5.91448700	3.50871300
132.07999920	5.91448700	3.50871300
132.15999920	5.91448700	3.50871300
132.23999920	5.91448700	3.50871300
132.31999920	5.91448700	3.50871300
132.39999920	5.91448700	3.42112500
132.47999919	5.82567800	3.42112500
132.55999919	5.91448700	3.42112500
132.63999919	5.91448700	3.42112500
132.71999919	5.91448700	3.42112500
132.79999919	5.91448700	3.42112500
132.87999919	5.91448700	3.42112500
132.95999919	5.91448700	3.42112500
133.03999919	5.82567800	3.42112500
133.11999919	5.82567800	3.33323200
133.19999919	5.82567800	3.33323200
133.27999919	5.91448700	3.33323200
133.35999919	5.91448700	3.33323200
133.43999919	5.91448700	3.33323200
133.51999919	5.91448700	3.33323200
133.59999919	5.91448700	3.33323200
133.67999919	5.91448700	3.33323200
133.75999919	5.91448700	3.24533800
133.83999919	5.91448700	3.24533800
133.91999919	5.91448700	3.24533800
133.99999919	5.91448700	3.15744500
134.07999919	5.91448700	3.15744500
134.15999918	5.91448700	3.15744500
134.23999918	5.91448700	3.15744500
134.31999918	5.91448700	3.15744500
134.39999918	5.91448700	3.15744500
134.47999918	5.91448700	3.15744500
134.55999918	5.82567800	3.06985700
134.63999918	5.82567800	3.06985700
134.71999918	5.82567800	3.06985700
134.79999918	5.82567800	3.06985700
134.87999918	5.91448700	2.98196400
134.95999918	5.91448700	2.98196400
135.03999918	5.82567800	2.98196400
135.11999918	5.82567800	2.98196400
135.19999918	5.82567800	2.89407000
135.27999918	5.82567800	2.89407000
135.35999918	5.82567800	2.89407000
135.43999918	5.82567800	2.89407000
135.51999918	5.82567800	2.89407000
135.59999918	5.82567800	2.80617700
135.67999918	5.82567800	2.80617700
135.75999917	5.82567800	2.80617700
135.83999917	5.82567800	2.80617700
135.91999917	5.82567800	2.80617700
135.99999917	5.82567800	2.80617700
136.07999917	5.82567800	2.71828400
136.15999917	5.82567800	2.71828400
136.23999917	5.82567800	2.71828400
136.31999917	5.82567800	2.63069600
136.39999917	5.82567800	2.63069600
136.47999917	5.82567800	2.63069600
136.55999917	5.82567800	2.63069600
136.63999917	5.82567800	2.63069600
136.71999917	5.82567800	2.54280200
136.79999917	5.82567800	2.45490900
136.87999917	5.73717500	2.45490900
136.95999917	5.82567800	2.45490900
137.03999917	5.82567800	2.45490900
137.11999917	5.82567800	2.45490900
137.19999917	5.82567800	2.45490900
137.27999917	5.82567800	2.36701600
137.35999917	5.73717500	2.36701600
137.43999916	5.82567800	2.36701600
137.51999916	5.73717500	2.36701600
137.59999916	5.82567800	2.27942800
137.67999916	5.73717500	2.27942800
137.75999916	5.82567800	2.27942800
137.83999916	5.73717500	2.27942800
137.91999916	5.73717500	2.19153400
137.99999916	5.73717500	2.19153400
138.07999916	5.73717500	2.19153400
138.15999916	5.73717500	2.19153400
138.23999916	5.73717500	2.10364100
138.31999916	5.73717500	2.10364100
138.39999916	5.82567800	2.01574800
138.47999916	5.73717500	2.01574800
138.55999916	5.73717500	2.01574800
138.63999916	5.64836500	2.01574800
138.71999916	5.64836500	2.01574800
138.79999916	5.64836500	1.92815900
138.87999916	5.64836500	1.92815900
138.95999916	5.73717500	1.84026600
139.03999915	5.64836500	1.84026600
139.11999915	5.64836500	1.84026600
139.19999915	5.64836500	1.84026600
139.27999915	5.64836500	1.75237300
139.35999915	5.64836500	1.75237300
139.43999915	5.64836500	1.75237300
139.51999915	5.64836500	1.75237300
139.59999915	5.64836500	1.75237300
139.67999915	5.64836500	1.66447900
139.75999915	5.55986200	1.66447900
139.83999915	5.64836500	1.57689100
139.91999915	5.64836500	1.57689100
139.99999915	5.55986200	1.57689100
140.07999915	5.55986200	1.57689100
140.15999915	5.55986200	1.57689100
140.23999915	5.55986200	1.48899800
140.31999915	5.55986200	1.48899800
140.39999915	5.38254900	1.40110500
140.47999915	4.93911600	1.40110500
140.55999915	4.49598700	1.40110500
140.63999915	4.31867400	1.40110500
140.71999914	4.31867400	1.31321100
140.79999914	4.31867400	1.31321100
140.87999914	4.31867400	1.31321100
140.95999914	4.31867400	1.31321100
141.03999914	4.31867400	1.22531800
141.11999914	4.31867400	1.22531800
141.19999914	4.31867400	1.13773000
141.27999914	4.31867400	1.13773000
141.35999914	4.31867400	1.13773000
141.43999914	4.22986600	1.13773000
141.51999914	4.31867400	1.04983700
141.59999914	4.31867400	1.04983700
141.67999914	4.22986600	1.04983700
141.75999914	4.22986600	1.04983700
141.83999914	4.22986600	0.96194340
141.91999914	4.31867400	0.96194340
141.99999914	4.22986600	0.96194340
142.07999914	4.31867400	0.96194340
142.15999914	4.22986600	0.87405010
142.23999914	4.31867400	0.87405010
142.31999914	4.22986600	0.87405010
142.39999913	4.22986600	0.87405010
142.47999913	4.22986600	0.78646200
142.55999913	4.22986600	0.78646200
142.63999913	4.22986600	0.78646200
142.71999913	4.22986600	0.69856870
142.79999913	4.22986600	0.69856870
142.87999913	4.22986600	0.69856870
142.95999913	4.22986600	0.69856870
143.03999913	4.22986600	0.61067540
143.11999913	4.22986600	0.61067540
143.19999913	4.22986600	0.52278210
143.27999913	4.22986600	0.52278210
143.35999913	4.22986600	0.52278210
143.43999913	4.22986600	0.52278210
143.51999913	4.22986600	0.43519400
143.59999913	4.22986600	0.43519400
143.67999913	4.22986600	0.43519400
143.75999913	4.22986600	0.34730060
143.83999913	4.22986600	0.34730060
143.91999913	4.22986600	0.34730060
143.99999912	4.22986600	0.25940730
144.07999912	4.22986600	0.25940730
144.15999912	4.22986600	0.25940730
144.23999912	4.22986600	0.17151400
144.31999912	4.22986600	0.17151400
144.39999912	4.22986600	0.08392590
144.47999912	4.22986600	0.08392590
144.55999912	4.22986600	0.08392590
144.63999912	4.22986600	0.08392590
144.71999912	4.22986600	-0.00366222
144.79999912	4.22986600	-0.00366222
144.87999912	4.22986600	-0.00366222
144.95999912	4.22986600	-0.00366222
145.03999912	4.22986600	-0.09155553
145.11999912	4.22986600	-0.09155553
145.19999912	4.22986600	-0.09155553
145.27999912	4.22986600	-0.09155553
145.35999912	4.22986600	-0.09155553
145.43999912	4.22986600	-0.17944880
145.51999912	4.22986600	-0.17944880
145.59999912	4.31867400	-0.26734220
145.67999911	4.22986600	-0.26734220
145.75999911	4.31867400	-0.35493030
145.83999911	4.31867400	-0.35493030
145.91999911	4.31867400	-0.35493030
145.99999911	3.69792800	-0.35493030
146.07999911	1.83599400	-0.44282360
146.15999911	1.12674300	-0.44282360
146.23999911	0.77211830	-0.44282360
146.31999911	0.68361460	-0.53071690
146.39999911	0.68361460	-0.53071690
146.47999911	0.68361460	-0.53071690
146.55999911	0.68361460	-0.53071690
146.63999911	0.68361460	-0.53071690
146.71999911	0.68361460	-0.61861020
146.79999911	0.68361460	-0.70619830
146.87999911	0.68361460	-0.70619830
146.95999911	0.68361460	-0.70619830
147.03999911	0.68361460	-0.70619830
147.11999911	0.77211830	-0.79409160
147.19999911	0.77211830	-0.88198490
147.27999910	0.77211830	-0.79409160
147.35999910	0.77211830	-0.88198490
147.43999910	0.68361460	-0.96987830
147.51999910	0.77211830	-0.96987830
147.59999910	0.77211830	-0.96987830
147.67999910	0.77211830	-1.05746600
147.75999910	0.77211830	-1.05746600
147.83999910	0.77211830	-1.05746600
147.91999910	0.77211830	-1.14536000
147.99999910	0.77211830	-1.14536000
148.07999910	0.77211830	-1.23325300
148.15999910	0.77211830	-1.23325300
148.23999910	0.77211830	-1.23325300
148.31999910	0.77211830	-1.32114600
148.39999910	0.86092720	-1.32114600
148.47999910	0.86092720	-1.32114600
148.55999910	0.86092720	-1.40904000
148.63999910	0.86092720	-1.40904000
148.71999910	0.86092720	-1.40904000
148.79999910	0.86092720	-1.40904000
148.87999910	0.86092720	-1.49662800
148.95999909	0.86092720	-1.49662800
149.03999909	0.86092720	-1.58452100
149.11999909	0.86092720	-1.58452100
149.19999909	0.86092720	-1.67241400
149.27999909	0.86092720	-1.67241400
149.35999909	0.86092720	-1.76030800
149.43999909	0.86092720	-1.76030800
149.51999909	0.86092720	-1.76030800
149.59999909	0.86092720	-1.84789600
149.67999909	0.86092720	-1.84789600
149.75999909	0.86092720	-1.93578900
149.83999909	0.86092720	-1.93578900
149.91999909	0.86092720	-1.93578900
149.99999909	0.86092720	-1.93578900
150.07999909	0.86092720	-2.02368200
150.15999909	0.86092720	-2.02368200
150.23999909	0.86092720	-2.11157600
150.31999909	0.86092720	-2.11157600
150.39999909	0.86092720	-2.11157600
150.47999909	0.86092720	-2.11157600
150.55999908	0.94943080	-2.19916400
150.63999908	0.94943080	-2.28705700
150.71999908	0.94943080	-2.28705700
150.79999908	0.86092720	-2.28705700
150.87999908	0.86092720	-2.28705700
150.95999908	0.86092720	-2.37495000
151.03999908	0.94943080	-2.46284400
151.11999908	0.86092720	-2.46284400
151.19999908	0.86092720	-2.46284400
151.27999908	0.86092720	-2.55043200
151.35999908	0.86092720	-2.63832500
151.43999908	0.86092720	-2.63832500
151.51999908	0.94943080	-2.63832500
151.59999908	0.94943080	-2.63832500
151.67999908	0.86092720	-2.72621800
151.75999908	0.86092720	-2.72621800
151.83999908	0.94943080	-2.81411200
151.91999908	0.94943080	-2.81411200
151.99999908	0.86092720	-2.81411200
152.07999908	0.94943080	-2.81411200
152.15999908	0.94943080	-2.90200500
152.23999907	0.94943080	-2.90200500
152.31999907	0.86092720	-2.98959300
152.39999907	0.94943080	-2.98959300
152.47999907	0.94943080	-3.07748700
152.55999907	0.94943080	-3.07748700
152.63999907	0.94943080	-3.07748700
152.71999907	0.94943080	-3.16538000
152.79999907	0.94943080	-3.16538000
152.87999907	0.94943080	-3.16538000
152.95999907	0.86092720	-3.16538000
153.03999907	0.94943080	-3.25327300
153.11999907	0.94943080	-3.25327300
153.19999907	0.94943080	-3.34086100
153.27999907	0.94943080	-3.34086100
153.35999907	0.94943080	-3.34086100
153.43999907	0.94943080	-3.34086100
153.51999907	0.94943080	-3.42875500
153.59999907	0.94943080	-3.42875500
153.67999907	0.94943080	-3.42875500
153.75999907	0.94943080	-3.51664800
153.83999907	0.94943080	-3.51664800
153.91999906	0.94943080	-3.60454100
153.99999906	0.94943080	-3.60454100
154.07999906	0.94943080	-3.60454100
154.15999906	0.94943080	-3.60454100
154.23999906	0.94943080	-3.69212900
154.31999906	0.94943080	-3.69212900
154.39999906	0.94943080	-3.69212900
154.47999906	0.94943080	-3.78002300
154.55999906	0.94943080	-3.78002300
154.63999906	0.94943080	-3.78002300
154.71999906	0.94943080	-3.86791600
154.79999906	0.94943080	-3.86791600
154.87999906	0.94943080	-3.86791600
154.95999906	0.94943080	-3.86791600
155.03999906	0.94943080	-3.86791600
155.11999906	0.94943080	-3.95580900
155.19999906	0.94943080	-3.86791600
155.27999906	0.94943080	-3.95580900
155.35999906	0.94943080	-4.04339700
155.43999906	0.94943080	-4.04339700
155.51999905	0.94943080	-4.04339700
155.59999905	0.94943080	-4.04339700
155.67999905	0.94943080	-4.04339700
155.75999905	0.94943080	-4.13129000
155.83999905	1.03824000	-4.13129000
155.91999905	0.94943080	-4.13129000
155.99999905	0.94943080	-4.13129000
156.07999905	0.94943080	-4.13129000
156.15999905	0.94943080	-4.21918400
156.23999905	0.94943080	-4.21918400
156.31999905	0.94943080	-4.21918400
156.39999905	1.03824000	-4.21918400
156.47999905	0.94943080	-4.21918400
156.55999905	0.94943080	-4.21918400
156.63999905	0.94943080	-4.30707700
156.71999905	0.94943080	-4.30707700
156.79999905	0.94943080	-4.21918400
156.87999905	0.94943080	-4.30707700
156.95999905	0.94943080	-4.30707700
157.03999905	0.94943080	-4.30707700
157.11999905	0.94943080	-4.30707700
157.19999904	0.94943080	-4.30707700
157.27999904	0.94943080	-4.30707700
157.35999904	0.94943080	-4.39497000
157.43999904	0.94943080	-4.39497000
157.51999904	0.94943080	-4.39497000
157.59999904	0.94943080	-4.39497000
157.67999904	0.94943080	-4.39497000
157.75999904	0.94943080	-4.39497000
157.83999904	0.94943080	-4.39497000
157.91999904	0.94943080	-4.39497000
157.99999904	0.94943080	-4.39497000
158.07999904	0.94943080	-4.39497000
158.15999904	0.94943080	-4.39497000
158.23999904	0.94943080	-4.39497000
158.31999904	0.94943080	-4.39497000
158.39999904	0.94943080	-4.39497000
158.47999904	0.94943080	-4.39497000
158.55999904	0.94943080	-4.39497000
158.63999904	0.94943080	-4.39497000
158.71999904	0.94943080	-4.39497000
158.79999903	0.94943080	-4.39497000
158.87999903	0.94943080	-4.39497000
158.95999903	0.94943080	-4.39497000
159.03999903	0.94943080	-4.39497000
159.11999903	0.94943080	-4.39497000
159.19999903	0.94943080	-4.39497000
159.27999903	0.86092720	-4.39497000
159.35999903	0.94943080	-4.30707700
159.43999903	0.94943080	-4.30707700
159.51999903	0.94943080	-4.30707700
159.59999903	0.94943080	-4.39497000
159.67999903	0.94943080	-4.30707700
159.75999903	0.94943080	-4.30707700
159.83999903	0.94943080	-4.30707700
159.91999903	0.94943080	-4.30707700
159.99999903	0.94943080	-4.30707700
160.07999903	0.94943080	-4.21918400
160.15999903	0.94943080	-4.21918400
160.23999903	0.94943080	-4.21918400
160.31999903	0.94943080	-4.21918400
160.39999903	0.86092720	-4.21918400
160.47999902	0.94943080	-4.21918400
160.55999902	0.86092720	-4.21918400
160.63999902	0.86092720	-4.21918400
160.71999902	0.86092720	-4.21918400
160.79999902	0.86092720	-4.13129000
160.87999902	0.94943080	-4.13129000
160.95999902	0.94943080	-4.04339700
161.03999902	0.94943080	-4.04339700
161.11999902	0.86092720	-4.04339700
161.19999902	0.86092720	-4.04339700
161.27999902	0.86092720	-3.95580900
161.35999902	0.86092720	-3.95580900
161.43999902	0.86092720	-3.95580900
161.51999902	0.94943080	-3.86791600
161.59999902	0.94943080	-3.86791600
161.67999902	0.86092720	-3.86791600
161.75999902	0.86092720	-3.86791600
161.83999902	0.86092720	-3.86791600
161.91999902	0.86092720	-3.86791600
161.99999902	0.86092720	-3.78002300
162.07999901	0.86092720	-3.78002300
162.15999901	0.86092720	-3.69212900
162.23999901	0.86092720	-3.69212900
162.31999901	0.86092720	-3.69212900
162.39999901	0.86092720	-3.60454100
162.47999901	0.86092720	-3.60454100
162.55999901	0.86092720	-3.60454100
162.63999901	0.86092720	-3.60454100
162.71999901	0.86092720	-3.51664800
162.79999901	0.86092720	-3.42875500
162.87999901	0.86092720	-3.42875500
162.95999901	0.86092720	-3.42875500
163.03999901	0.86092720	-3.42875500
163.11999901	0.86092720	-3.34086100
163.19999901	0.86092720	-3.34086100
163.27999901	0.86092720	-3.34086100
163.35999901	0.86092720	-3.25327300
163.43999901	0.86092720	-3.16538000
163.51999901	0.86092720	-3.16538000
163.59999901	0.86092720	-3.16538000
163.67999901	0.86092720	-3.16538000
163.75999900	0.86092720	-3.07748700
163.83999900	0.86092720	-2.98959300
163.91999900	0.86092720	-2.98959300
163.99999900	0.86092720	-2.98959300
164.07999900	0.86092720	-2.90200500
164.15999900	0.86092720	-2.90200500
164.23999900	0.86092720	-2.81411200
164.31999900	0.86092720	-2.81411200
164.39999900	0.86092720	-2.81411200
164.47999900	0.86092720	-2.72621800
164.55999900	0.86092720	-2.72621800
164.63999900	0.86092720	-2.63832500
164.71999900	0.86092720	-2.63832500
164.79999900	0.77211830	-2.63832500
164.87999900	0.77211830	-2.55043200
164.95999900	0.86092720	-2.55043200
165.03999900	0.86092720	-2.46284400
165.11999900	0.86092720	-2.46284400
165.19999900	0.77211830	-2.37495000
165.27999900	0.77211830	-2.28705700
165.35999900	0.77211830	-2.28705700
165.43999899	0.77211830	-2.28705700
165.51999899	0.77211830	-2.19916400
165.59999899	0.77211830	-2.11157600
165.67999899	0.77211830	-2.11157600
165.75999899	0.77211830	-2.11157600
165.83999899	0.77211830	-2.02368200
165.91999899	0.77211830	-1.93578900
165.99999899	0.77211830	-1.93578900
166.07999899	0.77211830	-1.84789600
166.15999899	0.77211830	-1.84789600
166.23999899	0.77211830	-1.84789600
166.31999899	0.77211830	-1.76030800
166.39999899	0.68361460	-1.76030800
166.47999899	0.77211830	-1.67241400
166.55999899	0.77211830	-1.58452100
166.63999899	0.77211830	-1.58452100
166.71999899	0.77211830	-1.58452100
166.79999899	0.77211830	-1.49662800
166.87999899	0.77211830	-1.40904000
166.95999899	0.77211830	-1.40904000
167.03999898	0.77211830	-1.40904000
167.11999898	0.77211830	-1.32114600
167.19999898	0.77211830	-1.23325300
167.27999898	0.77211830	-1.23325300
167.35999898	0.77211830	-1.23325300
167.43999898	0.77211830	-1.14536000
167.51999898	0.77211830	-1.05746600
167.59999898	0.77211830	-1.05746600
167.67999898	0.77211830	-0.96987830
167.75999898	0.77211830	-0.96987830
167.83999898	0.68361460	-0.88198490
167.91999898	0.77211830	-0.79409160
167.99999898	0.77211830	-0.79409160
168.07999898	0.68361460	-0.70619830
168.15999898	0.68361460	-0.70619830
168.23999898	0.68361460	-0.61861020
168.31999898	0.77211830	-0.61861020
168.39999898	0.68361460	-0.53071690
168.47999898	0.68361460	-0.44282360
168.55999898	0.68361460	-0.44282360
168.63999898	0.68361460	-0.35493030
168.71999897	0.68361460	-0.35493030
168.79999897	0.68361460	-0.26734220
168.87999897	0.68361460	-0.17944880
168.95999897	0.68361460	-0.17944880
169.03999897	0.68361460	-0.09155553
169.11999897	0.68361460	-0.09155553
169.19999897	0.68361460	-0.00366222
169.27999897	0.68361460	-0.00366222
169.35999897	0.68361460	-0.00366222
169.43999897	0.68361460	0.08392590
169.51999897	0.68361460	0.17151400
169.59999897	0.68361460	0.17151400
169.67999897	0.68361460	0.34730060
169.75999897	0.68361460	0.34730060
169.83999897	0.68361460	0.34730060
169.91999897	0.68361460	0.43519400
169.99999897	0.68361460	0.52278210
170.07999897	0.68361460	0.52278210
170.15999897	0.68361460	0.61067540
170.23999897	0.68361460	0.69856870
170.31999896	0.68361460	0.69856870
170.39999896	0.68361460	0.69856870
170.47999896	0.68361460	0.78646200
170.55999896	0.68361460	0.87405010
170.63999896	0.68361460	0.87405010
170.71999896	0.68361460	0.96194340
170.79999896	0.68361460	0.96194340
170.87999896	0.68361460	1.04983700
170.95999896	0.68361460	1.04983700
171.03999896	0.68361460	1.13773000
171.11999896	0.68361460	1.13773000
171.19999896	0.68361460	1.22531800
171.27999896	0.68361460	1.31321100
171.35999896	0.59480580	1.31321100
171.43999896	0.68361460	1.31321100
171.51999896	0.68361460	1.40110500
171.59999896	0.68361460	1.40110500
171.67999896	0.59480580	1.48899800
171.75999896	0.68361460	1.57689100
171.83999896	0.59480580	1.57689100
171.91999896	0.59480580	1.66447900
171.99999895	0.59480580	1.66447900
172.07999895	0.59480580	1.75237300
172.15999895	0.59480580	1.84026600
172.23999895	0.59480580	1.84026600
172.31999895	0.50630210	1.92815900
172.39999895	0.50630210	2.01574800
172.47999895	0.50630210	2.01574800
172.55999895	0.50630210	2.01574800
172.63999895	0.50630210	2.10364100
172.71999895	0.50630210	2.10364100
172.79999895	0.50630210	2.19153400
172.87999895	0.50630210	2.19153400
172.95999895	0.50630210	2.27942800
173.03999895	0.59480580	2.27942800
173.11999895	0.50630210	2.27942800
173.19999895	0.50630210	2.45490900
173.27999895	0.59480580	2.45490900
173.35999895	0.50630210	2.45490900
173.43999895	0.50630210	2.54280200
173.51999895	0.59480580	2.54280200
173.59999894	0.59480580	2.63069600
173.67999894	0.50630210	2.71828400
173.75999894	0.59480580	2.71828400
173.83999894	0.59480580	2.80617700
173.91999894	0.59480580	2.80617700
173.99999894	0.59480580	2.80617700
174.07999894	0.59480580	2.89407000
174.15999894	0.59480580	2.89407000
174.23999894	0.50630210	2.98196400
174.31999894	0.59480580	2.98196400
174.39999894	0.59480580	2.98196400
174.47999894	0.59480580	3.06985700
174.55999894	0.59480580	3.15744500
174.63999894	0.59480580	3.15744500
174.71999894	0.59480580	3.24533800
174.79999894	0.59480580	3.24533800
174.87999894	0.59480580	3.33323200
174.95999894	0.59480580	3.33323200
175.03999894	0.59480580	3.33323200
175.11999894	0.59480580	3.42112500
175.19999894	0.59480580	3.42112500
175.27999893	0.59480580	3.50871300
175.35999893	0.59480580	3.50871300
175.43999893	0.59480580	3.59660600
175.51999893	0.59480580	3.59660600
175.59999893	0.59480580	3.59660600
175.67999893	0.59480580	3.59660600
175.75999893	0.59480580	3.68450000
175.83999893	0.59480580	3.68450000
175.91999893	0.59480580	3.77239300
175.99999893	0.59480580	3.77239300
176.07999893	0.59480580	3.85998100
176.15999893	0.59480580	3.85998100
176.23999893	0.59480580	3.85998100
176.31999893	0.59480580	3.85998100
176.39999893	0.59480580	3.94787400
176.47999893	0.59480580	3.94787400
176.55999893	0.59480580	4.03576800
176.63999893	0.59480580	4.03576800
176.71999893	0.59480580	4.12366100
176.79999893	0.59480580	4.12366100
176.87999893	0.59480580	4.12366100
176.95999892	0.59480580	4.21124900
177.03999892	0.59480580	4.12366100
177.11999892	0.59480580	4.21124900
177.19999892	0.59480580	4.21124900
177.27999892	0.59480580	4.21124900
177.35999892	0.59480580	4.29914200
177.43999892	0.68361460	4.29914200
177.51999892	0.59480580	4.38703600
177.59999892	0.68361460	4.38703600
177.67999892	0.68361460	4.38703600
177.75999892	0.59480580	4.38703600
177.83999892	0.59480580	4.47492900
177.91999892	0.68361460	4.47492900
177.99999892	0.59480580	4.47492900
178.07999892	0.68361460	4.56282200
178.15999892	0.59480580	4.56282200
178.23999892	0.68361460	4.56282200
178.31999892	0.59480580	4.56282200
178.39999892	0.59480580	4.56282200
178.47999892	0.68361460	4.56282200
178.55999891	0.68361460	4.56282200
178.63999891	0.59480580	4.65041100
178.71999891	0.68361460	4.65041100
178.79999891	0.59480580	4.65041100
178.87999891	0.68361460	4.65041100
178.95999891	0.68361460	4.73830400
179.03999891	0.59480580	4.73830400
179.11999891	0.68361460	4.73830400
179.19999891	0.68361460	4.73830400
179.27999891	0.68361460	4.82619700
179.35999891	0.68361460	4.82619700
179.43999891	0.68361460	4.82619700
179.51999891	0.68361460	4.82619700
179.59999891	0.68361460	4.82619700
179.67999891	0.68361460	4.82619700
179.75999891	0.68361460	4.91409000
179.83999891	0.68361460	4.82619700
179.91999891	0.68361460	4.82619700
179.99999891	0.68361460	4.91409000
180.07999891	0.68361460	4.91409000
180.15999891	0.68361460	4.91409000
180.23999890	0.68361460	4.91409000
180.31999890	0.68361460	4.91409000
180.39999890	0.68361460	4.91409000
180.47999890	0.68361460	4.91409000
180.55999890	0.68361460	4.91409000
180.63999890	0.68361460	4.91409000
180.71999890	0.68361460	4.91409000
180.79999890	0.68361460	4.91409000
180.87999890	0.68361460	4.91409000
180.95999890	0.68361460	4.91409000
181.03999890	0.68361460	4.91409000
181.11999890	0.68361460	4.91409000
181.19999890	0.68361460	5.00167800
181.27999890	0.68361460	4.91409000
181.35999890	0.68361460	4.91409000
181.43999890	0.68361460	4.91409000
181.51999890	0.68361460	4.91409000
181.59999890	0.68361460	4.91409000
181.67999890	0.68361460	4.91409000
181.75999890	0.68361460	4.91409000
181.83999889	0.68361460	4.91409000
181.91999889	0.68361460	4.91409000
181.99999889	0.68361460	4.91409000
182.07999889	0.68361460	4.91409000
182.15999889	0.68361460	4.91409000
182.23999889	0.68361460	4.91409000
182.31999889	0.68361460	4.91409000
182.39999889	0.68361460	4.91409000
182.47999889	0.68361460	4.82619700
182.55999889	0.68361460	4.82619700
182.63999889	0.68361460	4.82619700
182.71999889	0.68361460	4.82619700
182.79999889	0.68361460	4.82619700
182.87999889	0.68361460	4.82619700
182.95999889	0.68361460	4.82619700
183.03999889	0.68361460	4.82619700
183.11999889	0.68361460	4.73830400
183.19999889	0.68361460	4.73830400
183.27999889	0.68361460	4.73830400
183.35999889	0.68361460	4.73830400
183.43999889	0.68361460	4.65041100
183.51999888	0.68361460	4.73830400
183.59999888	0.68361460	4.65041100
183.67999888	0.68361460	4.65041100
183.75999888	0.68361460	4.56282200
183.83999888	0.68361460	4.56282200
183.91999888	0.68361460	4.56282200
183.99999888	0.68361460	4.56282200
184.07999888	0.68361460	4.47492900
184.15999888	0.68361460	4.56282200
184.23999888	0.68361460	4.47492900
184.31999888	0.68361460	4.38703600
184.39999888	0.68361460	4.38703600
184.47999888	0.68361460	4.38703600
184.55999888	0.68361460	4.38703600
184.63999888	0.68361460	4.38703600
184.71999888	0.68361460	4.29914200
184.79999888	0.68361460	4.29914200
184.87999888	0.68361460	4.29914200
184.95999888	0.68361460	4.21124900
185.03999888	0.68361460	4.29914200
185.11999887	0.68361460	4.21124900
185.19999887	0.68361460	4.21124900
185.27999887	0.68361460	4.21124900
185.35999887	0.68361460	4.21124900
185.43999887	0.68361460	4.12366100
185.51999887	0.68361460	4.12366100
185.59999887	0.68361460	4.12366100
185.67999887	0.59480580	4.03576800
185.75999887	0.68361460	4.03576800
185.83999887	0.68361460	4.03576800
185.91999887	0.59480580	3.94787400
185.99999887	0.59480580	3.85998100
186.07999887	0.68361460	3.85998100
186.15999887	0.68361460	3.85998100
186.23999887	0.59480580	3.85998100
186.31999887	0.68361460	3.77239300
186.39999887	0.68361460	3.77239300
186.47999887	0.68361460	3.77239300
186.55999887	0.68361460	3.68450000
186.63999887	0.59480580	3.68450000
186.71999887	0.68361460	3.68450000
186.79999886	0.59480580	3.68450000
186.87999886	0.68361460	3.59660600
186.95999886	0.59480580	3.59660600
187.03999886	0.59480580	3.50871300
187.11999886	0.59480580	3.50871300
187.19999886	0.68361460	3.50871300
187.27999886	0.59480580	3.42112500
187.35999886	0.59480580	3.42112500
187.43999886	0.59480580	3.42112500
187.51999886	0.59480580	3.33323200
187.59999886	0.59480580	3.33323200
187.67999886	0.59480580	3.24533800
187.75999886	0.50630210	3.24533800
187.83999886	0.50630210	3.24533800
187.91999886	0.50630210	3.15744500
187.99999886	0.50630210	3.15744500
188.07999886	0.50630210	3.06985700
188.15999886	0.50630210	3.06985700
188.23999886	0.50630210	2.98196400
188.31999886	0.50630210	2.98196400
188.39999886	0.50630210	2.98196400
188.47999885	0.41749320	2.89407000
188.55999885	0.41749320	2.80617700
188.63999885	0.41749320	2.80617700
188.71999885	0.32898950	2.80617700
188.79999885	0.32898950	2.80617700
188.87999885	0.32898950	2.71828400
188.95999885	0.32898950	2.71828400
189.03999885	0.32898950	2.71828400
189.11999885	0.32898950	2.63069600
189.19999885	0.32898950	2.63069600
189.27999885	0.32898950	2.54280200
189.35999885	0.24048580	2.54280200
189.43999885	0.24048580	2.45490900
189.51999885	0.24048580	2.45490900
189.59999885	0.24048580	2.45490900
189.67999885	0.24048580	2.36701600
189.75999885	0.24048580	2.27942800
189.83999885	0.24048580	2.27942800
189.91999885	0.15167700	2.27942800
189.99999885	0.15167700	2.19153400
190.07999884	0.15167700	2.10364100
190.15999884	0.15167700	2.19153400
190.23999884	0.15167700	2.10364100
190.31999884	0.15167700	2.10364100
190.39999884	0.15167700	2.01574800
190.47999884	0.06317332	1.92815900
190.55999884	0.06317332	1.92815900
190.63999884	-0.02563555	1.92815900
190.71999884	-0.02563555	1.84026600
190.79999884	-0.02563555	1.84026600
190.87999884	-0.02563555	1.75237300
190.95999884	-0.02563555	1.75237300
191.03999884	-0.02563555	1.75237300
191.11999884	-0.11413920	1.66447900
191.19999884	-0.02563555	1.57689100
191.27999884	-0.11413920	1.57689100
191.35999884	-0.11413920	1.57689100
191.43999884	-0.11413920	1.48899800
191.51999884	-0.11413920	1.48899800
191.59999884	-0.11413920	1.40110500
191.67999884	-0.20294810	1.40110500
191.75999883	-0.20294810	1.31321100
191.83999883	-0.20294810	1.31321100
191.91999883	-0.20294810	1.31321100
191.99999883	-0.20294810	1.22531800
192.07999883	-0.20294810	1.22531800
192.15999883	-0.29145180	1.13773000
192.23999883	-0.29145180	1.04983700
192.31999883	-0.29145180	1.04983700
192.39999883	-0.29145180	1.04983700
192.47999883	-0.38026060	0.96194340
192.55999883	-0.38026060	0.87405010
192.63999883	-0.38026060	0.87405010
192.71999883	-0.38026060	0.87405010
192.79999883	-0.38026060	0.87405010
192.87999883	-0.38026060	0.78646200
192.95999883	-0.38026060	0.69856870
193.03999883	-0.38026060	0.69856870
193.11999883	-0.46876430	0.69856870
193.19999883	-0.38026060	0.61067540
193.27999883	-0.46876430	0.61067540
193.35999882	-0.46876430	0.61067540
193.43999882	-0.46876430	0.52278210
193.51999882	-0.46876430	0.52278210
193.59999882	-0.46876430	0.43519400
193.67999882	-0.46876430	0.34730060
193.75999882	-0.46876430	0.34730060
193.83999882	-0.46876430	0.34730060
193.91999882	-0.46876430	0.25940730
193.99999882	-0.46876430	0.17151400
194.07999882	-0.46876430	0.17151400
194.15999882	-0.46876430	0.17151400
194.23999882	-0.46876430	0.08392590
194.31999882	-0.46876430	-0.00366222
194.39999882	-0.55757310	-0.00366222
194.47999882	-0.55757310	-0.00366222
194.55999882	-0.46876430	-0.00366222
194.63999882	-0.55757310	-0.09155553
194.71999882	-0.55757310	-0.09155553
194.79999882	-0.55757310	-0.17944880
194.87999882	-0.55757310	-0.17944880
194.95999882	-0.55757310	-0.26734220
195.03999881	-0.55757310	-0.35493030
195.11999881	-0.55757310	-0.35493030
195.19999881	-0.55757310	-0.35493030
195.27999881	-0.55757310	-0.35493030
195.35999881	-0.55757310	-0.44282360
195.43999881	-0.55757310	-0.53071690
195.51999881	-0.55757310	-0.53071690
195.59999881	-0.55757310	-0.61861020
195.67999881	-0.55757310	-0.61861020
195.75999881	-0.55757310	-0.70619830
195.83999881	-0.64607690	-0.70619830
195.91999881	-0.64607690	-0.79409160
195.99999881	-0.55757310	-0.79409160
196.07999881	-0.55757310	-0.79409160
196.15999881	-0.64607690	-0.88198490
196.23999881	-0.64607690	-0.88198490
196.31999881	-0.64607690	-0.96987830
196.39999881	-0.64607690	-0.96987830
196.47999881	-0.55757310	-1.05746600
196.55999881	-0.64607690	-1.05746600
196.63999880	-0.64607690	-1.05746600
196.71999880	-0.64607690	-1.14536000
196.79999880	-0.64607690	-1.14536000
196.87999880	-0.64607690	-1.23325300
196.95999880	-0.64607690	-1.23325300
197.03999880	-0.64607690	-1.32114600
197.11999880	-0.64607690	-1.40904000
197.19999880	-0.64607690	-1.32114600
197.27999880	-0.73488570	-1.40904000
197.35999880	-0.73488570	-1.40904000
197.43999880	-0.64607690	-1.49662800
197.51999880	-0.73488570	-1.49662800
197.59999880	-0.64607690	-1.49662800
197.67999880	-0.73488570	-1.58452100
197.75999880	-0.64607690	-1.58452100
197.83999880	-0.73488570	-1.58452100
197.91999880	-0.73488570	-1.67241400
197.99999880	-0.64607690	-1.76030800
198.07999880	-0.73488570	-1.76030800
198.15999880	-0.73488570	-1.76030800
198.23999880	-0.73488570	-1.84789600
198.31999879	-0.73488570	-1.84789600
198.39999879	-0.73488570	-1.84789600
198.47999879	-0.73488570	-1.84789600
198.55999879	-0.64607690	-1.84789600
198.63999879	-0.73488570	-1.93578900
198.71999879	-0.73488570	-2.02368200
198.79999879	-0.73488570	-2.02368200
198.87999879	-0.73488570	-2.02368200
198.95999879	-0.73488570	-2.11157600
199.03999879	-0.73488570	-2.11157600
199.11999879	-0.73488570	-2.11157600
199.19999879	-0.73488570	-2.19916400
199.27999879	-0.73488570	-2.19916400
199.35999879	-0.73488570	-2.19916400
199.43999879	-0.73488570	-2.19916400
199.51999879	-0.73488570	-2.28705700
199.59999879	-0.73488570	-2.28705700
199.67999879	-0.73488570	-2.28705700
199.75999879	-0.73488570	-2.37495000
199.83999879	-0.73488570	-2.37495000
199.91999878	-0.73488570	-2.37495000
199.99999878	-0.73488570	-2.46284400
200.07999878	-0.73488570	-2.46284400
200.15999878	-0.73488570	-2.46284400
200.23999878	-0.73488570	-2.55043200
