Time	Channel A	Channel B
(us)	(V)	(V)

0.00000000	3.78673700	1.66447900
0.08000000	3.78673700	1.75237300
0.16000000	3.78673700	1.75237300
0.24000000	3.78673700	1.75237300
0.32000000	3.78673700	1.84026600
0.40000000	3.78673700	1.84026600
0.48000000	3.78673700	1.92815900
0.56000000	3.78673700	1.92815900
0.64000000	3.69792800	1.92815900
0.72000000	3.78673700	2.01574800
0.80000000	3.69792800	2.01574800
0.87999999	3.69792800	2.01574800
0.95999999	3.69792800	2.10364100
1.03999999	3.69792800	2.10364100
1.11999999	3.69792800	2.10364100
1.19999999	3.69792800	2.19153400
1.27999999	3.69792800	2.27942800
1.35999999	3.69792800	2.27942800
1.43999999	3.69792800	2.27942800
1.51999999	3.69792800	2.36701600
1.59999999	3.69792800	2.36701600
1.67999999	3.69792800	2.36701600
1.75999999	3.69792800	2.45490900
1.83999999	3.69792800	2.45490900
1.91999999	3.69792800	2.45490900
1.99999999	3.69792800	2.54280200
2.07999999	3.60942400	2.54280200
2.15999999	3.69792800	2.63069600
2.23999999	3.69792800	2.63069600
2.31999999	3.69792800	2.71828400
2.39999999	3.60942400	2.71828400
2.47999998	3.69792800	2.71828400
2.55999998	3.69792800	2.71828400
2.63999998	3.69792800	2.80617700
2.71999998	3.60942400	2.80617700
2.79999998	3.60942400	2.80617700
2.87999998	3.60942400	2.89407000
2.95999998	3.60942400	2.89407000
3.03999998	3.60942400	2.89407000
3.11999998	3.60942400	2.98196400
3.19999998	3.60942400	2.98196400
3.27999998	3.60942400	2.98196400
3.35999998	3.60942400	3.06985700
3.43999998	3.60942400	3.06985700
3.51999998	3.60942400	3.15744500
3.59999998	3.60942400	3.15744500
3.67999998	3.60942400	3.15744500
3.75999998	3.60942400	3.24533800
3.83999998	3.69792800	3.24533800
3.91999998	3.60942400	3.33323200
3.99999998	3.60942400	3.33323200
4.07999998	3.52061500	3.33323200
4.15999997	3.52061500	3.42112500
4.23999997	3.60942400	3.42112500
4.31999997	3.52061500	3.42112500
4.39999997	3.52061500	3.50871300
4.47999997	3.52061500	3.50871300
4.55999997	3.60942400	3.50871300
4.63999997	3.60942400	3.50871300
4.71999997	3.52061500	3.59660600
4.79999997	3.60942400	3.59660600
4.87999997	3.52061500	3.59660600
4.95999997	3.52061500	3.68450000
5.03999997	3.60942400	3.68450000
5.11999997	3.52061500	3.68450000
5.19999997	3.60942400	3.68450000
5.27999997	3.60942400	3.77239300
5.35999997	3.60942400	3.77239300
5.43999997	3.52061500	3.77239300
5.51999997	3.52061500	3.77239300
5.59999997	3.52061500	3.85998100
5.67999997	3.60942400	3.85998100
5.75999996	3.52061500	3.85998100
5.83999996	3.52061500	3.85998100
5.91999996	3.52061500	3.94787400
5.99999996	3.52061500	3.94787400
6.07999996	3.60942400	3.94787400
6.15999996	3.60942400	4.03576800
6.23999996	3.60942400	4.03576800
6.31999996	3.60942400	4.03576800
6.39999996	3.52061500	4.03576800
6.47999996	3.52061500	4.12366100
6.55999996	3.60942400	4.12366100
6.63999996	3.52061500	4.12366100
6.71999996	3.52061500	4.12366100
6.79999996	3.60942400	4.21124900
6.87999996	3.60942400	4.21124900
6.95999996	3.52061500	4.21124900
7.03999996	3.60942400	4.21124900
7.11999996	3.52061500	4.21124900
7.19999996	3.60942400	4.21124900
7.27999996	3.60942400	4.21124900
7.35999996	3.60942400	4.21124900
7.43999995	3.52061500	4.21124900
7.51999995	3.52061500	4.29914200
7.59999995	3.60942400	4.29914200
7.67999995	3.60942400	4.29914200
7.75999995	3.60942400	4.29914200
7.83999995	3.60942400	4.29914200
7.91999995	3.60942400	4.29914200
7.99999995	3.60942400	4.29914200
8.07999995	3.69792800	4.38703600
8.15999995	3.60942400	4.29914200
8.23999995	3.60942400	4.38703600
8.31999995	3.69792800	4.38703600
8.39999995	3.60942400	4.38703600
8.47999995	3.69792800	4.38703600
8.55999995	3.60942400	4.38703600
8.63999995	3.60942400	4.38703600
8.71999995	3.60942400	4.38703600
8.79999995	3.69792800	4.38703600
8.87999995	3.60942400	4.38703600
8.95999995	3.60942400	4.38703600
9.03999995	3.60942400	4.38703600
9.11999994	3.69792800	4.38703600
9.19999994	3.69792800	4.38703600
9.27999994	3.69792800	4.38703600
9.35999994	3.69792800	4.38703600
9.43999994	3.69792800	4.38703600
9.51999994	3.69792800	4.38703600
9.59999994	3.69792800	4.38703600
9.67999994	3.69792800	4.38703600
9.75999994	3.69792800	4.38703600
9.83999994	3.69792800	4.38703600
9.91999994	3.69792800	4.38703600
9.99999994	3.69792800	4.38703600
10.07999994	3.69792800	4.38703600
10.15999994	3.69792800	4.38703600
10.23999994	3.69792800	4.38703600
10.31999994	3.69792800	4.38703600
10.39999994	3.69792800	4.38703600
10.47999994	3.69792800	4.38703600
10.55999994	3.69792800	4.29914200
10.63999994	3.69792800	4.38703600
10.71999993	3.69792800	4.29914200
10.79999993	3.69792800	4.38703600
10.87999993	3.69792800	4.29914200
10.95999993	3.78673700	4.29914200
11.03999993	3.69792800	4.29914200
11.11999993	3.69792800	4.21124900
11.19999993	3.69792800	4.21124900
11.27999993	3.78673700	4.21124900
11.35999993	3.78673700	4.21124900
11.43999993	3.69792800	4.21124900
11.51999993	3.69792800	4.21124900
11.59999993	3.78673700	4.21124900
11.67999993	3.78673700	4.21124900
11.75999993	3.78673700	4.12366100
11.83999993	3.78673700	4.12366100
11.91999993	3.78673700	4.12366100
11.99999993	3.78673700	4.12366100
12.07999993	3.78673700	4.12366100
12.15999993	3.78673700	4.12366100
12.23999993	3.78673700	4.12366100
12.31999993	3.78673700	4.03576800
12.39999992	3.78673700	4.03576800
12.47999992	3.78673700	3.94787400
12.55999992	3.78673700	3.94787400
12.63999992	3.87524000	3.94787400
12.71999992	3.87524000	3.85998100
12.79999992	3.78673700	3.85998100
12.87999992	3.87524000	3.85998100
12.95999992	3.87524000	3.85998100
13.03999992	3.87524000	3.77239300
13.11999992	3.87524000	3.77239300
13.19999992	3.87524000	3.68450000
13.27999992	3.87524000	3.77239300
13.35999992	3.87524000	3.68450000
13.43999992	3.87524000	3.68450000
13.51999992	3.87524000	3.59660600
13.59999992	3.87524000	3.59660600
13.67999992	3.87524000	3.50871300
13.75999992	3.87524000	3.50871300
13.83999992	3.87524000	3.50871300
13.91999992	3.87524000	3.50871300
13.99999991	3.87524000	3.50871300
14.07999991	3.87524000	3.42112500
14.15999991	3.87524000	3.42112500
14.23999991	3.87524000	3.33323200
14.31999991	3.87524000	3.33323200
14.39999991	3.96404900	3.24533800
14.47999991	3.87524000	3.24533800
14.55999991	3.96404900	3.15744500
14.63999991	3.96404900	3.15744500
14.71999991	3.96404900	3.15744500
14.79999991	3.87524000	3.06985700
14.87999991	3.96404900	2.98196400
14.95999991	3.96404900	2.98196400
15.03999991	3.96404900	2.98196400
15.11999991	3.96404900	2.98196400
15.19999991	3.96404900	2.89407000
15.27999991	3.96404900	2.89407000
15.35999991	3.96404900	2.80617700
15.43999991	3.96404900	2.80617700
15.51999991	3.96404900	2.71828400
15.59999991	3.96404900	2.71828400
15.67999990	3.96404900	2.71828400
15.75999990	4.05255300	2.63069600
15.83999990	4.05255300	2.63069600
15.91999990	3.96404900	2.54280200
15.99999990	4.05255300	2.45490900
16.07999990	4.05255300	2.45490900
16.15999990	4.05255300	2.45490900
16.23999990	4.05255300	2.36701600
16.31999990	4.05255300	2.36701600
16.39999990	4.05255300	2.36701600
16.47999990	4.05255300	2.27942800
16.55999990	4.05255300	2.27942800
16.63999990	4.05255300	2.19153400
16.71999990	4.05255300	2.10364100
16.79999990	4.05255300	2.10364100
16.87999990	4.05255300	2.01574800
16.95999990	4.05255300	2.01574800
17.03999990	4.05255300	1.92815900
17.11999990	4.05255300	1.92815900
17.19999990	4.05255300	1.84026600
17.27999989	4.05255300	1.75237300
17.35999989	4.05255300	1.75237300
17.43999989	4.05255300	1.75237300
17.51999989	4.05255300	1.66447900
17.59999989	4.05255300	1.66447900
17.67999989	4.05255300	1.57689100
17.75999989	4.05255300	1.48899800
17.83999989	4.14136200	1.48899800
17.91999989	4.05255300	1.40110500
17.99999989	4.14136200	1.40110500
18.07999989	4.14136200	1.40110500
18.15999989	4.14136200	1.31321100
18.23999989	4.14136200	1.31321100
18.31999989	4.05255300	1.22531800
18.39999989	4.14136200	1.13773000
18.47999989	4.14136200	1.13773000
18.55999989	4.14136200	1.04983700
18.63999989	4.14136200	1.04983700
18.71999989	4.14136200	0.96194340
18.79999989	4.14136200	0.96194340
18.87999989	4.14136200	0.87405010
18.95999988	4.14136200	0.87405010
19.03999988	4.14136200	0.78646200
19.11999988	4.14136200	0.69856870
19.19999988	4.14136200	0.69856870
19.27999988	4.14136200	0.69856870
19.35999988	4.14136200	0.61067540
19.43999988	4.14136200	0.52278210
19.51999988	4.14136200	0.52278210
19.59999988	4.14136200	0.43519400
19.67999988	4.22986600	0.43519400
19.75999988	4.14136200	0.34730060
19.83999988	4.14136200	0.25940730
19.91999988	4.22986600	0.17151400
19.99999988	4.14136200	0.25940730
20.07999988	4.22986600	0.08392590
20.15999988	4.22986600	0.08392590
20.23999988	4.22986600	-0.00366222
20.31999988	4.14136200	-0.00366222
20.39999988	4.14136200	-0.09155553
20.47999988	4.22986600	-0.09155553
20.55999988	4.14136200	-0.17944880
20.63999987	4.22986600	-0.26734220
20.71999987	4.14136200	-0.26734220
20.79999987	4.22986600	-0.35493030
20.87999987	4.22986600	-0.35493030
20.95999987	4.22986600	-0.44282360
21.03999987	4.22986600	-0.44282360
21.11999987	4.22986600	-0.53071690
21.19999987	4.22986600	-0.61861020
21.27999987	4.22986600	-0.61861020
21.35999987	4.22986600	-0.70619830
21.43999987	4.22986600	-0.79409160
21.51999987	4.22986600	-0.79409160
21.59999987	4.22986600	-0.79409160
21.67999987	4.22986600	-0.88198490
21.75999987	4.22986600	-0.96987830
21.83999987	4.22986600	-1.05746600
21.91999987	4.22986600	-1.05746600
21.99999987	4.22986600	-1.05746600
22.07999987	4.22986600	-1.14536000
22.15999987	4.22986600	-1.23325300
22.23999986	4.22986600	-1.23325300
22.31999986	4.22986600	-1.32114600
22.39999986	4.31867400	-1.32114600
22.47999986	4.31867400	-1.40904000
22.55999986	4.22986600	-1.49662800
22.63999986	4.31867400	-1.49662800
22.71999986	4.31867400	-1.58452100
22.79999986	4.31867400	-1.58452100
22.87999986	4.31867400	-1.67241400
22.95999986	4.31867400	-1.76030800
23.03999986	4.31867400	-1.76030800
23.11999986	4.40717800	-1.76030800
23.19999986	4.49598700	-1.84789600
23.27999986	4.76180300	-1.93578900
23.35999986	5.02792500	-1.93578900
23.43999986	5.20523700	-1.93578900
23.51999986	5.11642800	-2.11157600
23.59999986	5.11642800	-2.11157600
23.67999986	5.02792500	-2.11157600
23.75999986	5.02792500	-2.19916400
23.83999986	5.11642800	-2.19916400
23.91999985	5.11642800	-2.28705700
23.99999985	5.11642800	-2.37495000
24.07999985	5.11642800	-2.37495000
24.15999985	5.02792500	-2.46284400
24.23999985	5.02792500	-2.46284400
24.31999985	5.02792500	-2.46284400
24.39999985	5.02792500	-2.55043200
24.47999985	5.02792500	-2.55043200
24.55999985	4.93911600	-2.63832500
24.63999985	4.93911600	-2.72621800
24.71999985	4.93911600	-2.72621800
24.79999985	4.93911600	-2.81411200
24.87999985	4.93911600	-2.81411200
24.95999985	4.93911600	-2.90200500
25.03999985	4.85061200	-2.90200500
25.11999985	4.85061200	-2.90200500
25.19999985	4.85061200	-2.98959300
25.27999985	4.85061200	-2.98959300
25.35999985	4.85061200	-3.07748700
25.43999985	4.76180300	-3.07748700
25.51999984	4.76180300	-3.16538000
25.59999984	4.76180300	-3.16538000
25.67999984	4.76180300	-3.16538000
25.75999984	4.76180300	-3.25327300
25.83999984	4.67329900	-3.34086100
25.91999984	4.67329900	-3.34086100
25.99999984	4.58449000	-3.34086100
26.07999984	4.58449000	-3.42875500
26.15999984	4.58449000	-3.42875500
26.23999984	4.58449000	-3.51664800
26.31999984	4.58449000	-3.51664800
26.39999984	4.58449000	-3.60454100
26.47999984	4.58449000	-3.60454100
26.55999984	4.58449000	-3.60454100
26.63999984	4.49598700	-3.69212900
26.71999984	4.49598700	-3.69212900
26.79999984	4.49598700	-3.78002300
26.87999984	4.49598700	-3.78002300
26.95999984	4.40717800	-3.86791600
27.03999984	4.40717800	-3.86791600
27.11999984	4.40717800	-3.86791600
27.19999983	4.40717800	-3.86791600
27.27999983	4.40717800	-3.95580900
27.35999983	4.40717800	-4.04339700
27.43999983	4.40717800	-4.04339700
27.51999983	4.40717800	-4.04339700
27.59999983	4.40717800	-4.04339700
27.67999983	4.40717800	-4.13129000
27.75999983	4.40717800	-4.21918400
27.83999983	4.31867400	-4.21918400
27.91999983	4.40717800	-4.21918400
27.99999983	4.40717800	-4.21918400
28.07999983	4.40717800	-4.21918400
28.15999983	4.31867400	-4.30707700
28.23999983	4.40717800	-4.30707700
28.31999983	4.31867400	-4.39497000
28.39999983	4.31867400	-4.30707700
28.47999983	4.31867400	-4.39497000
28.55999983	4.31867400	-4.39497000
28.63999983	4.31867400	-4.39497000
28.71999983	4.31867400	-4.48255900
28.79999982	4.31867400	-4.48255900
28.87999982	4.31867400	-4.48255900
28.95999982	4.31867400	-4.48255900
29.03999982	4.31867400	-4.57045200
29.11999982	4.31867400	-4.57045200
29.19999982	4.31867400	-4.57045200
29.27999982	4.22986600	-4.57045200
29.35999982	4.31867400	-4.65834500
29.43999982	4.22986600	-4.65834500
29.51999982	4.31867400	-4.65834500
29.59999982	4.31867400	-4.74623900
29.67999982	4.22986600	-4.65834500
29.75999982	4.22986600	-4.74623900
29.83999982	4.22986600	-4.74623900
29.91999982	4.22986600	-4.74623900
29.99999982	4.22986600	-4.74623900
30.07999982	4.22986600	-4.83382700
30.15999982	4.31867400	-4.74623900
30.23999982	4.31867400	-4.83382700
30.31999982	4.31867400	-4.83382700
30.39999982	4.31867400	-4.83382700
30.47999981	4.31867400	-4.83382700
30.55999981	4.31867400	-4.92172000
30.63999981	4.22986600	-4.92172000
30.71999981	4.22986600	-4.92172000
30.79999981	4.22986600	-4.92172000
30.87999981	4.22986600	-4.92172000
30.95999981	4.22986600	-4.92172000
31.03999981	4.22986600	-4.92172000
31.11999981	4.22986600	-4.92172000
31.19999981	4.22986600	-4.92172000
31.27999981	4.22986600	-4.92172000
31.35999981	4.22986600	-4.92172000
31.43999981	4.22986600	-4.92172000
31.51999981	4.22986600	-4.92172000
31.59999981	4.22986600	-5.00961400
31.67999981	4.22986600	-5.00961400
31.75999981	4.22986600	-4.92172000
31.83999981	4.22986600	-4.92172000
31.91999981	4.22986600	-5.00961400
31.99999981	4.22986600	-4.92172000
32.07999981	4.22986600	-5.00961400
32.15999980	4.22986600	-4.92172000
32.23999980	4.22986600	-4.92172000
32.31999980	4.22986600	-4.92172000
32.39999980	4.22986600	-5.00961400
32.47999980	4.22986600	-4.92172000
32.55999980	4.22986600	-4.92172000
32.63999980	4.22986600	-4.92172000
32.71999980	4.22986600	-4.92172000
32.79999980	4.22986600	-4.92172000
32.87999980	4.22986600	-4.92172000
32.95999980	4.22986600	-4.92172000
33.03999980	4.22986600	-4.92172000
33.11999980	4.22986600	-4.92172000
33.19999980	4.22986600	-4.92172000
33.27999980	4.22986600	-4.92172000
33.35999980	4.22986600	-4.92172000
33.43999980	4.22986600	-4.92172000
33.51999980	4.22986600	-4.92172000
33.59999980	4.22986600	-4.83382700
33.67999980	4.22986600	-4.83382700
33.75999979	4.22986600	-4.92172000
33.83999979	4.22986600	-4.83382700
33.91999979	4.22986600	-4.83382700
33.99999979	4.22986600	-4.83382700
34.07999979	4.22986600	-4.74623900
34.15999979	4.22986600	-4.83382700
34.23999979	4.22986600	-4.74623900
34.31999979	4.22986600	-4.74623900
34.39999979	4.22986600	-4.74623900
34.47999979	4.22986600	-4.74623900
34.55999979	4.22986600	-4.74623900
34.63999979	4.22986600	-4.65834500
34.71999979	4.22986600	-4.65834500
34.79999979	4.22986600	-4.57045200
34.87999979	4.22986600	-4.65834500
34.95999979	4.22986600	-4.57045200
35.03999979	4.22986600	-4.57045200
35.11999979	4.22986600	-4.57045200
35.19999979	4.31867400	-4.57045200
35.27999979	4.31867400	-4.57045200
35.35999979	4.22986600	-4.48255900
35.43999978	4.22986600	-4.39497000
35.51999978	4.22986600	-4.48255900
35.59999978	4.22986600	-4.39497000
35.67999978	4.22986600	-4.39497000
35.75999978	4.22986600	-4.39497000
35.83999978	4.22986600	-4.30707700
35.91999978	4.22986600	-4.30707700
35.99999978	4.22986600	-4.30707700
36.07999978	4.31867400	-4.21918400
36.15999978	4.31867400	-4.21918400
36.23999978	4.22986600	-4.21918400
36.31999978	4.22986600	-4.21918400
36.39999978	4.22986600	-4.13129000
36.47999978	4.31867400	-4.21918400
36.55999978	4.31867400	-4.04339700
36.63999978	4.22986600	-4.04339700
36.71999978	4.31867400	-4.04339700
36.79999978	4.31867400	-4.04339700
36.87999978	4.31867400	-4.04339700
36.95999978	4.31867400	-3.95580900
37.03999977	4.31867400	-3.95580900
37.11999977	4.31867400	-3.86791600
37.19999977	4.31867400	-3.86791600
37.27999977	4.40717800	-3.86791600
37.35999977	4.40717800	-3.78002300
37.43999977	4.40717800	-3.78002300
37.51999977	4.49598700	-3.78002300
37.59999977	4.58449000	-3.69212900
37.67999977	4.76180300	-3.69212900
37.75999977	4.85061200	-3.69212900
37.83999977	4.93911600	-3.69212900
37.91999977	4.93911600	-3.60454100
37.99999977	4.93911600	-3.51664800
38.07999977	4.93911600	-3.51664800
38.15999977	4.93911600	-3.51664800
38.23999977	4.93911600	-3.42875500
38.31999977	4.93911600	-3.42875500
38.39999977	4.93911600	-3.34086100
38.47999977	4.93911600	-3.34086100
38.55999977	5.02792500	-3.25327300
38.63999977	5.02792500	-3.34086100
38.71999976	5.02792500	-3.25327300
38.79999976	5.11642800	-3.16538000
38.87999976	5.02792500	-3.16538000
38.95999976	5.11642800	-3.16538000
39.03999976	5.11642800	-3.07748700
39.11999976	5.11642800	-3.07748700
39.19999976	5.11642800	-2.98959300
39.27999976	5.11642800	-2.98959300
39.35999976	5.11642800	-2.98959300
39.43999976	5.11642800	-2.90200500
39.51999976	5.11642800	-2.90200500
39.59999976	5.11642800	-2.81411200
39.67999976	5.11642800	-2.81411200
39.75999976	5.20523700	-2.81411200
39.83999976	5.11642800	-2.72621800
39.91999976	5.11642800	-2.72621800
39.99999976	5.11642800	-2.63832500
40.07999976	5.11642800	-2.63832500
40.15999976	5.20523700	-2.63832500
40.23999976	5.20523700	-2.55043200
40.31999975	5.11642800	-2.46284400
40.39999975	5.20523700	-2.46284400
40.47999975	5.20523700	-2.46284400
40.55999975	5.20523700	-2.37495000
40.63999975	5.20523700	-2.28705700
40.71999975	5.20523700	-2.28705700
40.79999975	5.20523700	-2.19916400
40.87999975	5.20523700	-2.19916400
40.95999975	5.20523700	-2.19916400
41.03999975	5.20523700	-2.11157600
41.11999975	5.20523700	-2.11157600
41.19999975	5.20523700	-2.11157600
41.27999975	5.29374100	-2.02368200
41.35999975	5.20523700	-2.02368200
41.43999975	5.20523700	-1.93578900
41.51999975	5.20523700	-1.93578900
41.59999975	5.20523700	-1.93578900
41.67999975	5.29374100	-1.84789600
41.75999975	5.20523700	-1.76030800
41.83999975	5.29374100	-1.76030800
41.91999975	5.29374100	-1.76030800
41.99999974	5.29374100	-1.76030800
42.07999974	5.29374100	-1.58452100
42.15999974	5.29374100	-1.58452100
42.23999974	5.29374100	-1.58452100
42.31999974	5.29374100	-1.49662800
42.39999974	5.29374100	-1.49662800
42.47999974	5.29374100	-1.40904000
42.55999974	5.29374100	-1.40904000
42.63999974	5.29374100	-1.40904000
42.71999974	5.38254900	-1.32114600
42.79999974	5.29374100	-1.23325300
42.87999974	5.29374100	-1.23325300
42.95999974	5.29374100	-1.14536000
43.03999974	5.38254900	-1.14536000
43.11999974	5.38254900	-1.05746600
43.19999974	5.38254900	-1.05746600
43.27999974	5.38254900	-1.05746600
43.35999974	5.29374100	-1.05746600
43.43999974	5.38254900	-0.88198490
43.51999974	5.38254900	-0.88198490
43.59999974	5.38254900	-0.88198490
43.67999973	5.38254900	-0.79409160
43.75999973	5.38254900	-0.79409160
43.83999973	5.47105300	-0.70619830
43.91999973	5.47105300	-0.70619830
43.99999973	5.47105300	-0.70619830
44.07999973	5.47105300	-0.61861020
44.15999973	5.47105300	-0.53071690
44.23999973	5.47105300	-0.53071690
44.31999973	5.47105300	-0.53071690
44.39999973	5.47105300	-0.44282360
44.47999973	5.55986200	-0.35493030
44.55999973	5.55986200	-0.35493030
44.63999973	5.55986200	-0.35493030
44.71999973	5.55986200	-0.26734220
44.79999973	5.55986200	-0.17944880
44.87999973	5.55986200	-0.17944880
44.95999973	5.55986200	-0.17944880
45.03999973	5.55986200	-0.09155553
45.11999973	5.55986200	-0.00366222
45.19999973	5.55986200	-0.00366222
45.27999972	5.55986200	-0.00366222
45.35999972	5.55986200	0.08392590
45.43999972	5.55986200	0.08392590
45.51999972	5.64836500	0.17151400
45.59999972	5.55986200	0.17151400
45.67999972	5.55986200	0.17151400
45.75999972	5.55986200	0.25940730
45.83999972	5.55986200	0.25940730
45.91999972	5.64836500	0.34730060
45.99999972	5.55986200	0.43519400
46.07999972	5.64836500	0.43519400
46.15999972	5.64836500	0.43519400
46.23999972	5.64836500	0.52278210
46.31999972	5.64836500	0.61067540
46.39999972	5.64836500	0.61067540
46.47999972	5.64836500	0.61067540
46.55999972	5.55986200	0.69856870
46.63999972	5.64836500	0.69856870
46.71999972	5.64836500	0.69856870
46.79999972	5.64836500	0.78646200
46.87999972	5.64836500	0.87405010
46.95999971	5.64836500	0.87405010
47.03999971	5.64836500	0.87405010
47.11999971	5.64836500	0.87405010
47.19999971	5.64836500	0.96194340
47.27999971	5.64836500	1.04983700
47.35999971	5.64836500	1.04983700
47.43999971	5.64836500	1.04983700
47.51999971	5.64836500	1.13773000
47.59999971	5.64836500	1.13773000
47.67999971	5.64836500	1.22531800
47.75999971	5.73717500	1.22531800
47.83999971	5.64836500	1.22531800
47.91999971	5.64836500	1.31321100
47.99999971	5.73717500	1.31321100
48.07999971	5.64836500	1.40110500
48.15999971	5.64836500	1.40110500
48.23999971	5.73717500	1.40110500
48.31999971	5.73717500	1.48899800
48.39999971	5.64836500	1.57689100
48.47999971	5.64836500	1.57689100
48.55999970	5.73717500	1.57689100
48.63999970	5.73717500	1.57689100
48.71999970	5.73717500	1.66447900
48.79999970	5.73717500	1.75237300
48.87999970	5.73717500	1.75237300
48.95999970	5.73717500	1.75237300
49.03999970	5.73717500	1.75237300
49.11999970	5.73717500	1.84026600
49.19999970	5.73717500	1.92815900
49.27999970	5.73717500	1.84026600
49.35999970	5.73717500	1.92815900
49.43999970	5.73717500	2.01574800
49.51999970	5.82567800	2.01574800
49.59999970	5.73717500	2.10364100
49.67999970	5.73717500	2.10364100
49.75999970	5.73717500	2.10364100
49.83999970	5.82567800	2.10364100
49.91999970	5.73717500	2.19153400
49.99999970	5.73717500	2.19153400
50.07999970	5.82567800	2.19153400
50.15999970	5.82567800	2.27942800
50.23999969	5.82567800	2.27942800
50.31999969	5.73717500	2.36701600
50.39999969	5.82567800	2.27942800
50.47999969	5.73717500	2.36701600
50.55999969	5.73717500	2.45490900
50.63999969	5.82567800	2.45490900
50.71999969	5.82567800	2.45490900
50.79999969	5.73717500	2.45490900
50.87999969	5.82567800	2.54280200
50.95999969	5.82567800	2.54280200
51.03999969	5.82567800	2.63069600
51.11999969	5.82567800	2.63069600
51.19999969	5.82567800	2.63069600
51.27999969	5.82567800	2.63069600
51.35999969	5.82567800	2.71828400
51.43999969	5.82567800	2.71828400
51.51999969	5.82567800	2.71828400
51.59999969	5.82567800	2.80617700
51.67999969	5.82567800	2.80617700
51.75999969	5.82567800	2.80617700
51.83999968	5.82567800	2.80617700
51.91999968	5.82567800	2.80617700
51.99999968	5.82567800	2.80617700
52.07999968	5.82567800	2.89407000
52.15999968	5.82567800	2.89407000
52.23999968	5.82567800	2.89407000
52.31999968	5.82567800	2.98196400
52.39999968	5.82567800	2.98196400
52.47999968	5.82567800	2.98196400
52.55999968	5.82567800	2.98196400
52.63999968	5.82567800	2.98196400
52.71999968	5.82567800	2.98196400
52.79999968	5.82567800	3.06985700
52.87999968	5.82567800	3.06985700
52.95999968	5.82567800	3.06985700
53.03999968	5.82567800	3.06985700
53.11999968	5.82567800	3.15744500
53.19999968	5.82567800	3.15744500
53.27999968	5.82567800	3.15744500
53.35999968	5.82567800	3.15744500
53.43999968	5.82567800	3.15744500
53.51999967	5.82567800	3.24533800
53.59999967	5.82567800	3.24533800
53.67999967	5.82567800	3.24533800
53.75999967	5.82567800	3.33323200
53.83999967	5.82567800	3.33323200
53.91999967	5.82567800	3.33323200
53.99999967	5.91448700	3.33323200
54.07999967	5.91448700	3.33323200
54.15999967	5.82567800	3.33323200
54.23999967	5.82567800	3.33323200
54.31999967	5.82567800	3.42112500
54.39999967	5.82567800	3.42112500
54.47999967	5.91448700	3.42112500
54.55999967	5.82567800	3.42112500
54.63999967	5.82567800	3.42112500
54.71999967	5.91448700	3.42112500
54.79999967	5.82567800	3.42112500
54.87999967	5.82567800	3.42112500
54.95999967	5.91448700	3.42112500
55.03999967	5.91448700	3.42112500
55.11999967	5.82567800	3.50871300
55.19999966	5.82567800	3.50871300
55.27999966	5.91448700	3.50871300
55.35999966	5.82567800	3.50871300
55.43999966	5.91448700	3.50871300
55.51999966	5.82567800	3.50871300
55.59999966	5.91448700	3.50871300
55.67999966	5.82567800	3.50871300
55.75999966	5.91448700	3.50871300
55.83999966	5.82567800	3.50871300
55.91999966	5.91448700	3.50871300
55.99999966	5.91448700	3.50871300
56.07999966	5.82567800	3.50871300
56.15999966	5.82567800	3.50871300
56.23999966	5.82567800	3.50871300
56.31999966	5.91448700	3.50871300
56.39999966	5.91448700	3.50871300
56.47999966	5.91448700	3.50871300
56.55999966	5.82567800	3.50871300
56.63999966	5.91448700	3.50871300
56.71999966	5.91448700	3.50871300
56.79999965	5.82567800	3.50871300
56.87999965	5.91448700	3.50871300
56.95999965	5.91448700	3.50871300
57.03999965	5.91448700	3.50871300
57.11999965	5.91448700	3.50871300
57.19999965	5.82567800	3.50871300
57.27999965	5.91448700	3.50871300
57.35999965	5.91448700	3.50871300
57.43999965	5.82567800	3.50871300
57.51999965	5.91448700	3.50871300
57.59999965	5.82567800	3.50871300
57.67999965	5.82567800	3.50871300
57.75999965	5.91448700	3.50871300
57.83999965	5.91448700	3.50871300
57.91999965	5.91448700	3.50871300
57.99999965	5.91448700	3.50871300
58.07999965	5.91448700	3.50871300
58.15999965	5.91448700	3.50871300
58.23999965	5.91448700	3.50871300
58.31999965	5.91448700	3.42112500
58.39999965	5.91448700	3.42112500
58.47999964	5.91448700	3.42112500
58.55999964	5.91448700	3.42112500
58.63999964	5.91448700	3.42112500
58.71999964	5.91448700	3.42112500
58.79999964	5.91448700	3.42112500
58.87999964	5.82567800	3.42112500
58.95999964	5.91448700	3.33323200
59.03999964	5.91448700	3.33323200
59.11999964	5.91448700	3.33323200
59.19999964	5.91448700	3.33323200
59.27999964	5.91448700	3.33323200
59.35999964	5.91448700	3.33323200
59.43999964	5.91448700	3.33323200
59.51999964	5.91448700	3.24533800
59.59999964	5.91448700	3.24533800
59.67999964	5.91448700	3.24533800
59.75999964	5.91448700	3.24533800
59.83999964	5.91448700	3.24533800
59.91999964	5.82567800	3.24533800
59.99999964	5.91448700	3.15744500
60.07999963	5.91448700	3.15744500
60.15999963	5.91448700	3.15744500
60.23999963	5.91448700	3.15744500
60.31999963	5.91448700	3.15744500
60.39999963	5.82567800	3.15744500
60.47999963	5.82567800	3.15744500
60.55999963	5.91448700	3.06985700
60.63999963	5.82567800	3.06985700
60.71999963	5.82567800	3.06985700
60.79999963	5.91448700	2.98196400
60.87999963	5.82567800	2.98196400
60.95999963	5.82567800	2.98196400
61.03999963	5.82567800	2.98196400
61.11999963	5.82567800	2.98196400
61.19999963	5.82567800	2.89407000
61.27999963	5.82567800	2.98196400
61.35999963	5.82567800	2.89407000
61.43999963	5.82567800	2.89407000
61.51999963	5.82567800	2.89407000
61.59999963	5.82567800	2.80617700
61.67999963	5.82567800	2.80617700
61.75999962	5.82567800	2.80617700
61.83999962	5.82567800	2.80617700
61.91999962	5.82567800	2.80617700
61.99999962	5.82567800	2.80617700
62.07999962	5.82567800	2.80617700
62.15999962	5.82567800	2.71828400
62.23999962	5.82567800	2.71828400
62.31999962	5.82567800	2.71828400
62.39999962	5.82567800	2.71828400
62.47999962	5.82567800	2.63069600
62.55999962	5.82567800	2.63069600
62.63999962	5.82567800	2.63069600
62.71999962	5.82567800	2.54280200
62.79999962	5.82567800	2.54280200
62.87999962	5.82567800	2.45490900
62.95999962	5.82567800	2.45490900
63.03999962	5.82567800	2.45490900
63.11999962	5.82567800	2.45490900
63.19999962	5.82567800	2.45490900
63.27999962	5.82567800	2.45490900
63.35999961	5.82567800	2.36701600
63.43999961	5.82567800	2.36701600
63.51999961	5.82567800	2.36701600
63.59999961	5.73717500	2.36701600
63.67999961	5.73717500	2.36701600
63.75999961	5.73717500	2.27942800
63.83999961	5.73717500	2.27942800
63.91999961	5.73717500	2.27942800
63.99999961	5.73717500	2.19153400
64.07999961	5.73717500	2.19153400
64.15999961	5.73717500	2.19153400
64.23999961	5.73717500	2.19153400
64.31999961	5.73717500	2.10364100
64.39999961	5.73717500	2.10364100
64.47999961	5.73717500	2.10364100
64.55999961	5.64836500	2.01574800
64.63999961	5.64836500	2.01574800
64.71999961	5.73717500	2.01574800
64.79999961	5.73717500	1.92815900
64.87999961	5.73717500	1.92815900
64.95999961	5.64836500	1.92815900
65.03999960	5.64836500	1.92815900
65.11999960	5.73717500	1.84026600
65.19999960	5.64836500	1.84026600
65.27999960	5.64836500	1.75237300
65.35999960	5.64836500	1.75237300
65.43999960	5.64836500	1.75237300
65.51999960	5.64836500	1.75237300
65.59999960	5.64836500	1.75237300
65.67999960	5.64836500	1.75237300
65.75999960	5.64836500	1.66447900
65.83999960	5.64836500	1.66447900
65.91999960	5.64836500	1.57689100
65.99999960	5.64836500	1.57689100
66.07999960	5.64836500	1.57689100
66.15999960	5.55986200	1.57689100
66.23999960	5.55986200	1.48899800
66.31999960	5.55986200	1.48899800
66.39999960	5.47105300	1.48899800
66.47999960	5.20523700	1.40110500
66.55999960	4.76180300	1.40110500
66.63999959	4.40717800	1.40110500
66.71999959	4.31867400	1.40110500
66.79999959	4.31867400	1.40110500
66.87999959	4.31867400	1.31321100
66.95999959	4.31867400	1.31321100
67.03999959	4.31867400	1.31321100
67.11999959	4.31867400	1.31321100
67.19999959	4.31867400	1.22531800
67.27999959	4.31867400	1.22531800
67.35999959	4.31867400	1.22531800
67.43999959	4.31867400	1.13773000
67.51999959	4.22986600	1.04983700
67.59999959	4.31867400	1.04983700
67.67999959	4.22986600	1.04983700
67.75999959	4.22986600	1.04983700
67.83999959	4.22986600	1.04983700
67.91999959	4.22986600	1.04983700
67.99999959	4.31867400	0.96194340
68.07999959	4.22986600	0.96194340
68.15999959	4.22986600	0.87405010
68.23999959	4.22986600	0.87405010
68.31999958	4.22986600	0.87405010
68.39999958	4.31867400	0.78646200
68.47999958	4.31867400	0.78646200
68.55999958	4.22986600	0.78646200
68.63999958	4.22986600	0.69856870
68.71999958	4.31867400	0.69856870
68.79999958	4.22986600	0.69856870
68.87999958	4.22986600	0.69856870
68.95999958	4.22986600	0.69856870
69.03999958	4.22986600	0.61067540
69.11999958	4.31867400	0.61067540
69.19999958	4.22986600	0.61067540
69.27999958	4.22986600	0.61067540
69.35999958	4.22986600	0.52278210
69.43999958	4.31867400	0.52278210
69.51999958	4.22986600	0.52278210
69.59999958	4.22986600	0.43519400
69.67999958	4.22986600	0.43519400
69.75999958	4.22986600	0.43519400
69.83999958	4.22986600	0.34730060
69.91999958	4.22986600	0.34730060
69.99999957	4.22986600	0.25940730
70.07999957	4.22986600	0.34730060
70.15999957	4.22986600	0.25940730
70.23999957	4.22986600	0.17151400
70.31999957	4.22986600	0.17151400
70.39999957	4.22986600	0.17151400
70.47999957	4.22986600	0.17151400
70.55999957	4.22986600	0.08392590
70.63999957	4.22986600	0.08392590
70.71999957	4.22986600	0.08392590
70.79999957	4.22986600	-0.00366222
70.87999957	4.22986600	-0.00366222
70.95999957	4.22986600	-0.00366222
71.03999957	4.22986600	-0.00366222
71.11999957	4.22986600	-0.09155553
71.19999957	4.22986600	-0.09155553
71.27999957	4.31867400	-0.09155553
71.35999957	4.22986600	-0.09155553
71.43999957	4.22986600	-0.17944880
71.51999957	4.22986600	-0.26734220
71.59999956	4.22986600	-0.26734220
71.67999956	4.31867400	-0.26734220
71.75999956	3.69792800	-0.35493030
71.83999956	1.57017700	-0.26734220
71.91999956	0.68361460	-0.35493030
71.99999956	0.77211830	-0.35493030
72.07999956	0.68361460	-0.44282360
72.15999956	0.68361460	-0.44282360
72.23999956	0.68361460	-0.44282360
72.31999956	0.68361460	-0.53071690
72.39999956	0.68361460	-0.53071690
72.47999956	0.68361460	-0.53071690
72.55999956	0.68361460	-0.53071690
72.63999956	0.68361460	-0.53071690
72.71999956	0.77211830	-0.61861020
72.79999956	0.68361460	-0.61861020
72.87999956	0.68361460	-0.70619830
72.95999956	0.77211830	-0.70619830
73.03999956	0.68361460	-0.70619830
73.11999956	0.68361460	-0.79409160
73.19999956	0.77211830	-0.88198490
73.27999955	0.77211830	-0.79409160
73.35999955	0.77211830	-0.88198490
73.43999955	0.68361460	-0.88198490
73.51999955	0.86092720	-0.96987830
73.59999955	0.77211830	-0.96987830
73.67999955	0.77211830	-1.05746600
73.75999955	0.77211830	-1.05746600
73.83999955	0.77211830	-1.05746600
73.91999955	0.77211830	-1.14536000
73.99999955	0.77211830	-1.14536000
74.07999955	0.77211830	-1.23325300
74.15999955	0.77211830	-1.23325300
74.23999955	0.86092720	-1.23325300
74.31999955	0.86092720	-1.32114600
74.39999955	0.86092720	-1.32114600
74.47999955	0.86092720	-1.32114600
74.55999955	0.86092720	-1.40904000
74.63999955	0.86092720	-1.40904000
74.71999955	0.86092720	-1.49662800
74.79999955	0.86092720	-1.49662800
74.87999954	0.86092720	-1.49662800
74.95999954	0.86092720	-1.58452100
75.03999954	0.86092720	-1.58452100
75.11999954	0.86092720	-1.58452100
75.19999954	0.86092720	-1.67241400
75.27999954	0.86092720	-1.67241400
75.35999954	0.86092720	-1.76030800
75.43999954	0.86092720	-1.76030800
75.51999954	0.86092720	-1.76030800
75.59999954	0.86092720	-1.84789600
75.67999954	0.86092720	-1.84789600
75.75999954	0.86092720	-1.84789600
75.83999954	0.86092720	-1.93578900
75.91999954	0.86092720	-1.93578900
75.99999954	0.86092720	-2.02368200
76.07999954	0.86092720	-2.02368200
76.15999954	0.86092720	-2.11157600
76.23999954	0.86092720	-2.11157600
76.31999954	0.86092720	-2.11157600
76.39999954	0.86092720	-2.11157600
76.47999954	0.86092720	-2.19916400
76.55999953	0.86092720	-2.19916400
76.63999953	0.94943080	-2.28705700
76.71999953	0.86092720	-2.37495000
76.79999953	0.86092720	-2.37495000
76.87999953	0.86092720	-2.37495000
76.95999953	0.86092720	-2.37495000
77.03999953	0.94943080	-2.46284400
77.11999953	0.86092720	-2.46284400
77.19999953	0.86092720	-2.46284400
77.27999953	0.86092720	-2.55043200
77.35999953	0.94943080	-2.55043200
77.43999953	0.86092720	-2.63832500
77.51999953	0.86092720	-2.72621800
77.59999953	0.86092720	-2.72621800
77.67999953	0.86092720	-2.72621800
77.75999953	0.94943080	-2.81411200
77.83999953	0.94943080	-2.81411200
77.91999953	0.94943080	-2.81411200
77.99999953	0.94943080	-2.90200500
78.07999953	0.94943080	-2.90200500
78.15999952	0.94943080	-2.90200500
78.23999952	0.94943080	-2.90200500
78.31999952	0.94943080	-2.98959300
78.39999952	0.94943080	-3.07748700
78.47999952	0.94943080	-3.07748700
78.55999952	0.94943080	-3.07748700
78.63999952	0.94943080	-3.16538000
78.71999952	0.94943080	-3.16538000
78.79999952	0.94943080	-3.16538000
78.87999952	0.94943080	-3.16538000
78.95999952	0.94943080	-3.25327300
79.03999952	0.94943080	-3.25327300
79.11999952	0.94943080	-3.25327300
79.19999952	0.94943080	-3.34086100
79.27999952	0.94943080	-3.34086100
79.35999952	0.94943080	-3.42875500
79.43999952	1.03824000	-3.42875500
79.51999952	0.94943080	-3.42875500
79.59999952	0.94943080	-3.51664800
79.67999952	0.94943080	-3.51664800
79.75999952	0.94943080	-3.60454100
79.83999951	0.94943080	-3.60454100
79.91999951	0.94943080	-3.60454100
79.99999951	0.94943080	-3.60454100
80.07999951	0.94943080	-3.60454100
80.15999951	0.94943080	-3.69212900
80.23999951	0.94943080	-3.69212900
80.31999951	0.94943080	-3.78002300
80.39999951	0.94943080	-3.78002300
80.47999951	0.94943080	-3.78002300
80.55999951	0.94943080	-3.86791600
80.63999951	1.03824000	-3.86791600
80.71999951	0.94943080	-3.86791600
80.79999951	0.94943080	-3.86791600
80.87999951	1.03824000	-3.86791600
80.95999951	0.94943080	-3.86791600
81.03999951	0.94943080	-3.95580900
81.11999951	0.94943080	-3.95580900
81.19999951	0.94943080	-4.04339700
81.27999951	0.94943080	-4.04339700
81.35999951	0.94943080	-4.04339700
81.43999951	0.94943080	-4.04339700
81.51999950	0.94943080	-4.13129000
81.59999950	1.03824000	-4.13129000
81.67999950	0.94943080	-4.13129000
81.75999950	0.94943080	-4.13129000
81.83999950	0.94943080	-4.21918400
81.91999950	0.94943080	-4.21918400
81.99999950	0.94943080	-4.21918400
82.07999950	0.94943080	-4.21918400
82.15999950	0.94943080	-4.21918400
82.23999950	1.03824000	-4.21918400
82.31999950	0.94943080	-4.21918400
82.39999950	0.94943080	-4.30707700
82.47999950	0.94943080	-4.30707700
82.55999950	0.94943080	-4.30707700
82.63999950	0.94943080	-4.30707700
82.71999950	0.94943080	-4.30707700
82.79999950	0.94943080	-4.30707700
82.87999950	0.94943080	-4.30707700
82.95999950	0.94943080	-4.39497000
83.03999950	0.94943080	-4.30707700
83.11999949	0.94943080	-4.39497000
83.19999949	0.94943080	-4.39497000
83.27999949	0.94943080	-4.30707700
83.35999949	0.94943080	-4.39497000
83.43999949	0.94943080	-4.39497000
83.51999949	0.94943080	-4.39497000
83.59999949	0.94943080	-4.39497000
83.67999949	0.94943080	-4.39497000
83.75999949	0.94943080	-4.39497000
83.83999949	0.94943080	-4.39497000
83.91999949	0.94943080	-4.48255900
83.99999949	0.94943080	-4.39497000
84.07999949	0.94943080	-4.39497000
84.15999949	0.94943080	-4.39497000
84.23999949	0.94943080	-4.39497000
84.31999949	0.94943080	-4.48255900
84.39999949	0.94943080	-4.39497000
84.47999949	0.94943080	-4.39497000
84.55999949	0.94943080	-4.39497000
84.63999949	0.94943080	-4.39497000
84.71999949	0.94943080	-4.39497000
84.79999948	0.94943080	-4.39497000
84.87999948	0.94943080	-4.39497000
84.95999948	0.94943080	-4.39497000
85.03999948	0.94943080	-4.39497000
85.11999948	0.94943080	-4.39497000
85.19999948	0.94943080	-4.39497000
85.27999948	0.94943080	-4.39497000
85.35999948	0.94943080	-4.30707700
85.43999948	0.94943080	-4.39497000
85.51999948	0.94943080	-4.39497000
85.59999948	0.94943080	-4.39497000
85.67999948	0.86092720	-4.30707700
85.75999948	0.94943080	-4.30707700
85.83999948	0.94943080	-4.30707700
85.91999948	0.94943080	-4.30707700
85.99999948	0.94943080	-4.30707700
86.07999948	0.94943080	-4.30707700
86.15999948	0.94943080	-4.21918400
86.23999948	0.94943080	-4.21918400
86.31999948	0.86092720	-4.21918400
86.39999947	0.86092720	-4.21918400
86.47999947	0.86092720	-4.21918400
86.55999947	0.94943080	-4.21918400
86.63999947	0.94943080	-4.21918400
86.71999947	0.86092720	-4.13129000
86.79999947	0.86092720	-4.13129000
86.87999947	0.86092720	-4.13129000
86.95999947	0.86092720	-4.04339700
87.03999947	0.94943080	-4.04339700
87.11999947	0.86092720	-4.04339700
87.19999947	0.86092720	-4.04339700
87.27999947	0.86092720	-3.95580900
87.35999947	0.86092720	-3.95580900
87.43999947	0.86092720	-3.95580900
87.51999947	0.94943080	-3.86791600
87.59999947	0.94943080	-3.86791600
87.67999947	0.86092720	-3.86791600
87.75999947	0.86092720	-3.86791600
87.83999947	0.86092720	-3.86791600
87.91999947	0.86092720	-3.86791600
87.99999947	0.86092720	-3.78002300
88.07999946	0.86092720	-3.69212900
88.15999946	0.86092720	-3.69212900
88.23999946	0.86092720	-3.69212900
88.31999946	0.86092720	-3.60454100
88.39999946	0.86092720	-3.69212900
88.47999946	0.86092720	-3.60454100
88.55999946	0.86092720	-3.51664800
88.63999946	0.86092720	-3.51664800
88.71999946	0.86092720	-3.51664800
88.79999946	0.86092720	-3.51664800
88.87999946	0.86092720	-3.42875500
88.95999946	0.86092720	-3.34086100
89.03999946	0.86092720	-3.34086100
89.11999946	0.86092720	-3.34086100
89.19999946	0.86092720	-3.25327300
89.27999946	0.86092720	-3.25327300
89.35999946	0.86092720	-3.25327300
89.43999946	0.86092720	-3.16538000
89.51999946	0.86092720	-3.16538000
89.59999946	0.86092720	-3.07748700
89.67999945	0.86092720	-3.07748700
89.75999945	0.86092720	-3.07748700
89.83999945	0.86092720	-2.98959300
89.91999945	0.86092720	-2.90200500
89.99999945	0.86092720	-2.90200500
90.07999945	0.86092720	-2.90200500
90.15999945	0.86092720	-2.81411200
90.23999945	0.86092720	-2.81411200
90.31999945	0.86092720	-2.81411200
90.39999945	0.86092720	-2.72621800
90.47999945	0.86092720	-2.72621800
90.55999945	0.77211830	-2.63832500
90.63999945	0.86092720	-2.63832500
90.71999945	0.86092720	-2.55043200
90.79999945	0.86092720	-2.46284400
90.87999945	0.86092720	-2.46284400
90.95999945	0.77211830	-2.46284400
91.03999945	0.86092720	-2.37495000
91.11999945	0.86092720	-2.37495000
91.19999945	0.86092720	-2.37495000
91.27999945	0.86092720	-2.28705700
91.35999944	0.86092720	-2.19916400
91.43999944	0.86092720	-2.19916400
91.51999944	0.77211830	-2.11157600
91.59999944	0.77211830	-2.11157600
91.67999944	0.77211830	-2.11157600
91.75999944	0.86092720	-2.02368200
91.83999944	0.77211830	-1.93578900
91.91999944	0.77211830	-1.93578900
91.99999944	0.86092720	-1.84789600
92.07999944	0.77211830	-1.84789600
92.15999944	0.77211830	-1.76030800
92.23999944	0.77211830	-1.76030800
92.31999944	0.77211830	-1.67241400
92.39999944	0.77211830	-1.67241400
92.47999944	0.77211830	-1.58452100
92.55999944	0.77211830	-1.58452100
92.63999944	0.77211830	-1.49662800
92.71999944	0.77211830	-1.40904000
92.79999944	0.77211830	-1.40904000
92.87999944	0.77211830	-1.40904000
92.95999944	0.77211830	-1.40904000
93.03999943	0.77211830	-1.32114600
93.11999943	0.77211830	-1.23325300
93.19999943	0.77211830	-1.23325300
93.27999943	0.77211830	-1.14536000
93.35999943	0.77211830	-1.14536000
93.43999943	0.77211830	-1.05746600
93.51999943	0.68361460	-1.05746600
93.59999943	0.77211830	-0.96987830
93.67999943	0.77211830	-0.88198490
93.75999943	0.77211830	-0.88198490
93.83999943	0.77211830	-0.79409160
93.91999943	0.68361460	-0.70619830
93.99999943	0.68361460	-0.70619830
94.07999943	0.68361460	-0.61861020
94.15999943	0.77211830	-0.61861020
94.23999943	0.77211830	-0.53071690
94.31999943	0.68361460	-0.53071690
94.39999943	0.68361460	-0.44282360
94.47999943	0.68361460	-0.35493030
94.55999943	0.68361460	-0.35493030
94.63999942	0.68361460	-0.35493030
94.71999942	0.68361460	-0.26734220
94.79999942	0.77211830	-0.17944880
94.87999942	0.68361460	-0.17944880
94.95999942	0.68361460	-0.09155553
95.03999942	0.68361460	-0.09155553
95.11999942	0.68361460	-0.00366222
95.19999942	0.68361460	-0.00366222
95.27999942	0.68361460	0.08392590
95.35999942	0.68361460	0.17151400
95.43999942	0.68361460	0.17151400
95.51999942	0.68361460	0.25940730
95.59999942	0.68361460	0.34730060
95.67999942	0.68361460	0.34730060
95.75999942	0.68361460	0.43519400
95.83999942	0.68361460	0.43519400
95.91999942	0.68361460	0.52278210
95.99999942	0.68361460	0.61067540
96.07999942	0.68361460	0.61067540
96.15999942	0.68361460	0.69856870
96.23999942	0.68361460	0.69856870
96.31999941	0.68361460	0.69856870
96.39999941	0.68361460	0.78646200
96.47999941	0.68361460	0.78646200
96.55999941	0.68361460	0.87405010
96.63999941	0.68361460	0.96194340
96.71999941	0.68361460	0.96194340
96.79999941	0.68361460	1.04983700
96.87999941	0.68361460	1.04983700
96.95999941	0.68361460	1.13773000
97.03999941	0.59480580	1.22531800
97.11999941	0.68361460	1.22531800
97.19999941	0.59480580	1.31321100
97.27999941	0.59480580	1.40110500
97.35999941	0.59480580	1.40110500
97.43999941	0.68361460	1.40110500
97.51999941	0.59480580	1.48899800
97.59999941	0.59480580	1.57689100
97.67999941	0.59480580	1.57689100
97.75999941	0.50630210	1.57689100
97.83999941	0.50630210	1.66447900
97.91999940	0.41749320	1.75237300
97.99999940	0.41749320	1.75237300
98.07999940	0.50630210	1.75237300
98.15999940	0.50630210	1.84026600
98.23999940	0.50630210	1.92815900
98.31999940	0.50630210	2.01574800
98.39999940	0.50630210	2.01574800
98.47999940	0.50630210	2.01574800
98.55999940	0.50630210	2.10364100
98.63999940	0.50630210	2.19153400
98.71999940	0.50630210	2.19153400
98.79999940	0.50630210	2.27942800
98.87999940	0.59480580	2.27942800
98.95999940	0.59480580	2.27942800
99.03999940	0.59480580	2.36701600
99.11999940	0.50630210	2.45490900
99.19999940	0.59480580	2.45490900
99.27999940	0.50630210	2.54280200
99.35999940	0.59480580	2.54280200
99.43999940	0.59480580	2.63069600
99.51999940	0.50630210	2.63069600
99.59999939	0.59480580	2.71828400
99.67999939	0.59480580	2.71828400
99.75999939	0.50630210	2.80617700
99.83999939	0.59480580	2.80617700
99.91999939	0.59480580	2.80617700
99.99999939	0.59480580	2.89407000
100.07999939	0.59480580	2.89407000
100.15999939	0.59480580	2.98196400
100.23999939	0.50630210	2.98196400
100.31999939	0.59480580	2.98196400
100.39999939	0.59480580	3.06985700
100.47999939	0.59480580	3.15744500
100.55999939	0.59480580	3.15744500
100.63999939	0.59480580	3.24533800
100.71999939	0.59480580	3.24533800
100.79999939	0.59480580	3.33323200
100.87999939	0.59480580	3.33323200
100.95999939	0.59480580	3.42112500
101.03999939	0.59480580	3.42112500
101.11999939	0.59480580	3.50871300
101.19999938	0.59480580	3.50871300
101.27999938	0.59480580	3.50871300
101.35999938	0.59480580	3.50871300
101.43999938	0.59480580	3.59660600
101.51999938	0.59480580	3.59660600
101.59999938	0.59480580	3.68450000
101.67999938	0.59480580	3.68450000
101.75999938	0.59480580	3.77239300
101.83999938	0.59480580	3.77239300
101.91999938	0.59480580	3.77239300
101.99999938	0.59480580	3.85998100
102.07999938	0.59480580	3.85998100
102.15999938	0.59480580	3.85998100
102.23999938	0.59480580	3.94787400
102.31999938	0.59480580	3.94787400
102.39999938	0.59480580	4.03576800
102.47999938	0.59480580	4.03576800
102.55999938	0.59480580	4.03576800
102.63999938	0.59480580	4.03576800
102.71999938	0.59480580	4.12366100
102.79999938	0.59480580	4.21124900
102.87999937	0.59480580	4.21124900
102.95999937	0.59480580	4.21124900
103.03999937	0.68361460	4.21124900
103.11999937	0.59480580	4.21124900
103.19999937	0.68361460	4.29914200
103.27999937	0.68361460	4.29914200
103.35999937	0.68361460	4.29914200
103.43999937	0.68361460	4.38703600
103.51999937	0.59480580	4.38703600
103.59999937	0.59480580	4.38703600
103.67999937	0.59480580	4.38703600
103.75999937	0.68361460	4.38703600
103.83999937	0.68361460	4.47492900
103.91999937	0.68361460	4.47492900
103.99999937	0.68361460	4.47492900
104.07999937	0.59480580	4.56282200
104.15999937	0.59480580	4.56282200
104.23999937	0.68361460	4.56282200
104.31999937	0.68361460	4.56282200
104.39999937	0.59480580	4.56282200
104.47999937	0.68361460	4.65041100
104.55999936	0.68361460	4.65041100
104.63999936	0.68361460	4.65041100
104.71999936	0.68361460	4.65041100
104.79999936	0.68361460	4.73830400
104.87999936	0.68361460	4.73830400
104.95999936	0.68361460	4.73830400
105.03999936	0.68361460	4.73830400
105.11999936	0.68361460	4.73830400
105.19999936	0.68361460	4.73830400
105.27999936	0.68361460	4.82619700
105.35999936	0.68361460	4.82619700
105.43999936	0.68361460	4.82619700
105.51999936	0.68361460	4.82619700
105.59999936	0.68361460	4.82619700
105.67999936	0.68361460	4.82619700
105.75999936	0.68361460	4.82619700
105.83999936	0.68361460	4.91409000
105.91999936	0.68361460	4.82619700
105.99999936	0.68361460	4.91409000
106.07999936	0.68361460	4.82619700
106.15999935	0.68361460	4.91409000
106.23999935	0.68361460	4.91409000
106.31999935	0.68361460	4.91409000
106.39999935	0.68361460	4.91409000
106.47999935	0.68361460	4.91409000
106.55999935	0.68361460	4.91409000
106.63999935	0.68361460	4.91409000
106.71999935	0.68361460	4.91409000
106.79999935	0.68361460	4.91409000
106.87999935	0.68361460	4.91409000
106.95999935	0.68361460	4.91409000
107.03999935	0.68361460	4.91409000
107.11999935	0.68361460	4.91409000
107.19999935	0.68361460	4.91409000
107.27999935	0.68361460	4.91409000
107.35999935	0.68361460	4.91409000
107.43999935	0.68361460	4.91409000
107.51999935	0.68361460	4.91409000
107.59999935	0.68361460	4.91409000
107.67999935	0.68361460	4.91409000
107.75999935	0.68361460	4.91409000
107.83999934	0.68361460	4.91409000
107.91999934	0.68361460	4.91409000
107.99999934	0.68361460	4.91409000
108.07999934	0.68361460	4.82619700
108.15999934	0.68361460	4.91409000
108.23999934	0.68361460	4.82619700
108.31999934	0.68361460	4.82619700
108.39999934	0.68361460	4.82619700
108.47999934	0.68361460	4.82619700
108.55999934	0.68361460	4.82619700
108.63999934	0.68361460	4.82619700
108.71999934	0.68361460	4.82619700
108.79999934	0.68361460	4.73830400
108.87999934	0.68361460	4.73830400
108.95999934	0.68361460	4.73830400
109.03999934	0.68361460	4.65041100
109.11999934	0.68361460	4.65041100
109.19999934	0.68361460	4.65041100
109.27999934	0.68361460	4.65041100
109.35999934	0.68361460	4.65041100
109.43999933	0.68361460	4.56282200
109.51999933	0.68361460	4.56282200
109.59999933	0.68361460	4.56282200
109.67999933	0.68361460	4.56282200
109.75999933	0.68361460	4.56282200
109.83999933	0.68361460	4.56282200
109.91999933	0.68361460	4.56282200
109.99999933	0.68361460	4.56282200
110.07999933	0.68361460	4.47492900
110.15999933	0.68361460	4.47492900
110.23999933	0.68361460	4.38703600
110.31999933	0.68361460	4.38703600
110.39999933	0.68361460	4.38703600
110.47999933	0.68361460	4.38703600
110.55999933	0.68361460	4.29914200
110.63999933	0.68361460	4.29914200
110.71999933	0.68361460	4.21124900
110.79999933	0.68361460	4.21124900
110.87999933	0.68361460	4.21124900
110.95999933	0.68361460	4.21124900
111.03999933	0.68361460	4.21124900
111.11999932	0.68361460	4.21124900
111.19999932	0.68361460	4.12366100
111.27999932	0.68361460	4.12366100
111.35999932	0.68361460	4.12366100
111.43999932	0.68361460	4.03576800
111.51999932	0.68361460	4.03576800
111.59999932	0.68361460	4.03576800
111.67999932	0.68361460	4.03576800
111.75999932	0.68361460	3.94787400
111.83999932	0.68361460	3.85998100
111.91999932	0.68361460	3.85998100
111.99999932	0.68361460	3.85998100
112.07999932	0.68361460	3.85998100
112.15999932	0.59480580	3.85998100
112.23999932	0.68361460	3.77239300
112.31999932	0.68361460	3.77239300
112.39999932	0.68361460	3.68450000
112.47999932	0.59480580	3.68450000
112.55999932	0.59480580	3.68450000
112.63999932	0.68361460	3.59660600
112.71999931	0.68361460	3.59660600
112.79999931	0.68361460	3.59660600
112.87999931	0.59480580	3.50871300
112.95999931	0.68361460	3.50871300
113.03999931	0.59480580	3.42112500
113.11999931	0.59480580	3.42112500
113.19999931	0.59480580	3.42112500
113.27999931	0.59480580	3.42112500
113.35999931	0.59480580	3.42112500
113.43999931	0.59480580	3.33323200
113.51999931	0.59480580	3.24533800
113.59999931	0.59480580	3.24533800
113.67999931	0.59480580	3.15744500
113.75999931	0.59480580	3.15744500
113.83999931	0.50630210	3.06985700
113.91999931	0.50630210	3.06985700
113.99999931	0.50630210	3.06985700
114.07999931	0.50630210	3.06985700
114.15999931	0.50630210	2.98196400
114.23999931	0.50630210	2.89407000
114.31999931	0.50630210	2.89407000
114.39999930	0.50630210	2.89407000
114.47999930	0.41749320	2.80617700
114.55999930	0.32898950	2.80617700
114.63999930	0.41749320	2.80617700
114.71999930	0.41749320	2.71828400
114.79999930	0.32898950	2.71828400
114.87999930	0.32898950	2.63069600
114.95999930	0.32898950	2.63069600
115.03999930	0.32898950	2.63069600
115.11999930	0.32898950	2.54280200
115.19999930	0.32898950	2.45490900
115.27999930	0.32898950	2.54280200
115.35999930	0.24048580	2.45490900
115.43999930	0.24048580	2.36701600
115.51999930	0.24048580	2.45490900
115.59999930	0.24048580	2.27942800
115.67999930	0.24048580	2.27942800
115.75999930	0.24048580	2.27942800
115.83999930	0.24048580	2.27942800
115.91999930	0.15167700	2.19153400
115.99999930	0.15167700	2.10364100
116.07999929	0.15167700	2.10364100
116.15999929	0.15167700	2.01574800
116.23999929	0.06317332	2.01574800
116.31999929	0.06317332	2.01574800
116.39999929	0.06317332	1.92815900
116.47999929	0.06317332	1.92815900
116.55999929	0.06317332	1.84026600
116.63999929	-0.02563555	1.75237300
116.71999929	-0.02563555	1.75237300
116.79999929	-0.02563555	1.75237300
116.87999929	-0.02563555	1.75237300
116.95999929	-0.02563555	1.66447900
117.03999929	-0.11413920	1.66447900
117.11999929	-0.02563555	1.57689100
117.19999929	-0.11413920	1.57689100
117.27999929	-0.11413920	1.48899800
117.35999929	-0.11413920	1.40110500
117.43999929	-0.11413920	1.40110500
117.51999929	-0.11413920	1.40110500
117.59999929	-0.20294810	1.40110500
117.67999928	-0.20294810	1.31321100
117.75999928	-0.20294810	1.31321100
117.83999928	-0.20294810	1.31321100
117.91999928	-0.20294810	1.22531800
117.99999928	-0.20294810	1.13773000
118.07999928	-0.20294810	1.13773000
118.15999928	-0.29145180	1.04983700
118.23999928	-0.20294810	1.04983700
118.31999928	-0.38026060	1.04983700
118.39999928	-0.38026060	0.96194340
118.47999928	-0.38026060	0.96194340
118.55999928	-0.38026060	0.87405010
118.63999928	-0.38026060	0.87405010
118.71999928	-0.38026060	0.78646200
118.79999928	-0.38026060	0.78646200
118.87999928	-0.38026060	0.69856870
118.95999928	-0.46876430	0.69856870
119.03999928	-0.46876430	0.69856870
119.11999928	-0.46876430	0.61067540
119.19999928	-0.38026060	0.61067540
119.27999928	-0.46876430	0.52278210
119.35999927	-0.46876430	0.52278210
119.43999927	-0.46876430	0.43519400
119.51999927	-0.46876430	0.43519400
119.59999927	-0.46876430	0.34730060
119.67999927	-0.46876430	0.34730060
119.75999927	-0.46876430	0.34730060
119.83999927	-0.46876430	0.25940730
119.91999927	-0.46876430	0.17151400
119.99999927	-0.46876430	0.17151400
120.07999927	-0.46876430	0.08392590
120.15999927	-0.55757310	0.08392590
120.23999927	-0.46876430	-0.00366222
120.31999927	-0.55757310	-0.00366222
120.39999927	-0.46876430	-0.00366222
120.47999927	-0.46876430	-0.09155553
120.55999927	-0.55757310	-0.09155553
120.63999927	-0.55757310	-0.17944880
120.71999927	-0.55757310	-0.17944880
120.79999927	-0.55757310	-0.17944880
120.87999927	-0.55757310	-0.26734220
120.95999926	-0.55757310	-0.35493030
121.03999926	-0.55757310	-0.35493030
121.11999926	-0.55757310	-0.44282360
121.19999926	-0.55757310	-0.44282360
121.27999926	-0.55757310	-0.53071690
121.35999926	-0.55757310	-0.53071690
121.43999926	-0.55757310	-0.61861020
121.51999926	-0.55757310	-0.61861020
121.59999926	-0.55757310	-0.70619830
121.67999926	-0.55757310	-0.70619830
121.75999926	-0.55757310	-0.70619830
121.83999926	-0.64607690	-0.79409160
121.91999926	-0.55757310	-0.79409160
121.99999926	-0.55757310	-0.79409160
122.07999926	-0.55757310	-0.88198490
122.15999926	-0.64607690	-0.88198490
122.23999926	-0.64607690	-0.96987830
122.31999926	-0.55757310	-1.05746600
122.39999926	-0.64607690	-1.05746600
122.47999926	-0.64607690	-1.05746600
122.55999926	-0.64607690	-1.14536000
122.63999925	-0.64607690	-1.23325300
122.71999925	-0.64607690	-1.23325300
122.79999925	-0.64607690	-1.23325300
122.87999925	-0.64607690	-1.23325300
122.95999925	-0.64607690	-1.32114600
123.03999925	-0.64607690	-1.32114600
123.11999925	-0.64607690	-1.32114600
123.19999925	-0.73488570	-1.40904000
123.27999925	-0.64607690	-1.40904000
123.35999925	-0.64607690	-1.49662800
123.43999925	-0.64607690	-1.49662800
123.51999925	-0.64607690	-1.49662800
123.59999925	-0.73488570	-1.58452100
123.67999925	-0.64607690	-1.58452100
123.75999925	-0.64607690	-1.58452100
123.83999925	-0.73488570	-1.67241400
123.91999925	-0.64607690	-1.67241400
123.99999925	-0.64607690	-1.76030800
124.07999925	-0.73488570	-1.76030800
124.15999925	-0.73488570	-1.76030800
124.23999924	-0.73488570	-1.84789600
124.31999924	-0.73488570	-1.84789600
124.39999924	-0.73488570	-1.93578900
124.47999924	-0.73488570	-1.93578900
124.55999924	-0.73488570	-1.93578900
124.63999924	-0.73488570	-2.02368200
124.71999924	-0.73488570	-2.02368200
124.79999924	-0.73488570	-2.02368200
124.87999924	-0.73488570	-2.11157600
124.95999924	-0.73488570	-2.11157600
125.03999924	-0.73488570	-2.11157600
125.11999924	-0.73488570	-2.11157600
125.19999924	-0.73488570	-2.19916400
125.27999924	-0.73488570	-2.19916400
125.35999924	-0.73488570	-2.28705700
125.43999924	-0.73488570	-2.28705700
125.51999924	-0.73488570	-2.28705700
125.59999924	-0.73488570	-2.37495000
125.67999924	-0.73488570	-2.37495000
125.75999924	-0.73488570	-2.37495000
125.83999924	-0.73488570	-2.46284400
125.91999923	-0.73488570	-2.46284400
125.99999923	-0.73488570	-2.46284400
126.07999923	-0.73488570	-2.46284400
126.15999923	-0.73488570	-2.46284400
126.23999923	-0.73488570	-2.55043200
126.31999923	-0.73488570	-2.55043200
126.39999923	-0.73488570	-2.63832500
126.47999923	-0.73488570	-2.63832500
126.55999923	-0.73488570	-2.63832500
126.63999923	-0.73488570	-2.63832500
126.71999923	-0.73488570	-2.72621800
126.79999923	-0.73488570	-2.72621800
126.87999923	-0.73488570	-2.72621800
126.95999923	-0.73488570	-2.72621800
127.03999923	-0.73488570	-2.81411200
127.11999923	-0.82338940	-2.81411200
127.19999923	-0.73488570	-2.81411200
127.27999923	-0.73488570	-2.81411200
127.35999923	-0.73488570	-2.81411200
127.43999923	-0.73488570	-2.90200500
127.51999923	-0.73488570	-2.90200500
127.59999922	-0.73488570	-2.90200500
127.67999922	-0.73488570	-2.90200500
127.75999922	-0.73488570	-2.90200500
127.83999922	-0.73488570	-2.98959300
127.91999922	-0.82338940	-2.98959300
127.99999922	-0.73488570	-2.98959300
128.07999922	-0.73488570	-3.07748700
128.15999922	-0.82338940	-3.07748700
128.23999922	-0.73488570	-3.07748700
128.31999922	-0.73488570	-3.07748700
128.39999922	-0.73488570	-3.07748700
128.47999922	-0.73488570	-3.16538000
128.55999922	-0.82338940	-3.07748700
128.63999922	-0.82338940	-3.16538000
128.71999922	-0.82338940	-3.16538000
128.79999922	-0.73488570	-3.16538000
128.87999922	-0.73488570	-3.16538000
128.95999922	-0.73488570	-3.16538000
129.03999922	-0.73488570	-3.16538000
129.11999922	-0.82338940	-3.16538000
129.19999921	-0.82338940	-3.25327300
129.27999921	-0.82338940	-3.25327300
129.35999921	-0.82338940	-3.25327300
129.43999921	-0.82338940	-3.25327300
129.51999921	-0.73488570	-3.25327300
129.59999921	-0.82338940	-3.25327300
129.67999921	-0.82338940	-3.34086100
129.75999921	-0.82338940	-3.25327300
129.83999921	-0.73488570	-3.34086100
129.91999921	-0.82338940	-3.34086100
129.99999921	-0.82338940	-3.34086100
130.07999921	-0.82338940	-3.34086100
130.15999921	-0.82338940	-3.34086100
130.23999921	-0.82338940	-3.34086100
130.31999921	-0.82338940	-3.34086100
130.39999921	-0.82338940	-3.34086100
130.47999921	-0.82338940	-3.34086100
130.55999921	-0.82338940	-3.34086100
130.63999921	-0.82338940	-3.34086100
130.71999921	-0.73488570	-3.34086100
130.79999921	-0.82338940	-3.34086100
130.87999920	-0.82338940	-3.34086100
130.95999920	-0.82338940	-3.42875500
131.03999920	-0.82338940	-3.42875500
131.11999920	-0.82338940	-3.42875500
131.19999920	-0.73488570	-3.34086100
131.27999920	-0.82338940	-3.42875500
131.35999920	-0.82338940	-3.34086100
131.43999920	-0.82338940	-3.42875500
131.51999920	-0.82338940	-3.34086100
131.59999920	-0.73488570	-3.42875500
131.67999920	-0.82338940	-3.42875500
131.75999920	-0.82338940	-3.34086100
131.83999920	-0.82338940	-3.42875500
131.91999920	-0.82338940	-3.42875500
131.99999920	-0.82338940	-3.34086100
132.07999920	-0.82338940	-3.34086100
132.15999920	-0.82338940	-3.34086100
132.23999920	-0.82338940	-3.42875500
132.31999920	-0.82338940	-3.34086100
132.39999920	-0.73488570	-3.42875500
132.47999919	-0.73488570	-3.34086100
132.55999919	-0.73488570	-3.34086100
132.63999919	-0.82338940	-3.34086100
132.71999919	-0.82338940	-3.34086100
132.79999919	-0.82338940	-3.34086100
132.87999919	-0.82338940	-3.34086100
132.95999919	-0.82338940	-3.34086100
133.03999919	-0.82338940	-3.34086100
133.11999919	-0.82338940	-3.34086100
133.19999919	-0.82338940	-3.34086100
133.27999919	-0.82338940	-3.34086100
133.35999919	-0.82338940	-3.34086100
133.43999919	-0.82338940	-3.34086100
133.51999919	-0.82338940	-3.25327300
133.59999919	-0.73488570	-3.25327300
133.67999919	-0.82338940	-3.34086100
133.75999919	-0.82338940	-3.25327300
133.83999919	-0.82338940	-3.25327300
133.91999919	-0.82338940	-3.25327300
133.99999919	-0.82338940	-3.16538000
134.07999919	-0.82338940	-3.25327300
134.15999918	-0.82338940	-3.16538000
134.23999918	-0.82338940	-3.16538000
134.31999918	-0.82338940	-3.16538000
134.39999918	-0.82338940	-3.16538000
134.47999918	-0.82338940	-3.16538000
134.55999918	-0.82338940	-3.16538000
134.63999918	-0.82338940	-3.16538000
134.71999918	-0.82338940	-3.16538000
134.79999918	-0.82338940	-3.07748700
134.87999918	-0.82338940	-3.07748700
134.95999918	-0.82338940	-3.16538000
135.03999918	-0.82338940	-2.98959300
135.11999918	-0.82338940	-3.07748700
135.19999918	-0.82338940	-2.98959300
135.27999918	-0.82338940	-2.98959300
135.35999918	-0.82338940	-3.07748700
135.43999918	-0.82338940	-2.98959300
135.51999918	-0.82338940	-2.90200500
135.59999918	-0.82338940	-2.98959300
135.67999918	-0.82338940	-2.90200500
135.75999917	-0.82338940	-2.90200500
135.83999917	-0.82338940	-2.90200500
135.91999917	-0.73488570	-2.90200500
135.99999917	-0.73488570	-2.90200500
136.07999917	-0.82338940	-2.81411200
136.15999917	-0.82338940	-2.81411200
136.23999917	-0.82338940	-2.81411200
136.31999917	-0.82338940	-2.81411200
136.39999917	-0.82338940	-2.81411200
136.47999917	-0.82338940	-2.81411200
136.55999917	-0.82338940	-2.72621800
136.63999917	-0.73488570	-2.72621800
136.71999917	-0.73488570	-2.72621800
136.79999917	-0.82338940	-2.72621800
136.87999917	-0.73488570	-2.72621800
136.95999917	-0.82338940	-2.63832500
137.03999917	-0.73488570	-2.63832500
137.11999917	-0.73488570	-2.63832500
137.19999917	-0.73488570	-2.63832500
137.27999917	-0.73488570	-2.55043200
137.35999917	-0.73488570	-2.55043200
137.43999916	-0.73488570	-2.55043200
137.51999916	-0.82338940	-2.55043200
137.59999916	-0.73488570	-2.46284400
137.67999916	-0.82338940	-2.46284400
137.75999916	-0.82338940	-2.46284400
137.83999916	-0.73488570	-2.46284400
137.91999916	-0.73488570	-2.37495000
137.99999916	-0.73488570	-2.37495000
138.07999916	-0.73488570	-2.37495000
138.15999916	-0.82338940	-2.28705700
138.23999916	-0.73488570	-2.28705700
138.31999916	-0.73488570	-2.28705700
138.39999916	-0.73488570	-2.19916400
138.47999916	-0.73488570	-2.19916400
138.55999916	-0.73488570	-2.19916400
138.63999916	-0.73488570	-2.19916400
138.71999916	-0.73488570	-2.11157600
138.79999916	-0.73488570	-2.11157600
138.87999916	-0.73488570	-2.11157600
138.95999916	-0.73488570	-2.11157600
139.03999915	-0.73488570	-2.11157600
139.11999915	-0.73488570	-2.02368200
139.19999915	-0.73488570	-2.02368200
139.27999915	-0.73488570	-2.02368200
139.35999915	-0.73488570	-1.93578900
139.43999915	-0.73488570	-1.93578900
139.51999915	-0.73488570	-1.93578900
139.59999915	-0.73488570	-1.93578900
139.67999915	-0.73488570	-1.84789600
139.75999915	-0.73488570	-1.84789600
139.83999915	-0.73488570	-1.84789600
139.91999915	-0.73488570	-1.84789600
139.99999915	-0.73488570	-1.76030800
140.07999915	-0.73488570	-1.76030800
140.15999915	-0.73488570	-1.76030800
140.23999915	-0.73488570	-1.76030800
140.31999915	-0.73488570	-1.76030800
140.39999915	-0.64607690	-1.67241400
140.47999915	-0.73488570	-1.67241400
140.55999915	-0.64607690	-1.67241400
140.63999915	-0.73488570	-1.58452100
140.71999914	-0.73488570	-1.58452100
140.79999914	-0.64607690	-1.58452100
140.87999914	-0.64607690	-1.49662800
140.95999914	-0.64607690	-1.49662800
141.03999914	-0.64607690	-1.49662800
141.11999914	-0.55757310	-1.40904000
141.19999914	-0.64607690	-1.40904000
141.27999914	-0.64607690	-1.40904000
141.35999914	-0.64607690	-1.40904000
141.43999914	-0.55757310	-1.40904000
141.51999914	-0.55757310	-1.32114600
141.59999914	-0.55757310	-1.32114600
141.67999914	-0.55757310	-1.32114600
141.75999914	-0.55757310	-1.23325300
141.83999914	-0.55757310	-1.23325300
141.91999914	-0.55757310	-1.23325300
141.99999914	-0.55757310	-1.23325300
142.07999914	-0.55757310	-1.14536000
142.15999914	-0.55757310	-1.14536000
142.23999914	-0.55757310	-1.05746600
142.31999914	-0.55757310	-1.05746600
142.39999913	-0.55757310	-1.05746600
142.47999913	-0.55757310	-1.05746600
142.55999913	-0.55757310	-0.96987830
142.63999913	-0.55757310	-1.05746600
142.71999913	-0.55757310	-0.96987830
142.79999913	-0.55757310	-0.96987830
142.87999913	-0.55757310	-0.88198490
142.95999913	-0.55757310	-0.88198490
143.03999913	-0.55757310	-0.79409160
143.11999913	-0.55757310	-0.79409160
143.19999913	-0.46876430	-0.79409160
143.27999913	-0.46876430	-0.79409160
143.35999913	-0.55757310	-0.79409160
143.43999913	-0.46876430	-0.70619830
143.51999913	-0.55757310	-0.70619830
143.59999913	-0.55757310	-0.70619830
143.67999913	-0.55757310	-0.61861020
143.75999913	-0.46876430	-0.61861020
143.83999913	-0.46876430	-0.61861020
143.91999913	-0.46876430	-0.53071690
143.99999912	-0.46876430	-0.53071690
144.07999912	-0.46876430	-0.53071690
144.15999912	-0.46876430	-0.53071690
144.23999912	-0.46876430	-0.44282360
144.31999912	-0.46876430	-0.44282360
144.39999912	-0.46876430	-0.35493030
144.47999912	-0.46876430	-0.35493030
144.55999912	-0.38026060	-0.35493030
144.63999912	-0.38026060	-0.35493030
144.71999912	-0.38026060	-0.26734220
144.79999912	-0.38026060	-0.26734220
144.87999912	-0.38026060	-0.26734220
144.95999912	-0.38026060	-0.17944880
145.03999912	-0.29145180	-0.17944880
145.11999912	-0.29145180	-0.17944880
145.19999912	-0.29145180	-0.09155553
145.27999912	-0.29145180	-0.09155553
145.35999912	-0.20294810	-0.00366222
145.43999912	-0.20294810	-0.00366222
145.51999912	-0.11413920	-0.00366222
145.59999912	-0.20294810	-0.00366222
145.67999911	-0.11413920	-0.00366222
145.75999911	-0.11413920	0.08392590
145.83999911	-0.11413920	-0.00366222
145.91999911	-0.02563555	0.08392590
145.99999911	-0.02563555	0.17151400
146.07999911	-0.02563555	0.17151400
146.15999911	0.06317332	0.17151400
146.23999911	0.06317332	0.17151400
146.31999911	0.15167700	0.17151400
146.39999911	0.15167700	0.25940730
146.47999911	0.15167700	0.34730060
146.55999911	0.24048580	0.34730060
146.63999911	0.32898950	0.34730060
146.71999911	0.59480580	0.34730060
146.79999911	0.59480580	0.34730060
146.87999911	0.59480580	0.43519400
146.95999911	0.59480580	0.43519400
147.03999911	0.59480580	0.43519400
147.11999911	0.59480580	0.52278210
147.19999911	0.59480580	0.52278210
147.27999910	0.59480580	0.52278210
147.35999910	0.24048580	0.61067540
147.43999910	1.21555200	0.61067540
147.51999910	1.83599400	0.61067540
147.59999910	1.92480200	0.69856870
147.67999910	1.21555200	0.69856870
147.75999910	0.24048580	0.69856870
147.83999910	3.07718100	0.69856870
147.91999910	4.49598700	0.69856870
147.99999910	4.14136200	0.78646200
148.07999910	4.14136200	0.78646200
148.15999910	4.14136200	0.87405010
148.23999910	4.05255300	0.87405010
148.31999910	4.05255300	0.87405010
148.39999910	4.05255300	0.87405010
148.47999910	4.05255300	0.96194340
148.55999910	4.05255300	0.96194340
148.63999910	4.05255300	1.04983700
148.71999910	4.05255300	1.04983700
148.79999910	4.05255300	1.04983700
148.87999910	4.05255300	1.04983700
148.95999909	3.96404900	1.04983700
149.03999909	4.05255300	1.13773000
149.11999909	3.96404900	1.22531800
149.19999909	4.05255300	1.22531800
149.27999909	3.87524000	1.22531800
149.35999909	3.96404900	1.31321100
149.43999909	3.87524000	1.31321100
149.51999909	3.87524000	1.31321100
149.59999909	3.96404900	1.40110500
149.67999909	3.96404900	1.40110500
149.75999909	3.87524000	1.40110500
149.83999909	3.87524000	1.48899800
149.91999909	3.87524000	1.40110500
149.99999909	3.87524000	1.48899800
150.07999909	3.87524000	1.48899800
150.15999909	3.87524000	1.57689100
150.23999909	3.87524000	1.57689100
150.31999909	3.87524000	1.66447900
150.39999909	3.87524000	1.66447900
150.47999909	3.78673700	1.75237300
150.55999908	3.78673700	1.75237300
150.63999908	3.78673700	1.75237300
150.71999908	3.87524000	1.84026600
150.79999908	3.78673700	1.75237300
150.87999908	3.78673700	1.84026600
150.95999908	3.78673700	1.84026600
151.03999908	3.78673700	1.92815900
151.11999908	3.78673700	1.92815900
151.19999908	3.78673700	2.01574800
151.27999908	3.78673700	2.01574800
151.35999908	3.78673700	2.01574800
151.43999908	3.78673700	2.01574800
151.51999908	3.69792800	2.10364100
151.59999908	3.69792800	2.10364100
151.67999908	3.69792800	2.19153400
151.75999908	3.78673700	2.19153400
151.83999908	3.69792800	2.27942800
151.91999908	3.69792800	2.27942800
151.99999908	3.69792800	2.27942800
152.07999908	3.69792800	2.36701600
152.15999908	3.69792800	2.36701600
152.23999907	3.69792800	2.45490900
152.31999907	3.69792800	2.45490900
152.39999907	3.69792800	2.45490900
152.47999907	3.69792800	2.45490900
152.55999907	3.69792800	2.54280200
152.63999907	3.69792800	2.63069600
152.71999907	3.69792800	2.63069600
152.79999907	3.69792800	2.63069600
152.87999907	3.69792800	2.71828400
152.95999907	3.69792800	2.71828400
153.03999907	3.69792800	2.71828400
153.11999907	3.69792800	2.80617700
153.19999907	3.69792800	2.80617700
153.27999907	3.60942400	2.80617700
153.35999907	3.69792800	2.80617700
153.43999907	3.69792800	2.89407000
153.51999907	3.69792800	2.89407000
153.59999907	3.60942400	2.98196400
153.67999907	3.60942400	2.98196400
153.75999907	3.60942400	2.98196400
153.83999907	3.60942400	3.06985700
153.91999906	3.60942400	3.06985700
153.99999906	3.60942400	3.06985700
154.07999906	3.60942400	3.15744500
154.15999906	3.60942400	3.15744500
154.23999906	3.60942400	3.24533800
154.31999906	3.60942400	3.24533800
154.39999906	3.60942400	3.33323200
154.47999906	3.60942400	3.33323200
154.55999906	3.60942400	3.33323200
154.63999906	3.60942400	3.42112500
154.71999906	3.60942400	3.42112500
154.79999906	3.60942400	3.42112500
154.87999906	3.60942400	3.42112500
154.95999906	3.60942400	3.50871300
155.03999906	3.60942400	3.50871300
155.11999906	3.60942400	3.50871300
155.19999906	3.52061500	3.50871300
155.27999906	3.60942400	3.50871300
155.35999906	3.60942400	3.59660600
155.43999906	3.60942400	3.59660600
155.51999905	3.60942400	3.68450000
155.59999905	3.52061500	3.68450000
155.67999905	3.60942400	3.68450000
155.75999905	3.52061500	3.77239300
155.83999905	3.60942400	3.68450000
155.91999905	3.52061500	3.77239300
155.99999905	3.60942400	3.85998100
156.07999905	3.52061500	3.85998100
156.15999905	3.52061500	3.85998100
156.23999905	3.60942400	3.85998100
156.31999905	3.52061500	3.85998100
156.39999905	3.52061500	3.85998100
156.47999905	3.60942400	3.94787400
156.55999905	3.60942400	3.94787400
156.63999905	3.60942400	3.94787400
156.71999905	3.60942400	3.94787400
156.79999905	3.60942400	4.03576800
156.87999905	3.60942400	4.03576800
156.95999905	3.60942400	4.03576800
157.03999905	3.60942400	4.12366100
157.11999905	3.52061500	4.12366100
157.19999904	3.52061500	4.12366100
157.27999904	3.60942400	4.21124900
157.35999904	3.60942400	4.12366100
157.43999904	3.60942400	4.21124900
157.51999904	3.60942400	4.21124900
157.59999904	3.52061500	4.21124900
157.67999904	3.60942400	4.21124900
157.75999904	3.60942400	4.21124900
157.83999904	3.60942400	4.21124900
157.91999904	3.60942400	4.21124900
157.99999904	3.52061500	4.21124900
158.07999904	3.60942400	4.29914200
158.15999904	3.60942400	4.29914200
158.23999904	3.60942400	4.29914200
158.31999904	3.60942400	4.29914200
158.39999904	3.60942400	4.29914200
158.47999904	3.69792800	4.29914200
158.55999904	3.60942400	4.29914200
158.63999904	3.60942400	4.38703600
158.71999904	3.60942400	4.38703600
158.79999903	3.69792800	4.38703600
158.87999903	3.60942400	4.38703600
158.95999903	3.60942400	4.38703600
159.03999903	3.60942400	4.38703600
159.11999903	3.60942400	4.38703600
159.19999903	3.60942400	4.38703600
159.27999903	3.60942400	4.38703600
159.35999903	3.60942400	4.38703600
159.43999903	3.69792800	4.38703600
159.51999903	3.69792800	4.38703600
159.59999903	3.69792800	4.38703600
159.67999903	3.69792800	4.38703600
159.75999903	3.69792800	4.38703600
159.83999903	3.69792800	4.38703600
159.91999903	3.69792800	4.47492900
159.99999903	3.69792800	4.38703600
160.07999903	3.69792800	4.38703600
160.15999903	3.69792800	4.38703600
160.23999903	3.69792800	4.38703600
160.31999903	3.69792800	4.38703600
160.39999903	3.69792800	4.38703600
160.47999902	3.69792800	4.38703600
160.55999902	3.69792800	4.38703600
160.63999902	3.69792800	4.38703600
160.71999902	3.69792800	4.38703600
160.79999902	3.69792800	4.38703600
160.87999902	3.69792800	4.38703600
160.95999902	3.69792800	4.29914200
161.03999902	3.69792800	4.38703600
161.11999902	3.69792800	4.38703600
161.19999902	3.69792800	4.29914200
161.27999902	3.69792800	4.29914200
161.35999902	3.69792800	4.29914200
161.43999902	3.78673700	4.29914200
161.51999902	3.78673700	4.29914200
161.59999902	3.69792800	4.21124900
161.67999902	3.78673700	4.21124900
161.75999902	3.78673700	4.21124900
161.83999902	3.78673700	4.21124900
161.91999902	3.69792800	4.21124900
161.99999902	3.78673700	4.21124900
162.07999901	3.69792800	4.21124900
162.15999901	3.78673700	4.21124900
162.23999901	3.69792800	4.12366100
162.31999901	3.78673700	4.12366100
162.39999901	3.78673700	4.12366100
162.47999901	3.78673700	4.12366100
162.55999901	3.78673700	4.12366100
162.63999901	3.78673700	4.03576800
162.71999901	3.87524000	4.03576800
162.79999901	3.78673700	4.03576800
162.87999901	3.78673700	4.03576800
162.95999901	3.78673700	3.94787400
163.03999901	3.87524000	3.85998100
163.11999901	3.78673700	3.94787400
163.19999901	3.78673700	3.85998100
163.27999901	3.87524000	3.85998100
163.35999901	3.78673700	3.85998100
163.43999901	3.87524000	3.85998100
163.51999901	3.87524000	3.85998100
163.59999901	3.87524000	3.85998100
163.67999901	3.87524000	3.77239300
163.75999900	3.87524000	3.68450000
163.83999900	3.87524000	3.68450000
163.91999900	3.87524000	3.68450000
163.99999900	3.87524000	3.59660600
164.07999900	3.87524000	3.59660600
164.15999900	3.87524000	3.59660600
164.23999900	3.87524000	3.50871300
164.31999900	3.87524000	3.50871300
164.39999900	3.87524000	3.50871300
164.47999900	3.87524000	3.50871300
164.55999900	3.87524000	3.42112500
164.63999900	3.87524000	3.42112500
164.71999900	3.87524000	3.33323200
164.79999900	3.87524000	3.33323200
164.87999900	3.87524000	3.33323200
164.95999900	3.87524000	3.24533800
165.03999900	3.96404900	3.24533800
165.11999900	3.87524000	3.15744500
165.19999900	3.96404900	3.15744500
165.27999900	3.96404900	3.06985700
165.35999900	3.96404900	3.06985700
165.43999899	3.96404900	3.06985700
165.51999899	3.96404900	2.98196400
165.59999899	3.87524000	2.98196400
165.67999899	3.96404900	2.89407000
165.75999899	3.96404900	2.89407000
165.83999899	3.96404900	2.80617700
165.91999899	3.96404900	2.80617700
165.99999899	3.96404900	2.80617700
166.07999899	4.05255300	2.71828400
166.15999899	3.96404900	2.71828400
166.23999899	3.96404900	2.63069600
166.31999899	3.96404900	2.63069600
166.39999899	4.05255300	2.54280200
166.47999899	3.96404900	2.54280200
166.55999899	3.96404900	2.54280200
166.63999899	4.05255300	2.45490900
166.71999899	4.05255300	2.36701600
166.79999899	4.05255300	2.36701600
166.87999899	4.05255300	2.36701600
166.95999899	4.05255300	2.27942800
167.03999898	4.05255300	2.19153400
167.11999898	4.05255300	2.19153400
167.19999898	4.05255300	2.10364100
167.27999898	4.05255300	2.10364100
167.35999898	4.05255300	2.10364100
167.43999898	4.05255300	2.01574800
167.51999898	4.05255300	2.01574800
167.59999898	4.05255300	1.92815900
167.67999898	4.05255300	1.92815900
167.75999898	4.05255300	1.84026600
167.83999898	4.05255300	1.75237300
167.91999898	4.05255300	1.75237300
167.99999898	4.05255300	1.66447900
168.07999898	4.05255300	1.66447900
168.15999898	4.14136200	1.57689100
168.23999898	4.05255300	1.57689100
168.31999898	4.14136200	1.57689100
168.39999898	4.14136200	1.48899800
168.47999898	4.14136200	1.40110500
168.55999898	4.14136200	1.40110500
168.63999898	4.05255300	1.31321100
168.71999897	4.14136200	1.31321100
168.79999897	4.14136200	1.22531800
168.87999897	4.14136200	1.22531800
168.95999897	4.14136200	1.04983700
169.03999897	4.14136200	1.04983700
169.11999897	4.14136200	1.04983700
169.19999897	4.14136200	0.96194340
169.27999897	4.14136200	0.96194340
169.35999897	4.14136200	0.87405010
169.43999897	4.14136200	0.87405010
169.51999897	4.14136200	0.78646200
169.59999897	4.14136200	0.78646200
169.67999897	4.14136200	0.69856870
169.75999897	4.14136200	0.69856870
169.83999897	4.14136200	0.69856870
169.91999897	4.14136200	0.61067540
169.99999897	4.14136200	0.52278210
170.07999897	4.14136200	0.43519400
170.15999897	4.14136200	0.43519400
170.23999897	4.14136200	0.34730060
170.31999896	4.14136200	0.25940730
170.39999896	4.14136200	0.25940730
170.47999896	4.14136200	0.17151400
170.55999896	4.14136200	0.17151400
170.63999896	4.14136200	0.08392590
170.71999896	4.14136200	-0.00366222
170.79999896	4.14136200	-0.00366222
170.87999896	4.22986600	-0.00366222
170.95999896	4.14136200	-0.09155553
171.03999896	4.22986600	-0.09155553
171.11999896	4.14136200	-0.17944880
171.19999896	4.22986600	-0.26734220
171.27999896	4.22986600	-0.35493030
171.35999896	4.22986600	-0.35493030
171.43999896	4.22986600	-0.35493030
171.51999896	4.22986600	-0.44282360
171.59999896	4.22986600	-0.44282360
171.67999896	4.22986600	-0.61861020
171.75999896	4.22986600	-0.61861020
171.83999896	4.22986600	-0.70619830
171.91999896	4.22986600	-0.70619830
171.99999895	4.22986600	-0.70619830
172.07999895	4.22986600	-0.88198490
172.15999895	4.22986600	-0.88198490
172.23999895	4.22986600	-0.96987830
172.31999895	4.22986600	-0.96987830
172.39999895	4.22986600	-1.05746600
172.47999895	4.22986600	-1.05746600
172.55999895	4.22986600	-1.14536000
172.63999895	4.31867400	-1.23325300
172.71999895	4.22986600	-1.23325300
172.79999895	4.22986600	-1.23325300
172.87999895	4.31867400	-1.32114600
172.95999895	4.31867400	-1.40904000
173.03999895	4.31867400	-1.40904000
173.11999895	4.31867400	-1.49662800
173.19999895	4.31867400	-1.58452100
173.27999895	4.31867400	-1.58452100
173.35999895	4.31867400	-1.67241400
173.43999895	4.31867400	-1.67241400
173.51999895	4.31867400	-1.76030800
173.59999894	4.40717800	-1.76030800
173.67999894	4.40717800	-1.84789600
173.75999894	4.49598700	-1.84789600
173.83999894	4.85061200	-1.93578900
173.91999894	5.11642800	-1.93578900
173.99999894	5.20523700	-2.02368200
174.07999894	5.11642800	-2.11157600
174.15999894	5.02792500	-2.11157600
174.23999894	5.02792500	-2.19916400
174.31999894	5.02792500	-2.19916400
174.39999894	5.02792500	-2.19916400
174.47999894	5.11642800	-2.28705700
174.55999894	5.11642800	-2.37495000
174.63999894	5.11642800	-2.37495000
174.71999894	5.11642800	-2.46284400
174.79999894	5.02792500	-2.46284400
174.87999894	5.02792500	-2.55043200
174.95999894	5.02792500	-2.55043200
175.03999894	5.02792500	-2.63832500
175.11999894	4.93911600	-2.63832500
175.19999894	4.93911600	-2.72621800
175.27999893	4.93911600	-2.81411200
175.35999893	4.93911600	-2.81411200
175.43999893	4.93911600	-2.81411200
175.51999893	4.93911600	-2.90200500
175.59999893	4.93911600	-2.90200500
175.67999893	4.85061200	-2.98959300
175.75999893	4.85061200	-2.98959300
175.83999893	4.85061200	-3.07748700
175.91999893	4.85061200	-3.07748700
175.99999893	4.85061200	-3.16538000
176.07999893	4.76180300	-3.16538000
176.15999893	4.76180300	-3.16538000
176.23999893	4.76180300	-3.25327300
176.31999893	4.76180300	-3.25327300
176.39999893	4.76180300	-3.34086100
176.47999893	4.67329900	-3.34086100
176.55999893	4.67329900	-3.34086100
176.63999893	4.67329900	-3.42875500
176.71999893	4.58449000	-3.42875500
176.79999893	4.58449000	-3.51664800
176.87999893	4.58449000	-3.51664800
176.95999892	4.58449000	-3.60454100
177.03999892	4.58449000	-3.60454100
177.11999892	4.58449000	-3.69212900
177.19999892	4.58449000	-3.69212900
177.27999892	4.58449000	-3.78002300
177.35999892	4.49598700	-3.78002300
177.43999892	4.49598700	-3.86791600
177.51999892	4.49598700	-3.86791600
177.59999892	4.49598700	-3.86791600
177.67999892	4.40717800	-3.86791600
177.75999892	4.40717800	-3.95580900
177.83999892	4.40717800	-4.04339700
177.91999892	4.40717800	-4.04339700
177.99999892	4.40717800	-4.04339700
178.07999892	4.40717800	-4.04339700
178.15999892	4.40717800	-4.04339700
178.23999892	4.40717800	-4.13129000
178.31999892	4.40717800	-4.21918400
178.39999892	4.40717800	-4.21918400
178.47999892	4.40717800	-4.21918400
178.55999891	4.40717800	-4.21918400
178.63999891	4.40717800	-4.21918400
178.71999891	4.40717800	-4.30707700
178.79999891	4.40717800	-4.30707700
178.87999891	4.40717800	-4.39497000
178.95999891	4.40717800	-4.39497000
179.03999891	4.40717800	-4.39497000
179.11999891	4.40717800	-4.48255900
179.19999891	4.31867400	-4.48255900
179.27999891	4.40717800	-4.48255900
179.35999891	4.40717800	-4.57045200
179.43999891	4.31867400	-4.57045200
179.51999891	4.40717800	-4.57045200
179.59999891	4.31867400	-4.57045200
179.67999891	4.31867400	-4.57045200
179.75999891	4.31867400	-4.65834500
179.83999891	4.31867400	-4.65834500
179.91999891	4.31867400	-4.65834500
179.99999891	4.31867400	-4.74623900
180.07999891	4.31867400	-4.65834500
180.15999891	4.31867400	-4.74623900
180.23999890	4.31867400	-4.74623900
180.31999890	4.31867400	-4.74623900
180.39999890	4.31867400	-4.74623900
180.47999890	4.22986600	-4.74623900
180.55999890	4.31867400	-4.83382700
180.63999890	4.31867400	-4.83382700
180.71999890	4.31867400	-4.83382700
180.79999890	4.31867400	-4.83382700
180.87999890	4.31867400	-4.83382700
180.95999890	4.31867400	-4.92172000
181.03999890	4.31867400	-4.92172000
181.11999890	4.31867400	-4.92172000
181.19999890	4.22986600	-4.92172000
181.27999890	4.22986600	-4.92172000
181.35999890	4.22986600	-4.92172000
181.43999890	4.22986600	-4.92172000
181.51999890	4.22986600	-4.92172000
181.59999890	4.31867400	-4.92172000
181.67999890	4.22986600	-4.92172000
181.75999890	4.22986600	-4.92172000
181.83999889	4.22986600	-4.92172000
181.91999889	4.22986600	-4.92172000
181.99999889	4.22986600	-4.92172000
182.07999889	4.22986600	-5.00961400
182.15999889	4.31867400	-5.00961400
182.23999889	4.22986600	-5.00961400
182.31999889	4.31867400	-5.00961400
182.39999889	4.22986600	-5.00961400
182.47999889	4.22986600	-5.00961400
182.55999889	4.22986600	-4.92172000
182.63999889	4.22986600	-4.92172000
182.71999889	4.31867400	-4.92172000
182.79999889	4.22986600	-4.92172000
182.87999889	4.22986600	-4.92172000
182.95999889	4.22986600	-4.92172000
183.03999889	4.22986600	-4.92172000
183.11999889	4.22986600	-4.92172000
183.19999889	4.22986600	-4.92172000
183.27999889	4.22986600	-4.92172000
183.35999889	4.22986600	-4.92172000
183.43999889	4.22986600	-5.00961400
183.51999888	4.22986600	-4.92172000
183.59999888	4.22986600	-4.92172000
183.67999888	4.22986600	-4.92172000
183.75999888	4.22986600	-4.92172000
183.83999888	4.22986600	-4.92172000
183.91999888	4.22986600	-4.92172000
183.99999888	4.22986600	-4.92172000
184.07999888	4.22986600	-4.92172000
184.15999888	4.22986600	-4.92172000
184.23999888	4.22986600	-4.92172000
184.31999888	4.22986600	-4.83382700
184.39999888	4.22986600	-4.83382700
184.47999888	4.22986600	-4.83382700
184.55999888	4.31867400	-4.83382700
184.63999888	4.22986600	-4.83382700
184.71999888	4.22986600	-4.83382700
184.79999888	4.22986600	-4.74623900
184.87999888	4.22986600	-4.74623900
184.95999888	4.22986600	-4.74623900
185.03999888	4.22986600	-4.74623900
185.11999887	4.22986600	-4.65834500
185.19999887	4.22986600	-4.65834500
185.27999887	4.22986600	-4.65834500
185.35999887	4.22986600	-4.57045200
185.43999887	4.22986600	-4.65834500
185.51999887	4.22986600	-4.65834500
185.59999887	4.22986600	-4.57045200
185.67999887	4.22986600	-4.57045200
185.75999887	4.22986600	-4.57045200
185.83999887	4.22986600	-4.57045200
185.91999887	4.31867400	-4.48255900
185.99999887	4.31867400	-4.48255900
186.07999887	4.22986600	-4.48255900
186.15999887	4.22986600	-4.39497000
186.23999887	4.22986600	-4.39497000
186.31999887	4.22986600	-4.39497000
186.39999887	4.22986600	-4.39497000
186.47999887	4.22986600	-4.30707700
186.55999887	4.22986600	-4.30707700
186.63999887	4.31867400	-4.21918400
186.71999887	4.22986600	-4.21918400
186.79999886	4.31867400	-4.21918400
186.87999886	4.31867400	-4.21918400
186.95999886	4.22986600	-4.13129000
187.03999886	4.31867400	-4.13129000
187.11999886	4.31867400	-4.13129000
187.19999886	4.31867400	-4.13129000
187.27999886	4.31867400	-4.04339700
187.35999886	4.31867400	-4.04339700
187.43999886	4.31867400	-3.95580900
187.51999886	4.31867400	-3.95580900
187.59999886	4.40717800	-3.95580900
187.67999886	4.31867400	-3.95580900
187.75999886	4.40717800	-3.86791600
187.83999886	4.40717800	-3.86791600
187.91999886	4.40717800	-3.86791600
187.99999886	4.58449000	-3.78002300
188.07999886	4.76180300	-3.78002300
188.15999886	4.85061200	-3.69212900
188.23999886	4.93911600	-3.69212900
188.31999886	4.93911600	-3.69212900
188.39999886	4.93911600	-3.60454100
188.47999885	4.93911600	-3.60454100
188.55999885	4.93911600	-3.51664800
188.63999885	4.93911600	-3.51664800
188.71999885	4.93911600	-3.51664800
188.79999885	4.93911600	-3.42875500
188.87999885	4.93911600	-3.34086100
188.95999885	5.02792500	-3.34086100
189.03999885	5.02792500	-3.34086100
189.11999885	5.02792500	-3.34086100
189.19999885	5.02792500	-3.25327300
189.27999885	5.02792500	-3.25327300
189.35999885	5.11642800	-3.25327300
189.43999885	5.11642800	-3.16538000
189.51999885	5.11642800	-3.16538000
189.59999885	5.11642800	-3.07748700
189.67999885	5.11642800	-3.07748700
189.75999885	5.11642800	-2.98959300
189.83999885	5.11642800	-2.98959300
189.91999885	5.11642800	-2.90200500
189.99999885	5.11642800	-2.81411200
190.07999884	5.11642800	-2.81411200
190.15999884	5.11642800	-2.81411200
190.23999884	5.11642800	-2.81411200
190.31999884	5.11642800	-2.81411200
190.39999884	5.11642800	-2.72621800
190.47999884	5.11642800	-2.72621800
190.55999884	5.20523700	-2.63832500
190.63999884	5.20523700	-2.63832500
190.71999884	5.20523700	-2.63832500
190.79999884	5.20523700	-2.46284400
190.87999884	5.20523700	-2.46284400
190.95999884	5.20523700	-2.46284400
191.03999884	5.20523700	-2.37495000
191.11999884	5.20523700	-2.37495000
191.19999884	5.20523700	-2.28705700
191.27999884	5.20523700	-2.28705700
191.35999884	5.20523700	-2.28705700
191.43999884	5.20523700	-2.19916400
191.51999884	5.20523700	-2.11157600
191.59999884	5.20523700	-2.11157600
191.67999884	5.20523700	-2.11157600
191.75999883	5.20523700	-2.11157600
191.83999883	5.20523700	-2.02368200
191.91999883	5.20523700	-2.02368200
191.99999883	5.29374100	-1.93578900
192.07999883	5.29374100	-1.93578900
192.15999883	5.29374100	-1.84789600
192.23999883	5.20523700	-1.84789600
192.31999883	5.29374100	-1.76030800
192.39999883	5.29374100	-1.76030800
192.47999883	5.29374100	-1.76030800
192.55999883	5.29374100	-1.67241400
192.63999883	5.29374100	-1.58452100
192.71999883	5.29374100	-1.58452100
192.79999883	5.29374100	-1.49662800
192.87999883	5.29374100	-1.49662800
192.95999883	5.29374100	-1.40904000
193.03999883	5.29374100	-1.40904000
193.11999883	5.29374100	-1.40904000
193.19999883	5.38254900	-1.32114600
193.27999883	5.29374100	-1.32114600
193.35999882	5.29374100	-1.23325300
193.43999882	5.38254900	-1.23325300
193.51999882	5.29374100	-1.14536000
193.59999882	5.38254900	-1.14536000
193.67999882	5.38254900	-1.05746600
193.75999882	5.29374100	-1.05746600
193.83999882	5.38254900	-1.05746600
193.91999882	5.38254900	-0.96987830
193.99999882	5.47105300	-0.96987830
194.07999882	5.47105300	-0.88198490
194.15999882	5.47105300	-0.79409160
194.23999882	5.47105300	-0.79409160
194.31999882	5.47105300	-0.79409160
194.39999882	5.47105300	-0.70619830
194.47999882	5.47105300	-0.70619830
194.55999882	5.47105300	-0.70619830
194.63999882	5.47105300	-0.61861020
194.71999882	5.47105300	-0.53071690
194.79999882	5.55986200	-0.53071690
194.87999882	5.55986200	-0.44282360
194.95999882	5.55986200	-0.35493030
195.03999881	5.55986200	-0.35493030
195.11999881	5.55986200	-0.35493030
195.19999881	5.55986200	-0.35493030
195.27999881	5.55986200	-0.26734220
195.35999881	5.55986200	-0.26734220
195.43999881	5.55986200	-0.17944880
195.51999881	5.55986200	-0.09155553
195.59999881	5.55986200	-0.09155553
195.67999881	5.55986200	-0.00366222
195.75999881	5.55986200	-0.00366222
195.83999881	5.64836500	-0.00366222
195.91999881	5.55986200	0.08392590
195.99999881	5.64836500	0.08392590
196.07999881	5.64836500	0.17151400
196.15999881	5.64836500	0.17151400
196.23999881	5.64836500	0.25940730
196.31999881	5.55986200	0.25940730
196.39999881	5.64836500	0.34730060
196.47999881	5.64836500	0.34730060
196.55999881	5.64836500	0.34730060
196.63999880	5.64836500	0.43519400
196.71999880	5.64836500	0.52278210
196.79999880	5.64836500	0.52278210
196.87999880	5.64836500	0.61067540
196.95999880	5.64836500	0.61067540
197.03999880	5.64836500	0.69856870
197.11999880	5.64836500	0.69856870
197.19999880	5.64836500	0.69856870
197.27999880	5.64836500	0.78646200
197.35999880	5.64836500	0.78646200
197.43999880	5.64836500	0.87405010
197.51999880	5.64836500	0.87405010
197.59999880	5.64836500	0.87405010
197.67999880	5.64836500	0.96194340
197.75999880	5.64836500	1.04983700
197.83999880	5.64836500	1.04983700
197.91999880	5.64836500	1.04983700
197.99999880	5.64836500	1.13773000
198.07999880	5.64836500	1.13773000
198.15999880	5.73717500	1.22531800
198.23999880	5.64836500	1.22531800
198.31999879	5.64836500	1.31321100
198.39999879	5.64836500	1.31321100
198.47999879	5.73717500	1.31321100
198.55999879	5.73717500	1.40110500
198.63999879	5.64836500	1.40110500
198.71999879	5.64836500	1.40110500
198.79999879	5.73717500	1.48899800
198.87999879	5.73717500	1.48899800
198.95999879	5.64836500	1.57689100
199.03999879	5.73717500	1.57689100
199.11999879	5.64836500	1.57689100
199.19999879	5.73717500	1.66447900
199.27999879	5.73717500	1.66447900
199.35999879	5.64836500	1.75237300
199.43999879	5.73717500	1.75237300
199.51999879	5.73717500	1.75237300
199.59999879	5.73717500	1.75237300
199.67999879	5.73717500	1.84026600
199.75999879	5.73717500	1.92815900
199.83999879	5.73717500	1.92815900
199.91999878	5.73717500	1.92815900
199.99999878	5.82567800	2.01574800
200.07999878	5.73717500	2.01574800
200.15999878	5.73717500	2.10364100
200.23999878	5.73717500	2.10364100
