Time	Channel A	Channel B
(us)	(V)	(V)

0.00000000	4.31867400	-4.30707700
0.08000000	4.31867400	-4.39497000
0.16000000	4.22986600	-4.39497000
0.24000000	4.31867400	-4.48255900
0.32000000	4.31867400	-4.48255900
0.40000000	4.31867400	-4.48255900
0.48000000	4.31867400	-4.48255900
0.56000000	4.31867400	-4.57045200
0.64000000	4.31867400	-4.57045200
0.72000000	4.22986600	-4.57045200
0.80000000	4.31867400	-4.57045200
0.87999999	4.31867400	-4.57045200
0.95999999	4.31867400	-4.57045200
1.03999999	4.22986600	-4.65834500
1.11999999	4.31867400	-4.65834500
1.19999999	4.31867400	-4.65834500
1.27999999	4.31867400	-4.74623900
1.35999999	4.22986600	-4.74623900
1.43999999	4.22986600	-4.74623900
1.51999999	4.22986600	-4.74623900
1.59999999	4.31867400	-4.74623900
1.67999999	4.22986600	-4.74623900
1.75999999	4.22986600	-4.74623900
1.83999999	4.22986600	-4.83382700
1.91999999	4.22986600	-4.83382700
1.99999999	4.22986600	-4.83382700
2.07999999	4.22986600	-4.83382700
2.15999999	4.22986600	-4.83382700
2.23999999	4.22986600	-4.92172000
2.31999999	4.22986600	-4.92172000
2.39999999	4.22986600	-4.92172000
2.47999998	4.22986600	-4.92172000
2.55999998	4.22986600	-4.92172000
2.63999998	4.22986600	-4.92172000
2.71999998	4.22986600	-4.92172000
2.79999998	4.22986600	-4.92172000
2.87999998	4.22986600	-4.92172000
2.95999998	4.22986600	-4.92172000
3.03999998	4.22986600	-4.92172000
3.11999998	4.22986600	-4.92172000
3.19999998	4.22986600	-4.92172000
3.27999998	4.22986600	-5.00961400
3.35999998	4.22986600	-4.92172000
3.43999998	4.22986600	-5.00961400
3.51999998	4.22986600	-4.92172000
3.59999998	4.22986600	-4.92172000
3.67999998	4.22986600	-4.92172000
3.75999998	4.22986600	-4.92172000
3.83999998	4.22986600	-4.92172000
3.91999998	4.22986600	-5.00961400
3.99999998	4.22986600	-4.92172000
4.07999998	4.22986600	-4.92172000
4.15999997	4.22986600	-4.92172000
4.23999997	4.22986600	-4.92172000
4.31999997	4.22986600	-4.92172000
4.39999997	4.22986600	-4.92172000
4.47999997	4.22986600	-4.92172000
4.55999997	4.22986600	-4.92172000
4.63999997	4.22986600	-4.92172000
4.71999997	4.22986600	-4.92172000
4.79999997	4.22986600	-4.92172000
4.87999997	4.22986600	-4.92172000
4.95999997	4.22986600	-4.92172000
5.03999997	4.14136200	-4.92172000
5.11999997	4.22986600	-4.92172000
5.19999997	4.22986600	-4.92172000
5.27999997	4.22986600	-4.83382700
5.35999997	4.22986600	-4.83382700
5.43999997	4.22986600	-4.83382700
5.51999997	4.22986600	-4.83382700
5.59999997	4.22986600	-4.83382700
5.67999997	4.22986600	-4.83382700
5.75999996	4.22986600	-4.74623900
5.83999996	4.22986600	-4.74623900
5.91999996	4.22986600	-4.74623900
5.99999996	4.22986600	-4.74623900
6.07999996	4.22986600	-4.74623900
6.15999996	4.22986600	-4.74623900
6.23999996	4.22986600	-4.65834500
6.31999996	4.22986600	-4.65834500
6.39999996	4.22986600	-4.65834500
6.47999996	4.22986600	-4.65834500
6.55999996	4.22986600	-4.57045200
6.63999996	4.22986600	-4.57045200
6.71999996	4.22986600	-4.57045200
6.79999996	4.22986600	-4.57045200
6.87999996	4.22986600	-4.57045200
6.95999996	4.22986600	-4.48255900
7.03999996	4.22986600	-4.48255900
7.11999996	4.22986600	-4.48255900
7.19999996	4.22986600	-4.48255900
7.27999996	4.22986600	-4.39497000
7.35999996	4.22986600	-4.39497000
7.43999995	4.22986600	-4.39497000
7.51999995	4.22986600	-4.30707700
7.59999995	4.22986600	-4.30707700
7.67999995	4.22986600	-4.30707700
7.75999995	4.22986600	-4.21918400
7.83999995	4.22986600	-4.21918400
7.91999995	4.22986600	-4.21918400
7.99999995	4.22986600	-4.21918400
8.07999995	4.22986600	-4.21918400
8.15999995	4.31867400	-4.13129000
8.23999995	4.22986600	-4.13129000
8.31999995	4.22986600	-4.04339700
8.39999995	4.31867400	-4.04339700
8.47999995	4.31867400	-4.04339700
8.55999995	4.31867400	-3.95580900
8.63999995	4.31867400	-3.86791600
8.71999995	4.22986600	-3.95580900
8.79999995	4.22986600	-3.86791600
8.87999995	4.31867400	-3.86791600
8.95999995	4.31867400	-3.86791600
9.03999995	4.40717800	-3.86791600
9.11999994	4.40717800	-3.78002300
9.19999994	4.58449000	-3.78002300
9.27999994	4.67329900	-3.69212900
9.35999994	4.76180300	-3.69212900
9.43999994	4.85061200	-3.60454100
9.51999994	4.93911600	-3.60454100
9.59999994	4.93911600	-3.60454100
9.67999994	4.93911600	-3.51664800
9.75999994	4.93911600	-3.51664800
9.83999994	4.93911600	-3.51664800
9.91999994	4.93911600	-3.42875500
9.99999994	4.93911600	-3.34086100
10.07999994	4.93911600	-3.34086100
10.15999994	4.93911600	-3.34086100
10.23999994	4.93911600	-3.25327300
10.31999994	5.02792500	-3.34086100
10.39999994	5.02792500	-3.16538000
10.47999994	5.02792500	-3.16538000
10.55999994	5.02792500	-3.16538000
10.63999994	5.11642800	-3.16538000
10.71999993	5.02792500	-3.07748700
10.79999993	5.11642800	-3.07748700
10.87999993	5.11642800	-2.98959300
10.95999993	5.11642800	-2.98959300
11.03999993	5.11642800	-2.98959300
11.11999993	5.11642800	-2.90200500
11.19999993	5.11642800	-2.81411200
11.27999993	5.11642800	-2.81411200
11.35999993	5.11642800	-2.81411200
11.43999993	5.11642800	-2.72621800
11.51999993	5.11642800	-2.72621800
11.59999993	5.11642800	-2.72621800
11.67999993	5.11642800	-2.63832500
11.75999993	5.11642800	-2.63832500
11.83999993	5.11642800	-2.55043200
11.91999993	5.11642800	-2.55043200
11.99999993	5.20523700	-2.46284400
12.07999993	5.11642800	-2.46284400
12.15999993	5.11642800	-2.37495000
12.23999993	5.20523700	-2.37495000
12.31999993	5.11642800	-2.28705700
12.39999992	5.20523700	-2.28705700
12.47999992	5.20523700	-2.19916400
12.55999992	5.20523700	-2.19916400
12.63999992	5.20523700	-2.11157600
12.71999992	5.20523700	-2.11157600
12.79999992	5.20523700	-2.11157600
12.87999992	5.20523700	-2.02368200
12.95999992	5.20523700	-2.02368200
13.03999992	5.20523700	-1.93578900
13.11999992	5.20523700	-1.93578900
13.19999992	5.20523700	-1.93578900
13.27999992	5.29374100	-1.84789600
13.35999992	5.29374100	-1.76030800
13.43999992	5.20523700	-1.76030800
13.51999992	5.20523700	-1.76030800
13.59999992	5.20523700	-1.67241400
13.67999992	5.20523700	-1.67241400
13.75999992	5.29374100	-1.58452100
13.83999992	5.29374100	-1.58452100
13.91999992	5.29374100	-1.49662800
13.99999991	5.29374100	-1.49662800
14.07999991	5.29374100	-1.49662800
14.15999991	5.29374100	-1.40904000
14.23999991	5.29374100	-1.40904000
14.31999991	5.29374100	-1.32114600
14.39999991	5.29374100	-1.32114600
14.47999991	5.29374100	-1.23325300
14.55999991	5.29374100	-1.23325300
14.63999991	5.29374100	-1.14536000
14.71999991	5.29374100	-1.14536000
14.79999991	5.29374100	-1.05746600
14.87999991	5.29374100	-1.05746600
14.95999991	5.38254900	-1.05746600
15.03999991	5.38254900	-0.96987830
15.11999991	5.38254900	-0.96987830
15.19999991	5.38254900	-0.88198490
15.27999991	5.47105300	-0.79409160
15.35999991	5.38254900	-0.79409160
15.43999991	5.38254900	-0.79409160
15.51999991	5.38254900	-0.70619830
15.59999991	5.47105300	-0.61861020
15.67999990	5.47105300	-0.61861020
15.75999990	5.47105300	-0.53071690
15.83999990	5.47105300	-0.53071690
15.91999990	5.47105300	-0.53071690
15.99999990	5.47105300	-0.44282360
16.07999990	5.47105300	-0.44282360
16.15999990	5.47105300	-0.35493030
16.23999990	5.47105300	-0.35493030
16.31999990	5.55986200	-0.35493030
16.39999990	5.47105300	-0.26734220
16.47999990	5.55986200	-0.26734220
16.55999990	5.55986200	-0.17944880
16.63999990	5.55986200	-0.09155553
16.71999990	5.55986200	-0.09155553
16.79999990	5.55986200	-0.00366222
16.87999990	5.55986200	-0.00366222
16.95999990	5.55986200	-0.00366222
17.03999990	5.55986200	0.08392590
17.11999990	5.55986200	0.08392590
17.19999990	5.55986200	0.17151400
17.27999989	5.55986200	0.17151400
17.35999989	5.55986200	0.25940730
17.43999989	5.55986200	0.25940730
17.51999989	5.55986200	0.34730060
17.59999989	5.55986200	0.34730060
17.67999989	5.64836500	0.43519400
17.75999989	5.64836500	0.43519400
17.83999989	5.64836500	0.43519400
17.91999989	5.55986200	0.52278210
17.99999989	5.64836500	0.61067540
18.07999989	5.64836500	0.61067540
18.15999989	5.55986200	0.61067540
18.23999989	5.55986200	0.69856870
18.31999989	5.64836500	0.69856870
18.39999989	5.55986200	0.78646200
18.47999989	5.64836500	0.78646200
18.55999989	5.64836500	0.87405010
18.63999989	5.64836500	0.87405010
18.71999989	5.64836500	0.87405010
18.79999989	5.64836500	0.96194340
18.87999989	5.64836500	0.96194340
18.95999988	5.64836500	1.04983700
19.03999988	5.64836500	1.04983700
19.11999988	5.64836500	1.13773000
19.19999988	5.64836500	1.13773000
19.27999988	5.64836500	1.22531800
19.35999988	5.64836500	1.22531800
19.43999988	5.64836500	1.31321100
19.51999988	5.64836500	1.31321100
19.59999988	5.64836500	1.31321100
19.67999988	5.64836500	1.40110500
19.75999988	5.64836500	1.40110500
19.83999988	5.64836500	1.40110500
19.91999988	5.64836500	1.40110500
19.99999988	5.64836500	1.48899800
20.07999988	5.64836500	1.48899800
20.15999988	5.64836500	1.57689100
20.23999988	5.64836500	1.57689100
20.31999988	5.64836500	1.66447900
20.39999988	5.64836500	1.75237300
20.47999988	5.73717500	1.75237300
20.55999988	5.64836500	1.75237300
20.63999987	5.64836500	1.75237300
20.71999987	5.73717500	1.75237300
20.79999987	5.73717500	1.84026600
20.87999987	5.73717500	1.92815900
20.95999987	5.73717500	1.92815900
21.03999987	5.73717500	2.01574800
21.11999987	5.73717500	2.01574800
21.19999987	5.73717500	2.01574800
21.27999987	5.73717500	2.10364100
21.35999987	5.73717500	2.10364100
21.43999987	5.73717500	2.10364100
21.51999987	5.73717500	2.10364100
21.59999987	5.73717500	2.19153400
21.67999987	5.82567800	2.19153400
21.75999987	5.82567800	2.19153400
21.83999987	5.73717500	2.27942800
21.91999987	5.73717500	2.27942800
21.99999987	5.73717500	2.27942800
22.07999987	5.73717500	2.27942800
22.15999987	5.73717500	2.36701600
22.23999986	5.73717500	2.45490900
22.31999986	5.73717500	2.45490900
22.39999986	5.73717500	2.45490900
22.47999986	5.73717500	2.45490900
22.55999986	5.82567800	2.54280200
22.63999986	5.73717500	2.54280200
22.71999986	5.82567800	2.54280200
22.79999986	5.82567800	2.63069600
22.87999986	5.82567800	2.71828400
22.95999986	5.82567800	2.63069600
23.03999986	5.82567800	2.63069600
23.11999986	5.82567800	2.71828400
23.19999986	5.82567800	2.71828400
23.27999986	5.82567800	2.80617700
23.35999986	5.82567800	2.80617700
23.43999986	5.82567800	2.80617700
23.51999986	5.82567800	2.80617700
23.59999986	5.82567800	2.80617700
23.67999986	5.82567800	2.80617700
23.75999986	5.82567800	2.80617700
23.83999986	5.82567800	2.89407000
23.91999985	5.82567800	2.89407000
23.99999985	5.82567800	2.98196400
24.07999985	5.82567800	2.98196400
24.15999985	5.82567800	2.98196400
24.23999985	5.82567800	2.98196400
24.31999985	5.82567800	2.98196400
24.39999985	5.82567800	2.98196400
24.47999985	5.82567800	3.06985700
24.55999985	5.82567800	3.06985700
24.63999985	5.82567800	3.06985700
24.71999985	5.82567800	3.15744500
24.79999985	5.82567800	3.15744500
24.87999985	5.82567800	3.15744500
24.95999985	5.82567800	3.15744500
25.03999985	5.82567800	3.24533800
25.11999985	5.82567800	3.24533800
25.19999985	5.82567800	3.24533800
25.27999985	5.82567800	3.24533800
25.35999985	5.82567800	3.33323200
25.43999985	5.82567800	3.33323200
25.51999984	5.82567800	3.33323200
25.59999984	5.82567800	3.33323200
25.67999984	5.82567800	3.33323200
25.75999984	5.82567800	3.33323200
25.83999984	5.82567800	3.33323200
25.91999984	5.82567800	3.33323200
25.99999984	5.91448700	3.42112500
26.07999984	5.82567800	3.42112500
26.15999984	5.82567800	3.42112500
26.23999984	5.82567800	3.42112500
26.31999984	5.82567800	3.42112500
26.39999984	5.91448700	3.42112500
26.47999984	5.82567800	3.42112500
26.55999984	5.91448700	3.42112500
26.63999984	5.82567800	3.50871300
26.71999984	5.91448700	3.50871300
26.79999984	5.82567800	3.50871300
26.87999984	5.91448700	3.42112500
26.95999984	5.82567800	3.50871300
27.03999984	5.82567800	3.50871300
27.11999984	5.91448700	3.50871300
27.19999983	5.91448700	3.50871300
27.27999983	5.82567800	3.50871300
27.35999983	5.91448700	3.50871300
27.43999983	5.91448700	3.50871300
27.51999983	5.82567800	3.50871300
27.59999983	5.91448700	3.50871300
27.67999983	5.91448700	3.50871300
27.75999983	5.82567800	3.50871300
27.83999983	5.82567800	3.50871300
27.91999983	5.91448700	3.50871300
27.99999983	5.91448700	3.50871300
28.07999983	5.91448700	3.50871300
28.15999983	5.91448700	3.50871300
28.23999983	5.91448700	3.50871300
28.31999983	5.82567800	3.50871300
28.39999983	5.82567800	3.50871300
28.47999983	5.91448700	3.50871300
28.55999983	5.91448700	3.50871300
28.63999983	5.91448700	3.50871300
28.71999983	5.82567800	3.50871300
28.79999982	5.82567800	3.50871300
28.87999982	5.82567800	3.50871300
28.95999982	5.91448700	3.50871300
29.03999982	5.82567800	3.50871300
29.11999982	5.91448700	3.50871300
29.19999982	5.82567800	3.50871300
29.27999982	5.91448700	3.50871300
29.35999982	5.82567800	3.50871300
29.43999982	5.91448700	3.50871300
29.51999982	5.91448700	3.50871300
29.59999982	5.91448700	3.50871300
29.67999982	5.82567800	3.50871300
29.75999982	5.91448700	3.50871300
29.83999982	5.91448700	3.50871300
29.91999982	5.82567800	3.42112500
29.99999982	5.82567800	3.42112500
30.07999982	5.91448700	3.42112500
30.15999982	5.91448700	3.42112500
30.23999982	5.91448700	3.42112500
30.31999982	5.91448700	3.42112500
30.39999982	5.91448700	3.50871300
30.47999981	5.82567800	3.42112500
30.55999981	5.91448700	3.42112500
30.63999981	5.82567800	3.42112500
30.71999981	5.82567800	3.33323200
30.79999981	5.91448700	3.33323200
30.87999981	5.91448700	3.33323200
30.95999981	5.91448700	3.33323200
31.03999981	5.91448700	3.33323200
31.11999981	5.91448700	3.33323200
31.19999981	5.82567800	3.33323200
31.27999981	5.82567800	3.33323200
31.35999981	5.82567800	3.24533800
31.43999981	5.82567800	3.24533800
31.51999981	5.82567800	3.24533800
31.59999981	5.91448700	3.24533800
31.67999981	5.82567800	3.15744500
31.75999981	5.82567800	3.15744500
31.83999981	5.91448700	3.15744500
31.91999981	5.82567800	3.15744500
31.99999981	5.82567800	3.15744500
32.07999981	5.82567800	3.15744500
32.15999980	5.82567800	3.15744500
32.23999980	5.82567800	3.06985700
32.31999980	5.82567800	3.06985700
32.39999980	5.82567800	3.06985700
32.47999980	5.82567800	3.06985700
32.55999980	5.82567800	2.98196400
32.63999980	5.82567800	2.98196400
32.71999980	5.82567800	2.98196400
32.79999980	5.82567800	2.98196400
32.87999980	5.82567800	2.98196400
32.95999980	5.82567800	2.89407000
33.03999980	5.82567800	2.89407000
33.11999980	5.82567800	2.89407000
33.19999980	5.82567800	2.89407000
33.27999980	5.82567800	2.89407000
33.35999980	5.82567800	2.80617700
33.43999980	5.82567800	2.80617700
33.51999980	5.82567800	2.80617700
33.59999980	5.82567800	2.80617700
33.67999980	5.82567800	2.80617700
33.75999979	5.82567800	2.71828400
33.83999979	5.82567800	2.71828400
33.91999979	5.82567800	2.71828400
33.99999979	5.82567800	2.63069600
34.07999979	5.82567800	2.63069600
34.15999979	5.82567800	2.63069600
34.23999979	5.82567800	2.63069600
34.31999979	5.82567800	2.63069600
34.39999979	5.82567800	2.54280200
34.47999979	5.82567800	2.54280200
34.55999979	5.82567800	2.54280200
34.63999979	5.82567800	2.45490900
34.71999979	5.73717500	2.45490900
34.79999979	5.82567800	2.45490900
34.87999979	5.73717500	2.45490900
34.95999979	5.73717500	2.45490900
35.03999979	5.73717500	2.45490900
35.11999979	5.82567800	2.36701600
35.19999979	5.73717500	2.36701600
35.27999979	5.73717500	2.27942800
35.35999979	5.73717500	2.27942800
35.43999978	5.73717500	2.27942800
35.51999978	5.73717500	2.27942800
35.59999978	5.73717500	2.19153400
35.67999978	5.73717500	2.19153400
35.75999978	5.73717500	2.19153400
35.83999978	5.73717500	2.10364100
35.91999978	5.73717500	2.10364100
35.99999978	5.64836500	2.10364100
36.07999978	5.64836500	2.10364100
36.15999978	5.73717500	2.10364100
36.23999978	5.64836500	2.01574800
36.31999978	5.64836500	2.01574800
36.39999978	5.64836500	2.01574800
36.47999978	5.64836500	1.92815900
36.55999978	5.64836500	1.92815900
36.63999978	5.64836500	1.92815900
36.71999978	5.64836500	1.92815900
36.79999978	5.64836500	1.84026600
36.87999978	5.64836500	1.84026600
36.95999978	5.64836500	1.84026600
37.03999977	5.64836500	1.75237300
37.11999977	5.64836500	1.75237300
37.19999977	5.64836500	1.75237300
37.27999977	5.64836500	1.75237300
37.35999977	5.64836500	1.75237300
37.43999977	5.55986200	1.66447900
37.51999977	5.55986200	1.66447900
37.59999977	5.55986200	1.57689100
37.67999977	5.55986200	1.57689100
37.75999977	5.55986200	1.57689100
37.83999977	5.55986200	1.48899800
37.91999977	5.55986200	1.48899800
37.99999977	5.55986200	1.48899800
38.07999977	5.47105300	1.40110500
38.15999977	5.20523700	1.40110500
38.23999977	4.76180300	1.40110500
38.31999977	4.40717800	1.40110500
38.39999977	4.22986600	1.40110500
38.47999977	4.31867400	1.31321100
38.55999977	4.31867400	1.31321100
38.63999977	4.31867400	1.31321100
38.71999976	4.31867400	1.31321100
38.79999976	4.31867400	1.22531800
38.87999976	4.31867400	1.22531800
38.95999976	4.22986600	1.22531800
39.03999976	4.31867400	1.13773000
39.11999976	4.31867400	1.13773000
39.19999976	4.22986600	1.04983700
39.27999976	4.31867400	1.04983700
39.35999976	4.22986600	1.04983700
39.43999976	4.31867400	1.04983700
39.51999976	4.22986600	1.04983700
39.59999976	4.22986600	0.96194340
39.67999976	4.22986600	0.96194340
39.75999976	4.22986600	0.96194340
39.83999976	4.22986600	0.87405010
39.91999976	4.22986600	0.87405010
39.99999976	4.31867400	0.87405010
40.07999976	4.31867400	0.78646200
40.15999976	4.22986600	0.78646200
40.23999976	4.22986600	0.69856870
40.31999975	4.22986600	0.69856870
40.39999975	4.22986600	0.69856870
40.47999975	4.22986600	0.69856870
40.55999975	4.22986600	0.69856870
40.63999975	4.22986600	0.61067540
40.71999975	4.22986600	0.61067540
40.79999975	4.22986600	0.61067540
40.87999975	4.22986600	0.61067540
40.95999975	4.22986600	0.52278210
41.03999975	4.22986600	0.52278210
41.11999975	4.22986600	0.52278210
41.19999975	4.22986600	0.43519400
41.27999975	4.22986600	0.43519400
41.35999975	4.22986600	0.43519400
41.43999975	4.22986600	0.34730060
41.51999975	4.22986600	0.34730060
41.59999975	4.22986600	0.34730060
41.67999975	4.22986600	0.34730060
41.75999975	4.22986600	0.25940730
41.83999975	4.22986600	0.25940730
41.91999975	4.22986600	0.17151400
41.99999974	4.22986600	0.17151400
42.07999974	4.22986600	0.17151400
42.15999974	4.22986600	0.17151400
42.23999974	4.22986600	0.08392590
42.31999974	4.22986600	0.08392590
42.39999974	4.22986600	0.08392590
42.47999974	4.14136200	-0.00366222
42.55999974	4.22986600	-0.00366222
42.63999974	4.22986600	-0.00366222
42.71999974	4.22986600	-0.09155553
42.79999974	4.22986600	-0.09155553
42.87999974	4.22986600	-0.09155553
42.95999974	4.22986600	-0.09155553
43.03999974	4.22986600	-0.17944880
43.11999974	4.22986600	-0.17944880
43.19999974	4.22986600	-0.17944880
43.27999974	3.69792800	-0.17944880
43.35999974	1.21555200	-0.26734220
43.43999974	0.50630210	-0.35493030
43.51999974	0.41749320	-0.35493030
43.59999974	0.68361460	-0.35493030
43.67999973	0.68361460	-0.35493030
43.75999973	0.68361460	-0.35493030
43.83999973	0.68361460	-0.44282360
43.91999973	0.68361460	-0.53071690
43.99999973	0.68361460	-0.53071690
44.07999973	0.68361460	-0.53071690
44.15999973	0.68361460	-0.53071690
44.23999973	0.68361460	-0.61861020
44.31999973	0.68361460	-0.61861020
44.39999973	0.68361460	-0.70619830
44.47999973	0.68361460	-0.70619830
44.55999973	0.77211830	-0.70619830
44.63999973	0.77211830	-0.79409160
44.71999973	0.77211830	-0.79409160
44.79999973	0.77211830	-0.79409160
44.87999973	0.68361460	-0.79409160
44.95999973	0.68361460	-0.88198490
45.03999973	0.77211830	-0.88198490
45.11999973	0.77211830	-0.96987830
45.19999973	0.77211830	-0.96987830
45.27999972	0.77211830	-1.05746600
45.35999972	0.77211830	-1.05746600
45.43999972	0.86092720	-1.05746600
45.51999972	0.77211830	-1.14536000
45.59999972	0.77211830	-1.14536000
45.67999972	0.86092720	-1.14536000
45.75999972	0.86092720	-1.23325300
45.83999972	0.77211830	-1.23325300
45.91999972	0.77211830	-1.23325300
45.99999972	0.86092720	-1.32114600
46.07999972	0.86092720	-1.32114600
46.15999972	0.86092720	-1.40904000
46.23999972	0.86092720	-1.40904000
46.31999972	0.86092720	-1.40904000
46.39999972	0.86092720	-1.49662800
46.47999972	0.86092720	-1.49662800
46.55999972	0.86092720	-1.49662800
46.63999972	0.86092720	-1.58452100
46.71999972	0.86092720	-1.58452100
46.79999972	0.86092720	-1.67241400
46.87999972	0.86092720	-1.67241400
46.95999971	0.86092720	-1.76030800
47.03999971	0.86092720	-1.76030800
47.11999971	0.86092720	-1.76030800
47.19999971	0.86092720	-1.84789600
47.27999971	0.86092720	-1.84789600
47.35999971	0.86092720	-1.93578900
47.43999971	0.86092720	-1.93578900
47.51999971	0.86092720	-1.93578900
47.59999971	0.86092720	-2.02368200
47.67999971	0.86092720	-2.02368200
47.75999971	0.94943080	-2.11157600
47.83999971	0.86092720	-2.11157600
47.91999971	0.94943080	-2.11157600
47.99999971	0.86092720	-2.19916400
48.07999971	0.86092720	-2.19916400
48.15999971	0.86092720	-2.19916400
48.23999971	0.86092720	-2.28705700
48.31999971	0.86092720	-2.28705700
48.39999971	0.94943080	-2.37495000
48.47999971	0.94943080	-2.37495000
48.55999970	0.94943080	-2.37495000
48.63999970	0.94943080	-2.46284400
48.71999970	0.94943080	-2.46284400
48.79999970	0.86092720	-2.55043200
48.87999970	0.94943080	-2.55043200
48.95999970	0.94943080	-2.63832500
49.03999970	0.86092720	-2.63832500
49.11999970	0.94943080	-2.72621800
49.19999970	0.86092720	-2.72621800
49.27999970	0.94943080	-2.81411200
49.35999970	0.86092720	-2.81411200
49.43999970	0.94943080	-2.81411200
49.51999970	0.94943080	-2.81411200
49.59999970	0.94943080	-2.90200500
49.67999970	0.86092720	-2.90200500
49.75999970	0.94943080	-2.90200500
49.83999970	0.94943080	-2.98959300
49.91999970	0.94943080	-2.98959300
49.99999970	0.94943080	-3.07748700
50.07999970	0.94943080	-2.98959300
50.15999970	0.94943080	-3.07748700
50.23999969	0.94943080	-3.16538000
50.31999969	0.94943080	-3.16538000
50.39999969	0.94943080	-3.16538000
50.47999969	0.94943080	-3.16538000
50.55999969	0.94943080	-3.25327300
50.63999969	0.94943080	-3.34086100
50.71999969	0.94943080	-3.34086100
50.79999969	0.94943080	-3.34086100
50.87999969	0.94943080	-3.34086100
50.95999969	0.94943080	-3.34086100
51.03999969	0.94943080	-3.42875500
51.11999969	0.94943080	-3.42875500
51.19999969	0.94943080	-3.51664800
51.27999969	0.94943080	-3.51664800
51.35999969	0.94943080	-3.51664800
51.43999969	0.94943080	-3.60454100
51.51999969	0.94943080	-3.60454100
51.59999969	0.94943080	-3.60454100
51.67999969	0.94943080	-3.69212900
51.75999969	0.94943080	-3.69212900
51.83999968	0.94943080	-3.69212900
51.91999968	0.94943080	-3.78002300
51.99999968	0.94943080	-3.78002300
52.07999968	0.94943080	-3.78002300
52.15999968	0.94943080	-3.86791600
52.23999968	0.94943080	-3.86791600
52.31999968	0.94943080	-3.86791600
52.39999968	0.94943080	-3.86791600
52.47999968	0.94943080	-3.86791600
52.55999968	1.03824000	-3.95580900
52.63999968	0.94943080	-3.95580900
52.71999968	0.94943080	-3.95580900
52.79999968	0.94943080	-3.95580900
52.87999968	0.94943080	-4.04339700
52.95999968	0.94943080	-4.04339700
53.03999968	0.94943080	-4.04339700
53.11999968	0.94943080	-4.04339700
53.19999968	0.94943080	-4.13129000
53.27999968	0.94943080	-4.13129000
53.35999968	0.94943080	-4.13129000
53.43999968	1.03824000	-4.13129000
53.51999967	0.94943080	-4.21918400
53.59999967	0.94943080	-4.21918400
53.67999967	0.94943080	-4.21918400
53.75999967	0.94943080	-4.21918400
53.83999967	0.94943080	-4.21918400
53.91999967	0.94943080	-4.21918400
53.99999967	0.94943080	-4.21918400
54.07999967	0.94943080	-4.30707700
54.15999967	0.94943080	-4.30707700
54.23999967	0.94943080	-4.30707700
54.31999967	0.94943080	-4.30707700
54.39999967	0.94943080	-4.30707700
54.47999967	1.03824000	-4.30707700
54.55999967	0.94943080	-4.30707700
54.63999967	0.94943080	-4.39497000
54.71999967	0.94943080	-4.30707700
54.79999967	0.94943080	-4.39497000
54.87999967	0.94943080	-4.39497000
54.95999967	0.94943080	-4.39497000
55.03999967	0.94943080	-4.39497000
55.11999967	0.94943080	-4.39497000
55.19999966	0.94943080	-4.39497000
55.27999966	0.94943080	-4.39497000
55.35999966	0.94943080	-4.39497000
55.43999966	0.94943080	-4.39497000
55.51999966	0.94943080	-4.39497000
55.59999966	0.94943080	-4.39497000
55.67999966	0.94943080	-4.48255900
55.75999966	0.94943080	-4.39497000
55.83999966	0.94943080	-4.39497000
55.91999966	0.94943080	-4.39497000
55.99999966	0.94943080	-4.39497000
56.07999966	0.94943080	-4.39497000
56.15999966	0.94943080	-4.48255900
56.23999966	0.94943080	-4.48255900
56.31999966	0.94943080	-4.39497000
56.39999966	0.94943080	-4.48255900
56.47999966	0.94943080	-4.39497000
56.55999966	0.94943080	-4.48255900
56.63999966	0.94943080	-4.39497000
56.71999966	0.86092720	-4.39497000
56.79999965	0.94943080	-4.39497000
56.87999965	0.94943080	-4.39497000
56.95999965	0.86092720	-4.39497000
57.03999965	0.94943080	-4.39497000
57.11999965	0.94943080	-4.39497000
57.19999965	0.94943080	-4.39497000
57.27999965	0.94943080	-4.30707700
57.35999965	0.86092720	-4.30707700
57.43999965	0.86092720	-4.30707700
57.51999965	0.86092720	-4.30707700
57.59999965	0.94943080	-4.30707700
57.67999965	0.86092720	-4.21918400
57.75999965	0.86092720	-4.30707700
57.83999965	0.86092720	-4.21918400
57.91999965	0.86092720	-4.21918400
57.99999965	0.94943080	-4.21918400
58.07999965	0.86092720	-4.21918400
58.15999965	0.86092720	-4.21918400
58.23999965	0.94943080	-4.21918400
58.31999965	0.86092720	-4.13129000
58.39999965	0.86092720	-4.13129000
58.47999964	0.86092720	-4.13129000
58.55999964	0.86092720	-4.13129000
58.63999964	0.86092720	-4.04339700
58.71999964	0.86092720	-4.04339700
58.79999964	0.86092720	-4.04339700
58.87999964	0.94943080	-3.95580900
58.95999964	0.86092720	-4.04339700
59.03999964	0.86092720	-3.86791600
59.11999964	0.86092720	-3.95580900
59.19999964	0.86092720	-3.95580900
59.27999964	0.86092720	-3.86791600
59.35999964	0.86092720	-3.86791600
59.43999964	0.86092720	-3.86791600
59.51999964	0.86092720	-3.86791600
59.59999964	0.86092720	-3.78002300
59.67999964	0.86092720	-3.78002300
59.75999964	0.86092720	-3.78002300
59.83999964	0.86092720	-3.69212900
59.91999964	0.86092720	-3.69212900
59.99999964	0.86092720	-3.60454100
60.07999963	0.86092720	-3.60454100
60.15999963	0.86092720	-3.60454100
60.23999963	0.86092720	-3.51664800
60.31999963	0.86092720	-3.51664800
60.39999963	0.86092720	-3.42875500
60.47999963	0.86092720	-3.51664800
60.55999963	0.86092720	-3.42875500
60.63999963	0.86092720	-3.42875500
60.71999963	0.86092720	-3.34086100
60.79999963	0.86092720	-3.34086100
60.87999963	0.86092720	-3.25327300
60.95999963	0.86092720	-3.16538000
61.03999963	0.86092720	-3.16538000
61.11999963	0.86092720	-3.16538000
61.19999963	0.86092720	-3.07748700
61.27999963	0.86092720	-3.07748700
61.35999963	0.86092720	-3.07748700
61.43999963	0.86092720	-2.98959300
61.51999963	0.86092720	-2.90200500
61.59999963	0.86092720	-2.90200500
61.67999963	0.86092720	-2.90200500
61.75999962	0.86092720	-2.81411200
61.83999962	0.86092720	-2.81411200
61.91999962	0.86092720	-2.81411200
61.99999962	0.86092720	-2.72621800
62.07999962	0.77211830	-2.72621800
62.15999962	0.77211830	-2.63832500
62.23999962	0.77211830	-2.63832500
62.31999962	0.77211830	-2.63832500
62.39999962	0.77211830	-2.55043200
62.47999962	0.86092720	-2.46284400
62.55999962	0.77211830	-2.46284400
62.63999962	0.77211830	-2.46284400
62.71999962	0.77211830	-2.37495000
62.79999962	0.77211830	-2.28705700
62.87999962	0.86092720	-2.28705700
62.95999962	0.77211830	-2.28705700
63.03999962	0.77211830	-2.19916400
63.11999962	0.77211830	-2.11157600
63.19999962	0.77211830	-2.11157600
63.27999962	0.77211830	-2.11157600
63.35999961	0.77211830	-2.02368200
63.43999961	0.77211830	-1.93578900
63.51999961	0.77211830	-1.93578900
63.59999961	0.77211830	-1.93578900
63.67999961	0.77211830	-1.84789600
63.75999961	0.77211830	-1.84789600
63.83999961	0.77211830	-1.76030800
63.91999961	0.77211830	-1.76030800
63.99999961	0.77211830	-1.67241400
64.07999961	0.77211830	-1.58452100
64.15999961	0.77211830	-1.58452100
64.23999961	0.77211830	-1.49662800
64.31999961	0.77211830	-1.49662800
64.39999961	0.77211830	-1.40904000
64.47999961	0.68361460	-1.40904000
64.55999961	0.77211830	-1.32114600
64.63999961	0.77211830	-1.32114600
64.71999961	0.68361460	-1.23325300
64.79999961	0.77211830	-1.23325300
64.87999961	0.77211830	-1.23325300
64.95999961	0.68361460	-1.14536000
65.03999960	0.68361460	-1.05746600
65.11999960	0.77211830	-1.05746600
65.19999960	0.68361460	-0.96987830
65.27999960	0.77211830	-0.96987830
65.35999960	0.68361460	-0.88198490
65.43999960	0.77211830	-0.88198490
65.51999960	0.77211830	-0.79409160
65.59999960	0.77211830	-0.70619830
65.67999960	0.68361460	-0.70619830
65.75999960	0.68361460	-0.61861020
65.83999960	0.77211830	-0.53071690
65.91999960	0.68361460	-0.53071690
65.99999960	0.68361460	-0.44282360
66.07999960	0.68361460	-0.44282360
66.15999960	0.68361460	-0.35493030
66.23999960	0.68361460	-0.35493030
66.31999960	0.68361460	-0.35493030
66.39999960	0.68361460	-0.26734220
66.47999960	0.68361460	-0.17944880
66.55999960	0.68361460	-0.09155553
66.63999959	0.68361460	-0.09155553
66.71999959	0.68361460	-0.00366222
66.79999959	0.68361460	-0.00366222
66.87999959	0.68361460	-0.00366222
66.95999959	0.68361460	0.08392590
67.03999959	0.68361460	0.17151400
67.11999959	0.68361460	0.25940730
67.19999959	0.68361460	0.34730060
67.27999959	0.68361460	0.34730060
67.35999959	0.68361460	0.34730060
67.43999959	0.68361460	0.43519400
67.51999959	0.68361460	0.52278210
67.59999959	0.68361460	0.52278210
67.67999959	0.68361460	0.61067540
67.75999959	0.68361460	0.61067540
67.83999959	0.68361460	0.69856870
67.91999959	0.68361460	0.69856870
67.99999959	0.68361460	0.78646200
68.07999959	0.68361460	0.87405010
68.15999959	0.68361460	0.87405010
68.23999959	0.68361460	0.87405010
68.31999958	0.68361460	0.96194340
68.39999958	0.68361460	1.04983700
68.47999958	0.59480580	1.04983700
68.55999958	0.59480580	1.04983700
68.63999958	0.68361460	1.13773000
68.71999958	0.59480580	1.22531800
68.79999958	0.59480580	1.22531800
68.87999958	0.59480580	1.31321100
68.95999958	0.59480580	1.40110500
69.03999958	0.59480580	1.40110500
69.11999958	0.59480580	1.40110500
69.19999958	0.59480580	1.48899800
69.27999958	0.50630210	1.57689100
69.35999958	0.41749320	1.57689100
69.43999958	0.41749320	1.66447900
69.51999958	0.41749320	1.75237300
69.59999958	0.41749320	1.75237300
69.67999958	0.41749320	1.75237300
69.75999958	0.50630210	1.84026600
69.83999958	0.50630210	1.92815900
69.91999958	0.50630210	1.92815900
69.99999957	0.50630210	2.01574800
70.07999957	0.50630210	2.01574800
70.15999957	0.50630210	2.10364100
70.23999957	0.50630210	2.10364100
70.31999957	0.50630210	2.19153400
70.39999957	0.50630210	2.19153400
70.47999957	0.50630210	2.27942800
70.55999957	0.50630210	2.27942800
70.63999957	0.50630210	2.36701600
70.71999957	0.50630210	2.45490900
70.79999957	0.50630210	2.45490900
70.87999957	0.50630210	2.45490900
70.95999957	0.50630210	2.54280200
71.03999957	0.50630210	2.54280200
71.11999957	0.50630210	2.63069600
71.19999957	0.59480580	2.63069600
71.27999957	0.50630210	2.71828400
71.35999957	0.59480580	2.80617700
71.43999957	0.59480580	2.80617700
71.51999957	0.59480580	2.80617700
71.59999956	0.59480580	2.80617700
71.67999956	0.59480580	2.89407000
71.75999956	0.50630210	2.98196400
71.83999956	0.59480580	2.98196400
71.91999956	0.59480580	2.98196400
71.99999956	0.59480580	3.06985700
72.07999956	0.59480580	3.15744500
72.15999956	0.50630210	3.15744500
72.23999956	0.50630210	3.15744500
72.31999956	0.59480580	3.24533800
72.39999956	0.59480580	3.24533800
72.47999956	0.59480580	3.33323200
72.55999956	0.59480580	3.33323200
72.63999956	0.59480580	3.33323200
72.71999956	0.59480580	3.42112500
72.79999956	0.59480580	3.50871300
72.87999956	0.59480580	3.50871300
72.95999956	0.59480580	3.50871300
73.03999956	0.59480580	3.50871300
73.11999956	0.59480580	3.59660600
73.19999956	0.59480580	3.59660600
73.27999955	0.59480580	3.68450000
73.35999955	0.59480580	3.68450000
73.43999955	0.59480580	3.68450000
73.51999955	0.59480580	3.77239300
73.59999955	0.59480580	3.85998100
73.67999955	0.59480580	3.85998100
73.75999955	0.59480580	3.85998100
73.83999955	0.59480580	3.85998100
73.91999955	0.59480580	3.94787400
73.99999955	0.59480580	3.94787400
74.07999955	0.59480580	3.94787400
74.15999955	0.59480580	4.03576800
74.23999955	0.59480580	4.03576800
74.31999955	0.68361460	4.12366100
74.39999955	0.59480580	4.12366100
74.47999955	0.59480580	4.12366100
74.55999955	0.59480580	4.12366100
74.63999955	0.59480580	4.21124900
74.71999955	0.59480580	4.21124900
74.79999955	0.59480580	4.21124900
74.87999954	0.59480580	4.21124900
74.95999954	0.68361460	4.29914200
75.03999954	0.59480580	4.29914200
75.11999954	0.59480580	4.29914200
75.19999954	0.59480580	4.38703600
75.27999954	0.59480580	4.38703600
75.35999954	0.68361460	4.38703600
75.43999954	0.59480580	4.47492900
75.51999954	0.59480580	4.47492900
75.59999954	0.68361460	4.47492900
75.67999954	0.59480580	4.47492900
75.75999954	0.59480580	4.56282200
75.83999954	0.68361460	4.56282200
75.91999954	0.68361460	4.56282200
75.99999954	0.68361460	4.56282200
76.07999954	0.59480580	4.56282200
76.15999954	0.68361460	4.56282200
76.23999954	0.59480580	4.65041100
76.31999954	0.59480580	4.65041100
76.39999954	0.68361460	4.65041100
76.47999954	0.68361460	4.73830400
76.55999953	0.68361460	4.73830400
76.63999953	0.68361460	4.73830400
76.71999953	0.68361460	4.73830400
76.79999953	0.68361460	4.73830400
76.87999953	0.68361460	4.73830400
76.95999953	0.68361460	4.82619700
77.03999953	0.68361460	4.73830400
77.11999953	0.68361460	4.82619700
77.19999953	0.68361460	4.82619700
77.27999953	0.68361460	4.82619700
77.35999953	0.68361460	4.82619700
77.43999953	0.68361460	4.91409000
77.51999953	0.68361460	4.82619700
77.59999953	0.68361460	4.91409000
77.67999953	0.68361460	4.91409000
77.75999953	0.59480580	4.82619700
77.83999953	0.68361460	4.91409000
77.91999953	0.68361460	4.91409000
77.99999953	0.68361460	4.91409000
78.07999953	0.68361460	4.91409000
78.15999952	0.68361460	4.91409000
78.23999952	0.68361460	4.91409000
78.31999952	0.68361460	4.91409000
78.39999952	0.68361460	4.91409000
78.47999952	0.68361460	4.91409000
78.55999952	0.68361460	4.91409000
78.63999952	0.68361460	4.91409000
78.71999952	0.68361460	4.91409000
78.79999952	0.68361460	4.91409000
78.87999952	0.68361460	4.91409000
78.95999952	0.68361460	4.91409000
79.03999952	0.68361460	4.91409000
79.11999952	0.68361460	4.91409000
79.19999952	0.68361460	4.91409000
79.27999952	0.68361460	4.82619700
79.35999952	0.68361460	4.91409000
79.43999952	0.68361460	4.91409000
79.51999952	0.68361460	4.82619700
79.59999952	0.68361460	4.82619700
79.67999952	0.68361460	4.91409000
79.75999952	0.68361460	4.82619700
79.83999951	0.68361460	4.82619700
79.91999951	0.68361460	4.82619700
79.99999951	0.68361460	4.82619700
80.07999951	0.68361460	4.82619700
80.15999951	0.68361460	4.82619700
80.23999951	0.68361460	4.82619700
80.31999951	0.68361460	4.73830400
80.39999951	0.68361460	4.73830400
80.47999951	0.68361460	4.73830400
80.55999951	0.68361460	4.73830400
80.63999951	0.68361460	4.73830400
80.71999951	0.68361460	4.73830400
80.79999951	0.68361460	4.65041100
80.87999951	0.68361460	4.65041100
80.95999951	0.68361460	4.65041100
81.03999951	0.68361460	4.56282200
81.11999951	0.68361460	4.56282200
81.19999951	0.68361460	4.56282200
81.27999951	0.68361460	4.56282200
81.35999951	0.68361460	4.56282200
81.43999951	0.68361460	4.56282200
81.51999950	0.68361460	4.47492900
81.59999950	0.68361460	4.56282200
81.67999950	0.68361460	4.47492900
81.75999950	0.68361460	4.47492900
81.83999950	0.68361460	4.38703600
81.91999950	0.68361460	4.38703600
81.99999950	0.68361460	4.38703600
82.07999950	0.68361460	4.38703600
82.15999950	0.59480580	4.38703600
82.23999950	0.68361460	4.29914200
82.31999950	0.68361460	4.29914200
82.39999950	0.68361460	4.21124900
82.47999950	0.68361460	4.21124900
82.55999950	0.68361460	4.21124900
82.63999950	0.68361460	4.21124900
82.71999950	0.68361460	4.21124900
82.79999950	0.68361460	4.12366100
82.87999950	0.68361460	4.12366100
82.95999950	0.68361460	4.12366100
83.03999950	0.68361460	4.03576800
83.11999949	0.68361460	4.03576800
83.19999949	0.68361460	4.03576800
83.27999949	0.68361460	3.94787400
83.35999949	0.68361460	3.85998100
83.43999949	0.68361460	3.94787400
83.51999949	0.59480580	3.85998100
83.59999949	0.59480580	3.85998100
83.67999949	0.68361460	3.85998100
83.75999949	0.68361460	3.77239300
83.83999949	0.59480580	3.77239300
83.91999949	0.68361460	3.77239300
83.99999949	0.59480580	3.68450000
84.07999949	0.68361460	3.68450000
84.15999949	0.68361460	3.68450000
84.23999949	0.68361460	3.68450000
84.31999949	0.68361460	3.59660600
84.39999949	0.59480580	3.50871300
84.47999949	0.68361460	3.59660600
84.55999949	0.68361460	3.50871300
84.63999949	0.68361460	3.42112500
84.71999949	0.59480580	3.50871300
84.79999948	0.59480580	3.42112500
84.87999948	0.59480580	3.42112500
84.95999948	0.59480580	3.33323200
85.03999948	0.59480580	3.33323200
85.11999948	0.59480580	3.33323200
85.19999948	0.59480580	3.24533800
85.27999948	0.59480580	3.24533800
85.35999948	0.50630210	3.15744500
85.43999948	0.50630210	3.15744500
85.51999948	0.50630210	3.06985700
85.59999948	0.50630210	3.06985700
85.67999948	0.50630210	3.06985700
85.75999948	0.50630210	2.98196400
85.83999948	0.41749320	2.98196400
85.91999948	0.50630210	2.89407000
85.99999948	0.41749320	2.89407000
86.07999948	0.50630210	2.89407000
86.15999948	0.41749320	2.80617700
86.23999948	0.32898950	2.80617700
86.31999948	0.41749320	2.80617700
86.39999947	0.32898950	2.71828400
86.47999947	0.32898950	2.71828400
86.55999947	0.32898950	2.63069600
86.63999947	0.32898950	2.63069600
86.71999947	0.32898950	2.54280200
86.79999947	0.32898950	2.54280200
86.87999947	0.24048580	2.45490900
86.95999947	0.24048580	2.45490900
87.03999947	0.24048580	2.45490900
87.11999947	0.24048580	2.36701600
87.19999947	0.24048580	2.36701600
87.27999947	0.24048580	2.27942800
87.35999947	0.24048580	2.27942800
87.43999947	0.15167700	2.19153400
87.51999947	0.15167700	2.19153400
87.59999947	0.15167700	2.10364100
87.67999947	0.15167700	2.10364100
87.75999947	0.15167700	2.01574800
87.83999947	0.06317332	2.01574800
87.91999947	0.06317332	2.01574800
87.99999947	0.06317332	1.92815900
88.07999946	0.06317332	1.92815900
88.15999946	0.06317332	1.84026600
88.23999946	-0.02563555	1.84026600
88.31999946	-0.02563555	1.75237300
88.39999946	-0.02563555	1.75237300
88.47999946	-0.02563555	1.75237300
88.55999946	-0.02563555	1.75237300
88.63999946	-0.02563555	1.57689100
88.71999946	-0.11413920	1.57689100
88.79999946	-0.11413920	1.57689100
88.87999946	-0.11413920	1.48899800
88.95999946	-0.11413920	1.48899800
89.03999946	-0.11413920	1.48899800
89.11999946	-0.11413920	1.40110500
89.19999946	-0.11413920	1.31321100
89.27999946	-0.20294810	1.31321100
89.35999946	-0.20294810	1.31321100
89.43999946	-0.20294810	1.22531800
89.51999946	-0.20294810	1.22531800
89.59999946	-0.20294810	1.13773000
89.67999945	-0.20294810	1.13773000
89.75999945	-0.29145180	1.13773000
89.83999945	-0.29145180	1.04983700
89.91999945	-0.29145180	1.04983700
89.99999945	-0.38026060	0.96194340
90.07999945	-0.38026060	0.87405010
90.15999945	-0.38026060	0.87405010
90.23999945	-0.38026060	0.87405010
90.31999945	-0.38026060	0.87405010
90.39999945	-0.38026060	0.78646200
90.47999945	-0.38026060	0.78646200
90.55999945	-0.46876430	0.69856870
90.63999945	-0.46876430	0.69856870
90.71999945	-0.38026060	0.61067540
90.79999945	-0.46876430	0.61067540
90.87999945	-0.38026060	0.61067540
90.95999945	-0.46876430	0.52278210
91.03999945	-0.46876430	0.43519400
91.11999945	-0.46876430	0.43519400
91.19999945	-0.46876430	0.34730060
91.27999945	-0.46876430	0.34730060
91.35999944	-0.46876430	0.25940730
91.43999944	-0.46876430	0.25940730
91.51999944	-0.46876430	0.17151400
91.59999944	-0.46876430	0.17151400
91.67999944	-0.46876430	0.17151400
91.75999944	-0.46876430	0.08392590
91.83999944	-0.46876430	0.08392590
91.91999944	-0.55757310	-0.00366222
91.99999944	-0.46876430	-0.00366222
92.07999944	-0.55757310	-0.09155553
92.15999944	-0.55757310	-0.09155553
92.23999944	-0.55757310	-0.17944880
92.31999944	-0.55757310	-0.17944880
92.39999944	-0.55757310	-0.26734220
92.47999944	-0.55757310	-0.26734220
92.55999944	-0.55757310	-0.35493030
92.63999944	-0.55757310	-0.35493030
92.71999944	-0.55757310	-0.35493030
92.79999944	-0.55757310	-0.44282360
92.87999944	-0.55757310	-0.44282360
92.95999944	-0.55757310	-0.44282360
93.03999943	-0.55757310	-0.53071690
93.11999943	-0.55757310	-0.61861020
93.19999943	-0.55757310	-0.61861020
93.27999943	-0.55757310	-0.70619830
93.35999943	-0.55757310	-0.70619830
93.43999943	-0.55757310	-0.70619830
93.51999943	-0.55757310	-0.79409160
93.59999943	-0.55757310	-0.79409160
93.67999943	-0.55757310	-0.88198490
93.75999943	-0.55757310	-0.88198490
93.83999943	-0.55757310	-0.96987830
93.91999943	-0.64607690	-0.96987830
93.99999943	-0.64607690	-1.05746600
94.07999943	-0.64607690	-1.05746600
94.15999943	-0.64607690	-1.05746600
94.23999943	-0.64607690	-1.14536000
94.31999943	-0.64607690	-1.23325300
94.39999943	-0.64607690	-1.23325300
94.47999943	-0.64607690	-1.23325300
94.55999943	-0.64607690	-1.32114600
94.63999942	-0.64607690	-1.32114600
94.71999942	-0.64607690	-1.40904000
94.79999942	-0.64607690	-1.40904000
94.87999942	-0.64607690	-1.40904000
94.95999942	-0.64607690	-1.40904000
95.03999942	-0.73488570	-1.49662800
95.11999942	-0.73488570	-1.49662800
95.19999942	-0.73488570	-1.58452100
95.27999942	-0.64607690	-1.58452100
95.35999942	-0.73488570	-1.67241400
95.43999942	-0.73488570	-1.67241400
95.51999942	-0.64607690	-1.67241400
95.59999942	-0.73488570	-1.76030800
95.67999942	-0.73488570	-1.76030800
95.75999942	-0.73488570	-1.76030800
95.83999942	-0.73488570	-1.76030800
95.91999942	-0.73488570	-1.84789600
95.99999942	-0.73488570	-1.93578900
96.07999942	-0.64607690	-1.93578900
96.15999942	-0.73488570	-1.93578900
96.23999942	-0.73488570	-1.93578900
96.31999941	-0.73488570	-2.02368200
96.39999941	-0.73488570	-2.02368200
96.47999941	-0.73488570	-2.11157600
96.55999941	-0.73488570	-2.11157600
96.63999941	-0.73488570	-2.11157600
96.71999941	-0.73488570	-2.19916400
96.79999941	-0.73488570	-2.19916400
96.87999941	-0.73488570	-2.19916400
96.95999941	-0.73488570	-2.19916400
97.03999941	-0.73488570	-2.28705700
97.11999941	-0.73488570	-2.28705700
97.19999941	-0.73488570	-2.28705700
97.27999941	-0.73488570	-2.37495000
97.35999941	-0.73488570	-2.37495000
97.43999941	-0.73488570	-2.37495000
97.51999941	-0.73488570	-2.46284400
97.59999941	-0.73488570	-2.46284400
97.67999941	-0.73488570	-2.46284400
97.75999941	-0.73488570	-2.46284400
97.83999941	-0.73488570	-2.55043200
97.91999940	-0.73488570	-2.55043200
97.99999940	-0.73488570	-2.55043200
98.07999940	-0.73488570	-2.63832500
98.15999940	-0.73488570	-2.63832500
98.23999940	-0.73488570	-2.63832500
98.31999940	-0.73488570	-2.63832500
98.39999940	-0.73488570	-2.72621800
98.47999940	-0.73488570	-2.72621800
98.55999940	-0.73488570	-2.72621800
98.63999940	-0.73488570	-2.81411200
98.71999940	-0.73488570	-2.81411200
98.79999940	-0.82338940	-2.81411200
98.87999940	-0.73488570	-2.81411200
98.95999940	-0.73488570	-2.90200500
99.03999940	-0.82338940	-2.81411200
99.11999940	-0.73488570	-2.90200500
99.19999940	-0.73488570	-2.90200500
99.27999940	-0.82338940	-2.90200500
99.35999940	-0.82338940	-2.98959300
99.43999940	-0.73488570	-2.90200500
99.51999940	-0.73488570	-2.98959300
99.59999939	-0.73488570	-2.98959300
99.67999939	-0.73488570	-2.98959300
99.75999939	-0.82338940	-3.07748700
99.83999939	-0.73488570	-3.07748700
99.91999939	-0.73488570	-3.07748700
99.99999939	-0.82338940	-3.07748700
100.07999939	-0.73488570	-3.16538000
100.15999939	-0.82338940	-3.16538000
100.23999939	-0.82338940	-3.16538000
100.31999939	-0.82338940	-3.16538000
100.39999939	-0.82338940	-3.16538000
100.47999939	-0.82338940	-3.16538000
100.55999939	-0.73488570	-3.16538000
100.63999939	-0.73488570	-3.16538000
100.71999939	-0.73488570	-3.25327300
100.79999939	-0.82338940	-3.16538000
100.87999939	-0.73488570	-3.25327300
100.95999939	-0.82338940	-3.34086100
101.03999939	-0.82338940	-3.25327300
101.11999939	-0.82338940	-3.25327300
101.19999938	-0.73488570	-3.25327300
101.27999938	-0.82338940	-3.25327300
101.35999938	-0.82338940	-3.34086100
101.43999938	-0.82338940	-3.34086100
101.51999938	-0.82338940	-3.34086100
101.59999938	-0.82338940	-3.34086100
101.67999938	-0.82338940	-3.34086100
101.75999938	-0.82338940	-3.34086100
101.83999938	-0.82338940	-3.34086100
101.91999938	-0.82338940	-3.34086100
101.99999938	-0.82338940	-3.34086100
102.07999938	-0.82338940	-3.34086100
102.15999938	-0.82338940	-3.34086100
102.23999938	-0.82338940	-3.34086100
102.31999938	-0.82338940	-3.34086100
102.39999938	-0.82338940	-3.34086100
102.47999938	-0.73488570	-3.34086100
102.55999938	-0.82338940	-3.34086100
102.63999938	-0.82338940	-3.42875500
102.71999938	-0.82338940	-3.42875500
102.79999938	-0.82338940	-3.42875500
102.87999937	-0.82338940	-3.42875500
102.95999937	-0.82338940	-3.42875500
103.03999937	-0.73488570	-3.42875500
103.11999937	-0.82338940	-3.34086100
103.19999937	-0.82338940	-3.34086100
103.27999937	-0.82338940	-3.42875500
103.35999937	-0.82338940	-3.34086100
103.43999937	-0.82338940	-3.42875500
103.51999937	-0.82338940	-3.42875500
103.59999937	-0.82338940	-3.42875500
103.67999937	-0.82338940	-3.42875500
103.75999937	-0.82338940	-3.42875500
103.83999937	-0.82338940	-3.42875500
103.91999937	-0.82338940	-3.34086100
103.99999937	-0.82338940	-3.42875500
104.07999937	-0.82338940	-3.42875500
104.15999937	-0.73488570	-3.34086100
104.23999937	-0.82338940	-3.34086100
104.31999937	-0.82338940	-3.34086100
104.39999937	-0.82338940	-3.34086100
104.47999937	-0.82338940	-3.34086100
104.55999936	-0.82338940	-3.34086100
104.63999936	-0.82338940	-3.34086100
104.71999936	-0.82338940	-3.34086100
104.79999936	-0.82338940	-3.34086100
104.87999936	-0.82338940	-3.34086100
104.95999936	-0.73488570	-3.34086100
105.03999936	-0.82338940	-3.34086100
105.11999936	-0.82338940	-3.25327300
105.19999936	-0.82338940	-3.34086100
105.27999936	-0.82338940	-3.34086100
105.35999936	-0.82338940	-3.25327300
105.43999936	-0.82338940	-3.25327300
105.51999936	-0.82338940	-3.25327300
105.59999936	-0.82338940	-3.25327300
105.67999936	-0.82338940	-3.25327300
105.75999936	-0.82338940	-3.16538000
105.83999936	-0.82338940	-3.16538000
105.91999936	-0.82338940	-3.16538000
105.99999936	-0.82338940	-3.16538000
106.07999936	-0.82338940	-3.25327300
106.15999935	-0.82338940	-3.16538000
106.23999935	-0.82338940	-3.16538000
106.31999935	-0.82338940	-3.16538000
106.39999935	-0.82338940	-3.16538000
106.47999935	-0.82338940	-3.07748700
106.55999935	-0.82338940	-3.16538000
106.63999935	-0.82338940	-3.16538000
106.71999935	-0.82338940	-3.07748700
106.79999935	-0.82338940	-3.07748700
106.87999935	-0.82338940	-3.07748700
106.95999935	-0.82338940	-2.98959300
107.03999935	-0.82338940	-2.98959300
107.11999935	-0.73488570	-2.98959300
107.19999935	-0.82338940	-2.98959300
107.27999935	-0.73488570	-2.98959300
107.35999935	-0.82338940	-2.90200500
107.43999935	-0.82338940	-2.90200500
107.51999935	-0.82338940	-2.90200500
107.59999935	-0.82338940	-2.90200500
107.67999935	-0.82338940	-2.90200500
107.75999935	-0.73488570	-2.90200500
107.83999934	-0.82338940	-2.90200500
107.91999934	-0.82338940	-2.81411200
107.99999934	-0.82338940	-2.81411200
108.07999934	-0.73488570	-2.81411200
108.15999934	-0.82338940	-2.72621800
108.23999934	-0.73488570	-2.81411200
108.31999934	-0.82338940	-2.81411200
108.39999934	-0.82338940	-2.72621800
108.47999934	-0.73488570	-2.72621800
108.55999934	-0.73488570	-2.72621800
108.63999934	-0.82338940	-2.63832500
108.71999934	-0.73488570	-2.63832500
108.79999934	-0.73488570	-2.63832500
108.87999934	-0.82338940	-2.55043200
108.95999934	-0.73488570	-2.55043200
109.03999934	-0.73488570	-2.55043200
109.11999934	-0.73488570	-2.55043200
109.19999934	-0.82338940	-2.46284400
109.27999934	-0.73488570	-2.46284400
109.35999934	-0.73488570	-2.46284400
109.43999933	-0.73488570	-2.46284400
109.51999933	-0.82338940	-2.46284400
109.59999933	-0.82338940	-2.46284400
109.67999933	-0.73488570	-2.37495000
109.75999933	-0.73488570	-2.37495000
109.83999933	-0.73488570	-2.37495000
109.91999933	-0.73488570	-2.28705700
109.99999933	-0.73488570	-2.28705700
110.07999933	-0.73488570	-2.28705700
110.15999933	-0.73488570	-2.28705700
110.23999933	-0.73488570	-2.19916400
110.31999933	-0.73488570	-2.19916400
110.39999933	-0.73488570	-2.19916400
110.47999933	-0.73488570	-2.11157600
110.55999933	-0.73488570	-2.11157600
110.63999933	-0.73488570	-2.11157600
110.71999933	-0.73488570	-2.11157600
110.79999933	-0.73488570	-2.11157600
110.87999933	-0.73488570	-2.02368200
110.95999933	-0.73488570	-2.02368200
111.03999933	-0.73488570	-1.93578900
111.11999932	-0.73488570	-1.93578900
111.19999932	-0.73488570	-1.93578900
111.27999932	-0.73488570	-1.93578900
111.35999932	-0.73488570	-1.93578900
111.43999932	-0.73488570	-1.84789600
111.51999932	-0.73488570	-1.84789600
111.59999932	-0.73488570	-1.84789600
111.67999932	-0.73488570	-1.76030800
111.75999932	-0.73488570	-1.76030800
111.83999932	-0.73488570	-1.76030800
111.91999932	-0.73488570	-1.76030800
111.99999932	-0.73488570	-1.67241400
112.07999932	-0.73488570	-1.67241400
112.15999932	-0.73488570	-1.58452100
112.23999932	-0.73488570	-1.67241400
112.31999932	-0.64607690	-1.58452100
112.39999932	-0.64607690	-1.58452100
112.47999932	-0.64607690	-1.58452100
112.55999932	-0.73488570	-1.58452100
112.63999932	-0.64607690	-1.49662800
112.71999931	-0.64607690	-1.49662800
112.79999931	-0.64607690	-1.49662800
112.87999931	-0.64607690	-1.40904000
112.95999931	-0.55757310	-1.40904000
113.03999931	-0.55757310	-1.40904000
113.11999931	-0.55757310	-1.40904000
113.19999931	-0.55757310	-1.40904000
113.27999931	-0.55757310	-1.32114600
113.35999931	-0.55757310	-1.32114600
113.43999931	-0.55757310	-1.23325300
113.51999931	-0.55757310	-1.23325300
113.59999931	-0.55757310	-1.23325300
113.67999931	-0.55757310	-1.23325300
113.75999931	-0.55757310	-1.14536000
113.83999931	-0.55757310	-1.14536000
113.91999931	-0.55757310	-1.14536000
113.99999931	-0.55757310	-1.05746600
114.07999931	-0.55757310	-1.05746600
114.15999931	-0.55757310	-1.05746600
114.23999931	-0.55757310	-1.05746600
114.31999931	-0.55757310	-0.96987830
114.39999930	-0.55757310	-0.96987830
114.47999930	-0.55757310	-0.96987830
114.55999930	-0.55757310	-0.88198490
114.63999930	-0.55757310	-0.96987830
114.71999930	-0.55757310	-0.79409160
114.79999930	-0.55757310	-0.79409160
114.87999930	-0.55757310	-0.79409160
114.95999930	-0.55757310	-0.79409160
115.03999930	-0.55757310	-0.70619830
115.11999930	-0.55757310	-0.70619830
115.19999930	-0.55757310	-0.70619830
115.27999930	-0.46876430	-0.70619830
115.35999930	-0.46876430	-0.61861020
115.43999930	-0.46876430	-0.61861020
115.51999930	-0.46876430	-0.61861020
115.59999930	-0.46876430	-0.53071690
115.67999930	-0.46876430	-0.53071690
115.75999930	-0.46876430	-0.44282360
115.83999930	-0.46876430	-0.44282360
115.91999930	-0.46876430	-0.53071690
115.99999930	-0.46876430	-0.44282360
116.07999929	-0.38026060	-0.35493030
116.15999929	-0.46876430	-0.35493030
116.23999929	-0.38026060	-0.35493030
116.31999929	-0.38026060	-0.35493030
116.39999929	-0.38026060	-0.26734220
116.47999929	-0.38026060	-0.26734220
116.55999929	-0.38026060	-0.26734220
116.63999929	-0.38026060	-0.17944880
116.71999929	-0.38026060	-0.17944880
116.79999929	-0.29145180	-0.17944880
116.87999929	-0.29145180	-0.09155553
116.95999929	-0.29145180	-0.09155553
117.03999929	-0.29145180	-0.09155553
117.11999929	-0.20294810	-0.09155553
117.19999929	-0.20294810	-0.00366222
117.27999929	-0.20294810	-0.00366222
117.35999929	-0.11413920	-0.00366222
117.43999929	-0.11413920	-0.00366222
117.51999929	-0.11413920	0.08392590
117.59999929	-0.11413920	0.08392590
117.67999928	-0.02563555	0.08392590
117.75999928	-0.02563555	0.17151400
117.83999928	-0.02563555	0.17151400
117.91999928	-0.02563555	0.17151400
117.99999928	0.06317332	0.25940730
118.07999928	0.15167700	0.25940730
118.15999928	0.15167700	0.25940730
118.23999928	0.15167700	0.34730060
118.31999928	0.24048580	0.34730060
118.39999928	0.32898950	0.34730060
118.47999928	0.59480580	0.34730060
118.55999928	0.59480580	0.43519400
118.63999928	0.59480580	0.43519400
118.71999928	0.59480580	0.43519400
118.79999928	0.59480580	0.52278210
118.87999928	0.50630210	0.52278210
118.95999928	1.48136800	0.52278210
119.03999928	1.92480200	0.61067540
119.11999928	1.83599400	0.61067540
119.19999928	1.03824000	0.61067540
119.27999928	0.15167700	0.69856870
119.35999927	4.49598700	0.69856870
119.43999927	4.14136200	0.69856870
119.51999927	4.22986600	0.69856870
119.59999927	3.96404900	0.69856870
119.67999927	4.14136200	0.78646200
119.75999927	4.05255300	0.78646200
119.83999927	4.05255300	0.87405010
119.91999927	4.05255300	0.87405010
119.99999927	4.05255300	0.87405010
120.07999927	4.05255300	0.87405010
120.15999927	4.05255300	0.96194340
120.23999927	4.05255300	0.96194340
120.31999927	3.96404900	1.04983700
120.39999927	3.96404900	1.04983700
120.47999927	3.96404900	1.04983700
120.55999927	3.96404900	1.04983700
120.63999927	3.96404900	1.13773000
120.71999927	3.96404900	1.13773000
120.79999927	3.87524000	1.13773000
120.87999927	3.87524000	1.22531800
120.95999926	3.87524000	1.22531800
121.03999926	3.87524000	1.31321100
121.11999926	3.87524000	1.31321100
121.19999926	3.87524000	1.40110500
121.27999926	3.87524000	1.40110500
121.35999926	3.87524000	1.40110500
121.43999926	3.87524000	1.40110500
121.51999926	3.87524000	1.40110500
121.59999926	3.87524000	1.48899800
121.67999926	3.87524000	1.57689100
121.75999926	3.87524000	1.57689100
121.83999926	3.87524000	1.57689100
121.91999926	3.78673700	1.57689100
121.99999926	3.87524000	1.66447900
122.07999926	3.78673700	1.66447900
122.15999926	3.78673700	1.75237300
122.23999926	3.78673700	1.75237300
122.31999926	3.78673700	1.75237300
122.39999926	3.78673700	1.84026600
122.47999926	3.78673700	1.84026600
122.55999926	3.78673700	1.84026600
122.63999925	3.78673700	1.92815900
122.71999925	3.78673700	1.92815900
122.79999925	3.78673700	2.01574800
122.87999925	3.78673700	2.01574800
122.95999925	3.69792800	2.01574800
123.03999925	3.78673700	2.01574800
123.11999925	3.69792800	2.10364100
123.19999925	3.69792800	2.19153400
123.27999925	3.69792800	2.19153400
123.35999925	3.69792800	2.19153400
123.43999925	3.69792800	2.27942800
123.51999925	3.69792800	2.27942800
123.59999925	3.69792800	2.27942800
123.67999925	3.69792800	2.27942800
123.75999925	3.69792800	2.36701600
123.83999925	3.69792800	2.45490900
123.91999925	3.69792800	2.45490900
123.99999925	3.69792800	2.45490900
124.07999925	3.69792800	2.54280200
124.15999925	3.60942400	2.54280200
124.23999924	3.60942400	2.54280200
124.31999924	3.69792800	2.63069600
124.39999924	3.69792800	2.63069600
124.47999924	3.60942400	2.71828400
124.55999924	3.60942400	2.71828400
124.63999924	3.69792800	2.80617700
124.71999924	3.60942400	2.80617700
124.79999924	3.60942400	2.80617700
124.87999924	3.60942400	2.80617700
124.95999924	3.60942400	2.89407000
125.03999924	3.60942400	2.89407000
125.11999924	3.60942400	2.89407000
125.19999924	3.60942400	2.98196400
125.27999924	3.60942400	2.98196400
125.35999924	3.60942400	3.06985700
125.43999924	3.60942400	3.06985700
125.51999924	3.60942400	3.06985700
125.59999924	3.52061500	3.15744500
125.67999924	3.52061500	3.15744500
125.75999924	3.52061500	3.15744500
125.83999924	3.52061500	3.24533800
125.91999923	3.60942400	3.24533800
125.99999923	3.60942400	3.24533800
126.07999923	3.60942400	3.33323200
126.15999923	3.60942400	3.33323200
126.23999923	3.60942400	3.42112500
126.31999923	3.52061500	3.42112500
126.39999923	3.60942400	3.42112500
126.47999923	3.52061500	3.42112500
126.55999923	3.60942400	3.50871300
126.63999923	3.52061500	3.50871300
126.71999923	3.60942400	3.50871300
126.79999923	3.60942400	3.59660600
126.87999923	3.52061500	3.59660600
126.95999923	3.52061500	3.59660600
127.03999923	3.60942400	3.59660600
127.11999923	3.52061500	3.68450000
127.19999923	3.52061500	3.68450000
127.27999923	3.52061500	3.68450000
127.35999923	3.52061500	3.77239300
127.43999923	3.60942400	3.77239300
127.51999923	3.52061500	3.85998100
127.59999922	3.52061500	3.85998100
127.67999922	3.52061500	3.85998100
127.75999922	3.60942400	3.85998100
127.83999922	3.52061500	3.85998100
127.91999922	3.60942400	3.85998100
127.99999922	3.52061500	3.94787400
128.07999922	3.60942400	3.94787400
128.15999922	3.52061500	3.94787400
128.23999922	3.52061500	4.03576800
128.31999922	3.52061500	4.03576800
128.39999922	3.52061500	4.03576800
128.47999922	3.52061500	4.03576800
128.55999922	3.52061500	4.12366100
128.63999922	3.52061500	4.12366100
128.71999922	3.60942400	4.12366100
128.79999922	3.60942400	4.12366100
128.87999922	3.60942400	4.12366100
128.95999922	3.60942400	4.21124900
129.03999922	3.52061500	4.21124900
129.11999922	3.60942400	4.21124900
129.19999921	3.60942400	4.21124900
129.27999921	3.60942400	4.21124900
129.35999921	3.60942400	4.21124900
129.43999921	3.60942400	4.21124900
129.51999921	3.60942400	4.21124900
129.59999921	3.52061500	4.29914200
129.67999921	3.60942400	4.29914200
129.75999921	3.60942400	4.29914200
129.83999921	3.60942400	4.29914200
129.91999921	3.60942400	4.29914200
129.99999921	3.60942400	4.29914200
130.07999921	3.60942400	4.29914200
130.15999921	3.60942400	4.38703600
130.23999921	3.60942400	4.38703600
130.31999921	3.60942400	4.38703600
130.39999921	3.60942400	4.38703600
130.47999921	3.60942400	4.38703600
130.55999921	3.60942400	4.38703600
130.63999921	3.60942400	4.38703600
130.71999921	3.60942400	4.38703600
130.79999921	3.60942400	4.38703600
130.87999920	3.69792800	4.38703600
130.95999920	3.60942400	4.38703600
131.03999920	3.69792800	4.38703600
131.11999920	3.69792800	4.38703600
131.19999920	3.60942400	4.38703600
131.27999920	3.60942400	4.38703600
131.35999920	3.69792800	4.38703600
131.43999920	3.69792800	4.38703600
131.51999920	3.69792800	4.38703600
131.59999920	3.69792800	4.38703600
131.67999920	3.69792800	4.38703600
131.75999920	3.69792800	4.38703600
131.83999920	3.69792800	4.38703600
131.91999920	3.69792800	4.38703600
131.99999920	3.69792800	4.38703600
132.07999920	3.69792800	4.38703600
132.15999920	3.69792800	4.38703600
132.23999920	3.69792800	4.38703600
132.31999920	3.69792800	4.38703600
132.39999920	3.69792800	4.38703600
132.47999919	3.69792800	4.38703600
132.55999919	3.69792800	4.38703600
132.63999919	3.69792800	4.38703600
132.71999919	3.69792800	4.38703600
132.79999919	3.69792800	4.29914200
132.87999919	3.69792800	4.29914200
132.95999919	3.69792800	4.29914200
133.03999919	3.69792800	4.29914200
133.11999919	3.69792800	4.29914200
133.19999919	3.78673700	4.29914200
133.27999919	3.69792800	4.21124900
133.35999919	3.69792800	4.21124900
133.43999919	3.78673700	4.21124900
133.51999919	3.69792800	4.21124900
133.59999919	3.69792800	4.21124900
133.67999919	3.78673700	4.21124900
133.75999919	3.69792800	4.21124900
133.83999919	3.78673700	4.12366100
133.91999919	3.78673700	4.12366100
133.99999919	3.78673700	4.12366100
134.07999919	3.78673700	4.12366100
134.15999918	3.78673700	4.12366100
134.23999918	3.78673700	4.03576800
134.31999918	3.78673700	4.03576800
134.39999918	3.78673700	4.03576800
134.47999918	3.78673700	3.94787400
134.55999918	3.78673700	4.03576800
134.63999918	3.78673700	3.94787400
134.71999918	3.78673700	3.85998100
134.79999918	3.87524000	3.85998100
134.87999918	3.78673700	3.85998100
134.95999918	3.78673700	3.85998100
135.03999918	3.87524000	3.85998100
135.11999918	3.78673700	3.85998100
135.19999918	3.87524000	3.77239300
135.27999918	3.87524000	3.68450000
135.35999918	3.87524000	3.68450000
135.43999918	3.87524000	3.68450000
135.51999918	3.87524000	3.68450000
135.59999918	3.87524000	3.59660600
135.67999918	3.87524000	3.59660600
135.75999917	3.87524000	3.50871300
135.83999917	3.87524000	3.50871300
135.91999917	3.87524000	3.50871300
135.99999917	3.87524000	3.50871300
136.07999917	3.87524000	3.42112500
136.15999917	3.87524000	3.42112500
136.23999917	3.87524000	3.42112500
136.31999917	3.87524000	3.33323200
136.39999917	3.87524000	3.33323200
136.47999917	3.87524000	3.24533800
136.55999917	3.87524000	3.24533800
136.63999917	3.87524000	3.15744500
136.71999917	3.87524000	3.15744500
136.79999917	3.87524000	3.15744500
136.87999917	3.87524000	3.06985700
136.95999917	3.96404900	3.06985700
137.03999917	3.96404900	2.98196400
137.11999917	3.96404900	2.98196400
137.19999917	3.96404900	2.89407000
137.27999917	3.96404900	2.89407000
137.35999917	3.96404900	2.89407000
137.43999916	3.96404900	2.80617700
137.51999916	3.96404900	2.80617700
137.59999916	3.96404900	2.80617700
137.67999916	3.96404900	2.71828400
137.75999916	3.96404900	2.71828400
137.83999916	4.05255300	2.63069600
137.91999916	4.05255300	2.63069600
137.99999916	4.05255300	2.54280200
138.07999916	4.05255300	2.54280200
138.15999916	3.96404900	2.45490900
138.23999916	3.96404900	2.45490900
138.31999916	4.05255300	2.45490900
138.39999916	4.05255300	2.36701600
138.47999916	4.05255300	2.27942800
138.55999916	4.05255300	2.27942800
138.63999916	4.05255300	2.19153400
138.71999916	4.05255300	2.19153400
138.79999916	4.05255300	2.10364100
138.87999916	4.05255300	2.10364100
138.95999916	4.05255300	2.01574800
139.03999915	4.05255300	2.01574800
139.11999915	4.05255300	2.01574800
139.19999915	4.05255300	1.92815900
139.27999915	4.05255300	1.84026600
139.35999915	4.05255300	1.84026600
139.43999915	4.05255300	1.75237300
139.51999915	4.05255300	1.75237300
139.59999915	4.14136200	1.75237300
139.67999915	4.05255300	1.57689100
139.75999915	4.05255300	1.57689100
139.83999915	4.05255300	1.57689100
139.91999915	4.14136200	1.48899800
139.99999915	4.05255300	1.40110500
140.07999915	4.05255300	1.40110500
140.15999915	4.14136200	1.31321100
140.23999915	4.14136200	1.31321100
140.31999915	4.05255300	1.31321100
140.39999915	4.14136200	1.22531800
140.47999915	4.14136200	1.13773000
140.55999915	4.14136200	1.04983700
140.63999915	4.14136200	1.04983700
140.71999914	4.14136200	1.04983700
140.79999914	4.14136200	1.04983700
140.87999914	4.14136200	0.96194340
140.95999914	4.14136200	0.87405010
141.03999914	4.14136200	0.87405010
141.11999914	4.14136200	0.78646200
141.19999914	4.14136200	0.69856870
141.27999914	4.14136200	0.69856870
141.35999914	4.14136200	0.69856870
141.43999914	4.14136200	0.61067540
141.51999914	4.14136200	0.52278210
141.59999914	4.14136200	0.52278210
141.67999914	4.14136200	0.43519400
141.75999914	4.14136200	0.34730060
141.83999914	4.14136200	0.34730060
141.91999914	4.14136200	0.25940730
141.99999914	4.22986600	0.25940730
142.07999914	4.14136200	0.17151400
142.15999914	4.14136200	0.08392590
142.23999914	4.14136200	0.08392590
142.31999914	4.22986600	-0.00366222
142.39999913	4.22986600	-0.00366222
142.47999913	4.22986600	-0.00366222
142.55999913	4.22986600	-0.09155553
142.63999913	4.22986600	-0.17944880
142.71999913	4.22986600	-0.17944880
142.79999913	4.22986600	-0.26734220
142.87999913	4.14136200	-0.35493030
142.95999913	4.22986600	-0.35493030
143.03999913	4.22986600	-0.44282360
143.11999913	4.22986600	-0.44282360
143.19999913	4.22986600	-0.53071690
143.27999913	4.22986600	-0.53071690
143.35999913	4.22986600	-0.61861020
143.43999913	4.22986600	-0.70619830
143.51999913	4.22986600	-0.70619830
143.59999913	4.22986600	-0.79409160
143.67999913	4.22986600	-0.88198490
143.75999913	4.22986600	-0.88198490
143.83999913	4.22986600	-0.96987830
143.91999913	4.22986600	-1.05746600
143.99999912	4.22986600	-1.05746600
144.07999912	4.22986600	-1.14536000
144.15999912	4.22986600	-1.14536000
144.23999912	4.22986600	-1.23325300
144.31999912	4.31867400	-1.23325300
144.39999912	4.22986600	-1.32114600
144.47999912	4.22986600	-1.40904000
144.55999912	4.31867400	-1.40904000
144.63999912	4.31867400	-1.40904000
144.71999912	4.31867400	-1.49662800
144.79999912	4.31867400	-1.58452100
144.87999912	4.31867400	-1.58452100
144.95999912	4.31867400	-1.67241400
145.03999912	4.40717800	-1.76030800
145.11999912	4.40717800	-1.76030800
145.19999912	4.67329900	-1.76030800
145.27999912	4.93911600	-1.93578900
145.35999912	5.20523700	-1.84789600
145.43999912	5.20523700	-1.93578900
145.51999912	5.11642800	-2.02368200
145.59999912	5.02792500	-2.02368200
145.67999911	5.02792500	-2.11157600
145.75999911	5.11642800	-2.11157600
145.83999911	5.11642800	-2.11157600
145.91999911	5.11642800	-2.19916400
145.99999911	5.11642800	-2.28705700
146.07999911	5.11642800	-2.28705700
146.15999911	5.02792500	-2.37495000
146.23999911	5.02792500	-2.46284400
146.31999911	5.02792500	-2.46284400
146.39999911	5.02792500	-2.55043200
146.47999911	5.02792500	-2.55043200
146.55999911	5.02792500	-2.63832500
146.63999911	4.93911600	-2.63832500
146.71999911	5.02792500	-2.72621800
146.79999911	4.93911600	-2.72621800
146.87999911	4.93911600	-2.81411200
146.95999911	4.93911600	-2.81411200
147.03999911	4.93911600	-2.81411200
147.11999911	4.85061200	-2.81411200
147.19999911	4.85061200	-2.90200500
147.27999910	4.85061200	-2.98959300
147.35999910	4.85061200	-2.98959300
147.43999910	4.76180300	-3.07748700
147.51999910	4.76180300	-3.07748700
147.59999910	4.76180300	-3.16538000
147.67999910	4.76180300	-3.16538000
147.75999910	4.76180300	-3.16538000
147.83999910	4.67329900	-3.25327300
147.91999910	4.76180300	-3.25327300
147.99999910	4.67329900	-3.34086100
148.07999910	4.67329900	-3.34086100
148.15999910	4.58449000	-3.42875500
148.23999910	4.58449000	-3.42875500
148.31999910	4.58449000	-3.51664800
148.39999910	4.58449000	-3.51664800
148.47999910	4.58449000	-3.51664800
148.55999910	4.58449000	-3.60454100
148.63999910	4.49598700	-3.60454100
148.71999910	4.58449000	-3.69212900
148.79999910	4.49598700	-3.78002300
148.87999910	4.49598700	-3.78002300
148.95999909	4.49598700	-3.78002300
149.03999909	4.49598700	-3.78002300
149.11999909	4.40717800	-3.86791600
149.19999909	4.40717800	-3.86791600
149.27999909	4.40717800	-3.86791600
149.35999909	4.40717800	-3.95580900
149.43999909	4.40717800	-3.95580900
149.51999909	4.40717800	-4.04339700
149.59999909	4.40717800	-4.04339700
149.67999909	4.40717800	-4.04339700
149.75999909	4.40717800	-4.13129000
149.83999909	4.40717800	-4.13129000
149.91999909	4.40717800	-4.21918400
149.99999909	4.40717800	-4.21918400
150.07999909	4.40717800	-4.21918400
150.15999909	4.31867400	-4.21918400
150.23999909	4.40717800	-4.21918400
150.31999909	4.31867400	-4.30707700
150.39999909	4.31867400	-4.30707700
150.47999909	4.31867400	-4.39497000
150.55999908	4.31867400	-4.39497000
150.63999908	4.31867400	-4.39497000
150.71999908	4.31867400	-4.39497000
150.79999908	4.31867400	-4.48255900
150.87999908	4.31867400	-4.48255900
150.95999908	4.31867400	-4.57045200
151.03999908	4.31867400	-4.57045200
151.11999908	4.31867400	-4.57045200
151.19999908	4.31867400	-4.57045200
151.27999908	4.31867400	-4.57045200
151.35999908	4.31867400	-4.65834500
151.43999908	4.31867400	-4.57045200
151.51999908	4.22986600	-4.65834500
151.59999908	4.22986600	-4.65834500
151.67999908	4.22986600	-4.65834500
151.75999908	4.22986600	-4.65834500
151.83999908	4.22986600	-4.74623900
151.91999908	4.22986600	-4.74623900
151.99999908	4.22986600	-4.74623900
152.07999908	4.22986600	-4.74623900
152.15999908	4.31867400	-4.74623900
152.23999907	4.31867400	-4.74623900
152.31999907	4.31867400	-4.83382700
152.39999907	4.22986600	-4.83382700
152.47999907	4.22986600	-4.83382700
152.55999907	4.31867400	-4.83382700
152.63999907	4.22986600	-4.92172000
152.71999907	4.22986600	-4.92172000
152.79999907	4.22986600	-4.92172000
152.87999907	4.22986600	-4.92172000
152.95999907	4.22986600	-4.92172000
153.03999907	4.22986600	-4.92172000
153.11999907	4.22986600	-4.92172000
153.19999907	4.22986600	-4.92172000
153.27999907	4.22986600	-4.92172000
153.35999907	4.22986600	-4.92172000
153.43999907	4.22986600	-4.92172000
153.51999907	4.22986600	-4.92172000
153.59999907	4.22986600	-4.92172000
153.67999907	4.22986600	-4.92172000
153.75999907	4.22986600	-5.00961400
153.83999907	4.22986600	-4.92172000
153.91999906	4.22986600	-4.92172000
153.99999906	4.22986600	-4.92172000
154.07999906	4.22986600	-5.00961400
154.15999906	4.22986600	-4.92172000
154.23999906	4.22986600	-4.92172000
154.31999906	4.22986600	-5.00961400
154.39999906	4.22986600	-5.00961400
154.47999906	4.22986600	-4.92172000
154.55999906	4.22986600	-4.92172000
154.63999906	4.22986600	-4.92172000
154.71999906	4.22986600	-4.92172000
154.79999906	4.22986600	-4.92172000
154.87999906	4.22986600	-4.92172000
154.95999906	4.22986600	-4.92172000
155.03999906	4.22986600	-4.92172000
155.11999906	4.22986600	-4.92172000
155.19999906	4.22986600	-4.92172000
155.27999906	4.22986600	-4.92172000
155.35999906	4.22986600	-4.92172000
155.43999906	4.22986600	-4.92172000
155.51999905	4.22986600	-4.92172000
155.59999905	4.22986600	-4.83382700
155.67999905	4.22986600	-4.92172000
155.75999905	4.22986600	-4.83382700
155.83999905	4.22986600	-4.92172000
155.91999905	4.22986600	-4.83382700
155.99999905	4.22986600	-4.83382700
156.07999905	4.22986600	-4.83382700
156.15999905	4.22986600	-4.74623900
156.23999905	4.22986600	-4.83382700
156.31999905	4.22986600	-4.74623900
156.39999905	4.22986600	-4.74623900
156.47999905	4.22986600	-4.74623900
156.55999905	4.22986600	-4.74623900
156.63999905	4.22986600	-4.74623900
156.71999905	4.22986600	-4.74623900
156.79999905	4.22986600	-4.65834500
156.87999905	4.22986600	-4.65834500
156.95999905	4.31867400	-4.65834500
157.03999905	4.31867400	-4.57045200
157.11999905	4.22986600	-4.57045200
157.19999904	4.22986600	-4.57045200
157.27999904	4.22986600	-4.57045200
157.35999904	4.22986600	-4.57045200
157.43999904	4.22986600	-4.48255900
157.51999904	4.22986600	-4.48255900
157.59999904	4.22986600	-4.39497000
157.67999904	4.22986600	-4.39497000
157.75999904	4.22986600	-4.39497000
157.83999904	4.31867400	-4.39497000
157.91999904	4.22986600	-4.39497000
157.99999904	4.22986600	-4.30707700
158.07999904	4.22986600	-4.30707700
158.15999904	4.22986600	-4.30707700
158.23999904	4.22986600	-4.30707700
158.31999904	4.31867400	-4.21918400
158.39999904	4.22986600	-4.21918400
158.47999904	4.31867400	-4.21918400
158.55999904	4.22986600	-4.13129000
158.63999904	4.22986600	-4.13129000
158.71999904	4.31867400	-4.13129000
158.79999903	4.31867400	-4.04339700
158.87999903	4.22986600	-4.04339700
158.95999903	4.22986600	-4.04339700
159.03999903	4.31867400	-4.04339700
159.11999903	4.40717800	-3.95580900
159.19999903	4.31867400	-3.86791600
159.27999903	4.31867400	-3.86791600
159.35999903	4.40717800	-3.86791600
159.43999903	4.40717800	-3.86791600
159.51999903	4.40717800	-3.78002300
159.59999903	4.58449000	-3.78002300
159.67999903	4.76180300	-3.69212900
159.75999903	4.85061200	-3.69212900
159.83999903	4.85061200	-3.69212900
159.91999903	4.93911600	-3.60454100
159.99999903	4.93911600	-3.51664800
160.07999903	4.85061200	-3.60454100
160.15999903	4.93911600	-3.51664800
160.23999903	4.93911600	-3.51664800
160.31999903	4.93911600	-3.51664800
160.39999903	4.93911600	-3.42875500
160.47999902	4.93911600	-3.34086100
160.55999902	5.02792500	-3.34086100
160.63999902	4.93911600	-3.34086100
160.71999902	4.93911600	-3.25327300
160.79999902	4.93911600	-3.25327300
160.87999902	5.02792500	-3.25327300
160.95999902	5.02792500	-3.16538000
161.03999902	5.11642800	-3.16538000
161.11999902	5.11642800	-3.16538000
161.19999902	5.11642800	-3.07748700
161.27999902	5.11642800	-2.98959300
161.35999902	5.11642800	-2.98959300
161.43999902	5.11642800	-2.90200500
161.51999902	5.11642800	-2.90200500
161.59999902	5.11642800	-2.90200500
161.67999902	5.11642800	-2.81411200
161.75999902	5.11642800	-2.81411200
161.83999902	5.11642800	-2.81411200
161.91999902	5.11642800	-2.72621800
161.99999902	5.11642800	-2.72621800
162.07999901	5.20523700	-2.63832500
162.15999901	5.11642800	-2.63832500
162.23999901	5.11642800	-2.55043200
162.31999901	5.20523700	-2.55043200
162.39999901	5.20523700	-2.46284400
162.47999901	5.20523700	-2.46284400
162.55999901	5.20523700	-2.46284400
162.63999901	5.20523700	-2.46284400
162.71999901	5.20523700	-2.37495000
162.79999901	5.20523700	-2.37495000
162.87999901	5.20523700	-2.28705700
162.95999901	5.20523700	-2.19916400
163.03999901	5.20523700	-2.19916400
163.11999901	5.20523700	-2.19916400
163.19999901	5.20523700	-2.11157600
163.27999901	5.20523700	-2.11157600
163.35999901	5.20523700	-2.02368200
163.43999901	5.20523700	-2.02368200
163.51999901	5.20523700	-1.93578900
163.59999901	5.20523700	-1.93578900
163.67999901	5.20523700	-1.93578900
163.75999900	5.29374100	-1.93578900
163.83999900	5.29374100	-1.76030800
163.91999900	5.29374100	-1.76030800
163.99999900	5.20523700	-1.76030800
164.07999900	5.29374100	-1.67241400
164.15999900	5.29374100	-1.67241400
164.23999900	5.29374100	-1.58452100
164.31999900	5.20523700	-1.58452100
164.39999900	5.29374100	-1.58452100
164.47999900	5.29374100	-1.49662800
164.55999900	5.29374100	-1.40904000
164.63999900	5.29374100	-1.40904000
164.71999900	5.29374100	-1.40904000
164.79999900	5.29374100	-1.32114600
164.87999900	5.29374100	-1.32114600
164.95999900	5.29374100	-1.23325300
165.03999900	5.29374100	-1.23325300
165.11999900	5.29374100	-1.23325300
165.19999900	5.29374100	-1.05746600
165.27999900	5.29374100	-1.05746600
165.35999900	5.38254900	-1.05746600
165.43999899	5.38254900	-1.05746600
165.51999899	5.38254900	-0.96987830
165.59999899	5.38254900	-0.88198490
165.67999899	5.38254900	-0.88198490
165.75999899	5.38254900	-0.79409160
165.83999899	5.47105300	-0.79409160
165.91999899	5.38254900	-0.79409160
165.99999899	5.47105300	-0.70619830
166.07999899	5.47105300	-0.70619830
166.15999899	5.47105300	-0.61861020
166.23999899	5.47105300	-0.61861020
166.31999899	5.47105300	-0.53071690
166.39999899	5.47105300	-0.44282360
166.47999899	5.47105300	-0.44282360
166.55999899	5.55986200	-0.44282360
166.63999899	5.47105300	-0.35493030
166.71999899	5.55986200	-0.35493030
166.79999899	5.55986200	-0.26734220
166.87999899	5.55986200	-0.26734220
166.95999899	5.55986200	-0.17944880
167.03999898	5.55986200	-0.17944880
167.11999898	5.55986200	-0.09155553
167.19999898	5.55986200	-0.09155553
167.27999898	5.55986200	-0.00366222
167.35999898	5.55986200	-0.00366222
167.43999898	5.55986200	-0.00366222
167.51999898	5.55986200	0.08392590
167.59999898	5.55986200	0.08392590
167.67999898	5.55986200	0.17151400
167.75999898	5.55986200	0.17151400
167.83999898	5.64836500	0.17151400
167.91999898	5.55986200	0.34730060
167.99999898	5.64836500	0.34730060
168.07999898	5.55986200	0.34730060
168.15999898	5.55986200	0.43519400
168.23999898	5.64836500	0.52278210
168.31999898	5.55986200	0.52278210
168.39999898	5.55986200	0.52278210
168.47999898	5.64836500	0.61067540
168.55999898	5.55986200	0.61067540
168.63999898	5.64836500	0.69856870
168.71999897	5.64836500	0.69856870
168.79999897	5.64836500	0.69856870
168.87999897	5.64836500	0.78646200
168.95999897	5.64836500	0.78646200
169.03999897	5.64836500	0.87405010
169.11999897	5.64836500	0.87405010
169.19999897	5.64836500	0.87405010
169.27999897	5.64836500	0.96194340
169.35999897	5.64836500	0.96194340
169.43999897	5.64836500	1.04983700
169.51999897	5.64836500	1.04983700
169.59999897	5.64836500	1.04983700
169.67999897	5.64836500	1.13773000
169.75999897	5.64836500	1.13773000
169.83999897	5.64836500	1.22531800
169.91999897	5.64836500	1.22531800
169.99999897	5.64836500	1.31321100
170.07999897	5.73717500	1.31321100
170.15999897	5.64836500	1.40110500
170.23999897	5.64836500	1.40110500
170.31999896	5.64836500	1.40110500
170.39999896	5.64836500	1.40110500
170.47999896	5.73717500	1.48899800
170.55999896	5.73717500	1.57689100
170.63999896	5.73717500	1.57689100
170.71999896	5.73717500	1.57689100
170.79999896	5.73717500	1.57689100
170.87999896	5.73717500	1.75237300
170.95999896	5.73717500	1.75237300
171.03999896	5.64836500	1.75237300
171.11999896	5.73717500	1.75237300
171.19999896	5.73717500	1.84026600
171.27999896	5.64836500	1.84026600
171.35999896	5.64836500	1.84026600
171.43999896	5.73717500	1.92815900
171.51999896	5.73717500	1.92815900
171.59999896	5.73717500	2.01574800
171.67999896	5.73717500	2.01574800
171.75999896	5.73717500	2.01574800
171.83999896	5.73717500	2.10364100
171.91999896	5.73717500	2.10364100
171.99999895	5.73717500	2.10364100
172.07999895	5.73717500	2.19153400
172.15999895	5.73717500	2.19153400
172.23999895	5.73717500	2.27942800
172.31999895	5.73717500	2.27942800
172.39999895	5.82567800	2.27942800
172.47999895	5.82567800	2.36701600
172.55999895	5.82567800	2.36701600
172.63999895	5.73717500	2.36701600
172.71999895	5.82567800	2.45490900
172.79999895	5.82567800	2.45490900
172.87999895	5.82567800	2.45490900
172.95999895	5.73717500	2.45490900
173.03999895	5.82567800	2.54280200
173.11999895	5.82567800	2.54280200
173.19999895	5.73717500	2.54280200
173.27999895	5.82567800	2.63069600
173.35999895	5.82567800	2.63069600
173.43999895	5.82567800	2.63069600
173.51999895	5.82567800	2.71828400
173.59999894	5.82567800	2.71828400
173.67999894	5.82567800	2.71828400
173.75999894	5.82567800	2.71828400
173.83999894	5.82567800	2.80617700
173.91999894	5.82567800	2.80617700
173.99999894	5.82567800	2.80617700
174.07999894	5.82567800	2.80617700
174.15999894	5.82567800	2.80617700
174.23999894	5.82567800	2.89407000
174.31999894	5.82567800	2.89407000
174.39999894	5.82567800	2.89407000
174.47999894	5.82567800	2.98196400
174.55999894	5.82567800	2.98196400
174.63999894	5.82567800	2.98196400
174.71999894	5.82567800	2.98196400
174.79999894	5.82567800	2.98196400
174.87999894	5.82567800	2.98196400
174.95999894	5.82567800	3.06985700
175.03999894	5.82567800	3.15744500
175.11999894	5.82567800	3.15744500
175.19999894	5.82567800	3.15744500
175.27999893	5.82567800	3.15744500
175.35999893	5.82567800	3.15744500
175.43999893	5.82567800	3.15744500
175.51999893	5.82567800	3.24533800
175.59999893	5.82567800	3.24533800
175.67999893	5.82567800	3.24533800
175.75999893	5.82567800	3.24533800
175.83999893	5.82567800	3.33323200
175.91999893	5.91448700	3.33323200
175.99999893	5.82567800	3.33323200
176.07999893	5.82567800	3.33323200
176.15999893	5.82567800	3.33323200
176.23999893	5.82567800	3.33323200
176.31999893	5.82567800	3.33323200
176.39999893	5.82567800	3.33323200
176.47999893	5.82567800	3.42112500
176.55999893	5.82567800	3.42112500
176.63999893	5.82567800	3.42112500
176.71999893	5.91448700	3.42112500
176.79999893	5.82567800	3.42112500
176.87999893	5.82567800	3.42112500
176.95999892	5.82567800	3.42112500
177.03999892	5.82567800	3.42112500
177.11999892	5.91448700	3.42112500
177.19999892	5.82567800	3.50871300
177.27999892	5.82567800	3.42112500
177.35999892	5.82567800	3.50871300
177.43999892	5.82567800	3.50871300
177.51999892	5.82567800	3.50871300
177.59999892	5.82567800	3.50871300
177.67999892	5.82567800	3.50871300
177.75999892	5.91448700	3.50871300
177.83999892	5.82567800	3.50871300
177.91999892	5.91448700	3.50871300
177.99999892	5.91448700	3.50871300
178.07999892	5.91448700	3.50871300
178.15999892	5.91448700	3.50871300
178.23999892	5.82567800	3.50871300
178.31999892	5.82567800	3.50871300
178.39999892	5.91448700	3.50871300
178.47999892	5.91448700	3.50871300
178.55999891	5.91448700	3.50871300
178.63999891	5.91448700	3.50871300
178.71999891	5.82567800	3.50871300
178.79999891	5.91448700	3.50871300
178.87999891	5.91448700	3.50871300
178.95999891	5.82567800	3.50871300
179.03999891	5.91448700	3.50871300
179.11999891	5.91448700	3.50871300
179.19999891	5.91448700	3.50871300
179.27999891	5.91448700	3.50871300
179.35999891	5.82567800	3.50871300
179.43999891	5.91448700	3.50871300
179.51999891	5.91448700	3.50871300
179.59999891	5.91448700	3.50871300
179.67999891	5.82567800	3.50871300
179.75999891	5.91448700	3.50871300
179.83999891	5.91448700	3.50871300
179.91999891	5.91448700	3.50871300
179.99999891	5.91448700	3.50871300
180.07999891	5.91448700	3.50871300
180.15999891	5.91448700	3.42112500
180.23999890	5.91448700	3.50871300
180.31999890	5.91448700	3.50871300
180.39999890	5.91448700	3.42112500
180.47999890	5.91448700	3.50871300
180.55999890	5.82567800	3.42112500
180.63999890	5.91448700	3.42112500
180.71999890	5.91448700	3.42112500
180.79999890	5.91448700	3.42112500
180.87999890	5.91448700	3.42112500
180.95999890	5.91448700	3.42112500
181.03999890	5.91448700	3.42112500
181.11999890	5.91448700	3.42112500
181.19999890	5.91448700	3.42112500
181.27999890	5.91448700	3.42112500
181.35999890	5.82567800	3.33323200
181.43999890	5.91448700	3.33323200
181.51999890	5.91448700	3.33323200
181.59999890	5.82567800	3.24533800
181.67999890	5.91448700	3.33323200
181.75999890	5.91448700	3.24533800
181.83999889	5.91448700	3.24533800
181.91999889	5.82567800	3.24533800
181.99999889	5.91448700	3.24533800
182.07999889	5.82567800	3.24533800
182.15999889	5.91448700	3.15744500
182.23999889	5.82567800	3.24533800
182.31999889	5.82567800	3.15744500
182.39999889	5.91448700	3.15744500
182.47999889	5.82567800	3.15744500
182.55999889	5.91448700	3.06985700
182.63999889	5.82567800	3.15744500
182.71999889	5.82567800	3.06985700
182.79999889	5.82567800	3.06985700
182.87999889	5.91448700	3.06985700
182.95999889	5.82567800	2.98196400
183.03999889	5.82567800	2.98196400
183.11999889	5.82567800	2.98196400
183.19999889	5.82567800	2.98196400
183.27999889	5.82567800	2.98196400
183.35999889	5.82567800	2.89407000
183.43999889	5.82567800	2.89407000
183.51999888	5.91448700	2.89407000
183.59999888	5.82567800	2.89407000
183.67999888	5.82567800	2.89407000
183.75999888	5.82567800	2.80617700
183.83999888	5.82567800	2.80617700
183.91999888	5.82567800	2.80617700
183.99999888	5.82567800	2.80617700
184.07999888	5.82567800	2.80617700
184.15999888	5.82567800	2.71828400
184.23999888	5.82567800	2.71828400
184.31999888	5.82567800	2.71828400
184.39999888	5.82567800	2.71828400
184.47999888	5.82567800	2.63069600
184.55999888	5.82567800	2.63069600
184.63999888	5.82567800	2.63069600
184.71999888	5.82567800	2.63069600
184.79999888	5.82567800	2.63069600
184.87999888	5.82567800	2.54280200
184.95999888	5.82567800	2.54280200
185.03999888	5.82567800	2.45490900
185.11999887	5.82567800	2.45490900
185.19999887	5.82567800	2.45490900
185.27999887	5.82567800	2.45490900
185.35999887	5.73717500	2.45490900
185.43999887	5.82567800	2.45490900
185.51999887	5.73717500	2.36701600
185.59999887	5.82567800	2.36701600
185.67999887	5.82567800	2.36701600
185.75999887	5.82567800	2.27942800
185.83999887	5.73717500	2.27942800
185.91999887	5.73717500	2.27942800
185.99999887	5.73717500	2.27942800
186.07999887	5.73717500	2.27942800
186.15999887	5.73717500	2.19153400
186.23999887	5.73717500	2.19153400
186.31999887	5.73717500	2.19153400
186.39999887	5.73717500	2.10364100
186.47999887	5.73717500	2.10364100
186.55999887	5.73717500	2.10364100
186.63999887	5.73717500	2.10364100
186.71999887	5.73717500	2.01574800
186.79999886	5.64836500	2.01574800
186.87999886	5.64836500	2.01574800
186.95999886	5.73717500	1.92815900
187.03999886	5.64836500	1.92815900
187.11999886	5.64836500	1.92815900
187.19999886	5.64836500	1.84026600
187.27999886	5.64836500	1.84026600
187.35999886	5.64836500	1.84026600
187.43999886	5.64836500	1.84026600
187.51999886	5.64836500	1.75237300
187.59999886	5.64836500	1.75237300
187.67999886	5.64836500	1.75237300
187.75999886	5.64836500	1.75237300
187.83999886	5.64836500	1.75237300
187.91999886	5.64836500	1.66447900
187.99999886	5.64836500	1.66447900
188.07999886	5.64836500	1.57689100
188.15999886	5.64836500	1.57689100
188.23999886	5.55986200	1.57689100
188.31999886	5.55986200	1.57689100
188.39999886	5.55986200	1.48899800
188.47999885	5.55986200	1.48899800
188.55999885	5.47105300	1.48899800
188.63999885	5.11642800	1.40110500
188.71999885	4.58449000	1.40110500
188.79999885	4.31867400	1.40110500
188.87999885	4.31867400	1.31321100
188.95999885	4.31867400	1.31321100
189.03999885	4.40717800	1.31321100
189.11999885	4.31867400	1.22531800
189.19999885	4.31867400	1.31321100
189.27999885	4.31867400	1.22531800
189.35999885	4.31867400	1.22531800
189.43999885	4.22986600	1.22531800
189.51999885	4.22986600	1.13773000
189.59999885	4.31867400	1.13773000
189.67999885	4.31867400	1.04983700
189.75999885	4.22986600	1.04983700
189.83999885	4.22986600	1.04983700
189.91999885	4.22986600	1.04983700
189.99999885	4.22986600	0.96194340
190.07999884	4.31867400	0.96194340
190.15999884	4.31867400	0.96194340
190.23999884	4.22986600	0.87405010
190.31999884	4.22986600	0.87405010
190.39999884	4.31867400	0.87405010
190.47999884	4.31867400	0.87405010
190.55999884	4.22986600	0.87405010
190.63999884	4.22986600	0.78646200
190.71999884	4.22986600	0.78646200
190.79999884	4.22986600	0.69856870
190.87999884	4.22986600	0.69856870
190.95999884	4.22986600	0.69856870
191.03999884	4.22986600	0.69856870
191.11999884	4.22986600	0.69856870
191.19999884	4.22986600	0.61067540
191.27999884	4.22986600	0.61067540
191.35999884	4.22986600	0.61067540
191.43999884	4.22986600	0.61067540
191.51999884	4.22986600	0.52278210
191.59999884	4.22986600	0.52278210
191.67999884	4.22986600	0.43519400
191.75999883	4.22986600	0.43519400
191.83999883	4.22986600	0.43519400
191.91999883	4.22986600	0.43519400
191.99999883	4.22986600	0.34730060
192.07999883	4.22986600	0.34730060
192.15999883	4.22986600	0.25940730
192.23999883	4.22986600	0.25940730
192.31999883	4.22986600	0.25940730
192.39999883	4.22986600	0.17151400
192.47999883	4.22986600	0.17151400
192.55999883	4.22986600	0.17151400
192.63999883	4.22986600	0.17151400
192.71999883	4.22986600	0.08392590
192.79999883	4.22986600	0.08392590
192.87999883	4.22986600	-0.00366222
192.95999883	4.22986600	-0.00366222
193.03999883	4.22986600	-0.00366222
193.11999883	4.22986600	-0.00366222
193.19999883	4.22986600	-0.00366222
193.27999883	4.22986600	-0.09155553
193.35999882	4.22986600	-0.09155553
193.43999882	4.22986600	-0.09155553
193.51999882	4.22986600	-0.09155553
193.59999882	4.22986600	-0.17944880
193.67999882	4.22986600	-0.26734220
193.75999882	4.22986600	-0.26734220
193.83999882	3.69792800	-0.26734220
193.91999882	0.68361460	-0.26734220
193.99999882	0.50630210	-0.35493030
194.07999882	0.68361460	-0.35493030
194.15999882	0.59480580	-0.35493030
194.23999882	0.68361460	-0.35493030
194.31999882	0.68361460	-0.44282360
194.39999882	0.68361460	-0.44282360
194.47999882	0.68361460	-0.53071690
194.55999882	0.68361460	-0.53071690
194.63999882	0.68361460	-0.53071690
194.71999882	0.68361460	-0.53071690
194.79999882	0.77211830	-0.61861020
194.87999882	0.68361460	-0.61861020
194.95999882	0.68361460	-0.70619830
195.03999881	0.68361460	-0.70619830
195.11999881	0.68361460	-0.70619830
195.19999881	0.68361460	-0.79409160
195.27999881	0.68361460	-0.79409160
195.35999881	0.77211830	-0.79409160
195.43999881	0.77211830	-0.88198490
195.51999881	0.68361460	-0.88198490
195.59999881	0.77211830	-0.96987830
195.67999881	0.77211830	-0.96987830
195.75999881	0.77211830	-1.05746600
195.83999881	0.77211830	-1.05746600
195.91999881	0.77211830	-1.05746600
195.99999881	0.77211830	-1.14536000
196.07999881	0.77211830	-1.14536000
196.15999881	0.77211830	-1.23325300
196.23999881	0.77211830	-1.23325300
196.31999881	0.86092720	-1.23325300
196.39999881	0.86092720	-1.32114600
196.47999881	0.86092720	-1.32114600
196.55999881	0.86092720	-1.40904000
196.63999880	0.86092720	-1.40904000
196.71999880	0.86092720	-1.40904000
196.79999880	0.77211830	-1.40904000
196.87999880	0.86092720	-1.40904000
196.95999880	0.86092720	-1.49662800
197.03999880	0.86092720	-1.49662800
197.11999880	0.86092720	-1.58452100
197.19999880	0.86092720	-1.67241400
197.27999880	0.86092720	-1.67241400
197.35999880	0.86092720	-1.67241400
197.43999880	0.86092720	-1.76030800
197.51999880	0.86092720	-1.76030800
197.59999880	0.86092720	-1.76030800
197.67999880	0.86092720	-1.84789600
197.75999880	0.86092720	-1.84789600
197.83999880	0.86092720	-1.93578900
197.91999880	0.86092720	-1.93578900
197.99999880	0.86092720	-1.93578900
198.07999880	0.86092720	-1.93578900
198.15999880	0.86092720	-2.02368200
198.23999880	0.86092720	-2.11157600
198.31999879	0.86092720	-2.11157600
198.39999879	0.86092720	-2.11157600
198.47999879	0.86092720	-2.11157600
198.55999879	0.94943080	-2.19916400
198.63999879	0.86092720	-2.19916400
198.71999879	0.86092720	-2.28705700
198.79999879	0.86092720	-2.28705700
198.87999879	0.94943080	-2.37495000
198.95999879	0.86092720	-2.46284400
199.03999879	0.86092720	-2.46284400
199.11999879	0.86092720	-2.46284400
199.19999879	0.94943080	-2.46284400
199.27999879	0.94943080	-2.55043200
199.35999879	0.94943080	-2.55043200
199.43999879	0.94943080	-2.63832500
199.51999879	0.94943080	-2.63832500
199.59999879	0.94943080	-2.63832500
199.67999879	0.94943080	-2.63832500
199.75999879	0.94943080	-2.72621800
199.83999879	0.94943080	-2.81411200
199.91999878	0.94943080	-2.81411200
199.99999878	0.94943080	-2.81411200
200.07999878	0.94943080	-2.81411200
200.15999878	0.94943080	-2.90200500
200.23999878	0.94943080	-2.90200500
