Time	Channel A	Channel B
(us)	(V)	(V)

0.00000000	5.20523700	-2.28705700
0.08000000	5.20523700	-2.19916400
0.16000000	5.20523700	-2.19916400
0.24000000	5.20523700	-2.19916400
0.32000000	5.20523700	-2.11157600
0.40000000	5.20523700	-2.11157600
0.48000000	5.20523700	-2.02368200
0.56000000	5.20523700	-2.02368200
0.64000000	5.20523700	-1.93578900
0.72000000	5.20523700	-1.93578900
0.80000000	5.20523700	-1.84789600
0.87999999	5.20523700	-1.84789600
0.95999999	5.29374100	-1.76030800
1.03999999	5.20523700	-1.76030800
1.11999999	5.29374100	-1.76030800
1.19999999	5.29374100	-1.76030800
1.27999999	5.29374100	-1.58452100
1.35999999	5.29374100	-1.58452100
1.43999999	5.29374100	-1.58452100
1.51999999	5.29374100	-1.58452100
1.59999999	5.29374100	-1.49662800
1.67999999	5.29374100	-1.40904000
1.75999999	5.29374100	-1.40904000
1.83999999	5.29374100	-1.40904000
1.91999999	5.29374100	-1.32114600
1.99999999	5.29374100	-1.32114600
2.07999999	5.38254900	-1.23325300
2.15999999	5.29374100	-1.23325300
2.23999999	5.29374100	-1.14536000
2.31999999	5.38254900	-1.14536000
2.39999999	5.38254900	-1.05746600
2.47999998	5.38254900	-1.05746600
2.55999998	5.38254900	-1.05746600
2.63999998	5.38254900	-0.96987830
2.71999998	5.38254900	-0.88198490
2.79999998	5.38254900	-0.88198490
2.87999998	5.38254900	-0.79409160
2.95999998	5.38254900	-0.79409160
3.03999998	5.47105300	-0.70619830
3.11999998	5.47105300	-0.70619830
3.19999998	5.47105300	-0.61861020
3.27999998	5.47105300	-0.61861020
3.35999998	5.47105300	-0.61861020
3.43999998	5.47105300	-0.53071690
3.51999998	5.47105300	-0.53071690
3.59999998	5.55986200	-0.44282360
3.67999998	5.55986200	-0.44282360
3.75999998	5.55986200	-0.35493030
3.83999998	5.55986200	-0.35493030
3.91999998	5.55986200	-0.26734220
3.99999998	5.55986200	-0.26734220
4.07999998	5.55986200	-0.17944880
4.15999997	5.55986200	-0.17944880
4.23999997	5.55986200	-0.09155553
4.31999997	5.55986200	-0.09155553
4.39999997	5.55986200	-0.09155553
4.47999997	5.55986200	-0.00366222
4.55999997	5.55986200	-0.00366222
4.63999997	5.55986200	0.08392590
4.71999997	5.55986200	0.08392590
4.79999997	5.55986200	0.17151400
4.87999997	5.55986200	0.17151400
4.95999997	5.64836500	0.25940730
5.03999997	5.64836500	0.25940730
5.11999997	5.55986200	0.34730060
5.19999997	5.55986200	0.34730060
5.27999997	5.55986200	0.43519400
5.35999997	5.64836500	0.43519400
5.43999997	5.64836500	0.52278210
5.51999997	5.64836500	0.52278210
5.59999997	5.64836500	0.61067540
5.67999997	5.64836500	0.61067540
5.75999996	5.64836500	0.61067540
5.83999996	5.64836500	0.69856870
5.91999996	5.64836500	0.69856870
5.99999996	5.64836500	0.69856870
6.07999996	5.64836500	0.78646200
6.15999996	5.64836500	0.78646200
6.23999996	5.64836500	0.87405010
6.31999996	5.64836500	0.87405010
6.39999996	5.64836500	0.96194340
6.47999996	5.64836500	0.96194340
6.55999996	5.64836500	1.04983700
6.63999996	5.64836500	1.04983700
6.71999996	5.64836500	1.13773000
6.79999996	5.64836500	1.13773000
6.87999996	5.64836500	1.22531800
6.95999996	5.64836500	1.22531800
7.03999996	5.64836500	1.22531800
7.11999996	5.73717500	1.31321100
7.19999996	5.64836500	1.40110500
7.27999996	5.64836500	1.40110500
7.35999996	5.73717500	1.40110500
7.43999995	5.64836500	1.40110500
7.51999995	5.73717500	1.48899800
7.59999995	5.73717500	1.48899800
7.67999995	5.73717500	1.48899800
7.75999995	5.73717500	1.57689100
7.83999995	5.73717500	1.57689100
7.91999995	5.64836500	1.66447900
7.99999995	5.73717500	1.75237300
8.07999995	5.73717500	1.75237300
8.15999995	5.73717500	1.75237300
8.23999995	5.64836500	1.75237300
8.31999995	5.73717500	1.84026600
8.39999995	5.73717500	1.84026600
8.47999995	5.73717500	1.92815900
8.55999995	5.73717500	1.92815900
8.63999995	5.73717500	1.92815900
8.71999995	5.73717500	2.01574800
8.79999995	5.73717500	2.01574800
8.87999995	5.73717500	2.10364100
8.95999995	5.73717500	2.10364100
9.03999995	5.73717500	2.19153400
9.11999994	5.73717500	2.19153400
9.19999994	5.82567800	2.19153400
9.27999994	5.82567800	2.19153400
9.35999994	5.73717500	2.27942800
9.43999994	5.73717500	2.27942800
9.51999994	5.82567800	2.27942800
9.59999994	5.82567800	2.36701600
9.67999994	5.82567800	2.36701600
9.75999994	5.73717500	2.36701600
9.83999994	5.82567800	2.45490900
9.91999994	5.82567800	2.45490900
9.99999994	5.73717500	2.45490900
10.07999994	5.82567800	2.54280200
10.15999994	5.82567800	2.54280200
10.23999994	5.82567800	2.54280200
10.31999994	5.82567800	2.54280200
10.39999994	5.82567800	2.63069600
10.47999994	5.82567800	2.71828400
10.55999994	5.82567800	2.63069600
10.63999994	5.82567800	2.63069600
10.71999993	5.82567800	2.71828400
10.79999993	5.82567800	2.71828400
10.87999993	5.82567800	2.71828400
10.95999993	5.82567800	2.80617700
11.03999993	5.82567800	2.80617700
11.11999993	5.82567800	2.80617700
11.19999993	5.82567800	2.80617700
11.27999993	5.82567800	2.89407000
11.35999993	5.82567800	2.89407000
11.43999993	5.82567800	2.89407000
11.51999993	5.82567800	2.89407000
11.59999993	5.82567800	2.98196400
11.67999993	5.82567800	2.98196400
11.75999993	5.82567800	2.98196400
11.83999993	5.82567800	2.98196400
11.91999993	5.82567800	2.98196400
11.99999993	5.82567800	2.98196400
12.07999993	5.82567800	3.06985700
12.15999993	5.82567800	3.15744500
12.23999993	5.82567800	3.15744500
12.31999993	5.82567800	3.15744500
12.39999992	5.82567800	3.15744500
12.47999992	5.82567800	3.15744500
12.55999992	5.82567800	3.15744500
12.63999992	5.82567800	3.24533800
12.71999992	5.82567800	3.24533800
12.79999992	5.82567800	3.24533800
12.87999992	5.91448700	3.24533800
12.95999992	5.91448700	3.24533800
13.03999992	5.91448700	3.24533800
13.11999992	5.82567800	3.24533800
13.19999992	5.82567800	3.33323200
13.27999992	5.91448700	3.33323200
13.35999992	5.82567800	3.33323200
13.43999992	5.82567800	3.33323200
13.51999992	5.91448700	3.42112500
13.59999992	5.82567800	3.33323200
13.67999992	5.82567800	3.42112500
13.75999992	5.82567800	3.42112500
13.83999992	5.91448700	3.42112500
13.91999992	5.82567800	3.42112500
13.99999991	5.91448700	3.42112500
14.07999991	5.82567800	3.42112500
14.15999991	5.91448700	3.42112500
14.23999991	5.82567800	3.42112500
14.31999991	5.91448700	3.50871300
14.39999991	5.91448700	3.50871300
14.47999991	5.82567800	3.50871300
14.55999991	5.82567800	3.50871300
14.63999991	5.82567800	3.50871300
14.71999991	5.82567800	3.50871300
14.79999991	5.91448700	3.50871300
14.87999991	5.91448700	3.50871300
14.95999991	5.91448700	3.50871300
15.03999991	5.91448700	3.50871300
15.11999991	5.91448700	3.50871300
15.19999991	5.91448700	3.50871300
15.27999991	5.91448700	3.50871300
15.35999991	5.91448700	3.50871300
15.43999991	5.82567800	3.50871300
15.51999991	5.82567800	3.50871300
15.59999991	5.82567800	3.50871300
15.67999990	5.91448700	3.50871300
15.75999990	5.91448700	3.50871300
15.83999990	5.82567800	3.50871300
15.91999990	5.91448700	3.50871300
15.99999990	5.91448700	3.50871300
16.07999990	5.82567800	3.50871300
16.15999990	5.91448700	3.50871300
16.23999990	5.91448700	3.50871300
16.31999990	5.91448700	3.50871300
16.39999990	5.91448700	3.50871300
16.47999990	5.91448700	3.50871300
16.55999990	5.91448700	3.50871300
16.63999990	5.91448700	3.50871300
16.71999990	5.91448700	3.50871300
16.79999990	5.82567800	3.50871300
16.87999990	5.82567800	3.50871300
16.95999990	5.82567800	3.50871300
17.03999990	5.91448700	3.50871300
17.11999990	5.91448700	3.50871300
17.19999990	5.91448700	3.50871300
17.27999989	5.91448700	3.50871300
17.35999989	5.91448700	3.50871300
17.43999989	5.91448700	3.50871300
17.51999989	5.91448700	3.42112500
17.59999989	5.91448700	3.42112500
17.67999989	5.91448700	3.50871300
17.75999989	5.91448700	3.42112500
17.83999989	5.82567800	3.42112500
17.91999989	5.91448700	3.42112500
17.99999989	5.91448700	3.42112500
18.07999989	5.91448700	3.42112500
18.15999989	5.82567800	3.42112500
18.23999989	5.82567800	3.42112500
18.31999989	5.91448700	3.33323200
18.39999989	5.91448700	3.42112500
18.47999989	5.91448700	3.33323200
18.55999989	5.91448700	3.33323200
18.63999989	5.91448700	3.33323200
18.71999989	5.82567800	3.33323200
18.79999989	5.91448700	3.24533800
18.87999989	5.91448700	3.24533800
18.95999988	5.91448700	3.24533800
19.03999988	5.91448700	3.24533800
19.11999988	5.91448700	3.24533800
19.19999988	5.82567800	3.24533800
19.27999988	5.91448700	3.24533800
19.35999988	5.91448700	3.24533800
19.43999988	5.91448700	3.15744500
19.51999988	5.82567800	3.15744500
19.59999988	5.82567800	3.15744500
19.67999988	5.91448700	3.15744500
19.75999988	5.82567800	3.15744500
19.83999988	5.82567800	3.06985700
19.91999988	5.82567800	3.06985700
19.99999988	5.82567800	3.06985700
20.07999988	5.91448700	3.06985700
20.15999988	5.82567800	2.98196400
20.23999988	5.82567800	2.98196400
20.31999988	5.91448700	2.98196400
20.39999988	5.82567800	2.98196400
20.47999988	5.82567800	2.89407000
20.55999988	5.82567800	2.98196400
20.63999987	5.82567800	2.89407000
20.71999987	5.82567800	2.89407000
20.79999987	5.82567800	2.89407000
20.87999987	5.82567800	2.80617700
20.95999987	5.82567800	2.80617700
21.03999987	5.82567800	2.80617700
21.11999987	5.82567800	2.80617700
21.19999987	5.82567800	2.80617700
21.27999987	5.82567800	2.71828400
21.35999987	5.82567800	2.71828400
21.43999987	5.82567800	2.71828400
21.51999987	5.82567800	2.71828400
21.59999987	5.82567800	2.71828400
21.67999987	5.82567800	2.63069600
21.75999987	5.82567800	2.63069600
21.83999987	5.82567800	2.63069600
21.91999987	5.82567800	2.63069600
21.99999987	5.82567800	2.54280200
22.07999987	5.82567800	2.54280200
22.15999987	5.82567800	2.54280200
22.23999986	5.82567800	2.45490900
22.31999986	5.82567800	2.45490900
22.39999986	5.82567800	2.45490900
22.47999986	5.82567800	2.45490900
22.55999986	5.82567800	2.45490900
22.63999986	5.82567800	2.45490900
22.71999986	5.73717500	2.36701600
22.79999986	5.82567800	2.36701600
22.87999986	5.82567800	2.27942800
22.95999986	5.82567800	2.27942800
23.03999986	5.73717500	2.27942800
23.11999986	5.73717500	2.27942800
23.19999986	5.73717500	2.19153400
23.27999986	5.73717500	2.19153400
23.35999986	5.73717500	2.10364100
23.43999986	5.73717500	2.10364100
23.51999986	5.73717500	2.10364100
23.59999986	5.73717500	2.10364100
23.67999986	5.73717500	2.10364100
23.75999986	5.73717500	2.01574800
23.83999986	5.73717500	2.01574800
23.91999985	5.73717500	2.01574800
23.99999985	5.73717500	2.01574800
24.07999985	5.73717500	1.92815900
24.15999985	5.64836500	1.92815900
24.23999985	5.64836500	1.92815900
24.31999985	5.64836500	1.92815900
24.39999985	5.64836500	1.84026600
24.47999985	5.64836500	1.84026600
24.55999985	5.64836500	1.84026600
24.63999985	5.64836500	1.75237300
24.71999985	5.64836500	1.75237300
24.79999985	5.64836500	1.75237300
24.87999985	5.64836500	1.66447900
24.95999985	5.64836500	1.75237300
25.03999985	5.64836500	1.66447900
25.11999985	5.64836500	1.57689100
25.19999985	5.64836500	1.57689100
25.27999985	5.64836500	1.57689100
25.35999985	5.55986200	1.57689100
25.43999985	5.55986200	1.48899800
25.51999984	5.55986200	1.57689100
25.59999984	5.55986200	1.40110500
25.67999984	5.47105300	1.40110500
25.75999984	5.11642800	1.40110500
25.83999984	4.67329900	1.40110500
25.91999984	4.31867400	1.40110500
25.99999984	4.22986600	1.40110500
26.07999984	4.31867400	1.40110500
26.15999984	4.31867400	1.31321100
26.23999984	4.40717800	1.31321100
26.31999984	4.31867400	1.31321100
26.39999984	4.31867400	1.22531800
26.47999984	4.31867400	1.22531800
26.55999984	4.31867400	1.13773000
26.63999984	4.31867400	1.13773000
26.71999984	4.31867400	1.13773000
26.79999984	4.31867400	1.04983700
26.87999984	4.22986600	1.04983700
26.95999984	4.31867400	1.04983700
27.03999984	4.31867400	1.04983700
27.11999984	4.22986600	1.04983700
27.19999983	4.22986600	0.96194340
27.27999983	4.31867400	0.96194340
27.35999983	4.31867400	0.87405010
27.43999983	4.22986600	0.87405010
27.51999983	4.31867400	0.87405010
27.59999983	4.22986600	0.87405010
27.67999983	4.22986600	0.87405010
27.75999983	4.22986600	0.78646200
27.83999983	4.31867400	0.78646200
27.91999983	4.22986600	0.69856870
27.99999983	4.22986600	0.69856870
28.07999983	4.31867400	0.69856870
28.15999983	4.22986600	0.69856870
28.23999983	4.31867400	0.61067540
28.31999983	4.22986600	0.61067540
28.39999983	4.22986600	0.61067540
28.47999983	4.22986600	0.61067540
28.55999983	4.22986600	0.52278210
28.63999983	4.22986600	0.52278210
28.71999983	4.22986600	0.52278210
28.79999982	4.22986600	0.52278210
28.87999982	4.22986600	0.43519400
28.95999982	4.22986600	0.34730060
29.03999982	4.22986600	0.34730060
29.11999982	4.22986600	0.34730060
29.19999982	4.22986600	0.34730060
29.27999982	4.22986600	0.25940730
29.35999982	4.22986600	0.25940730
29.43999982	4.22986600	0.25940730
29.51999982	4.22986600	0.17151400
29.59999982	4.22986600	0.17151400
29.67999982	4.22986600	0.17151400
29.75999982	4.22986600	0.17151400
29.83999982	4.22986600	0.08392590
29.91999982	4.22986600	-0.00366222
29.99999982	4.22986600	-0.00366222
30.07999982	4.22986600	-0.00366222
30.15999982	4.22986600	-0.00366222
30.23999982	4.22986600	-0.00366222
30.31999982	4.22986600	-0.09155553
30.39999982	4.22986600	-0.00366222
30.47999981	4.22986600	-0.09155553
30.55999981	4.22986600	-0.09155553
30.63999981	4.22986600	-0.17944880
30.71999981	4.22986600	-0.17944880
30.79999981	4.22986600	-0.26734220
30.87999981	4.22986600	-0.17944880
30.95999981	4.31867400	-0.26734220
31.03999981	3.78673700	-0.26734220
31.11999981	1.83599400	-0.35493030
31.19999981	0.68361460	-0.35493030
31.27999981	0.68361460	-0.44282360
31.35999981	0.68361460	-0.35493030
31.43999981	0.68361460	-0.44282360
31.51999981	0.68361460	-0.53071690
31.59999981	0.68361460	-0.53071690
31.67999981	0.68361460	-0.53071690
31.75999981	0.68361460	-0.53071690
31.83999981	0.68361460	-0.53071690
31.91999981	0.68361460	-0.61861020
31.99999981	0.68361460	-0.70619830
32.07999981	0.68361460	-0.70619830
32.15999980	0.68361460	-0.70619830
32.23999980	0.77211830	-0.70619830
32.31999980	0.68361460	-0.70619830
32.39999980	0.77211830	-0.79409160
32.47999980	0.68361460	-0.88198490
32.55999980	0.68361460	-0.88198490
32.63999980	0.77211830	-0.88198490
32.71999980	0.77211830	-0.96987830
32.79999980	0.77211830	-0.96987830
32.87999980	0.77211830	-1.05746600
32.95999980	0.77211830	-1.05746600
33.03999980	0.77211830	-1.05746600
33.11999980	0.77211830	-1.05746600
33.19999980	0.77211830	-1.14536000
33.27999980	0.77211830	-1.23325300
33.35999980	0.86092720	-1.23325300
33.43999980	0.77211830	-1.23325300
33.51999980	0.77211830	-1.23325300
33.59999980	0.86092720	-1.32114600
33.67999980	0.86092720	-1.32114600
33.75999979	0.86092720	-1.40904000
33.83999979	0.86092720	-1.40904000
33.91999979	0.86092720	-1.40904000
33.99999979	0.86092720	-1.49662800
34.07999979	0.86092720	-1.49662800
34.15999979	0.86092720	-1.49662800
34.23999979	0.86092720	-1.58452100
34.31999979	0.86092720	-1.58452100
34.39999979	0.86092720	-1.67241400
34.47999979	0.86092720	-1.67241400
34.55999979	0.86092720	-1.76030800
34.63999979	0.86092720	-1.76030800
34.71999979	0.86092720	-1.76030800
34.79999979	0.86092720	-1.76030800
34.87999979	0.86092720	-1.84789600
34.95999979	0.86092720	-1.93578900
35.03999979	0.86092720	-1.93578900
35.11999979	0.86092720	-1.93578900
35.19999979	0.86092720	-1.93578900
35.27999979	0.86092720	-2.02368200
35.35999979	0.86092720	-2.02368200
35.43999978	0.86092720	-2.11157600
35.51999978	0.86092720	-2.11157600
35.59999978	0.86092720	-2.11157600
35.67999978	0.86092720	-2.19916400
35.75999978	0.86092720	-2.19916400
35.83999978	0.94943080	-2.28705700
35.91999978	0.86092720	-2.28705700
35.99999978	0.94943080	-2.28705700
36.07999978	0.94943080	-2.37495000
36.15999978	0.94943080	-2.37495000
36.23999978	0.86092720	-2.46284400
36.31999978	0.94943080	-2.46284400
36.39999978	0.94943080	-2.46284400
36.47999978	0.94943080	-2.55043200
36.55999978	0.94943080	-2.55043200
36.63999978	0.94943080	-2.63832500
36.71999978	0.94943080	-2.63832500
36.79999978	0.94943080	-2.63832500
36.87999978	0.94943080	-2.72621800
36.95999978	0.94943080	-2.72621800
37.03999977	0.94943080	-2.81411200
37.11999977	0.94943080	-2.81411200
37.19999977	0.86092720	-2.81411200
37.27999977	0.86092720	-2.81411200
37.35999977	0.94943080	-2.90200500
37.43999977	0.94943080	-2.90200500
37.51999977	0.94943080	-2.98959300
37.59999977	0.94943080	-2.98959300
37.67999977	0.94943080	-2.98959300
37.75999977	0.94943080	-3.07748700
37.83999977	0.94943080	-3.16538000
37.91999977	0.94943080	-3.16538000
37.99999977	0.94943080	-3.16538000
38.07999977	0.94943080	-3.16538000
38.15999977	0.94943080	-3.25327300
38.23999977	0.94943080	-3.25327300
38.31999977	0.94943080	-3.34086100
38.39999977	1.03824000	-3.34086100
38.47999977	0.94943080	-3.34086100
38.55999977	0.94943080	-3.34086100
38.63999977	0.94943080	-3.42875500
38.71999976	1.03824000	-3.42875500
38.79999976	0.94943080	-3.42875500
38.87999976	0.94943080	-3.51664800
38.95999976	0.94943080	-3.51664800
39.03999976	0.94943080	-3.51664800
39.11999976	0.94943080	-3.60454100
39.19999976	0.94943080	-3.60454100
39.27999976	0.94943080	-3.60454100
39.35999976	0.94943080	-3.69212900
39.43999976	0.94943080	-3.69212900
39.51999976	0.94943080	-3.69212900
39.59999976	1.03824000	-3.69212900
39.67999976	1.03824000	-3.78002300
39.75999976	0.94943080	-3.78002300
39.83999976	0.94943080	-3.86791600
39.91999976	0.94943080	-3.86791600
39.99999976	0.94943080	-3.86791600
40.07999976	0.94943080	-3.86791600
40.15999976	0.94943080	-3.86791600
40.23999976	1.03824000	-3.86791600
40.31999975	0.94943080	-3.86791600
40.39999975	0.94943080	-3.95580900
40.47999975	0.94943080	-4.04339700
40.55999975	0.94943080	-4.04339700
40.63999975	0.94943080	-4.04339700
40.71999975	0.94943080	-4.04339700
40.79999975	1.03824000	-4.04339700
40.87999975	0.94943080	-4.13129000
40.95999975	0.94943080	-4.13129000
41.03999975	0.94943080	-4.13129000
41.11999975	0.94943080	-4.21918400
41.19999975	0.94943080	-4.21918400
41.27999975	0.94943080	-4.21918400
41.35999975	0.94943080	-4.21918400
41.43999975	0.94943080	-4.21918400
41.51999975	0.94943080	-4.21918400
41.59999975	0.94943080	-4.21918400
41.67999975	0.94943080	-4.30707700
41.75999975	0.94943080	-4.30707700
41.83999975	0.94943080	-4.30707700
41.91999975	0.94943080	-4.30707700
41.99999974	0.94943080	-4.30707700
42.07999974	0.94943080	-4.30707700
42.15999974	0.94943080	-4.30707700
42.23999974	0.94943080	-4.39497000
42.31999974	0.94943080	-4.39497000
42.39999974	0.94943080	-4.39497000
42.47999974	0.94943080	-4.39497000
42.55999974	0.94943080	-4.39497000
42.63999974	0.94943080	-4.39497000
42.71999974	0.94943080	-4.39497000
42.79999974	0.94943080	-4.39497000
42.87999974	0.94943080	-4.39497000
42.95999974	0.94943080	-4.39497000
43.03999974	0.94943080	-4.39497000
43.11999974	0.94943080	-4.39497000
43.19999974	0.94943080	-4.48255900
43.27999974	0.94943080	-4.48255900
43.35999974	0.94943080	-4.39497000
43.43999974	0.94943080	-4.39497000
43.51999974	0.94943080	-4.48255900
43.59999974	0.94943080	-4.39497000
43.67999973	0.94943080	-4.39497000
43.75999973	0.94943080	-4.48255900
43.83999973	0.94943080	-4.48255900
43.91999973	0.94943080	-4.39497000
43.99999973	0.94943080	-4.39497000
44.07999973	0.94943080	-4.48255900
44.15999973	0.94943080	-4.39497000
44.23999973	0.94943080	-4.39497000
44.31999973	0.94943080	-4.39497000
44.39999973	0.94943080	-4.39497000
44.47999973	0.94943080	-4.39497000
44.55999973	0.94943080	-4.39497000
44.63999973	0.86092720	-4.39497000
44.71999973	0.94943080	-4.39497000
44.79999973	0.94943080	-4.39497000
44.87999973	0.94943080	-4.39497000
44.95999973	0.86092720	-4.30707700
45.03999973	0.86092720	-4.30707700
45.11999973	0.94943080	-4.30707700
45.19999973	0.94943080	-4.30707700
45.27999972	0.94943080	-4.30707700
45.35999972	0.86092720	-4.30707700
45.43999972	0.94943080	-4.21918400
45.51999972	0.94943080	-4.21918400
45.59999972	0.86092720	-4.21918400
45.67999972	0.86092720	-4.21918400
45.75999972	0.94943080	-4.21918400
45.83999972	0.94943080	-4.21918400
45.91999972	0.86092720	-4.21918400
45.99999972	0.86092720	-4.21918400
46.07999972	0.86092720	-4.13129000
46.15999972	0.86092720	-4.04339700
46.23999972	0.86092720	-4.13129000
46.31999972	0.94943080	-4.04339700
46.39999972	0.86092720	-4.04339700
46.47999972	0.86092720	-4.04339700
46.55999972	0.86092720	-4.04339700
46.63999972	0.86092720	-3.95580900
46.71999972	0.86092720	-3.86791600
46.79999972	0.86092720	-3.86791600
46.87999972	0.86092720	-3.86791600
46.95999971	0.86092720	-3.86791600
47.03999971	0.86092720	-3.86791600
47.11999971	0.86092720	-3.86791600
47.19999971	0.86092720	-3.78002300
47.27999971	0.86092720	-3.78002300
47.35999971	0.86092720	-3.69212900
47.43999971	0.86092720	-3.69212900
47.51999971	0.86092720	-3.69212900
47.59999971	0.86092720	-3.69212900
47.67999971	0.86092720	-3.60454100
47.75999971	0.86092720	-3.60454100
47.83999971	0.86092720	-3.51664800
47.91999971	0.86092720	-3.51664800
47.99999971	0.86092720	-3.51664800
48.07999971	0.86092720	-3.42875500
48.15999971	0.86092720	-3.42875500
48.23999971	0.86092720	-3.34086100
48.31999971	0.86092720	-3.34086100
48.39999971	0.86092720	-3.34086100
48.47999971	0.86092720	-3.25327300
48.55999970	0.86092720	-3.25327300
48.63999970	0.86092720	-3.16538000
48.71999970	0.86092720	-3.16538000
48.79999970	0.86092720	-3.16538000
48.87999970	0.86092720	-3.16538000
48.95999970	0.86092720	-3.07748700
49.03999970	0.86092720	-3.07748700
49.11999970	0.86092720	-2.98959300
49.19999970	0.86092720	-2.98959300
49.27999970	0.86092720	-2.90200500
49.35999970	0.86092720	-2.81411200
49.43999970	0.86092720	-2.81411200
49.51999970	0.77211830	-2.81411200
49.59999970	0.86092720	-2.81411200
49.67999970	0.77211830	-2.72621800
49.75999970	0.86092720	-2.63832500
49.83999970	0.86092720	-2.63832500
49.91999970	0.86092720	-2.63832500
49.99999970	0.86092720	-2.63832500
50.07999970	0.86092720	-2.55043200
50.15999970	0.86092720	-2.46284400
50.23999969	0.86092720	-2.46284400
50.31999969	0.77211830	-2.46284400
50.39999969	0.77211830	-2.37495000
50.47999969	0.86092720	-2.37495000
50.55999969	0.77211830	-2.28705700
50.63999969	0.77211830	-2.19916400
50.71999969	0.86092720	-2.11157600
50.79999969	0.77211830	-2.11157600
50.87999969	0.77211830	-2.11157600
50.95999969	0.86092720	-2.11157600
51.03999969	0.86092720	-2.02368200
51.11999969	0.77211830	-2.02368200
51.19999969	0.77211830	-1.93578900
51.27999969	0.77211830	-1.84789600
51.35999969	0.77211830	-1.84789600
51.43999969	0.77211830	-1.76030800
51.51999969	0.77211830	-1.76030800
51.59999969	0.77211830	-1.67241400
51.67999969	0.77211830	-1.67241400
51.75999969	0.77211830	-1.58452100
51.83999968	0.77211830	-1.58452100
51.91999968	0.77211830	-1.49662800
51.99999968	0.77211830	-1.40904000
52.07999968	0.68361460	-1.40904000
52.15999968	0.77211830	-1.40904000
52.23999968	0.77211830	-1.32114600
52.31999968	0.68361460	-1.32114600
52.39999968	0.77211830	-1.23325300
52.47999968	0.77211830	-1.23325300
52.55999968	0.77211830	-1.14536000
52.63999968	0.68361460	-1.05746600
52.71999968	0.68361460	-1.05746600
52.79999968	0.77211830	-1.05746600
52.87999968	0.68361460	-0.96987830
52.95999968	0.77211830	-0.88198490
53.03999968	0.77211830	-0.88198490
53.11999968	0.77211830	-0.79409160
53.19999968	0.77211830	-0.79409160
53.27999968	0.77211830	-0.70619830
53.35999968	0.68361460	-0.61861020
53.43999968	0.68361460	-0.61861020
53.51999967	0.68361460	-0.53071690
53.59999967	0.77211830	-0.44282360
53.67999967	0.68361460	-0.44282360
53.75999967	0.68361460	-0.44282360
53.83999967	0.68361460	-0.35493030
53.91999967	0.68361460	-0.35493030
53.99999967	0.68361460	-0.26734220
54.07999967	0.68361460	-0.17944880
54.15999967	0.68361460	-0.17944880
54.23999967	0.68361460	-0.09155553
54.31999967	0.68361460	-0.09155553
54.39999967	0.68361460	-0.00366222
54.47999967	0.68361460	-0.00366222
54.55999967	0.68361460	0.08392590
54.63999967	0.68361460	0.17151400
54.71999967	0.68361460	0.17151400
54.79999967	0.68361460	0.25940730
54.87999967	0.68361460	0.34730060
54.95999967	0.68361460	0.34730060
55.03999967	0.68361460	0.43519400
55.11999967	0.68361460	0.43519400
55.19999966	0.68361460	0.52278210
55.27999966	0.68361460	0.61067540
55.35999966	0.68361460	0.61067540
55.43999966	0.68361460	0.69856870
55.51999966	0.68361460	0.69856870
55.59999966	0.68361460	0.69856870
55.67999966	0.68361460	0.78646200
55.75999966	0.68361460	0.87405010
55.83999966	0.68361460	0.87405010
55.91999966	0.68361460	0.96194340
55.99999966	0.68361460	1.04983700
56.07999966	0.68361460	1.04983700
56.15999966	0.68361460	1.04983700
56.23999966	0.68361460	1.13773000
56.31999966	0.68361460	1.22531800
56.39999966	0.68361460	1.22531800
56.47999966	0.68361460	1.31321100
56.55999966	0.68361460	1.40110500
56.63999966	0.59480580	1.40110500
56.71999966	0.59480580	1.40110500
56.79999965	0.68361460	1.48899800
56.87999965	0.59480580	1.57689100
56.95999965	0.59480580	1.57689100
57.03999965	0.59480580	1.66447900
57.11999965	0.50630210	1.75237300
57.19999965	0.50630210	1.75237300
57.27999965	0.50630210	1.75237300
57.35999965	0.50630210	1.75237300
57.43999965	0.50630210	1.84026600
57.51999965	0.50630210	1.92815900
57.59999965	0.50630210	2.01574800
57.67999965	0.50630210	2.01574800
57.75999965	0.50630210	2.10364100
57.83999965	0.50630210	2.10364100
57.91999965	0.50630210	2.19153400
57.99999965	0.50630210	2.27942800
58.07999965	0.59480580	2.27942800
58.15999965	0.50630210	2.27942800
58.23999965	0.50630210	2.36701600
58.31999965	0.59480580	2.36701600
58.39999965	0.50630210	2.45490900
58.47999964	0.59480580	2.45490900
58.55999964	0.59480580	2.54280200
58.63999964	0.59480580	2.54280200
58.71999964	0.59480580	2.63069600
58.79999964	0.59480580	2.63069600
58.87999964	0.59480580	2.71828400
58.95999964	0.59480580	2.71828400
59.03999964	0.59480580	2.80617700
59.11999964	0.59480580	2.80617700
59.19999964	0.59480580	2.80617700
59.27999964	0.59480580	2.89407000
59.35999964	0.59480580	2.98196400
59.43999964	0.59480580	2.98196400
59.51999964	0.59480580	2.98196400
59.59999964	0.59480580	3.06985700
59.67999964	0.59480580	3.15744500
59.75999964	0.59480580	3.15744500
59.83999964	0.59480580	3.24533800
59.91999964	0.59480580	3.24533800
59.99999964	0.59480580	3.24533800
60.07999963	0.59480580	3.33323200
60.15999963	0.59480580	3.33323200
60.23999963	0.59480580	3.42112500
60.31999963	0.59480580	3.42112500
60.39999963	0.59480580	3.50871300
60.47999963	0.59480580	3.50871300
60.55999963	0.59480580	3.50871300
60.63999963	0.59480580	3.50871300
60.71999963	0.59480580	3.59660600
60.79999963	0.59480580	3.59660600
60.87999963	0.59480580	3.68450000
60.95999963	0.59480580	3.68450000
61.03999963	0.59480580	3.77239300
61.11999963	0.59480580	3.77239300
61.19999963	0.59480580	3.77239300
61.27999963	0.59480580	3.85998100
61.35999963	0.59480580	3.85998100
61.43999963	0.59480580	3.85998100
61.51999963	0.59480580	3.85998100
61.59999963	0.59480580	3.94787400
61.67999963	0.59480580	4.03576800
61.75999962	0.59480580	4.03576800
61.83999962	0.59480580	4.03576800
61.91999962	0.59480580	4.12366100
61.99999962	0.59480580	4.12366100
62.07999962	0.59480580	4.12366100
62.15999962	0.59480580	4.21124900
62.23999962	0.59480580	4.21124900
62.31999962	0.59480580	4.21124900
62.39999962	0.59480580	4.21124900
62.47999962	0.59480580	4.29914200
62.55999962	0.59480580	4.29914200
62.63999962	0.68361460	4.29914200
62.71999962	0.59480580	4.38703600
62.79999962	0.59480580	4.38703600
62.87999962	0.68361460	4.38703600
62.95999962	0.59480580	4.38703600
63.03999962	0.59480580	4.47492900
63.11999962	0.68361460	4.47492900
63.19999962	0.59480580	4.47492900
63.27999962	0.68361460	4.47492900
63.35999961	0.68361460	4.56282200
63.43999961	0.59480580	4.56282200
63.51999961	0.68361460	4.56282200
63.59999961	0.68361460	4.56282200
63.67999961	0.68361460	4.56282200
63.75999961	0.68361460	4.56282200
63.83999961	0.68361460	4.65041100
63.91999961	0.59480580	4.65041100
63.99999961	0.68361460	4.73830400
64.07999961	0.68361460	4.73830400
64.15999961	0.68361460	4.73830400
64.23999961	0.68361460	4.73830400
64.31999961	0.68361460	4.73830400
64.39999961	0.68361460	4.82619700
64.47999961	0.68361460	4.73830400
64.55999961	0.68361460	4.82619700
64.63999961	0.68361460	4.82619700
64.71999961	0.68361460	4.82619700
64.79999961	0.68361460	4.82619700
64.87999961	0.68361460	4.82619700
64.95999961	0.68361460	4.82619700
65.03999960	0.68361460	4.82619700
65.11999960	0.68361460	4.82619700
65.19999960	0.68361460	4.82619700
65.27999960	0.68361460	4.91409000
65.35999960	0.68361460	4.82619700
65.43999960	0.68361460	4.91409000
65.51999960	0.68361460	4.91409000
65.59999960	0.68361460	4.91409000
65.67999960	0.68361460	4.91409000
65.75999960	0.68361460	4.91409000
65.83999960	0.68361460	4.91409000
65.91999960	0.68361460	4.91409000
65.99999960	0.68361460	4.91409000
66.07999960	0.68361460	4.91409000
66.15999960	0.68361460	4.91409000
66.23999960	0.68361460	4.91409000
66.31999960	0.68361460	4.91409000
66.39999960	0.68361460	4.91409000
66.47999960	0.68361460	4.91409000
66.55999960	0.68361460	4.91409000
66.63999959	0.68361460	4.91409000
66.71999959	0.68361460	4.91409000
66.79999959	0.68361460	4.91409000
66.87999959	0.68361460	4.91409000
66.95999959	0.68361460	4.91409000
67.03999959	0.68361460	4.91409000
67.11999959	0.68361460	4.91409000
67.19999959	0.68361460	4.91409000
67.27999959	0.68361460	4.91409000
67.35999959	0.68361460	4.91409000
67.43999959	0.68361460	4.91409000
67.51999959	0.68361460	4.82619700
67.59999959	0.68361460	4.82619700
67.67999959	0.68361460	4.82619700
67.75999959	0.68361460	4.82619700
67.83999959	0.68361460	4.82619700
67.91999959	0.68361460	4.82619700
67.99999959	0.68361460	4.82619700
68.07999959	0.68361460	4.82619700
68.15999959	0.68361460	4.73830400
68.23999959	0.68361460	4.73830400
68.31999958	0.68361460	4.73830400
68.39999958	0.68361460	4.73830400
68.47999958	0.68361460	4.65041100
68.55999958	0.68361460	4.65041100
68.63999958	0.68361460	4.65041100
68.71999958	0.68361460	4.65041100
68.79999958	0.68361460	4.56282200
68.87999958	0.68361460	4.56282200
68.95999958	0.68361460	4.56282200
69.03999958	0.68361460	4.56282200
69.11999958	0.68361460	4.56282200
69.19999958	0.68361460	4.56282200
69.27999958	0.68361460	4.56282200
69.35999958	0.68361460	4.47492900
69.43999958	0.68361460	4.38703600
69.51999958	0.68361460	4.47492900
69.59999958	0.68361460	4.38703600
69.67999958	0.68361460	4.38703600
69.75999958	0.68361460	4.38703600
69.83999958	0.68361460	4.38703600
69.91999958	0.68361460	4.29914200
69.99999957	0.68361460	4.21124900
70.07999957	0.68361460	4.29914200
70.15999957	0.68361460	4.21124900
70.23999957	0.68361460	4.21124900
70.31999957	0.68361460	4.21124900
70.39999957	0.68361460	4.21124900
70.47999957	0.68361460	4.12366100
70.55999957	0.68361460	4.12366100
70.63999957	0.68361460	4.12366100
70.71999957	0.68361460	4.03576800
70.79999957	0.68361460	4.12366100
70.87999957	0.68361460	4.03576800
70.95999957	0.68361460	4.03576800
71.03999957	0.68361460	3.94787400
71.11999957	0.68361460	3.94787400
71.19999957	0.68361460	3.85998100
71.27999957	0.68361460	3.85998100
71.35999957	0.68361460	3.85998100
71.43999957	0.59480580	3.77239300
71.51999957	0.68361460	3.77239300
71.59999956	0.68361460	3.77239300
71.67999956	0.68361460	3.68450000
71.75999956	0.59480580	3.68450000
71.83999956	0.68361460	3.68450000
71.91999956	0.68361460	3.59660600
71.99999956	0.68361460	3.59660600
72.07999956	0.68361460	3.50871300
72.15999956	0.68361460	3.59660600
72.23999956	0.59480580	3.50871300
72.31999956	0.68361460	3.50871300
72.39999956	0.59480580	3.42112500
72.47999956	0.68361460	3.42112500
72.55999956	0.59480580	3.42112500
72.63999956	0.59480580	3.33323200
72.71999956	0.59480580	3.33323200
72.79999956	0.59480580	3.24533800
72.87999956	0.59480580	3.24533800
72.95999956	0.59480580	3.15744500
73.03999956	0.50630210	3.15744500
73.11999956	0.50630210	3.15744500
73.19999956	0.50630210	3.06985700
73.27999955	0.50630210	3.06985700
73.35999955	0.50630210	2.98196400
73.43999955	0.50630210	2.98196400
73.51999955	0.50630210	2.98196400
73.59999955	0.41749320	2.89407000
73.67999955	0.50630210	2.89407000
73.75999955	0.41749320	2.80617700
73.83999955	0.32898950	2.80617700
73.91999955	0.41749320	2.71828400
73.99999955	0.32898950	2.71828400
74.07999955	0.32898950	2.71828400
74.15999955	0.32898950	2.63069600
74.23999955	0.32898950	2.63069600
74.31999955	0.32898950	2.63069600
74.39999955	0.32898950	2.54280200
74.47999955	0.32898950	2.45490900
74.55999955	0.24048580	2.45490900
74.63999955	0.24048580	2.45490900
74.71999955	0.24048580	2.45490900
74.79999955	0.24048580	2.36701600
74.87999954	0.24048580	2.36701600
74.95999954	0.15167700	2.27942800
75.03999954	0.24048580	2.27942800
75.11999954	0.24048580	2.27942800
75.19999954	0.15167700	2.19153400
75.27999954	0.15167700	2.10364100
75.35999954	0.15167700	2.10364100
75.43999954	0.15167700	2.01574800
75.51999954	0.06317332	2.01574800
75.59999954	0.06317332	2.01574800
75.67999954	0.06317332	1.92815900
75.75999954	-0.02563555	1.92815900
75.83999954	-0.02563555	1.84026600
75.91999954	-0.02563555	1.84026600
75.99999954	-0.02563555	1.75237300
76.07999954	-0.02563555	1.75237300
76.15999954	-0.02563555	1.66447900
76.23999954	-0.02563555	1.66447900
76.31999954	-0.02563555	1.66447900
76.39999954	-0.02563555	1.57689100
76.47999954	-0.11413920	1.57689100
76.55999953	-0.11413920	1.48899800
76.63999953	-0.11413920	1.40110500
76.71999953	-0.11413920	1.40110500
76.79999953	-0.20294810	1.40110500
76.87999953	-0.11413920	1.31321100
76.95999953	-0.20294810	1.31321100
77.03999953	-0.20294810	1.31321100
77.11999953	-0.20294810	1.22531800
77.19999953	-0.20294810	1.22531800
77.27999953	-0.29145180	1.13773000
77.35999953	-0.29145180	1.13773000
77.43999953	-0.29145180	1.04983700
77.51999953	-0.29145180	1.04983700
77.59999953	-0.38026060	1.04983700
77.67999953	-0.38026060	0.96194340
77.75999953	-0.38026060	0.87405010
77.83999953	-0.38026060	0.87405010
77.91999953	-0.38026060	0.87405010
77.99999953	-0.38026060	0.78646200
78.07999953	-0.38026060	0.78646200
78.15999952	-0.38026060	0.69856870
78.23999952	-0.38026060	0.69856870
78.31999952	-0.38026060	0.69856870
78.39999952	-0.46876430	0.61067540
78.47999952	-0.46876430	0.52278210
78.55999952	-0.46876430	0.61067540
78.63999952	-0.46876430	0.52278210
78.71999952	-0.46876430	0.43519400
78.79999952	-0.46876430	0.43519400
78.87999952	-0.46876430	0.34730060
78.95999952	-0.46876430	0.34730060
79.03999952	-0.46876430	0.34730060
79.11999952	-0.46876430	0.17151400
79.19999952	-0.46876430	0.17151400
79.27999952	-0.46876430	0.17151400
79.35999952	-0.46876430	0.08392590
79.43999952	-0.46876430	0.08392590
79.51999952	-0.46876430	-0.00366222
79.59999952	-0.55757310	-0.00366222
79.67999952	-0.55757310	-0.00366222
79.75999952	-0.55757310	-0.09155553
79.83999951	-0.55757310	-0.09155553
79.91999951	-0.55757310	-0.17944880
79.99999951	-0.55757310	-0.17944880
80.07999951	-0.55757310	-0.26734220
80.15999951	-0.55757310	-0.26734220
80.23999951	-0.55757310	-0.35493030
80.31999951	-0.55757310	-0.35493030
80.39999951	-0.55757310	-0.35493030
80.47999951	-0.55757310	-0.44282360
80.55999951	-0.55757310	-0.53071690
80.63999951	-0.55757310	-0.53071690
80.71999951	-0.64607690	-0.53071690
80.79999951	-0.55757310	-0.61861020
80.87999951	-0.55757310	-0.61861020
80.95999951	-0.55757310	-0.70619830
81.03999951	-0.55757310	-0.70619830
81.11999951	-0.55757310	-0.79409160
81.19999951	-0.55757310	-0.79409160
81.27999951	-0.55757310	-0.79409160
81.35999951	-0.64607690	-0.88198490
81.43999951	-0.55757310	-0.96987830
81.51999950	-0.64607690	-0.96987830
81.59999950	-0.64607690	-1.05746600
81.67999950	-0.64607690	-1.05746600
81.75999950	-0.64607690	-1.05746600
81.83999950	-0.64607690	-1.14536000
81.91999950	-0.64607690	-1.14536000
81.99999950	-0.64607690	-1.23325300
82.07999950	-0.64607690	-1.23325300
82.15999950	-0.64607690	-1.23325300
82.23999950	-0.64607690	-1.32114600
82.31999950	-0.64607690	-1.40904000
82.39999950	-0.73488570	-1.40904000
82.47999950	-0.64607690	-1.40904000
82.55999950	-0.64607690	-1.49662800
82.63999950	-0.64607690	-1.49662800
82.71999950	-0.73488570	-1.49662800
82.79999950	-0.64607690	-1.49662800
82.87999950	-0.64607690	-1.58452100
82.95999950	-0.73488570	-1.58452100
83.03999950	-0.73488570	-1.67241400
83.11999949	-0.64607690	-1.67241400
83.19999949	-0.73488570	-1.76030800
83.27999949	-0.73488570	-1.76030800
83.35999949	-0.73488570	-1.76030800
83.43999949	-0.73488570	-1.76030800
83.51999949	-0.73488570	-1.84789600
83.59999949	-0.73488570	-1.84789600
83.67999949	-0.73488570	-1.93578900
83.75999949	-0.64607690	-1.93578900
83.83999949	-0.73488570	-1.93578900
83.91999949	-0.73488570	-2.02368200
83.99999949	-0.73488570	-2.02368200
84.07999949	-0.73488570	-2.02368200
84.15999949	-0.73488570	-2.11157600
84.23999949	-0.73488570	-2.11157600
84.31999949	-0.73488570	-2.11157600
84.39999949	-0.73488570	-2.19916400
84.47999949	-0.73488570	-2.19916400
84.55999949	-0.73488570	-2.19916400
84.63999949	-0.73488570	-2.19916400
84.71999949	-0.73488570	-2.28705700
84.79999948	-0.73488570	-2.28705700
84.87999948	-0.73488570	-2.37495000
84.95999948	-0.73488570	-2.37495000
85.03999948	-0.73488570	-2.46284400
85.11999948	-0.73488570	-2.46284400
85.19999948	-0.73488570	-2.46284400
85.27999948	-0.73488570	-2.46284400
85.35999948	-0.73488570	-2.46284400
85.43999948	-0.73488570	-2.55043200
85.51999948	-0.73488570	-2.55043200
85.59999948	-0.73488570	-2.55043200
85.67999948	-0.73488570	-2.63832500
85.75999948	-0.73488570	-2.63832500
85.83999948	-0.73488570	-2.63832500
85.91999948	-0.73488570	-2.72621800
85.99999948	-0.73488570	-2.72621800
86.07999948	-0.73488570	-2.72621800
86.15999948	-0.73488570	-2.72621800
86.23999948	-0.73488570	-2.81411200
86.31999948	-0.73488570	-2.81411200
86.39999947	-0.73488570	-2.81411200
86.47999947	-0.73488570	-2.81411200
86.55999947	-0.73488570	-2.81411200
86.63999947	-0.73488570	-2.81411200
86.71999947	-0.73488570	-2.90200500
86.79999947	-0.73488570	-2.90200500
86.87999947	-0.73488570	-2.90200500
86.95999947	-0.82338940	-2.90200500
87.03999947	-0.73488570	-2.98959300
87.11999947	-0.73488570	-2.98959300
87.19999947	-0.82338940	-3.07748700
87.27999947	-0.73488570	-2.98959300
87.35999947	-0.73488570	-2.98959300
87.43999947	-0.73488570	-3.07748700
87.51999947	-0.73488570	-3.07748700
87.59999947	-0.73488570	-3.16538000
87.67999947	-0.73488570	-3.16538000
87.75999947	-0.82338940	-3.16538000
87.83999947	-0.82338940	-3.16538000
87.91999947	-0.82338940	-3.16538000
87.99999947	-0.73488570	-3.16538000
88.07999946	-0.82338940	-3.16538000
88.15999946	-0.82338940	-3.16538000
88.23999946	-0.82338940	-3.16538000
88.31999946	-0.82338940	-3.16538000
88.39999946	-0.82338940	-3.16538000
88.47999946	-0.82338940	-3.16538000
88.55999946	-0.73488570	-3.25327300
88.63999946	-0.82338940	-3.25327300
88.71999946	-0.82338940	-3.25327300
88.79999946	-0.82338940	-3.25327300
88.87999946	-0.73488570	-3.25327300
88.95999946	-0.82338940	-3.34086100
89.03999946	-0.73488570	-3.25327300
89.11999946	-0.82338940	-3.34086100
89.19999946	-0.73488570	-3.34086100
89.27999946	-0.82338940	-3.34086100
89.35999946	-0.73488570	-3.34086100
89.43999946	-0.73488570	-3.34086100
89.51999946	-0.73488570	-3.34086100
89.59999946	-0.73488570	-3.34086100
89.67999945	-0.82338940	-3.34086100
89.75999945	-0.73488570	-3.34086100
89.83999945	-0.82338940	-3.34086100
89.91999945	-0.82338940	-3.42875500
89.99999945	-0.82338940	-3.42875500
90.07999945	-0.82338940	-3.42875500
90.15999945	-0.82338940	-3.42875500
90.23999945	-0.73488570	-3.34086100
90.31999945	-0.82338940	-3.34086100
90.39999945	-0.82338940	-3.34086100
90.47999945	-0.82338940	-3.42875500
90.55999945	-0.82338940	-3.34086100
90.63999945	-0.82338940	-3.34086100
90.71999945	-0.82338940	-3.34086100
90.79999945	-0.82338940	-3.42875500
90.87999945	-0.82338940	-3.42875500
90.95999945	-0.82338940	-3.34086100
91.03999945	-0.82338940	-3.42875500
91.11999945	-0.82338940	-3.42875500
91.19999945	-0.73488570	-3.42875500
91.27999945	-0.82338940	-3.42875500
91.35999944	-0.82338940	-3.42875500
91.43999944	-0.82338940	-3.34086100
91.51999944	-0.82338940	-3.42875500
91.59999944	-0.82338940	-3.34086100
91.67999944	-0.82338940	-3.34086100
91.75999944	-0.82338940	-3.42875500
91.83999944	-0.82338940	-3.34086100
91.91999944	-0.82338940	-3.42875500
91.99999944	-0.82338940	-3.42875500
92.07999944	-0.82338940	-3.34086100
92.15999944	-0.82338940	-3.34086100
92.23999944	-0.82338940	-3.34086100
92.31999944	-0.82338940	-3.34086100
92.39999944	-0.82338940	-3.34086100
92.47999944	-0.82338940	-3.34086100
92.55999944	-0.82338940	-3.34086100
92.63999944	-0.82338940	-3.34086100
92.71999944	-0.82338940	-3.34086100
92.79999944	-0.73488570	-3.25327300
92.87999944	-0.82338940	-3.25327300
92.95999944	-0.82338940	-3.25327300
93.03999943	-0.82338940	-3.25327300
93.11999943	-0.82338940	-3.25327300
93.19999943	-0.82338940	-3.25327300
93.27999943	-0.82338940	-3.25327300
93.35999943	-0.82338940	-3.16538000
93.43999943	-0.82338940	-3.25327300
93.51999943	-0.82338940	-3.25327300
93.59999943	-0.82338940	-3.16538000
93.67999943	-0.82338940	-3.16538000
93.75999943	-0.73488570	-3.16538000
93.83999943	-0.82338940	-3.16538000
93.91999943	-0.82338940	-3.16538000
93.99999943	-0.82338940	-3.16538000
94.07999943	-0.82338940	-3.16538000
94.15999943	-0.82338940	-3.16538000
94.23999943	-0.82338940	-3.16538000
94.31999943	-0.73488570	-3.07748700
94.39999943	-0.82338940	-3.07748700
94.47999943	-0.82338940	-3.07748700
94.55999943	-0.82338940	-3.07748700
94.63999942	-0.82338940	-3.07748700
94.71999942	-0.73488570	-2.98959300
94.79999942	-0.82338940	-2.98959300
94.87999942	-0.82338940	-2.98959300
94.95999942	-0.82338940	-2.98959300
95.03999942	-0.73488570	-2.90200500
95.11999942	-0.82338940	-2.90200500
95.19999942	-0.73488570	-2.90200500
95.27999942	-0.82338940	-2.90200500
95.35999942	-0.73488570	-2.81411200
95.43999942	-0.82338940	-2.81411200
95.51999942	-0.82338940	-2.81411200
95.59999942	-0.82338940	-2.81411200
95.67999942	-0.82338940	-2.81411200
95.75999942	-0.73488570	-2.81411200
95.83999942	-0.82338940	-2.81411200
95.91999942	-0.82338940	-2.72621800
95.99999942	-0.73488570	-2.81411200
96.07999942	-0.73488570	-2.72621800
96.15999942	-0.73488570	-2.63832500
96.23999942	-0.73488570	-2.63832500
96.31999941	-0.82338940	-2.63832500
96.39999941	-0.82338940	-2.63832500
96.47999941	-0.73488570	-2.63832500
96.55999941	-0.73488570	-2.63832500
96.63999941	-0.82338940	-2.55043200
96.71999941	-0.73488570	-2.55043200
96.79999941	-0.73488570	-2.46284400
96.87999941	-0.82338940	-2.46284400
96.95999941	-0.73488570	-2.46284400
97.03999941	-0.73488570	-2.46284400
97.11999941	-0.73488570	-2.46284400
97.19999941	-0.73488570	-2.37495000
97.27999941	-0.73488570	-2.37495000
97.35999941	-0.73488570	-2.37495000
97.43999941	-0.73488570	-2.37495000
97.51999941	-0.73488570	-2.28705700
97.59999941	-0.73488570	-2.28705700
97.67999941	-0.73488570	-2.19916400
97.75999941	-0.73488570	-2.19916400
97.83999941	-0.73488570	-2.19916400
97.91999940	-0.73488570	-2.19916400
97.99999940	-0.73488570	-2.19916400
98.07999940	-0.73488570	-2.11157600
98.15999940	-0.73488570	-2.11157600
98.23999940	-0.73488570	-2.11157600
98.31999940	-0.73488570	-2.11157600
98.39999940	-0.73488570	-2.11157600
98.47999940	-0.73488570	-2.02368200
98.55999940	-0.73488570	-2.02368200
98.63999940	-0.73488570	-2.02368200
98.71999940	-0.73488570	-1.93578900
98.79999940	-0.73488570	-1.93578900
98.87999940	-0.73488570	-1.93578900
98.95999940	-0.73488570	-1.93578900
99.03999940	-0.73488570	-1.93578900
99.11999940	-0.73488570	-1.84789600
99.19999940	-0.73488570	-1.76030800
99.27999940	-0.73488570	-1.76030800
99.35999940	-0.73488570	-1.76030800
99.43999940	-0.73488570	-1.76030800
99.51999940	-0.64607690	-1.76030800
99.59999939	-0.64607690	-1.76030800
99.67999939	-0.64607690	-1.76030800
99.75999939	-0.73488570	-1.67241400
99.83999939	-0.64607690	-1.58452100
99.91999939	-0.73488570	-1.58452100
99.99999939	-0.73488570	-1.58452100
100.07999939	-0.64607690	-1.58452100
100.15999939	-0.64607690	-1.58452100
100.23999939	-0.64607690	-1.49662800
100.31999939	-0.55757310	-1.49662800
100.39999939	-0.64607690	-1.40904000
100.47999939	-0.64607690	-1.40904000
100.55999939	-0.55757310	-1.40904000
100.63999939	-0.55757310	-1.40904000
100.71999939	-0.64607690	-1.40904000
100.79999939	-0.64607690	-1.32114600
100.87999939	-0.55757310	-1.32114600
100.95999939	-0.55757310	-1.32114600
101.03999939	-0.55757310	-1.32114600
101.11999939	-0.55757310	-1.32114600
101.19999938	-0.64607690	-1.23325300
101.27999938	-0.55757310	-1.23325300
101.35999938	-0.55757310	-1.14536000
101.43999938	-0.55757310	-1.14536000
101.51999938	-0.55757310	-1.14536000
101.59999938	-0.55757310	-1.05746600
101.67999938	-0.55757310	-1.05746600
101.75999938	-0.55757310	-1.05746600
101.83999938	-0.55757310	-1.05746600
101.91999938	-0.55757310	-1.05746600
101.99999938	-0.55757310	-0.96987830
102.07999938	-0.55757310	-0.96987830
102.15999938	-0.55757310	-0.88198490
102.23999938	-0.55757310	-0.88198490
102.31999938	-0.55757310	-0.79409160
102.39999938	-0.55757310	-0.79409160
102.47999938	-0.55757310	-0.79409160
102.55999938	-0.55757310	-0.79409160
102.63999938	-0.46876430	-0.70619830
102.71999938	-0.46876430	-0.70619830
102.79999938	-0.46876430	-0.70619830
102.87999937	-0.46876430	-0.70619830
102.95999937	-0.46876430	-0.61861020
103.03999937	-0.46876430	-0.61861020
103.11999937	-0.55757310	-0.61861020
103.19999937	-0.46876430	-0.53071690
103.27999937	-0.46876430	-0.53071690
103.35999937	-0.46876430	-0.53071690
103.43999937	-0.46876430	-0.53071690
103.51999937	-0.46876430	-0.44282360
103.59999937	-0.46876430	-0.44282360
103.67999937	-0.46876430	-0.44282360
103.75999937	-0.46876430	-0.35493030
103.83999937	-0.38026060	-0.35493030
103.91999937	-0.38026060	-0.35493030
103.99999937	-0.38026060	-0.35493030
104.07999937	-0.38026060	-0.26734220
104.15999937	-0.38026060	-0.17944880
104.23999937	-0.29145180	-0.17944880
104.31999937	-0.29145180	-0.17944880
104.39999937	-0.38026060	-0.17944880
104.47999937	-0.29145180	-0.09155553
104.55999936	-0.29145180	-0.09155553
104.63999936	-0.20294810	-0.09155553
104.71999936	-0.20294810	-0.00366222
104.79999936	-0.20294810	-0.00366222
104.87999936	-0.11413920	-0.00366222
104.95999936	-0.11413920	-0.00366222
105.03999936	-0.11413920	-0.00366222
105.11999936	-0.11413920	-0.00366222
105.19999936	-0.02563555	0.08392590
105.27999936	-0.02563555	0.08392590
105.35999936	-0.02563555	0.17151400
105.43999936	0.06317332	0.17151400
105.51999936	0.06317332	0.17151400
105.59999936	0.06317332	0.25940730
105.67999936	0.15167700	0.25940730
105.75999936	0.15167700	0.25940730
105.83999936	0.24048580	0.34730060
105.91999936	0.24048580	0.34730060
105.99999936	0.50630210	0.34730060
106.07999936	0.59480580	0.43519400
106.15999935	0.59480580	0.34730060
106.23999935	0.59480580	0.43519400
106.31999935	0.59480580	0.52278210
106.39999935	0.59480580	0.52278210
106.47999935	0.59480580	0.52278210
106.55999935	0.50630210	0.61067540
106.63999935	1.39286500	0.61067540
106.71999935	2.01330600	0.61067540
106.79999935	1.92480200	0.61067540
106.87999935	1.12674300	0.69856870
106.95999935	0.06317332	0.69856870
107.03999935	4.22986600	0.69856870
107.11999935	4.14136200	0.69856870
107.19999935	4.22986600	0.78646200
107.27999935	4.05255300	0.78646200
107.35999935	4.14136200	0.78646200
107.43999935	4.05255300	0.87405010
107.51999935	4.05255300	0.87405010
107.59999935	4.05255300	0.87405010
107.67999935	4.05255300	0.87405010
107.75999935	4.05255300	0.96194340
107.83999934	4.05255300	1.04983700
107.91999934	4.05255300	1.04983700
107.99999934	3.96404900	1.04983700
108.07999934	4.05255300	1.04983700
108.15999934	3.96404900	1.04983700
108.23999934	3.96404900	1.13773000
108.31999934	3.96404900	1.13773000
108.39999934	3.96404900	1.22531800
108.47999934	3.96404900	1.22531800
108.55999934	3.87524000	1.22531800
108.63999934	3.96404900	1.31321100
108.71999934	3.87524000	1.31321100
108.79999934	3.87524000	1.31321100
108.87999934	3.87524000	1.31321100
108.95999934	3.87524000	1.40110500
109.03999934	3.87524000	1.40110500
109.11999934	3.87524000	1.40110500
109.19999934	3.87524000	1.48899800
109.27999934	3.87524000	1.57689100
109.35999934	3.87524000	1.48899800
109.43999933	3.87524000	1.57689100
109.51999933	3.78673700	1.66447900
109.59999933	3.87524000	1.66447900
109.67999933	3.87524000	1.66447900
109.75999933	3.78673700	1.75237300
109.83999933	3.78673700	1.75237300
109.91999933	3.78673700	1.75237300
109.99999933	3.78673700	1.75237300
110.07999933	3.78673700	1.84026600
110.15999933	3.78673700	1.84026600
110.23999933	3.78673700	1.84026600
110.31999933	3.69792800	2.01574800
110.39999933	3.78673700	2.01574800
110.47999933	3.69792800	2.01574800
110.55999933	3.69792800	2.01574800
110.63999933	3.78673700	2.10364100
110.71999933	3.78673700	2.10364100
110.79999933	3.69792800	2.19153400
110.87999933	3.78673700	2.19153400
110.95999933	3.69792800	2.19153400
111.03999933	3.69792800	2.27942800
111.11999932	3.69792800	2.27942800
111.19999932	3.69792800	2.27942800
111.27999932	3.69792800	2.36701600
111.35999932	3.69792800	2.36701600
111.43999932	3.69792800	2.45490900
111.51999932	3.69792800	2.45490900
111.59999932	3.69792800	2.45490900
111.67999932	3.69792800	2.45490900
111.75999932	3.69792800	2.54280200
111.83999932	3.69792800	2.54280200
111.91999932	3.69792800	2.54280200
111.99999932	3.69792800	2.63069600
112.07999932	3.69792800	2.71828400
112.15999932	3.69792800	2.71828400
112.23999932	3.69792800	2.71828400
112.31999932	3.69792800	2.71828400
112.39999932	3.69792800	2.80617700
112.47999932	3.60942400	2.80617700
112.55999932	3.60942400	2.89407000
112.63999932	3.60942400	2.89407000
112.71999931	3.60942400	2.89407000
112.79999931	3.60942400	2.98196400
112.87999931	3.69792800	2.98196400
112.95999931	3.69792800	2.98196400
113.03999931	3.60942400	3.06985700
113.11999931	3.60942400	3.06985700
113.19999931	3.60942400	3.15744500
113.27999931	3.60942400	3.15744500
113.35999931	3.60942400	3.15744500
113.43999931	3.60942400	3.15744500
113.51999931	3.60942400	3.24533800
113.59999931	3.60942400	3.24533800
113.67999931	3.60942400	3.33323200
113.75999931	3.60942400	3.33323200
113.83999931	3.60942400	3.42112500
113.91999931	3.60942400	3.42112500
113.99999931	3.60942400	3.42112500
114.07999931	3.60942400	3.42112500
114.15999931	3.52061500	3.50871300
114.23999931	3.60942400	3.50871300
114.31999931	3.60942400	3.50871300
114.39999930	3.52061500	3.50871300
114.47999930	3.52061500	3.59660600
114.55999930	3.52061500	3.59660600
114.63999930	3.60942400	3.59660600
114.71999930	3.52061500	3.68450000
114.79999930	3.60942400	3.68450000
114.87999930	3.52061500	3.68450000
114.95999930	3.52061500	3.77239300
115.03999930	3.60942400	3.77239300
115.11999930	3.60942400	3.77239300
115.19999930	3.60942400	3.85998100
115.27999930	3.52061500	3.85998100
115.35999930	3.52061500	3.85998100
115.43999930	3.60942400	3.85998100
115.51999930	3.60942400	3.85998100
115.59999930	3.52061500	3.85998100
115.67999930	3.60942400	3.94787400
115.75999930	3.60942400	3.94787400
115.83999930	3.52061500	3.94787400
115.91999930	3.52061500	4.03576800
115.99999930	3.60942400	4.03576800
116.07999929	3.60942400	4.03576800
116.15999929	3.60942400	4.03576800
116.23999929	3.52061500	4.12366100
116.31999929	3.60942400	4.12366100
116.39999929	3.60942400	4.12366100
116.47999929	3.60942400	4.12366100
116.55999929	3.60942400	4.12366100
116.63999929	3.60942400	4.21124900
116.71999929	3.60942400	4.21124900
116.79999929	3.60942400	4.21124900
116.87999929	3.60942400	4.21124900
116.95999929	3.60942400	4.21124900
117.03999929	3.60942400	4.21124900
117.11999929	3.60942400	4.29914200
117.19999929	3.52061500	4.29914200
117.27999929	3.60942400	4.29914200
117.35999929	3.60942400	4.29914200
117.43999929	3.69792800	4.29914200
117.51999929	3.60942400	4.29914200
117.59999929	3.69792800	4.38703600
117.67999928	3.60942400	4.38703600
117.75999928	3.60942400	4.38703600
117.83999928	3.60942400	4.38703600
117.91999928	3.60942400	4.38703600
117.99999928	3.60942400	4.38703600
118.07999928	3.60942400	4.38703600
118.15999928	3.60942400	4.38703600
118.23999928	3.60942400	4.38703600
118.31999928	3.69792800	4.38703600
118.39999928	3.69792800	4.38703600
118.47999928	3.60942400	4.38703600
118.55999928	3.60942400	4.38703600
118.63999928	3.69792800	4.38703600
118.71999928	3.69792800	4.47492900
118.79999928	3.69792800	4.47492900
118.87999928	3.69792800	4.47492900
118.95999928	3.69792800	4.38703600
119.03999928	3.69792800	4.38703600
119.11999928	3.69792800	4.38703600
119.19999928	3.69792800	4.38703600
119.27999928	3.69792800	4.38703600
119.35999927	3.69792800	4.47492900
119.43999927	3.69792800	4.38703600
119.51999927	3.69792800	4.38703600
119.59999927	3.69792800	4.47492900
119.67999927	3.69792800	4.38703600
119.75999927	3.69792800	4.38703600
119.83999927	3.69792800	4.38703600
119.91999927	3.69792800	4.38703600
119.99999927	3.69792800	4.38703600
120.07999927	3.69792800	4.38703600
120.15999927	3.69792800	4.38703600
120.23999927	3.69792800	4.38703600
120.31999927	3.69792800	4.38703600
120.39999927	3.69792800	4.38703600
120.47999927	3.78673700	4.29914200
120.55999927	3.69792800	4.29914200
120.63999927	3.69792800	4.29914200
120.71999927	3.69792800	4.29914200
120.79999927	3.78673700	4.29914200
120.87999927	3.69792800	4.29914200
120.95999926	3.78673700	4.29914200
121.03999926	3.69792800	4.29914200
121.11999926	3.78673700	4.21124900
121.19999926	3.78673700	4.21124900
121.27999926	3.78673700	4.21124900
121.35999926	3.78673700	4.21124900
121.43999926	3.78673700	4.21124900
121.51999926	3.78673700	4.21124900
121.59999926	3.78673700	4.12366100
121.67999926	3.78673700	4.12366100
121.75999926	3.78673700	4.12366100
121.83999926	3.87524000	4.12366100
121.91999926	3.87524000	4.12366100
121.99999926	3.78673700	4.03576800
122.07999926	3.78673700	4.03576800
122.15999926	3.78673700	4.03576800
122.23999926	3.78673700	3.94787400
122.31999926	3.87524000	3.94787400
122.39999926	3.87524000	3.85998100
122.47999926	3.87524000	3.85998100
122.55999926	3.87524000	3.85998100
122.63999925	3.87524000	3.85998100
122.71999925	3.87524000	3.85998100
122.79999925	3.87524000	3.77239300
122.87999925	3.87524000	3.77239300
122.95999925	3.87524000	3.68450000
123.03999925	3.87524000	3.77239300
123.11999925	3.87524000	3.68450000
123.19999925	3.87524000	3.59660600
123.27999925	3.87524000	3.59660600
123.35999925	3.87524000	3.59660600
123.43999925	3.87524000	3.50871300
123.51999925	3.87524000	3.50871300
123.59999925	3.87524000	3.50871300
123.67999925	3.87524000	3.50871300
123.75999925	3.87524000	3.42112500
123.83999925	3.87524000	3.42112500
123.91999925	3.96404900	3.33323200
123.99999925	3.87524000	3.33323200
124.07999925	3.87524000	3.33323200
124.15999925	3.96404900	3.33323200
124.23999924	3.96404900	3.24533800
124.31999924	3.96404900	3.15744500
124.39999924	3.96404900	3.15744500
124.47999924	3.96404900	3.06985700
124.55999924	3.96404900	3.06985700
124.63999924	3.96404900	3.06985700
124.71999924	3.96404900	2.98196400
124.79999924	3.96404900	2.98196400
124.87999924	3.96404900	2.89407000
124.95999924	3.96404900	2.89407000
125.03999924	4.05255300	2.80617700
125.11999924	3.96404900	2.80617700
125.19999924	3.96404900	2.80617700
125.27999924	3.96404900	2.71828400
125.35999924	4.05255300	2.71828400
125.43999924	4.05255300	2.63069600
125.51999924	4.05255300	2.63069600
125.59999924	4.05255300	2.54280200
125.67999924	4.05255300	2.54280200
125.75999924	4.05255300	2.45490900
125.83999924	4.05255300	2.45490900
125.91999923	4.05255300	2.45490900
125.99999923	4.05255300	2.36701600
126.07999923	4.05255300	2.27942800
126.15999923	4.05255300	2.27942800
126.23999923	4.05255300	2.27942800
126.31999923	4.05255300	2.19153400
126.39999923	4.05255300	2.19153400
126.47999923	4.05255300	2.10364100
126.55999923	4.05255300	2.10364100
126.63999923	4.05255300	2.01574800
126.71999923	4.05255300	2.01574800
126.79999923	4.05255300	1.92815900
126.87999923	4.05255300	1.92815900
126.95999923	4.05255300	1.84026600
127.03999923	4.05255300	1.75237300
127.11999923	4.05255300	1.75237300
127.19999923	4.05255300	1.75237300
127.27999923	4.14136200	1.66447900
127.35999923	4.05255300	1.57689100
127.43999923	4.05255300	1.57689100
127.51999923	4.05255300	1.48899800
127.59999922	4.05255300	1.48899800
127.67999922	4.14136200	1.40110500
127.75999922	4.14136200	1.40110500
127.83999922	4.14136200	1.40110500
127.91999922	4.14136200	1.31321100
127.99999922	4.14136200	1.31321100
128.07999922	4.14136200	1.22531800
128.15999922	4.14136200	1.13773000
128.23999922	4.14136200	1.04983700
128.31999922	4.14136200	1.04983700
128.39999922	4.14136200	1.04983700
128.47999922	4.14136200	0.96194340
128.55999922	4.14136200	0.87405010
128.63999922	4.14136200	0.87405010
128.71999922	4.14136200	0.78646200
128.79999922	4.14136200	0.78646200
128.87999922	4.14136200	0.69856870
128.95999922	4.14136200	0.69856870
129.03999922	4.14136200	0.61067540
129.11999922	4.14136200	0.61067540
129.19999921	4.22986600	0.52278210
129.27999921	4.22986600	0.52278210
129.35999921	4.14136200	0.43519400
129.43999921	4.22986600	0.34730060
129.51999921	4.14136200	0.34730060
129.59999921	4.22986600	0.25940730
129.67999921	4.14136200	0.25940730
129.75999921	4.14136200	0.17151400
129.83999921	4.22986600	0.08392590
129.91999921	4.22986600	0.08392590
129.99999921	4.22986600	-0.00366222
130.07999921	4.14136200	-0.00366222
130.15999921	4.22986600	-0.09155553
130.23999921	4.22986600	-0.17944880
130.31999921	4.22986600	-0.17944880
130.39999921	4.22986600	-0.26734220
130.47999921	4.22986600	-0.35493030
130.55999921	4.22986600	-0.35493030
130.63999921	4.22986600	-0.44282360
130.71999921	4.22986600	-0.44282360
130.79999921	4.22986600	-0.53071690
130.87999920	4.22986600	-0.53071690
130.95999920	4.22986600	-0.61861020
131.03999920	4.22986600	-0.61861020
131.11999920	4.22986600	-0.70619830
131.19999920	4.22986600	-0.79409160
131.27999920	4.22986600	-0.79409160
131.35999920	4.22986600	-0.79409160
131.43999920	4.22986600	-0.88198490
131.51999920	4.22986600	-0.96987830
131.59999920	4.31867400	-1.05746600
131.67999920	4.22986600	-1.05746600
131.75999920	4.22986600	-1.05746600
131.83999920	4.22986600	-1.14536000
131.91999920	4.31867400	-1.23325300
131.99999920	4.22986600	-1.32114600
132.07999920	4.31867400	-1.32114600
132.15999920	4.31867400	-1.40904000
132.23999920	4.31867400	-1.40904000
132.31999920	4.31867400	-1.49662800
132.39999920	4.31867400	-1.49662800
132.47999919	4.31867400	-1.58452100
132.55999919	4.31867400	-1.58452100
132.63999919	4.31867400	-1.67241400
132.71999919	4.31867400	-1.76030800
132.79999919	4.40717800	-1.76030800
132.87999919	4.40717800	-1.84789600
132.95999919	4.49598700	-1.93578900
133.03999919	4.85061200	-1.93578900
133.11999919	5.11642800	-2.02368200
133.19999919	5.20523700	-2.02368200
133.27999919	5.11642800	-2.02368200
133.35999919	5.11642800	-2.11157600
133.43999919	5.02792500	-2.19916400
133.51999919	5.02792500	-2.19916400
133.59999919	5.11642800	-2.19916400
133.67999919	5.11642800	-2.28705700
133.75999919	5.11642800	-2.37495000
133.83999919	5.11642800	-2.37495000
133.91999919	5.02792500	-2.46284400
133.99999919	5.02792500	-2.46284400
134.07999919	5.02792500	-2.55043200
134.15999918	5.02792500	-2.55043200
134.23999918	5.02792500	-2.63832500
134.31999918	4.93911600	-2.72621800
134.39999918	4.93911600	-2.72621800
134.47999918	4.93911600	-2.81411200
134.55999918	4.93911600	-2.81411200
134.63999918	4.93911600	-2.81411200
134.71999918	4.85061200	-2.90200500
134.79999918	4.85061200	-2.90200500
134.87999918	4.85061200	-2.98959300
134.95999918	4.85061200	-2.98959300
135.03999918	4.85061200	-3.07748700
135.11999918	4.76180300	-3.07748700
135.19999918	4.76180300	-3.16538000
135.27999918	4.76180300	-3.16538000
135.35999918	4.76180300	-3.16538000
135.43999918	4.76180300	-3.25327300
135.51999918	4.67329900	-3.25327300
135.59999918	4.67329900	-3.34086100
135.67999918	4.67329900	-3.34086100
135.75999917	4.67329900	-3.34086100
135.83999917	4.67329900	-3.42875500
135.91999917	4.58449000	-3.51664800
135.99999917	4.58449000	-3.51664800
136.07999917	4.58449000	-3.51664800
136.15999917	4.58449000	-3.60454100
136.23999917	4.58449000	-3.60454100
136.31999917	4.58449000	-3.69212900
136.39999917	4.49598700	-3.69212900
136.47999917	4.49598700	-3.78002300
136.55999917	4.49598700	-3.78002300
136.63999917	4.49598700	-3.78002300
136.71999917	4.49598700	-3.86791600
136.79999917	4.40717800	-3.86791600
136.87999917	4.40717800	-3.86791600
136.95999917	4.40717800	-3.95580900
137.03999917	4.40717800	-3.95580900
137.11999917	4.40717800	-4.04339700
137.19999917	4.40717800	-4.04339700
137.27999917	4.40717800	-4.04339700
137.35999917	4.40717800	-4.04339700
137.43999916	4.40717800	-4.13129000
137.51999916	4.40717800	-4.13129000
137.59999916	4.40717800	-4.21918400
137.67999916	4.40717800	-4.21918400
137.75999916	4.40717800	-4.21918400
137.83999916	4.40717800	-4.30707700
137.91999916	4.40717800	-4.30707700
137.99999916	4.40717800	-4.30707700
138.07999916	4.40717800	-4.39497000
138.15999916	4.31867400	-4.39497000
138.23999916	4.40717800	-4.39497000
138.31999916	4.31867400	-4.39497000
138.39999916	4.40717800	-4.48255900
138.47999916	4.31867400	-4.48255900
138.55999916	4.31867400	-4.48255900
138.63999916	4.31867400	-4.57045200
138.71999916	4.31867400	-4.57045200
138.79999916	4.31867400	-4.57045200
138.87999916	4.31867400	-4.57045200
138.95999916	4.31867400	-4.57045200
139.03999915	4.31867400	-4.65834500
139.11999915	4.22986600	-4.65834500
139.19999915	4.31867400	-4.74623900
139.27999915	4.31867400	-4.74623900
139.35999915	4.31867400	-4.74623900
139.43999915	4.31867400	-4.74623900
139.51999915	4.31867400	-4.74623900
139.59999915	4.31867400	-4.74623900
139.67999915	4.31867400	-4.83382700
139.75999915	4.31867400	-4.74623900
139.83999915	4.31867400	-4.83382700
139.91999915	4.31867400	-4.83382700
139.99999915	4.22986600	-4.83382700
140.07999915	4.22986600	-4.83382700
140.15999915	4.22986600	-4.83382700
140.23999915	4.31867400	-4.83382700
140.31999915	4.22986600	-4.92172000
140.39999915	4.22986600	-4.92172000
140.47999915	4.22986600	-4.92172000
140.55999915	4.22986600	-4.92172000
140.63999915	4.22986600	-4.92172000
140.71999914	4.31867400	-4.92172000
140.79999914	4.22986600	-4.92172000
140.87999914	4.22986600	-4.92172000
140.95999914	4.22986600	-4.92172000
141.03999914	4.22986600	-5.00961400
141.11999914	4.22986600	-4.92172000
141.19999914	4.22986600	-5.00961400
141.27999914	4.22986600	-4.92172000
141.35999914	4.22986600	-4.92172000
141.43999914	4.22986600	-4.92172000
141.51999914	4.22986600	-5.00961400
141.59999914	4.22986600	-5.00961400
141.67999914	4.22986600	-5.00961400
141.75999914	4.22986600	-5.00961400
141.83999914	4.22986600	-5.00961400
141.91999914	4.22986600	-5.00961400
141.99999914	4.22986600	-5.00961400
142.07999914	4.22986600	-5.00961400
142.15999914	4.22986600	-5.00961400
142.23999914	4.22986600	-5.00961400
142.31999914	4.22986600	-5.00961400
142.39999913	4.22986600	-4.92172000
142.47999913	4.22986600	-4.92172000
142.55999913	4.22986600	-4.92172000
142.63999913	4.22986600	-5.00961400
142.71999913	4.22986600	-4.92172000
142.79999913	4.22986600	-4.92172000
142.87999913	4.22986600	-4.92172000
142.95999913	4.22986600	-4.92172000
143.03999913	4.22986600	-4.92172000
143.11999913	4.22986600	-4.92172000
143.19999913	4.22986600	-4.92172000
143.27999913	4.22986600	-4.92172000
143.35999913	4.22986600	-4.92172000
143.43999913	4.22986600	-4.83382700
143.51999913	4.22986600	-4.92172000
143.59999913	4.22986600	-4.83382700
143.67999913	4.22986600	-4.83382700
143.75999913	4.22986600	-4.83382700
143.83999913	4.22986600	-4.74623900
143.91999913	4.22986600	-4.83382700
143.99999912	4.22986600	-4.74623900
144.07999912	4.22986600	-4.74623900
144.15999912	4.22986600	-4.74623900
144.23999912	4.22986600	-4.74623900
144.31999912	4.22986600	-4.65834500
144.39999912	4.22986600	-4.74623900
144.47999912	4.22986600	-4.65834500
144.55999912	4.22986600	-4.65834500
144.63999912	4.22986600	-4.65834500
144.71999912	4.22986600	-4.57045200
144.79999912	4.22986600	-4.57045200
144.87999912	4.31867400	-4.57045200
144.95999912	4.22986600	-4.57045200
145.03999912	4.22986600	-4.57045200
145.11999912	4.22986600	-4.48255900
145.19999912	4.31867400	-4.48255900
145.27999912	4.31867400	-4.39497000
145.35999912	4.31867400	-4.39497000
145.43999912	4.22986600	-4.39497000
145.51999912	4.22986600	-4.39497000
145.59999912	4.22986600	-4.39497000
145.67999911	4.22986600	-4.30707700
145.75999911	4.22986600	-4.30707700
145.83999911	4.22986600	-4.21918400
145.91999911	4.31867400	-4.21918400
145.99999911	4.22986600	-4.21918400
146.07999911	4.31867400	-4.21918400
146.15999911	4.31867400	-4.21918400
146.23999911	4.22986600	-4.13129000
146.31999911	4.31867400	-4.13129000
146.39999911	4.31867400	-4.04339700
146.47999911	4.31867400	-4.04339700
146.55999911	4.31867400	-4.04339700
146.63999911	4.31867400	-3.95580900
146.71999911	4.31867400	-3.95580900
146.79999911	4.31867400	-3.95580900
146.87999911	4.40717800	-3.86791600
146.95999911	4.40717800	-3.86791600
147.03999911	4.40717800	-3.86791600
147.11999911	4.40717800	-3.86791600
147.19999911	4.49598700	-3.78002300
147.27999910	4.58449000	-3.78002300
147.35999910	4.76180300	-3.78002300
147.43999910	4.85061200	-3.69212900
147.51999910	4.85061200	-3.60454100
147.59999910	4.93911600	-3.60454100
147.67999910	4.93911600	-3.51664800
147.75999910	4.93911600	-3.51664800
147.83999910	4.93911600	-3.51664800
147.91999910	4.93911600	-3.51664800
147.99999910	4.93911600	-3.42875500
148.07999910	5.02792500	-3.42875500
148.15999910	5.02792500	-3.42875500
148.23999910	5.02792500	-3.34086100
148.31999910	5.02792500	-3.25327300
148.39999910	5.02792500	-3.34086100
148.47999910	5.11642800	-3.25327300
148.55999910	5.11642800	-3.16538000
148.63999910	5.11642800	-3.16538000
148.71999910	5.11642800	-3.16538000
148.79999910	5.11642800	-3.07748700
148.87999910	5.11642800	-2.98959300
148.95999909	5.11642800	-2.98959300
149.03999909	5.11642800	-2.98959300
149.11999909	5.20523700	-2.98959300
149.19999909	5.11642800	-2.90200500
149.27999909	5.11642800	-2.90200500
149.35999909	5.11642800	-2.81411200
149.43999909	5.11642800	-2.81411200
149.51999909	5.20523700	-2.81411200
149.59999909	5.20523700	-2.72621800
149.67999909	5.11642800	-2.72621800
149.75999909	5.11642800	-2.63832500
149.83999909	5.20523700	-2.63832500
149.91999909	5.11642800	-2.63832500
149.99999909	5.11642800	-2.55043200
150.07999909	5.20523700	-2.46284400
150.15999909	5.20523700	-2.46284400
150.23999909	5.20523700	-2.46284400
150.31999909	5.20523700	-2.37495000
150.39999909	5.20523700	-2.28705700
150.47999909	5.20523700	-2.28705700
150.55999908	5.20523700	-2.28705700
150.63999908	5.20523700	-2.19916400
150.71999908	5.20523700	-2.11157600
150.79999908	5.20523700	-2.11157600
150.87999908	5.20523700	-2.11157600
150.95999908	5.20523700	-2.11157600
151.03999908	5.20523700	-2.02368200
151.11999908	5.20523700	-1.93578900
151.19999908	5.20523700	-1.93578900
151.27999908	5.20523700	-1.93578900
151.35999908	5.20523700	-1.84789600
151.43999908	5.20523700	-1.76030800
151.51999908	5.29374100	-1.76030800
151.59999908	5.29374100	-1.76030800
151.67999908	5.29374100	-1.76030800
151.75999908	5.29374100	-1.67241400
151.83999908	5.29374100	-1.58452100
151.91999908	5.29374100	-1.58452100
151.99999908	5.29374100	-1.58452100
152.07999908	5.29374100	-1.49662800
152.15999908	5.29374100	-1.40904000
152.23999907	5.29374100	-1.40904000
152.31999907	5.29374100	-1.40904000
152.39999907	5.29374100	-1.32114600
152.47999907	5.29374100	-1.32114600
152.55999907	5.38254900	-1.32114600
152.63999907	5.29374100	-1.23325300
152.71999907	5.38254900	-1.14536000
152.79999907	5.38254900	-1.14536000
152.87999907	5.38254900	-1.14536000
152.95999907	5.38254900	-1.05746600
153.03999907	5.38254900	-1.05746600
153.11999907	5.38254900	-0.96987830
153.19999907	5.38254900	-0.88198490
153.27999907	5.38254900	-0.88198490
153.35999907	5.47105300	-0.88198490
153.43999907	5.38254900	-0.79409160
153.51999907	5.47105300	-0.79409160
153.59999907	5.47105300	-0.70619830
153.67999907	5.47105300	-0.70619830
153.75999907	5.47105300	-0.61861020
153.83999907	5.47105300	-0.61861020
153.91999906	5.47105300	-0.53071690
153.99999906	5.47105300	-0.53071690
154.07999906	5.55986200	-0.44282360
154.15999906	5.55986200	-0.44282360
154.23999906	5.55986200	-0.35493030
154.31999906	5.55986200	-0.35493030
154.39999906	5.55986200	-0.35493030
154.47999906	5.55986200	-0.26734220
154.55999906	5.55986200	-0.17944880
154.63999906	5.55986200	-0.17944880
154.71999906	5.55986200	-0.09155553
154.79999906	5.55986200	-0.09155553
154.87999906	5.55986200	-0.09155553
154.95999906	5.55986200	-0.00366222
155.03999906	5.55986200	-0.00366222
155.11999906	5.55986200	0.08392590
155.19999906	5.55986200	0.08392590
155.27999906	5.64836500	0.08392590
155.35999906	5.64836500	0.17151400
155.43999906	5.64836500	0.17151400
155.51999905	5.55986200	0.25940730
155.59999905	5.64836500	0.34730060
155.67999905	5.64836500	0.34730060
155.75999905	5.64836500	0.43519400
155.83999905	5.64836500	0.43519400
155.91999905	5.64836500	0.52278210
155.99999905	5.64836500	0.52278210
156.07999905	5.64836500	0.61067540
156.15999905	5.64836500	0.61067540
156.23999905	5.64836500	0.69856870
156.31999905	5.64836500	0.69856870
156.39999905	5.64836500	0.69856870
156.47999905	5.64836500	0.69856870
156.55999905	5.64836500	0.78646200
156.63999905	5.64836500	0.78646200
156.71999905	5.64836500	0.87405010
156.79999905	5.64836500	0.87405010
156.87999905	5.64836500	0.96194340
156.95999905	5.64836500	1.04983700
157.03999905	5.64836500	1.04983700
157.11999905	5.64836500	1.04983700
157.19999904	5.64836500	1.13773000
157.27999904	5.64836500	1.13773000
157.35999904	5.73717500	1.13773000
157.43999904	5.64836500	1.22531800
157.51999904	5.64836500	1.31321100
157.59999904	5.64836500	1.31321100
157.67999904	5.64836500	1.31321100
157.75999904	5.73717500	1.40110500
157.83999904	5.73717500	1.40110500
157.91999904	5.73717500	1.40110500
157.99999904	5.64836500	1.48899800
158.07999904	5.73717500	1.48899800
158.15999904	5.73717500	1.57689100
158.23999904	5.73717500	1.57689100
158.31999904	5.73717500	1.66447900
158.39999904	5.73717500	1.66447900
158.47999904	5.73717500	1.66447900
158.55999904	5.64836500	1.75237300
158.63999904	5.73717500	1.75237300
158.71999904	5.64836500	1.75237300
158.79999903	5.73717500	1.84026600
158.87999903	5.73717500	1.84026600
158.95999903	5.73717500	1.84026600
159.03999903	5.73717500	1.92815900
159.11999903	5.73717500	1.92815900
159.19999903	5.73717500	2.01574800
159.27999903	5.73717500	2.01574800
159.35999903	5.73717500	2.10364100
159.43999903	5.82567800	2.10364100
159.51999903	5.73717500	2.10364100
159.59999903	5.73717500	2.10364100
159.67999903	5.82567800	2.19153400
159.75999903	5.82567800	2.19153400
159.83999903	5.73717500	2.19153400
159.91999903	5.82567800	2.27942800
159.99999903	5.82567800	2.27942800
160.07999903	5.73717500	2.27942800
160.15999903	5.73717500	2.36701600
160.23999903	5.82567800	2.36701600
160.31999903	5.82567800	2.45490900
160.39999903	5.73717500	2.45490900
160.47999902	5.82567800	2.45490900
160.55999902	5.73717500	2.45490900
160.63999902	5.82567800	2.54280200
160.71999902	5.82567800	2.54280200
160.79999902	5.82567800	2.63069600
160.87999902	5.82567800	2.63069600
160.95999902	5.82567800	2.71828400
161.03999902	5.82567800	2.63069600
161.11999902	5.82567800	2.63069600
161.19999902	5.82567800	2.71828400
161.27999902	5.82567800	2.71828400
161.35999902	5.82567800	2.80617700
161.43999902	5.82567800	2.80617700
161.51999902	5.82567800	2.80617700
161.59999902	5.82567800	2.80617700
161.67999902	5.82567800	2.80617700
161.75999902	5.82567800	2.89407000
161.83999902	5.82567800	2.80617700
161.91999902	5.82567800	2.89407000
161.99999902	5.82567800	2.98196400
162.07999901	5.82567800	2.98196400
162.15999901	5.82567800	2.98196400
162.23999901	5.82567800	2.98196400
162.31999901	5.82567800	2.98196400
162.39999901	5.82567800	3.06985700
162.47999901	5.91448700	3.06985700
162.55999901	5.82567800	3.06985700
162.63999901	5.82567800	3.06985700
162.71999901	5.82567800	3.15744500
162.79999901	5.82567800	3.15744500
162.87999901	5.82567800	3.15744500
162.95999901	5.82567800	3.15744500
163.03999901	5.82567800	3.15744500
163.11999901	5.82567800	3.24533800
163.19999901	5.82567800	3.24533800
163.27999901	5.91448700	3.24533800
163.35999901	5.82567800	3.24533800
163.43999901	5.82567800	3.33323200
163.51999901	5.82567800	3.33323200
163.59999901	5.82567800	3.24533800
163.67999901	5.91448700	3.33323200
163.75999900	5.82567800	3.33323200
163.83999900	5.82567800	3.33323200
163.91999900	5.91448700	3.42112500
163.99999900	5.82567800	3.42112500
164.07999900	5.91448700	3.33323200
164.15999900	5.91448700	3.42112500
164.23999900	5.91448700	3.42112500
164.31999900	5.91448700	3.42112500
164.39999900	5.82567800	3.42112500
164.47999900	5.91448700	3.42112500
164.55999900	5.91448700	3.42112500
164.63999900	5.82567800	3.50871300
164.71999900	5.91448700	3.50871300
164.79999900	5.91448700	3.42112500
164.87999900	5.91448700	3.50871300
164.95999900	5.91448700	3.50871300
165.03999900	5.91448700	3.50871300
165.11999900	5.91448700	3.50871300
165.19999900	5.91448700	3.50871300
165.27999900	5.91448700	3.50871300
165.35999900	5.91448700	3.50871300
165.43999899	5.82567800	3.50871300
165.51999899	5.91448700	3.50871300
165.59999899	5.91448700	3.50871300
165.67999899	5.91448700	3.50871300
165.75999899	5.91448700	3.50871300
165.83999899	5.91448700	3.50871300
165.91999899	5.91448700	3.50871300
165.99999899	5.82567800	3.50871300
166.07999899	5.91448700	3.50871300
166.15999899	5.91448700	3.50871300
166.23999899	5.91448700	3.50871300
166.31999899	5.91448700	3.50871300
166.39999899	5.82567800	3.50871300
166.47999899	5.91448700	3.50871300
166.55999899	5.91448700	3.50871300
166.63999899	5.91448700	3.50871300
166.71999899	5.91448700	3.50871300
166.79999899	5.91448700	3.50871300
166.87999899	5.91448700	3.50871300
166.95999899	5.91448700	3.50871300
167.03999898	5.91448700	3.50871300
167.11999898	5.91448700	3.50871300
167.19999898	5.91448700	3.50871300
167.27999898	5.91448700	3.50871300
167.35999898	5.91448700	3.50871300
167.43999898	5.91448700	3.50871300
167.51999898	5.91448700	3.50871300
167.59999898	5.91448700	3.50871300
167.67999898	5.91448700	3.50871300
167.75999898	5.91448700	3.50871300
167.83999898	5.91448700	3.50871300
167.91999898	5.91448700	3.50871300
167.99999898	5.91448700	3.50871300
168.07999898	5.91448700	3.42112500
168.15999898	5.91448700	3.42112500
168.23999898	5.91448700	3.42112500
168.31999898	5.91448700	3.50871300
168.39999898	5.91448700	3.42112500
168.47999898	5.91448700	3.42112500
168.55999898	5.91448700	3.42112500
168.63999898	5.91448700	3.42112500
168.71999897	5.91448700	3.42112500
168.79999897	5.91448700	3.42112500
168.87999897	5.91448700	3.33323200
168.95999897	5.91448700	3.33323200
169.03999897	5.91448700	3.33323200
169.11999897	5.91448700	3.33323200
169.19999897	5.82567800	3.33323200
169.27999897	5.91448700	3.33323200
169.35999897	5.91448700	3.33323200
169.43999897	5.82567800	3.33323200
169.51999897	5.91448700	3.24533800
169.59999897	5.91448700	3.24533800
169.67999897	5.91448700	3.24533800
169.75999897	5.91448700	3.24533800
169.83999897	5.91448700	3.15744500
169.91999897	5.82567800	3.15744500
169.99999897	5.91448700	3.15744500
170.07999897	5.91448700	3.15744500
170.15999897	5.91448700	3.15744500
170.23999897	5.82567800	3.15744500
170.31999896	5.91448700	3.06985700
170.39999896	5.91448700	3.06985700
170.47999896	5.91448700	3.06985700
170.55999896	5.82567800	2.98196400
170.63999896	5.82567800	3.06985700
170.71999896	5.82567800	2.98196400
170.79999896	5.82567800	2.98196400
170.87999896	5.82567800	2.98196400
170.95999896	5.82567800	2.98196400
171.03999896	5.91448700	2.98196400
171.11999896	5.91448700	2.89407000
171.19999896	5.91448700	2.89407000
171.27999896	5.91448700	2.80617700
171.35999896	5.82567800	2.89407000
171.43999896	5.82567800	2.80617700
171.51999896	5.82567800	2.80617700
171.59999896	5.82567800	2.80617700
171.67999896	5.82567800	2.80617700
171.75999896	5.82567800	2.80617700
171.83999896	5.82567800	2.71828400
171.91999896	5.82567800	2.71828400
171.99999895	5.82567800	2.71828400
172.07999895	5.82567800	2.71828400
172.15999895	5.82567800	2.71828400
172.23999895	5.82567800	2.63069600
172.31999895	5.82567800	2.63069600
172.39999895	5.82567800	2.54280200
172.47999895	5.82567800	2.63069600
172.55999895	5.82567800	2.54280200
172.63999895	5.82567800	2.45490900
172.71999895	5.82567800	2.45490900
172.79999895	5.82567800	2.45490900
172.87999895	5.82567800	2.45490900
172.95999895	5.82567800	2.45490900
173.03999895	5.82567800	2.45490900
173.11999895	5.82567800	2.45490900
173.19999895	5.82567800	2.36701600
173.27999895	5.82567800	2.36701600
173.35999895	5.82567800	2.27942800
173.43999895	5.82567800	2.27942800
173.51999895	5.73717500	2.27942800
173.59999894	5.73717500	2.27942800
173.67999894	5.82567800	2.19153400
173.75999894	5.82567800	2.19153400
173.83999894	5.73717500	2.19153400
173.91999894	5.73717500	2.10364100
173.99999894	5.73717500	2.19153400
174.07999894	5.73717500	2.10364100
174.15999894	5.73717500	2.10364100
174.23999894	5.73717500	2.01574800
174.31999894	5.73717500	2.01574800
174.39999894	5.73717500	2.01574800
174.47999894	5.73717500	2.01574800
174.55999894	5.73717500	1.92815900
174.63999894	5.64836500	1.92815900
174.71999894	5.73717500	1.92815900
174.79999894	5.64836500	1.92815900
174.87999894	5.64836500	1.84026600
174.95999894	5.64836500	1.84026600
175.03999894	5.73717500	1.84026600
175.11999894	5.64836500	1.75237300
175.19999894	5.64836500	1.75237300
175.27999893	5.64836500	1.75237300
175.35999893	5.64836500	1.75237300
175.43999893	5.64836500	1.66447900
175.51999893	5.64836500	1.66447900
175.59999893	5.64836500	1.66447900
175.67999893	5.64836500	1.57689100
175.75999893	5.64836500	1.57689100
175.83999893	5.55986200	1.57689100
175.91999893	5.64836500	1.48899800
175.99999893	5.55986200	1.48899800
176.07999893	5.55986200	1.48899800
176.15999893	5.47105300	1.48899800
176.23999893	5.11642800	1.40110500
176.31999893	4.58449000	1.40110500
176.39999893	4.31867400	1.40110500
176.47999893	4.31867400	1.31321100
176.55999893	4.40717800	1.31321100
176.63999893	4.31867400	1.31321100
176.71999893	4.40717800	1.31321100
176.79999893	4.40717800	1.22531800
176.87999893	4.31867400	1.22531800
176.95999892	4.31867400	1.22531800
177.03999892	4.31867400	1.22531800
177.11999892	4.31867400	1.22531800
177.19999892	4.31867400	1.13773000
177.27999892	4.31867400	1.04983700
177.35999892	4.22986600	1.04983700
177.43999892	4.22986600	1.04983700
177.51999892	4.31867400	1.04983700
177.59999892	4.31867400	1.04983700
177.67999892	4.31867400	0.96194340
177.75999892	4.22986600	0.96194340
177.83999892	4.22986600	0.96194340
177.91999892	4.31867400	0.87405010
177.99999892	4.22986600	0.87405010
178.07999892	4.22986600	0.87405010
178.15999892	4.31867400	0.87405010
178.23999892	4.31867400	0.78646200
178.31999892	4.31867400	0.78646200
178.39999892	4.22986600	0.69856870
178.47999892	4.22986600	0.69856870
178.55999891	4.22986600	0.69856870
178.63999891	4.22986600	0.69856870
178.71999891	4.31867400	0.61067540
178.79999891	4.22986600	0.61067540
178.87999891	4.22986600	0.61067540
178.95999891	4.22986600	0.61067540
179.03999891	4.22986600	0.61067540
179.11999891	4.22986600	0.52278210
179.19999891	4.22986600	0.52278210
179.27999891	4.22986600	0.43519400
179.35999891	4.22986600	0.43519400
179.43999891	4.22986600	0.43519400
179.51999891	4.22986600	0.34730060
179.59999891	4.22986600	0.34730060
179.67999891	4.22986600	0.34730060
179.75999891	4.22986600	0.34730060
179.83999891	4.22986600	0.25940730
179.91999891	4.22986600	0.25940730
179.99999891	4.22986600	0.25940730
180.07999891	4.22986600	0.17151400
180.15999891	4.22986600	0.17151400
180.23999890	4.22986600	0.08392590
180.31999890	4.22986600	0.08392590
180.39999890	4.22986600	0.08392590
180.47999890	4.31867400	0.08392590
180.55999890	4.22986600	-0.00366222
180.63999890	4.22986600	-0.00366222
180.71999890	4.22986600	-0.00366222
180.79999890	4.22986600	-0.09155553
180.87999890	4.22986600	-0.09155553
180.95999890	4.22986600	-0.09155553
181.03999890	4.22986600	-0.09155553
181.11999890	4.22986600	-0.17944880
181.19999890	4.22986600	-0.17944880
181.27999890	4.22986600	-0.17944880
181.35999890	4.22986600	-0.26734220
181.43999890	4.22986600	-0.26734220
181.51999890	3.69792800	-0.26734220
181.59999890	1.39286500	-0.26734220
181.67999890	0.68361460	-0.35493030
181.75999890	0.68361460	-0.35493030
181.83999889	0.68361460	-0.44282360
181.91999889	0.68361460	-0.44282360
181.99999889	0.68361460	-0.44282360
182.07999889	0.68361460	-0.44282360
182.15999889	0.68361460	-0.53071690
182.23999889	0.68361460	-0.53071690
182.31999889	0.68361460	-0.53071690
182.39999889	0.68361460	-0.61861020
182.47999889	0.68361460	-0.61861020
182.55999889	0.77211830	-0.61861020
182.63999889	0.68361460	-0.70619830
182.71999889	0.68361460	-0.70619830
182.79999889	0.77211830	-0.79409160
182.87999889	0.68361460	-0.79409160
182.95999889	0.77211830	-0.79409160
183.03999889	0.68361460	-0.88198490
183.11999889	0.77211830	-0.96987830
183.19999889	0.77211830	-0.96987830
183.27999889	0.77211830	-0.96987830
183.35999889	0.77211830	-0.96987830
183.43999889	0.77211830	-1.05746600
183.51999888	0.77211830	-1.05746600
183.59999888	0.86092720	-1.14536000
183.67999888	0.77211830	-1.14536000
183.75999888	0.77211830	-1.23325300
183.83999888	0.77211830	-1.23325300
183.91999888	0.86092720	-1.23325300
183.99999888	0.86092720	-1.32114600
184.07999888	0.86092720	-1.32114600
184.15999888	0.86092720	-1.40904000
184.23999888	0.86092720	-1.40904000
184.31999888	0.86092720	-1.40904000
184.39999888	0.77211830	-1.40904000
184.47999888	0.86092720	-1.49662800
184.55999888	0.86092720	-1.49662800
184.63999888	0.86092720	-1.49662800
184.71999888	0.86092720	-1.58452100
184.79999888	0.86092720	-1.58452100
184.87999888	0.86092720	-1.58452100
184.95999888	0.86092720	-1.67241400
185.03999888	0.86092720	-1.67241400
185.11999887	0.86092720	-1.76030800
185.19999887	0.86092720	-1.76030800
185.27999887	0.86092720	-1.76030800
185.35999887	0.86092720	-1.84789600
185.43999887	0.86092720	-1.84789600
185.51999887	0.86092720	-1.93578900
185.59999887	0.86092720	-1.93578900
185.67999887	0.86092720	-1.93578900
185.75999887	0.86092720	-2.02368200
185.83999887	0.86092720	-2.02368200
185.91999887	0.86092720	-2.11157600
185.99999887	0.86092720	-2.11157600
186.07999887	0.86092720	-2.11157600
186.15999887	0.86092720	-2.19916400
186.23999887	0.86092720	-2.19916400
186.31999887	0.86092720	-2.28705700
186.39999887	0.94943080	-2.28705700
186.47999887	0.86092720	-2.28705700
186.55999887	0.86092720	-2.37495000
186.63999887	0.86092720	-2.37495000
186.71999887	0.86092720	-2.46284400
186.79999886	0.86092720	-2.46284400
186.87999886	0.86092720	-2.46284400
186.95999886	0.94943080	-2.55043200
187.03999886	0.86092720	-2.55043200
187.11999886	0.86092720	-2.63832500
187.19999886	0.94943080	-2.63832500
187.27999886	0.86092720	-2.72621800
187.35999886	0.94943080	-2.72621800
187.43999886	0.94943080	-2.72621800
187.51999886	0.94943080	-2.81411200
187.59999886	0.94943080	-2.81411200
187.67999886	0.94943080	-2.81411200
187.75999886	0.94943080	-2.90200500
187.83999886	0.94943080	-2.90200500
187.91999886	0.86092720	-2.90200500
187.99999886	0.94943080	-2.98959300
188.07999886	0.94943080	-2.98959300
188.15999886	0.94943080	-3.07748700
188.23999886	0.94943080	-3.07748700
188.31999886	0.94943080	-3.16538000
188.39999886	0.94943080	-3.16538000
188.47999885	0.94943080	-3.16538000
188.55999885	0.94943080	-3.25327300
188.63999885	0.94943080	-3.16538000
188.71999885	0.94943080	-3.25327300
188.79999885	0.94943080	-3.34086100
188.87999885	0.94943080	-3.34086100
188.95999885	0.94943080	-3.34086100
189.03999885	0.94943080	-3.34086100
189.11999885	0.94943080	-3.42875500
189.19999885	0.94943080	-3.42875500
189.27999885	0.94943080	-3.51664800
189.35999885	0.94943080	-3.51664800
189.43999885	0.94943080	-3.51664800
189.51999885	0.94943080	-3.51664800
189.59999885	0.94943080	-3.60454100
189.67999885	0.94943080	-3.60454100
189.75999885	0.94943080	-3.60454100
189.83999885	0.94943080	-3.69212900
189.91999885	0.94943080	-3.69212900
189.99999885	0.94943080	-3.78002300
190.07999884	0.94943080	-3.69212900
190.15999884	0.94943080	-3.78002300
190.23999884	0.94943080	-3.78002300
190.31999884	0.94943080	-3.86791600
190.39999884	0.94943080	-3.86791600
190.47999884	0.94943080	-3.86791600
190.55999884	0.94943080	-3.86791600
190.63999884	0.94943080	-3.95580900
190.71999884	0.94943080	-3.86791600
190.79999884	0.94943080	-3.95580900
190.87999884	0.94943080	-4.04339700
190.95999884	0.94943080	-4.04339700
191.03999884	0.94943080	-4.04339700
191.11999884	0.94943080	-4.04339700
191.19999884	0.94943080	-4.04339700
191.27999884	1.03824000	-4.13129000
191.35999884	0.94943080	-4.04339700
191.43999884	0.94943080	-4.13129000
191.51999884	0.94943080	-4.21918400
191.59999884	0.94943080	-4.13129000
191.67999884	0.94943080	-4.21918400
191.75999883	0.94943080	-4.21918400
191.83999883	0.94943080	-4.21918400
191.91999883	0.94943080	-4.21918400
191.99999883	0.94943080	-4.30707700
192.07999883	0.94943080	-4.21918400
192.15999883	0.94943080	-4.30707700
192.23999883	0.94943080	-4.21918400
192.31999883	0.94943080	-4.30707700
192.39999883	0.94943080	-4.30707700
192.47999883	0.94943080	-4.30707700
192.55999883	0.94943080	-4.30707700
192.63999883	0.94943080	-4.39497000
192.71999883	0.94943080	-4.30707700
192.79999883	0.94943080	-4.39497000
192.87999883	0.94943080	-4.39497000
192.95999883	0.94943080	-4.39497000
193.03999883	0.94943080	-4.39497000
193.11999883	0.94943080	-4.39497000
193.19999883	0.94943080	-4.39497000
193.27999883	0.94943080	-4.39497000
193.35999882	0.94943080	-4.48255900
193.43999882	0.94943080	-4.39497000
193.51999882	0.94943080	-4.39497000
193.59999882	0.94943080	-4.39497000
193.67999882	0.94943080	-4.39497000
193.75999882	0.94943080	-4.39497000
193.83999882	0.94943080	-4.39497000
193.91999882	0.94943080	-4.48255900
193.99999882	0.94943080	-4.39497000
194.07999882	0.94943080	-4.48255900
194.15999882	0.94943080	-4.48255900
194.23999882	0.94943080	-4.48255900
194.31999882	0.94943080	-4.48255900
194.39999882	0.94943080	-4.48255900
194.47999882	0.94943080	-4.39497000
194.55999882	0.94943080	-4.48255900
194.63999882	0.86092720	-4.39497000
194.71999882	0.94943080	-4.48255900
194.79999882	0.94943080	-4.39497000
194.87999882	0.86092720	-4.39497000
194.95999882	0.86092720	-4.39497000
195.03999881	0.94943080	-4.39497000
195.11999881	0.86092720	-4.30707700
195.19999881	0.94943080	-4.39497000
195.27999881	0.94943080	-4.30707700
195.35999881	0.94943080	-4.30707700
195.43999881	0.94943080	-4.30707700
195.51999881	0.94943080	-4.30707700
195.59999881	0.94943080	-4.30707700
195.67999881	0.94943080	-4.30707700
195.75999881	0.86092720	-4.30707700
195.83999881	0.86092720	-4.30707700
195.91999881	0.86092720	-4.21918400
195.99999881	0.94943080	-4.21918400
196.07999881	0.94943080	-4.21918400
196.15999881	0.94943080	-4.21918400
196.23999881	0.86092720	-4.21918400
196.31999881	0.86092720	-4.21918400
196.39999881	0.86092720	-4.13129000
196.47999881	0.86092720	-4.13129000
196.55999881	0.94943080	-4.13129000
196.63999880	0.86092720	-4.04339700
196.71999880	0.86092720	-4.13129000
196.79999880	0.86092720	-4.04339700
196.87999880	0.86092720	-4.04339700
196.95999880	0.86092720	-4.04339700
197.03999880	0.86092720	-3.95580900
197.11999880	0.86092720	-3.95580900
197.19999880	0.86092720	-3.95580900
197.27999880	0.86092720	-3.86791600
197.35999880	0.94943080	-3.86791600
197.43999880	0.86092720	-3.86791600
197.51999880	0.86092720	-3.86791600
197.59999880	0.86092720	-3.86791600
197.67999880	0.86092720	-3.86791600
197.75999880	0.86092720	-3.78002300
197.83999880	0.86092720	-3.78002300
197.91999880	0.86092720	-3.78002300
197.99999880	0.86092720	-3.69212900
198.07999880	0.86092720	-3.69212900
198.15999880	0.86092720	-3.60454100
198.23999880	0.86092720	-3.60454100
198.31999879	0.86092720	-3.51664800
198.39999879	0.86092720	-3.51664800
198.47999879	0.86092720	-3.42875500
198.55999879	0.86092720	-3.42875500
198.63999879	0.86092720	-3.42875500
198.71999879	0.86092720	-3.34086100
198.79999879	0.86092720	-3.34086100
198.87999879	0.86092720	-3.34086100
198.95999879	0.86092720	-3.34086100
199.03999879	0.86092720	-3.25327300
199.11999879	0.86092720	-3.16538000
199.19999879	0.86092720	-3.16538000
199.27999879	0.86092720	-3.16538000
199.35999879	0.86092720	-3.07748700
199.43999879	0.86092720	-3.07748700
199.51999879	0.86092720	-2.98959300
199.59999879	0.86092720	-2.98959300
199.67999879	0.86092720	-2.90200500
199.75999879	0.86092720	-2.90200500
199.83999879	0.86092720	-2.90200500
199.91999878	0.77211830	-2.90200500
199.99999878	0.86092720	-2.81411200
200.07999878	0.86092720	-2.81411200
200.15999878	0.86092720	-2.81411200
200.23999878	0.86092720	-2.72621800
