Time	Channel A	Channel B
(us)	(V)	(V)

0.00000000	5.64836500	0.69856870
0.08000000	5.64836500	0.69856870
0.16000000	5.64836500	0.69856870
0.24000000	5.64836500	0.78646200
0.32000000	5.64836500	0.87405010
0.40000000	5.64836500	0.87405010
0.48000000	5.64836500	0.87405010
0.56000000	5.64836500	0.96194340
0.64000000	5.64836500	0.96194340
0.72000000	5.64836500	1.04983700
0.80000000	5.64836500	1.04983700
0.87999999	5.64836500	1.04983700
0.95999999	5.64836500	1.13773000
1.03999999	5.64836500	1.13773000
1.11999999	5.64836500	1.22531800
1.19999999	5.64836500	1.22531800
1.27999999	5.64836500	1.31321100
1.35999999	5.64836500	1.40110500
1.43999999	5.64836500	1.40110500
1.51999999	5.64836500	1.40110500
1.59999999	5.64836500	1.40110500
1.67999999	5.64836500	1.48899800
1.75999999	5.64836500	1.57689100
1.83999999	5.73717500	1.57689100
1.91999999	5.64836500	1.57689100
1.99999999	5.64836500	1.66447900
2.07999999	5.73717500	1.66447900
2.15999999	5.64836500	1.66447900
2.23999999	5.64836500	1.75237300
2.31999999	5.64836500	1.75237300
2.39999999	5.64836500	1.84026600
2.47999998	5.73717500	1.75237300
2.55999998	5.73717500	1.84026600
2.63999998	5.82567800	1.92815900
2.71999998	5.73717500	1.92815900
2.79999998	5.73717500	1.92815900
2.87999998	5.73717500	2.01574800
2.95999998	5.73717500	2.01574800
3.03999998	5.73717500	2.01574800
3.11999998	5.73717500	2.10364100
3.19999998	5.73717500	2.10364100
3.27999998	5.73717500	2.10364100
3.35999998	5.73717500	2.19153400
3.43999998	5.73717500	2.19153400
3.51999998	5.73717500	2.27942800
3.59999998	5.73717500	2.27942800
3.67999998	5.73717500	2.27942800
3.75999998	5.82567800	2.36701600
3.83999998	5.82567800	2.36701600
3.91999998	5.82567800	2.36701600
3.99999998	5.82567800	2.36701600
4.07999998	5.73717500	2.45490900
4.15999997	5.82567800	2.45490900
4.23999997	5.73717500	2.45490900
4.31999997	5.82567800	2.54280200
4.39999997	5.82567800	2.54280200
4.47999997	5.82567800	2.63069600
4.55999997	5.73717500	2.63069600
4.63999997	5.82567800	2.63069600
4.71999997	5.82567800	2.63069600
4.79999997	5.82567800	2.63069600
4.87999997	5.82567800	2.71828400
4.95999997	5.82567800	2.80617700
5.03999997	5.82567800	2.71828400
5.11999997	5.82567800	2.80617700
5.19999997	5.82567800	2.80617700
5.27999997	5.82567800	2.80617700
5.35999997	5.82567800	2.80617700
5.43999997	5.82567800	2.80617700
5.51999997	5.82567800	2.89407000
5.59999997	5.82567800	2.89407000
5.67999997	5.82567800	2.89407000
5.75999996	5.82567800	2.98196400
5.83999996	5.82567800	2.98196400
5.91999996	5.82567800	2.98196400
5.99999996	5.82567800	2.98196400
6.07999996	5.82567800	3.06985700
6.15999996	5.82567800	2.98196400
6.23999996	5.82567800	3.06985700
6.31999996	5.82567800	3.06985700
6.39999996	5.82567800	3.15744500
6.47999996	5.82567800	3.15744500
6.55999996	5.82567800	3.15744500
6.63999996	5.82567800	3.15744500
6.71999996	5.82567800	3.24533800
6.79999996	5.82567800	3.24533800
6.87999996	5.82567800	3.15744500
6.95999996	5.82567800	3.24533800
7.03999996	5.82567800	3.24533800
7.11999996	5.82567800	3.33323200
7.19999996	5.82567800	3.24533800
7.27999996	5.82567800	3.33323200
7.35999996	5.82567800	3.33323200
7.43999995	5.91448700	3.33323200
7.51999995	5.91448700	3.33323200
7.59999995	5.82567800	3.33323200
7.67999995	5.82567800	3.33323200
7.75999995	5.82567800	3.42112500
7.83999995	5.82567800	3.42112500
7.91999995	5.91448700	3.42112500
7.99999995	5.91448700	3.42112500
8.07999995	5.91448700	3.42112500
8.15999995	5.82567800	3.42112500
8.23999995	5.82567800	3.50871300
8.31999995	5.91448700	3.42112500
8.39999995	5.82567800	3.50871300
8.47999995	5.91448700	3.50871300
8.55999995	5.82567800	3.50871300
8.63999995	5.82567800	3.50871300
8.71999995	5.82567800	3.50871300
8.79999995	5.91448700	3.50871300
8.87999995	5.82567800	3.50871300
8.95999995	5.82567800	3.50871300
9.03999995	5.91448700	3.50871300
9.11999994	5.91448700	3.50871300
9.19999994	5.91448700	3.50871300
9.27999994	5.82567800	3.50871300
9.35999994	5.91448700	3.50871300
9.43999994	5.91448700	3.50871300
9.51999994	5.91448700	3.50871300
9.59999994	5.82567800	3.50871300
9.67999994	5.91448700	3.50871300
9.75999994	5.82567800	3.50871300
9.83999994	5.91448700	3.50871300
9.91999994	5.91448700	3.50871300
9.99999994	5.91448700	3.50871300
10.07999994	5.91448700	3.50871300
10.15999994	5.82567800	3.50871300
10.23999994	5.91448700	3.50871300
10.31999994	5.82567800	3.50871300
10.39999994	5.91448700	3.50871300
10.47999994	5.82567800	3.50871300
10.55999994	5.82567800	3.50871300
10.63999994	5.91448700	3.50871300
10.71999993	5.91448700	3.50871300
10.79999993	5.91448700	3.50871300
10.87999993	5.91448700	3.50871300
10.95999993	5.91448700	3.50871300
11.03999993	5.91448700	3.50871300
11.11999993	5.91448700	3.50871300
11.19999993	5.91448700	3.50871300
11.27999993	5.82567800	3.50871300
11.35999993	5.91448700	3.50871300
11.43999993	5.91448700	3.50871300
11.51999993	5.91448700	3.50871300
11.59999993	5.91448700	3.50871300
11.67999993	5.91448700	3.42112500
11.75999993	5.91448700	3.50871300
11.83999993	5.82567800	3.42112500
11.91999993	5.82567800	3.42112500
11.99999993	5.91448700	3.42112500
12.07999993	5.91448700	3.42112500
12.15999993	5.82567800	3.42112500
12.23999993	5.91448700	3.42112500
12.31999993	5.82567800	3.42112500
12.39999992	5.91448700	3.42112500
12.47999992	5.91448700	3.42112500
12.55999992	5.91448700	3.42112500
12.63999992	5.91448700	3.33323200
12.71999992	5.91448700	3.33323200
12.79999992	5.91448700	3.33323200
12.87999992	5.91448700	3.24533800
12.95999992	5.91448700	3.33323200
13.03999992	5.82567800	3.24533800
13.11999992	5.82567800	3.24533800
13.19999992	5.91448700	3.24533800
13.27999992	5.91448700	3.24533800
13.35999992	5.82567800	3.24533800
13.43999992	5.82567800	3.24533800
13.51999992	5.82567800	3.24533800
13.59999992	5.82567800	3.15744500
13.67999992	5.82567800	3.15744500
13.75999992	5.82567800	3.15744500
13.83999992	5.91448700	3.06985700
13.91999992	5.82567800	3.15744500
13.99999991	5.82567800	3.06985700
14.07999991	5.91448700	3.06985700
14.15999991	5.82567800	3.06985700
14.23999991	5.82567800	3.06985700
14.31999991	5.82567800	2.98196400
14.39999991	5.82567800	2.98196400
14.47999991	5.91448700	2.98196400
14.55999991	5.82567800	2.98196400
14.63999991	5.82567800	2.98196400
14.71999991	5.82567800	2.89407000
14.79999991	5.82567800	2.89407000
14.87999991	5.82567800	2.89407000
14.95999991	5.82567800	2.89407000
15.03999991	5.82567800	2.80617700
15.11999991	5.82567800	2.80617700
15.19999991	5.82567800	2.80617700
15.27999991	5.82567800	2.80617700
15.35999991	5.82567800	2.80617700
15.43999991	5.82567800	2.80617700
15.51999991	5.82567800	2.71828400
15.59999991	5.82567800	2.71828400
15.67999990	5.82567800	2.71828400
15.75999990	5.82567800	2.71828400
15.83999990	5.82567800	2.63069600
15.91999990	5.82567800	2.63069600
15.99999990	5.82567800	2.63069600
16.07999990	5.82567800	2.54280200
16.15999990	5.82567800	2.54280200
16.23999990	5.82567800	2.54280200
16.31999990	5.82567800	2.45490900
16.39999990	5.82567800	2.45490900
16.47999990	5.82567800	2.45490900
16.55999990	5.73717500	2.45490900
16.63999990	5.73717500	2.45490900
16.71999990	5.82567800	2.45490900
16.79999990	5.82567800	2.45490900
16.87999990	5.82567800	2.36701600
16.95999990	5.73717500	2.27942800
17.03999990	5.82567800	2.27942800
17.11999990	5.82567800	2.27942800
17.19999990	5.73717500	2.27942800
17.27999989	5.73717500	2.19153400
17.35999989	5.73717500	2.19153400
17.43999989	5.73717500	2.19153400
17.51999989	5.73717500	2.19153400
17.59999989	5.73717500	2.19153400
17.67999989	5.73717500	2.10364100
17.75999989	5.73717500	2.10364100
17.83999989	5.73717500	2.10364100
17.91999989	5.64836500	2.10364100
17.99999989	5.73717500	2.01574800
18.07999989	5.73717500	2.01574800
18.15999989	5.73717500	2.01574800
18.23999989	5.64836500	2.01574800
18.31999989	5.64836500	1.92815900
18.39999989	5.64836500	1.92815900
18.47999989	5.64836500	1.84026600
18.55999989	5.64836500	1.84026600
18.63999989	5.64836500	1.84026600
18.71999989	5.64836500	1.84026600
18.79999989	5.64836500	1.75237300
18.87999989	5.64836500	1.75237300
18.95999988	5.64836500	1.75237300
19.03999988	5.64836500	1.75237300
19.11999988	5.64836500	1.75237300
19.19999988	5.55986200	1.66447900
19.27999988	5.64836500	1.66447900
19.35999988	5.55986200	1.57689100
19.43999988	5.55986200	1.57689100
19.51999988	5.55986200	1.57689100
19.59999988	5.55986200	1.57689100
19.67999988	5.55986200	1.48899800
19.75999988	5.55986200	1.48899800
19.83999988	5.47105300	1.48899800
19.91999988	5.02792500	1.40110500
19.99999988	4.58449000	1.40110500
20.07999988	4.31867400	1.40110500
20.15999988	4.31867400	1.31321100
20.23999988	4.31867400	1.31321100
20.31999988	4.31867400	1.31321100
20.39999988	4.31867400	1.31321100
20.47999988	4.31867400	1.31321100
20.55999988	4.31867400	1.22531800
20.63999987	4.22986600	1.22531800
20.71999987	4.31867400	1.13773000
20.79999987	4.31867400	1.13773000
20.87999987	4.22986600	1.13773000
20.95999987	4.31867400	1.04983700
21.03999987	4.22986600	1.04983700
21.11999987	4.22986600	1.04983700
21.19999987	4.22986600	1.04983700
21.27999987	4.22986600	1.04983700
21.35999987	4.22986600	1.04983700
21.43999987	4.31867400	0.96194340
21.51999987	4.22986600	0.87405010
21.59999987	4.22986600	0.87405010
21.67999987	4.22986600	0.87405010
21.75999987	4.22986600	0.87405010
21.83999987	4.22986600	0.78646200
21.91999987	4.22986600	0.78646200
21.99999987	4.22986600	0.78646200
22.07999987	4.22986600	0.69856870
22.15999987	4.22986600	0.69856870
22.23999986	4.22986600	0.69856870
22.31999986	4.22986600	0.69856870
22.39999986	4.22986600	0.69856870
22.47999986	4.22986600	0.61067540
22.55999986	4.22986600	0.61067540
22.63999986	4.22986600	0.61067540
22.71999986	4.22986600	0.52278210
22.79999986	4.22986600	0.52278210
22.87999986	4.22986600	0.52278210
22.95999986	4.22986600	0.43519400
23.03999986	4.22986600	0.43519400
23.11999986	4.22986600	0.43519400
23.19999986	4.22986600	0.34730060
23.27999986	4.22986600	0.34730060
23.35999986	4.22986600	0.34730060
23.43999986	4.22986600	0.25940730
23.51999986	4.22986600	0.25940730
23.59999986	4.22986600	0.25940730
23.67999986	4.22986600	0.17151400
23.75999986	4.22986600	0.17151400
23.83999986	4.22986600	0.17151400
23.91999985	4.22986600	0.08392590
23.99999985	4.22986600	0.08392590
24.07999985	4.22986600	0.08392590
24.15999985	4.22986600	-0.00366222
24.23999985	4.22986600	-0.00366222
24.31999985	4.22986600	-0.00366222
24.39999985	4.22986600	-0.00366222
24.47999985	4.22986600	-0.00366222
24.55999985	4.22986600	-0.09155553
24.63999985	4.22986600	-0.09155553
24.71999985	4.22986600	-0.09155553
24.79999985	4.22986600	-0.17944880
24.87999985	4.22986600	-0.17944880
24.95999985	4.22986600	-0.17944880
25.03999985	4.22986600	-0.17944880
25.11999985	4.22986600	-0.26734220
25.19999985	4.31867400	-0.35493030
25.27999985	4.31867400	-0.35493030
25.35999985	4.05255300	-0.35493030
25.43999985	3.25479900	-0.35493030
25.51999984	1.30405600	-0.44282360
25.59999984	0.86092720	-0.44282360
25.67999984	0.68361460	-0.44282360
25.75999984	0.68361460	-0.53071690
25.83999984	0.59480580	-0.53071690
25.91999984	0.68361460	-0.53071690
25.99999984	0.68361460	-0.53071690
26.07999984	0.68361460	-0.61861020
26.15999984	0.68361460	-0.61861020
26.23999984	0.68361460	-0.70619830
26.31999984	0.68361460	-0.70619830
26.39999984	0.68361460	-0.70619830
26.47999984	0.68361460	-0.79409160
26.55999984	0.77211830	-0.79409160
26.63999984	0.68361460	-0.79409160
26.71999984	0.77211830	-0.88198490
26.79999984	0.68361460	-0.88198490
26.87999984	0.68361460	-0.96987830
26.95999984	0.77211830	-0.88198490
27.03999984	0.77211830	-0.96987830
27.11999984	0.77211830	-1.05746600
27.19999983	0.77211830	-1.05746600
27.27999983	0.77211830	-1.05746600
27.35999983	0.77211830	-1.05746600
27.43999983	0.77211830	-1.14536000
27.51999983	0.77211830	-1.14536000
27.59999983	0.77211830	-1.23325300
27.67999983	0.77211830	-1.23325300
27.75999983	0.86092720	-1.32114600
27.83999983	0.86092720	-1.32114600
27.91999983	0.77211830	-1.32114600
27.99999983	0.86092720	-1.40904000
28.07999983	0.77211830	-1.40904000
28.15999983	0.77211830	-1.40904000
28.23999983	0.86092720	-1.49662800
28.31999983	0.86092720	-1.49662800
28.39999983	0.86092720	-1.49662800
28.47999983	0.86092720	-1.58452100
28.55999983	0.86092720	-1.58452100
28.63999983	0.86092720	-1.67241400
28.71999983	0.86092720	-1.67241400
28.79999982	0.86092720	-1.67241400
28.87999982	0.86092720	-1.76030800
28.95999982	0.86092720	-1.76030800
29.03999982	0.86092720	-1.84789600
29.11999982	0.86092720	-1.84789600
29.19999982	0.86092720	-1.93578900
29.27999982	0.86092720	-1.93578900
29.35999982	0.86092720	-1.93578900
29.43999982	0.86092720	-1.93578900
29.51999982	0.86092720	-2.02368200
29.59999982	0.86092720	-2.02368200
29.67999982	0.86092720	-2.11157600
29.75999982	0.86092720	-2.11157600
29.83999982	0.86092720	-2.11157600
29.91999982	0.94943080	-2.19916400
29.99999982	0.86092720	-2.19916400
30.07999982	0.86092720	-2.28705700
30.15999982	0.86092720	-2.28705700
30.23999982	0.86092720	-2.28705700
30.31999982	0.94943080	-2.28705700
30.39999982	0.86092720	-2.37495000
30.47999981	0.86092720	-2.46284400
30.55999981	0.86092720	-2.46284400
30.63999981	0.86092720	-2.46284400
30.71999981	0.94943080	-2.46284400
30.79999981	0.86092720	-2.55043200
30.87999981	0.94943080	-2.55043200
30.95999981	0.94943080	-2.63832500
31.03999981	0.94943080	-2.63832500
31.11999981	0.86092720	-2.72621800
31.19999981	0.94943080	-2.72621800
31.27999981	0.94943080	-2.81411200
31.35999981	0.86092720	-2.81411200
31.43999981	0.94943080	-2.81411200
31.51999981	0.94943080	-2.81411200
31.59999981	0.94943080	-2.90200500
31.67999981	0.94943080	-2.90200500
31.75999981	0.94943080	-2.90200500
31.83999981	0.94943080	-2.98959300
31.91999981	0.94943080	-3.07748700
31.99999981	0.94943080	-3.07748700
32.07999981	0.94943080	-3.16538000
32.15999980	0.94943080	-3.16538000
32.23999980	0.94943080	-3.16538000
32.31999980	0.94943080	-3.16538000
32.39999980	0.94943080	-3.25327300
32.47999980	0.94943080	-3.25327300
32.55999980	0.94943080	-3.25327300
32.63999980	0.94943080	-3.34086100
32.71999980	0.94943080	-3.34086100
32.79999980	0.94943080	-3.34086100
32.87999980	0.94943080	-3.42875500
32.95999980	0.94943080	-3.42875500
33.03999980	0.94943080	-3.42875500
33.11999980	1.03824000	-3.51664800
33.19999980	0.94943080	-3.51664800
33.27999980	0.94943080	-3.51664800
33.35999980	0.94943080	-3.51664800
33.43999980	0.94943080	-3.60454100
33.51999980	0.94943080	-3.60454100
33.59999980	0.94943080	-3.60454100
33.67999980	0.94943080	-3.60454100
33.75999979	0.94943080	-3.69212900
33.83999979	0.94943080	-3.69212900
33.91999979	0.94943080	-3.78002300
33.99999979	0.94943080	-3.78002300
34.07999979	0.94943080	-3.86791600
34.15999979	0.94943080	-3.86791600
34.23999979	0.94943080	-3.86791600
34.31999979	0.94943080	-3.86791600
34.39999979	0.94943080	-3.86791600
34.47999979	0.94943080	-3.86791600
34.55999979	0.94943080	-3.95580900
34.63999979	0.94943080	-3.86791600
34.71999979	0.94943080	-3.95580900
34.79999979	0.94943080	-4.04339700
34.87999979	0.94943080	-4.04339700
34.95999979	1.03824000	-4.04339700
35.03999979	0.94943080	-4.04339700
35.11999979	0.94943080	-4.04339700
35.19999979	0.94943080	-4.04339700
35.27999979	0.94943080	-4.13129000
35.35999979	0.94943080	-4.13129000
35.43999978	0.94943080	-4.21918400
35.51999978	0.94943080	-4.21918400
35.59999978	0.94943080	-4.21918400
35.67999978	0.94943080	-4.21918400
35.75999978	0.94943080	-4.21918400
35.83999978	0.94943080	-4.21918400
35.91999978	0.94943080	-4.21918400
35.99999978	0.94943080	-4.21918400
36.07999978	0.94943080	-4.21918400
36.15999978	0.94943080	-4.30707700
36.23999978	0.94943080	-4.30707700
36.31999978	0.94943080	-4.30707700
36.39999978	0.94943080	-4.30707700
36.47999978	0.94943080	-4.30707700
36.55999978	0.94943080	-4.30707700
36.63999978	0.94943080	-4.30707700
36.71999978	0.94943080	-4.30707700
36.79999978	0.94943080	-4.39497000
36.87999978	0.94943080	-4.39497000
36.95999978	0.94943080	-4.39497000
37.03999977	0.94943080	-4.39497000
37.11999977	0.94943080	-4.39497000
37.19999977	0.94943080	-4.39497000
37.27999977	0.94943080	-4.39497000
37.35999977	0.94943080	-4.39497000
37.43999977	0.94943080	-4.39497000
37.51999977	0.94943080	-4.39497000
37.59999977	0.94943080	-4.39497000
37.67999977	0.94943080	-4.39497000
37.75999977	0.94943080	-4.39497000
37.83999977	0.94943080	-4.39497000
37.91999977	0.94943080	-4.39497000
37.99999977	0.94943080	-4.39497000
38.07999977	0.94943080	-4.39497000
38.15999977	0.94943080	-4.39497000
38.23999977	0.94943080	-4.39497000
38.31999977	0.94943080	-4.39497000
38.39999977	0.94943080	-4.39497000
38.47999977	0.86092720	-4.39497000
38.55999977	0.94943080	-4.39497000
38.63999977	0.94943080	-4.39497000
38.71999976	0.94943080	-4.39497000
38.79999976	0.94943080	-4.39497000
38.87999976	0.94943080	-4.39497000
38.95999976	0.94943080	-4.30707700
39.03999976	0.94943080	-4.30707700
39.11999976	0.86092720	-4.30707700
39.19999976	0.94943080	-4.30707700
39.27999976	0.94943080	-4.30707700
39.35999976	0.94943080	-4.30707700
39.43999976	0.94943080	-4.30707700
39.51999976	0.94943080	-4.21918400
39.59999976	0.86092720	-4.30707700
39.67999976	0.94943080	-4.21918400
39.75999976	0.86092720	-4.21918400
39.83999976	0.94943080	-4.21918400
39.91999976	0.94943080	-4.21918400
39.99999976	0.94943080	-4.13129000
40.07999976	0.94943080	-4.13129000
40.15999976	0.86092720	-4.13129000
40.23999976	0.94943080	-4.13129000
40.31999975	0.94943080	-4.13129000
40.39999975	0.86092720	-4.13129000
40.47999975	0.86092720	-4.04339700
40.55999975	0.86092720	-4.04339700
40.63999975	0.94943080	-4.04339700
40.71999975	0.86092720	-4.04339700
40.79999975	0.86092720	-3.95580900
40.87999975	0.86092720	-3.86791600
40.95999975	0.86092720	-3.86791600
41.03999975	0.86092720	-3.86791600
41.11999975	0.86092720	-3.86791600
41.19999975	0.86092720	-3.86791600
41.27999975	0.86092720	-3.86791600
41.35999975	0.86092720	-3.78002300
41.43999975	0.86092720	-3.78002300
41.51999975	0.86092720	-3.78002300
41.59999975	0.86092720	-3.69212900
41.67999975	0.86092720	-3.69212900
41.75999975	0.86092720	-3.69212900
41.83999975	0.86092720	-3.60454100
41.91999975	0.86092720	-3.60454100
41.99999974	0.86092720	-3.60454100
42.07999974	0.86092720	-3.51664800
42.15999974	0.86092720	-3.51664800
42.23999974	0.86092720	-3.42875500
42.31999974	0.86092720	-3.42875500
42.39999974	0.86092720	-3.42875500
42.47999974	0.86092720	-3.34086100
42.55999974	0.86092720	-3.34086100
42.63999974	0.86092720	-3.25327300
42.71999974	0.86092720	-3.25327300
42.79999974	0.86092720	-3.25327300
42.87999974	0.86092720	-3.16538000
42.95999974	0.86092720	-3.16538000
43.03999974	0.86092720	-3.16538000
43.11999974	0.86092720	-3.16538000
43.19999974	0.86092720	-2.98959300
43.27999974	0.86092720	-3.07748700
43.35999974	0.86092720	-2.98959300
43.43999974	0.86092720	-2.98959300
43.51999974	0.86092720	-2.90200500
43.59999974	0.86092720	-2.90200500
43.67999973	0.77211830	-2.81411200
43.75999973	0.86092720	-2.81411200
43.83999973	0.86092720	-2.81411200
43.91999973	0.86092720	-2.72621800
43.99999973	0.86092720	-2.72621800
44.07999973	0.86092720	-2.63832500
44.15999973	0.86092720	-2.63832500
44.23999973	0.86092720	-2.63832500
44.31999973	0.86092720	-2.55043200
44.39999973	0.86092720	-2.46284400
44.47999973	0.86092720	-2.46284400
44.55999973	0.77211830	-2.37495000
44.63999973	0.86092720	-2.37495000
44.71999973	0.86092720	-2.28705700
44.79999973	0.86092720	-2.28705700
44.87999973	0.77211830	-2.19916400
44.95999973	0.86092720	-2.19916400
45.03999973	0.86092720	-2.11157600
45.11999973	0.77211830	-2.11157600
45.19999973	0.77211830	-2.11157600
45.27999972	0.86092720	-2.02368200
45.35999972	0.77211830	-1.93578900
45.43999972	0.77211830	-1.93578900
45.51999972	0.77211830	-1.93578900
45.59999972	0.77211830	-1.84789600
45.67999972	0.77211830	-1.76030800
45.75999972	0.86092720	-1.76030800
45.83999972	0.77211830	-1.76030800
45.91999972	0.77211830	-1.67241400
45.99999972	0.77211830	-1.58452100
46.07999972	0.77211830	-1.58452100
46.15999972	0.77211830	-1.49662800
46.23999972	0.77211830	-1.49662800
46.31999972	0.77211830	-1.40904000
46.39999972	0.68361460	-1.40904000
46.47999972	0.77211830	-1.32114600
46.55999972	0.77211830	-1.32114600
46.63999972	0.77211830	-1.23325300
46.71999972	0.68361460	-1.23325300
46.79999972	0.77211830	-1.23325300
46.87999972	0.77211830	-1.14536000
46.95999971	0.77211830	-1.05746600
47.03999971	0.77211830	-1.05746600
47.11999971	0.68361460	-1.05746600
47.19999971	0.68361460	-0.88198490
47.27999971	0.68361460	-0.88198490
47.35999971	0.68361460	-0.88198490
47.43999971	0.77211830	-0.79409160
47.51999971	0.77211830	-0.70619830
47.59999971	0.68361460	-0.70619830
47.67999971	0.77211830	-0.61861020
47.75999971	0.77211830	-0.61861020
47.83999971	0.68361460	-0.53071690
47.91999971	0.68361460	-0.44282360
47.99999971	0.68361460	-0.44282360
48.07999971	0.68361460	-0.35493030
48.15999971	0.68361460	-0.35493030
48.23999971	0.68361460	-0.26734220
48.31999971	0.68361460	-0.17944880
48.39999971	0.68361460	-0.17944880
48.47999971	0.68361460	-0.09155553
48.55999970	0.68361460	-0.09155553
48.63999970	0.68361460	-0.00366222
48.71999970	0.68361460	-0.00366222
48.79999970	0.68361460	-0.00366222
48.87999970	0.68361460	0.08392590
48.95999970	0.68361460	0.17151400
49.03999970	0.68361460	0.17151400
49.11999970	0.68361460	0.25940730
49.19999970	0.68361460	0.34730060
49.27999970	0.68361460	0.34730060
49.35999970	0.68361460	0.43519400
49.43999970	0.68361460	0.52278210
49.51999970	0.68361460	0.52278210
49.59999970	0.68361460	0.52278210
49.67999970	0.68361460	0.61067540
49.75999970	0.68361460	0.69856870
49.83999970	0.68361460	0.69856870
49.91999970	0.68361460	0.78646200
49.99999970	0.68361460	0.78646200
50.07999970	0.68361460	0.96194340
50.15999970	0.68361460	0.87405010
50.23999969	0.68361460	0.96194340
50.31999969	0.68361460	1.04983700
50.39999969	0.68361460	1.04983700
50.47999969	0.68361460	1.13773000
50.55999969	0.68361460	1.22531800
50.63999969	0.68361460	1.22531800
50.71999969	0.59480580	1.22531800
50.79999969	0.68361460	1.31321100
50.87999969	0.68361460	1.40110500
50.95999969	0.59480580	1.40110500
51.03999969	0.68361460	1.48899800
51.11999969	0.68361460	1.48899800
51.19999969	0.59480580	1.57689100
51.27999969	0.59480580	1.57689100
51.35999969	0.59480580	1.66447900
51.43999969	0.59480580	1.75237300
51.51999969	0.59480580	1.75237300
51.59999969	0.59480580	1.75237300
51.67999969	0.59480580	1.84026600
51.75999969	0.59480580	1.92815900
51.83999968	0.50630210	2.01574800
51.91999968	0.50630210	2.01574800
51.99999968	0.50630210	2.01574800
52.07999968	0.50630210	2.01574800
52.15999968	0.50630210	2.10364100
52.23999968	0.50630210	2.19153400
52.31999968	0.59480580	2.27942800
52.39999968	0.50630210	2.27942800
52.47999968	0.50630210	2.27942800
52.55999968	0.59480580	2.36701600
52.63999968	0.59480580	2.36701600
52.71999968	0.59480580	2.45490900
52.79999968	0.50630210	2.45490900
52.87999968	0.59480580	2.54280200
52.95999968	0.59480580	2.63069600
53.03999968	0.59480580	2.63069600
53.11999968	0.59480580	2.71828400
53.19999968	0.50630210	2.71828400
53.27999968	0.59480580	2.80617700
53.35999968	0.59480580	2.80617700
53.43999968	0.59480580	2.80617700
53.51999967	0.59480580	2.89407000
53.59999967	0.59480580	2.89407000
53.67999967	0.50630210	2.89407000
53.75999967	0.59480580	2.98196400
53.83999967	0.59480580	3.06985700
53.91999967	0.59480580	3.15744500
53.99999967	0.59480580	3.15744500
54.07999967	0.59480580	3.15744500
54.15999967	0.59480580	3.24533800
54.23999967	0.59480580	3.24533800
54.31999967	0.59480580	3.33323200
54.39999967	0.59480580	3.33323200
54.47999967	0.59480580	3.33323200
54.55999967	0.50630210	3.42112500
54.63999967	0.59480580	3.42112500
54.71999967	0.59480580	3.50871300
54.79999967	0.59480580	3.50871300
54.87999967	0.59480580	3.50871300
54.95999967	0.59480580	3.59660600
55.03999967	0.59480580	3.59660600
55.11999967	0.59480580	3.59660600
55.19999966	0.59480580	3.68450000
55.27999966	0.59480580	3.68450000
55.35999966	0.59480580	3.68450000
55.43999966	0.59480580	3.77239300
55.51999966	0.59480580	3.85998100
55.59999966	0.59480580	3.85998100
55.67999966	0.59480580	3.85998100
55.75999966	0.59480580	3.85998100
55.83999966	0.59480580	3.94787400
55.91999966	0.59480580	3.94787400
55.99999966	0.59480580	4.03576800
56.07999966	0.59480580	4.03576800
56.15999966	0.59480580	4.03576800
56.23999966	0.59480580	4.12366100
56.31999966	0.59480580	4.12366100
56.39999966	0.59480580	4.21124900
56.47999966	0.59480580	4.21124900
56.55999966	0.59480580	4.21124900
56.63999966	0.59480580	4.21124900
56.71999966	0.59480580	4.21124900
56.79999965	0.68361460	4.29914200
56.87999965	0.59480580	4.29914200
56.95999965	0.59480580	4.29914200
57.03999965	0.68361460	4.38703600
57.11999965	0.68361460	4.38703600
57.19999965	0.59480580	4.38703600
57.27999965	0.68361460	4.47492900
57.35999965	0.59480580	4.47492900
57.43999965	0.68361460	4.47492900
57.51999965	0.59480580	4.56282200
57.59999965	0.59480580	4.56282200
57.67999965	0.59480580	4.56282200
57.75999965	0.59480580	4.56282200
57.83999965	0.59480580	4.56282200
57.91999965	0.59480580	4.56282200
57.99999965	0.68361460	4.56282200
58.07999965	0.68361460	4.65041100
58.15999965	0.68361460	4.65041100
58.23999965	0.68361460	4.65041100
58.31999965	0.59480580	4.73830400
58.39999965	0.59480580	4.73830400
58.47999964	0.68361460	4.73830400
58.55999964	0.68361460	4.73830400
58.63999964	0.68361460	4.73830400
58.71999964	0.59480580	4.73830400
58.79999964	0.68361460	4.82619700
58.87999964	0.68361460	4.82619700
58.95999964	0.59480580	4.82619700
59.03999964	0.68361460	4.82619700
59.11999964	0.68361460	4.82619700
59.19999964	0.68361460	4.82619700
59.27999964	0.68361460	4.82619700
59.35999964	0.68361460	4.82619700
59.43999964	0.68361460	4.91409000
59.51999964	0.68361460	4.91409000
59.59999964	0.68361460	4.91409000
59.67999964	0.68361460	4.91409000
59.75999964	0.68361460	4.91409000
59.83999964	0.68361460	4.91409000
59.91999964	0.68361460	4.91409000
59.99999964	0.68361460	4.91409000
60.07999963	0.68361460	4.91409000
60.15999963	0.68361460	4.91409000
60.23999963	0.68361460	4.91409000
60.31999963	0.68361460	4.91409000
60.39999963	0.68361460	4.91409000
60.47999963	0.59480580	4.91409000
60.55999963	0.68361460	4.91409000
60.63999963	0.68361460	4.91409000
60.71999963	0.68361460	4.91409000
60.79999963	0.68361460	4.91409000
60.87999963	0.68361460	4.91409000
60.95999963	0.68361460	4.91409000
61.03999963	0.68361460	4.91409000
61.11999963	0.68361460	4.91409000
61.19999963	0.68361460	4.91409000
61.27999963	0.68361460	4.91409000
61.35999963	0.68361460	4.91409000
61.43999963	0.68361460	4.91409000
61.51999963	0.68361460	4.91409000
61.59999963	0.68361460	4.82619700
61.67999963	0.68361460	4.82619700
61.75999962	0.68361460	4.82619700
61.83999962	0.68361460	4.82619700
61.91999962	0.68361460	4.91409000
61.99999962	0.68361460	4.82619700
62.07999962	0.68361460	4.82619700
62.15999962	0.68361460	4.82619700
62.23999962	0.68361460	4.73830400
62.31999962	0.68361460	4.82619700
62.39999962	0.68361460	4.73830400
62.47999962	0.68361460	4.73830400
62.55999962	0.68361460	4.73830400
62.63999962	0.68361460	4.73830400
62.71999962	0.68361460	4.65041100
62.79999962	0.68361460	4.65041100
62.87999962	0.68361460	4.56282200
62.95999962	0.68361460	4.65041100
63.03999962	0.68361460	4.56282200
63.11999962	0.68361460	4.56282200
63.19999962	0.68361460	4.56282200
63.27999962	0.68361460	4.56282200
63.35999961	0.68361460	4.56282200
63.43999961	0.68361460	4.56282200
63.51999961	0.68361460	4.56282200
63.59999961	0.68361460	4.47492900
63.67999961	0.68361460	4.38703600
63.75999961	0.68361460	4.38703600
63.83999961	0.68361460	4.38703600
63.91999961	0.68361460	4.38703600
63.99999961	0.68361460	4.38703600
64.07999961	0.68361460	4.29914200
64.15999961	0.68361460	4.29914200
64.23999961	0.68361460	4.29914200
64.31999961	0.68361460	4.29914200
64.39999961	0.68361460	4.21124900
64.47999961	0.68361460	4.21124900
64.55999961	0.68361460	4.21124900
64.63999961	0.68361460	4.21124900
64.71999961	0.68361460	4.21124900
64.79999961	0.68361460	4.12366100
64.87999961	0.68361460	4.12366100
64.95999961	0.68361460	4.03576800
65.03999960	0.68361460	4.03576800
65.11999960	0.68361460	4.03576800
65.19999960	0.68361460	4.03576800
65.27999960	0.68361460	3.94787400
65.35999960	0.68361460	3.94787400
65.43999960	0.68361460	3.85998100
65.51999960	0.68361460	3.85998100
65.59999960	0.68361460	3.85998100
65.67999960	0.68361460	3.85998100
65.75999960	0.68361460	3.77239300
65.83999960	0.68361460	3.77239300
65.91999960	0.68361460	3.68450000
65.99999960	0.68361460	3.68450000
66.07999960	0.59480580	3.68450000
66.15999960	0.59480580	3.68450000
66.23999960	0.68361460	3.59660600
66.31999960	0.59480580	3.59660600
66.39999960	0.68361460	3.50871300
66.47999960	0.68361460	3.50871300
66.55999960	0.59480580	3.50871300
66.63999959	0.59480580	3.50871300
66.71999959	0.59480580	3.42112500
66.79999959	0.59480580	3.33323200
66.87999959	0.59480580	3.42112500
66.95999959	0.59480580	3.33323200
67.03999959	0.59480580	3.24533800
67.11999959	0.59480580	3.24533800
67.19999959	0.59480580	3.15744500
67.27999959	0.50630210	3.15744500
67.35999959	0.50630210	3.15744500
67.43999959	0.50630210	3.06985700
67.51999959	0.50630210	3.06985700
67.59999959	0.50630210	2.98196400
67.67999959	0.50630210	2.98196400
67.75999959	0.50630210	2.98196400
67.83999959	0.50630210	2.89407000
67.91999959	0.41749320	2.89407000
67.99999959	0.41749320	2.89407000
68.07999959	0.41749320	2.80617700
68.15999959	0.41749320	2.80617700
68.23999959	0.32898950	2.80617700
68.31999958	0.32898950	2.71828400
68.39999958	0.32898950	2.71828400
68.47999958	0.32898950	2.63069600
68.55999958	0.32898950	2.63069600
68.63999958	0.32898950	2.63069600
68.71999958	0.24048580	2.45490900
68.79999958	0.24048580	2.45490900
68.87999958	0.24048580	2.45490900
68.95999958	0.24048580	2.45490900
69.03999958	0.24048580	2.36701600
69.11999958	0.24048580	2.27942800
69.19999958	0.24048580	2.27942800
69.27999958	0.24048580	2.27942800
69.35999958	0.15167700	2.27942800
69.43999958	0.15167700	2.19153400
69.51999958	0.15167700	2.19153400
69.59999958	0.15167700	2.10364100
69.67999958	0.15167700	2.10364100
69.75999958	0.15167700	2.01574800
69.83999958	0.15167700	2.01574800
69.91999958	0.06317332	1.92815900
69.99999957	0.06317332	1.92815900
70.07999957	0.06317332	1.92815900
70.15999957	-0.02563555	1.84026600
70.23999957	-0.02563555	1.75237300
70.31999957	-0.02563555	1.75237300
70.39999957	-0.02563555	1.75237300
70.47999957	-0.02563555	1.66447900
70.55999957	-0.02563555	1.66447900
70.63999957	-0.02563555	1.66447900
70.71999957	-0.11413920	1.57689100
70.79999957	-0.11413920	1.48899800
70.87999957	-0.11413920	1.48899800
70.95999957	-0.11413920	1.40110500
71.03999957	-0.11413920	1.40110500
71.11999957	-0.11413920	1.40110500
71.19999957	-0.20294810	1.31321100
71.27999957	-0.20294810	1.31321100
71.35999957	-0.20294810	1.22531800
71.43999957	-0.20294810	1.22531800
71.51999957	-0.20294810	1.13773000
71.59999956	-0.29145180	1.13773000
71.67999956	-0.29145180	1.04983700
71.75999956	-0.38026060	1.04983700
71.83999956	-0.29145180	1.04983700
71.91999956	-0.38026060	0.96194340
71.99999956	-0.38026060	0.87405010
72.07999956	-0.38026060	0.96194340
72.15999956	-0.38026060	0.87405010
72.23999956	-0.38026060	0.87405010
72.31999956	-0.38026060	0.78646200
72.39999956	-0.38026060	0.78646200
72.47999956	-0.38026060	0.69856870
72.55999956	-0.46876430	0.69856870
72.63999956	-0.38026060	0.61067540
72.71999956	-0.46876430	0.61067540
72.79999956	-0.46876430	0.61067540
72.87999956	-0.38026060	0.52278210
72.95999956	-0.46876430	0.52278210
73.03999956	-0.46876430	0.43519400
73.11999956	-0.46876430	0.34730060
73.19999956	-0.46876430	0.34730060
73.27999955	-0.46876430	0.25940730
73.35999955	-0.46876430	0.17151400
73.43999955	-0.46876430	0.17151400
73.51999955	-0.46876430	0.08392590
73.59999955	-0.46876430	0.08392590
73.67999955	-0.46876430	0.08392590
73.75999955	-0.46876430	-0.00366222
73.83999955	-0.55757310	-0.00366222
73.91999955	-0.46876430	-0.00366222
73.99999955	-0.46876430	-0.09155553
74.07999955	-0.55757310	-0.09155553
74.15999955	-0.55757310	-0.17944880
74.23999955	-0.55757310	-0.17944880
74.31999955	-0.55757310	-0.26734220
74.39999955	-0.55757310	-0.26734220
74.47999955	-0.55757310	-0.35493030
74.55999955	-0.55757310	-0.35493030
74.63999955	-0.55757310	-0.35493030
74.71999955	-0.55757310	-0.44282360
74.79999955	-0.55757310	-0.53071690
74.87999954	-0.55757310	-0.53071690
74.95999954	-0.55757310	-0.53071690
75.03999954	-0.55757310	-0.61861020
75.11999954	-0.55757310	-0.61861020
75.19999954	-0.55757310	-0.70619830
75.27999954	-0.55757310	-0.70619830
75.35999954	-0.64607690	-0.79409160
75.43999954	-0.55757310	-0.79409160
75.51999954	-0.55757310	-0.79409160
75.59999954	-0.64607690	-0.88198490
75.67999954	-0.55757310	-0.96987830
75.75999954	-0.55757310	-0.96987830
75.83999954	-0.64607690	-1.05746600
75.91999954	-0.64607690	-1.05746600
75.99999954	-0.64607690	-1.05746600
76.07999954	-0.64607690	-1.05746600
76.15999954	-0.64607690	-1.14536000
76.23999954	-0.64607690	-1.23325300
76.31999954	-0.64607690	-1.23325300
76.39999954	-0.64607690	-1.32114600
76.47999954	-0.64607690	-1.32114600
76.55999953	-0.73488570	-1.32114600
76.63999953	-0.64607690	-1.32114600
76.71999953	-0.64607690	-1.40904000
76.79999953	-0.64607690	-1.40904000
76.87999953	-0.64607690	-1.49662800
76.95999953	-0.73488570	-1.49662800
77.03999953	-0.64607690	-1.49662800
77.11999953	-0.64607690	-1.58452100
77.19999953	-0.73488570	-1.58452100
77.27999953	-0.73488570	-1.67241400
77.35999953	-0.73488570	-1.67241400
77.43999953	-0.73488570	-1.76030800
77.51999953	-0.73488570	-1.76030800
77.59999953	-0.73488570	-1.76030800
77.67999953	-0.64607690	-1.76030800
77.75999953	-0.73488570	-1.84789600
77.83999953	-0.73488570	-1.84789600
77.91999953	-0.73488570	-1.93578900
77.99999953	-0.73488570	-1.93578900
78.07999953	-0.73488570	-1.93578900
78.15999952	-0.73488570	-2.02368200
78.23999952	-0.73488570	-2.02368200
78.31999952	-0.73488570	-2.02368200
78.39999952	-0.73488570	-2.11157600
78.47999952	-0.73488570	-2.11157600
78.55999952	-0.73488570	-2.11157600
78.63999952	-0.73488570	-2.19916400
78.71999952	-0.73488570	-2.19916400
78.79999952	-0.73488570	-2.19916400
78.87999952	-0.73488570	-2.19916400
78.95999952	-0.73488570	-2.28705700
79.03999952	-0.73488570	-2.28705700
79.11999952	-0.73488570	-2.28705700
79.19999952	-0.73488570	-2.37495000
79.27999952	-0.73488570	-2.37495000
79.35999952	-0.73488570	-2.46284400
79.43999952	-0.73488570	-2.46284400
79.51999952	-0.73488570	-2.46284400
79.59999952	-0.73488570	-2.46284400
79.67999952	-0.73488570	-2.55043200
79.75999952	-0.73488570	-2.55043200
79.83999951	-0.73488570	-2.55043200
79.91999951	-0.73488570	-2.63832500
79.99999951	-0.73488570	-2.63832500
80.07999951	-0.73488570	-2.63832500
80.15999951	-0.73488570	-2.72621800
80.23999951	-0.73488570	-2.72621800
80.31999951	-0.73488570	-2.72621800
80.39999951	-0.73488570	-2.72621800
80.47999951	-0.73488570	-2.81411200
80.55999951	-0.73488570	-2.81411200
80.63999951	-0.73488570	-2.81411200
80.71999951	-0.73488570	-2.81411200
80.79999951	-0.73488570	-2.81411200
80.87999951	-0.73488570	-2.90200500
80.95999951	-0.73488570	-2.90200500
81.03999951	-0.73488570	-2.90200500
81.11999951	-0.73488570	-2.90200500
81.19999951	-0.73488570	-2.90200500
81.27999951	-0.73488570	-2.90200500
81.35999951	-0.82338940	-2.98959300
81.43999951	-0.73488570	-2.98959300
81.51999950	-0.73488570	-2.98959300
81.59999950	-0.73488570	-2.98959300
81.67999950	-0.73488570	-3.07748700
81.75999950	-0.82338940	-3.07748700
81.83999950	-0.73488570	-3.07748700
81.91999950	-0.73488570	-3.07748700
81.99999950	-0.73488570	-3.16538000
82.07999950	-0.73488570	-3.16538000
82.15999950	-0.82338940	-3.16538000
82.23999950	-0.82338940	-3.16538000
82.31999950	-0.82338940	-3.16538000
82.39999950	-0.82338940	-3.16538000
82.47999950	-0.82338940	-3.16538000
82.55999950	-0.82338940	-3.16538000
82.63999950	-0.73488570	-3.25327300
82.71999950	-0.82338940	-3.25327300
82.79999950	-0.82338940	-3.25327300
82.87999950	-0.82338940	-3.25327300
82.95999950	-0.82338940	-3.34086100
83.03999950	-0.73488570	-3.34086100
83.11999949	-0.82338940	-3.25327300
83.19999949	-0.82338940	-3.34086100
83.27999949	-0.73488570	-3.34086100
83.35999949	-0.82338940	-3.34086100
83.43999949	-0.73488570	-3.25327300
83.51999949	-0.82338940	-3.34086100
83.59999949	-0.73488570	-3.34086100
83.67999949	-0.82338940	-3.34086100
83.75999949	-0.82338940	-3.34086100
83.83999949	-0.82338940	-3.34086100
83.91999949	-0.73488570	-3.34086100
83.99999949	-0.82338940	-3.34086100
84.07999949	-0.82338940	-3.34086100
84.15999949	-0.82338940	-3.42875500
84.23999949	-0.82338940	-3.34086100
84.31999949	-0.82338940	-3.34086100
84.39999949	-0.73488570	-3.42875500
84.47999949	-0.82338940	-3.34086100
84.55999949	-0.82338940	-3.42875500
84.63999949	-0.82338940	-3.42875500
84.71999949	-0.82338940	-3.42875500
84.79999948	-0.82338940	-3.34086100
84.87999948	-0.82338940	-3.42875500
84.95999948	-0.82338940	-3.42875500
85.03999948	-0.82338940	-3.42875500
85.11999948	-0.82338940	-3.42875500
85.19999948	-0.82338940	-3.42875500
85.27999948	-0.82338940	-3.42875500
85.35999948	-0.82338940	-3.42875500
85.43999948	-0.82338940	-3.42875500
85.51999948	-0.82338940	-3.42875500
85.59999948	-0.82338940	-3.34086100
85.67999948	-0.73488570	-3.34086100
85.75999948	-0.82338940	-3.42875500
85.83999948	-0.82338940	-3.42875500
85.91999948	-0.82338940	-3.42875500
85.99999948	-0.82338940	-3.42875500
86.07999948	-0.82338940	-3.42875500
86.15999948	-0.82338940	-3.34086100
86.23999948	-0.82338940	-3.34086100
86.31999948	-0.82338940	-3.34086100
86.39999947	-0.82338940	-3.34086100
86.47999947	-0.82338940	-3.34086100
86.55999947	-0.82338940	-3.34086100
86.63999947	-0.82338940	-3.34086100
86.71999947	-0.82338940	-3.34086100
86.79999947	-0.82338940	-3.34086100
86.87999947	-0.82338940	-3.34086100
86.95999947	-0.82338940	-3.34086100
87.03999947	-0.82338940	-3.34086100
87.11999947	-0.82338940	-3.25327300
87.19999947	-0.82338940	-3.25327300
87.27999947	-0.82338940	-3.25327300
87.35999947	-0.82338940	-3.25327300
87.43999947	-0.82338940	-3.25327300
87.51999947	-0.82338940	-3.25327300
87.59999947	-0.82338940	-3.25327300
87.67999947	-0.82338940	-3.16538000
87.75999947	-0.82338940	-3.25327300
87.83999947	-0.82338940	-3.16538000
87.91999947	-0.82338940	-3.16538000
87.99999947	-0.82338940	-3.16538000
88.07999946	-0.82338940	-3.16538000
88.15999946	-0.82338940	-3.16538000
88.23999946	-0.82338940	-3.16538000
88.31999946	-0.82338940	-3.16538000
88.39999946	-0.82338940	-3.07748700
88.47999946	-0.82338940	-3.07748700
88.55999946	-0.82338940	-3.16538000
88.63999946	-0.82338940	-3.07748700
88.71999946	-0.82338940	-3.07748700
88.79999946	-0.73488570	-3.07748700
88.87999946	-0.82338940	-2.98959300
88.95999946	-0.82338940	-2.98959300
89.03999946	-0.73488570	-2.90200500
89.11999946	-0.82338940	-2.98959300
89.19999946	-0.82338940	-2.98959300
89.27999946	-0.73488570	-2.90200500
89.35999946	-0.82338940	-2.90200500
89.43999946	-0.82338940	-2.90200500
89.51999946	-0.82338940	-2.90200500
89.59999946	-0.82338940	-2.81411200
89.67999945	-0.82338940	-2.81411200
89.75999945	-0.82338940	-2.81411200
89.83999945	-0.82338940	-2.81411200
89.91999945	-0.82338940	-2.81411200
89.99999945	-0.73488570	-2.81411200
90.07999945	-0.82338940	-2.81411200
90.15999945	-0.82338940	-2.72621800
90.23999945	-0.73488570	-2.72621800
90.31999945	-0.82338940	-2.72621800
90.39999945	-0.82338940	-2.63832500
90.47999945	-0.73488570	-2.63832500
90.55999945	-0.73488570	-2.63832500
90.63999945	-0.73488570	-2.63832500
90.71999945	-0.73488570	-2.63832500
90.79999945	-0.73488570	-2.63832500
90.87999945	-0.73488570	-2.55043200
90.95999945	-0.73488570	-2.46284400
91.03999945	-0.73488570	-2.55043200
91.11999945	-0.73488570	-2.46284400
91.19999945	-0.73488570	-2.46284400
91.27999945	-0.82338940	-2.46284400
91.35999944	-0.73488570	-2.37495000
91.43999944	-0.73488570	-2.46284400
91.51999944	-0.73488570	-2.37495000
91.59999944	-0.73488570	-2.37495000
91.67999944	-0.73488570	-2.28705700
91.75999944	-0.73488570	-2.28705700
91.83999944	-0.73488570	-2.28705700
91.91999944	-0.73488570	-2.28705700
91.99999944	-0.73488570	-2.28705700
92.07999944	-0.73488570	-2.19916400
92.15999944	-0.73488570	-2.19916400
92.23999944	-0.73488570	-2.11157600
92.31999944	-0.73488570	-2.11157600
92.39999944	-0.73488570	-2.11157600
92.47999944	-0.73488570	-2.11157600
92.55999944	-0.73488570	-2.11157600
92.63999944	-0.73488570	-2.02368200
92.71999944	-0.73488570	-2.02368200
92.79999944	-0.73488570	-2.02368200
92.87999944	-0.73488570	-1.93578900
92.95999944	-0.73488570	-1.93578900
93.03999943	-0.73488570	-1.93578900
93.11999943	-0.73488570	-1.93578900
93.19999943	-0.73488570	-1.84789600
93.27999943	-0.73488570	-1.84789600
93.35999943	-0.73488570	-1.84789600
93.43999943	-0.73488570	-1.76030800
93.51999943	-0.64607690	-1.76030800
93.59999943	-0.64607690	-1.76030800
93.67999943	-0.73488570	-1.76030800
93.75999943	-0.73488570	-1.76030800
93.83999943	-0.73488570	-1.76030800
93.91999943	-0.73488570	-1.76030800
93.99999943	-0.64607690	-1.67241400
94.07999943	-0.64607690	-1.67241400
94.15999943	-0.64607690	-1.58452100
94.23999943	-0.73488570	-1.58452100
94.31999943	-0.64607690	-1.49662800
94.39999943	-0.64607690	-1.49662800
94.47999943	-0.64607690	-1.49662800
94.55999943	-0.64607690	-1.49662800
94.63999942	-0.64607690	-1.49662800
94.71999942	-0.64607690	-1.40904000
94.79999942	-0.64607690	-1.40904000
94.87999942	-0.64607690	-1.40904000
94.95999942	-0.55757310	-1.40904000
95.03999942	-0.55757310	-1.32114600
95.11999942	-0.55757310	-1.32114600
95.19999942	-0.55757310	-1.32114600
95.27999942	-0.55757310	-1.23325300
95.35999942	-0.64607690	-1.23325300
95.43999942	-0.55757310	-1.23325300
95.51999942	-0.55757310	-1.23325300
95.59999942	-0.55757310	-1.14536000
95.67999942	-0.55757310	-1.14536000
95.75999942	-0.55757310	-1.14536000
95.83999942	-0.55757310	-1.05746600
95.91999942	-0.55757310	-1.05746600
95.99999942	-0.55757310	-1.05746600
96.07999942	-0.55757310	-1.05746600
96.15999942	-0.55757310	-1.05746600
96.23999942	-0.55757310	-0.96987830
96.31999941	-0.55757310	-0.88198490
96.39999941	-0.55757310	-0.88198490
96.47999941	-0.55757310	-0.88198490
96.55999941	-0.55757310	-0.79409160
96.63999941	-0.55757310	-0.79409160
96.71999941	-0.46876430	-0.79409160
96.79999941	-0.55757310	-0.79409160
96.87999941	-0.55757310	-0.70619830
96.95999941	-0.55757310	-0.70619830
97.03999941	-0.55757310	-0.70619830
97.11999941	-0.46876430	-0.70619830
97.19999941	-0.46876430	-0.61861020
97.27999941	-0.46876430	-0.61861020
97.35999941	-0.46876430	-0.53071690
97.43999941	-0.46876430	-0.53071690
97.51999941	-0.46876430	-0.53071690
97.59999941	-0.46876430	-0.53071690
97.67999941	-0.46876430	-0.44282360
97.75999941	-0.46876430	-0.44282360
97.83999941	-0.38026060	-0.44282360
97.91999940	-0.46876430	-0.35493030
97.99999940	-0.46876430	-0.35493030
98.07999940	-0.38026060	-0.35493030
98.15999940	-0.38026060	-0.35493030
98.23999940	-0.38026060	-0.35493030
98.31999940	-0.38026060	-0.26734220
98.39999940	-0.38026060	-0.26734220
98.47999940	-0.38026060	-0.17944880
98.55999940	-0.29145180	-0.17944880
98.63999940	-0.29145180	-0.17944880
98.71999940	-0.29145180	-0.09155553
98.79999940	-0.29145180	-0.09155553
98.87999940	-0.20294810	-0.09155553
98.95999940	-0.20294810	-0.00366222
99.03999940	-0.11413920	-0.00366222
99.11999940	-0.11413920	-0.00366222
99.19999940	-0.11413920	-0.00366222
99.27999940	-0.11413920	-0.00366222
99.35999940	-0.02563555	0.08392590
99.43999940	-0.02563555	0.08392590
99.51999940	-0.02563555	0.08392590
99.59999939	-0.02563555	0.08392590
99.67999939	0.06317332	0.17151400
99.75999939	0.06317332	0.17151400
99.83999939	0.15167700	0.17151400
99.91999939	0.15167700	0.25940730
99.99999939	0.24048580	0.34730060
100.07999939	0.24048580	0.34730060
100.15999939	0.32898950	0.34730060
100.23999939	0.59480580	0.34730060
100.31999939	0.59480580	0.34730060
100.39999939	0.59480580	0.43519400
100.47999939	0.59480580	0.43519400
100.55999939	0.59480580	0.52278210
100.63999939	0.59480580	0.52278210
100.71999939	0.59480580	0.52278210
100.79999939	0.59480580	0.61067540
100.87999939	0.50630210	0.61067540
100.95999939	0.59480580	0.61067540
101.03999939	1.39286500	0.69856870
101.11999939	1.92480200	0.61067540
101.19999938	1.74749000	0.69856870
101.27999938	1.03824000	0.69856870
101.35999938	0.15167700	0.69856870
101.43999938	4.49598700	0.69856870
101.51999938	4.05255300	0.78646200
101.59999938	4.22986600	0.78646200
101.67999938	4.05255300	0.78646200
101.75999938	4.14136200	0.87405010
101.83999938	4.05255300	0.87405010
101.91999938	4.05255300	0.87405010
101.99999938	4.05255300	0.96194340
102.07999938	4.05255300	0.96194340
102.15999938	4.05255300	1.04983700
102.23999938	4.05255300	1.04983700
102.31999938	4.05255300	1.04983700
102.39999938	3.96404900	1.04983700
102.47999938	3.96404900	1.13773000
102.55999938	3.96404900	1.13773000
102.63999938	3.96404900	1.13773000
102.71999938	3.96404900	1.22531800
102.79999938	3.96404900	1.22531800
102.87999937	3.87524000	1.31321100
102.95999937	3.87524000	1.31321100
103.03999937	3.87524000	1.31321100
103.11999937	3.96404900	1.31321100
103.19999937	3.87524000	1.40110500
103.27999937	3.87524000	1.40110500
103.35999937	3.87524000	1.40110500
103.43999937	3.87524000	1.48899800
103.51999937	3.87524000	1.48899800
103.59999937	3.87524000	1.57689100
103.67999937	3.87524000	1.57689100
103.75999937	3.87524000	1.57689100
103.83999937	3.78673700	1.57689100
103.91999937	3.87524000	1.57689100
103.99999937	3.78673700	1.75237300
104.07999937	3.78673700	1.75237300
104.15999937	3.78673700	1.75237300
104.23999937	3.78673700	1.75237300
104.31999937	3.78673700	1.84026600
104.39999937	3.78673700	1.84026600
104.47999937	3.78673700	1.84026600
104.55999936	3.78673700	1.92815900
104.63999936	3.78673700	1.92815900
104.71999936	3.69792800	1.92815900
104.79999936	3.78673700	2.01574800
104.87999936	3.78673700	2.10364100
104.95999936	3.69792800	2.10364100
105.03999936	3.69792800	2.10364100
105.11999936	3.69792800	2.10364100
105.19999936	3.69792800	2.19153400
105.27999936	3.69792800	2.19153400
105.35999936	3.69792800	2.27942800
105.43999936	3.69792800	2.27942800
105.51999936	3.69792800	2.36701600
105.59999936	3.69792800	2.36701600
105.67999936	3.69792800	2.36701600
105.75999936	3.69792800	2.45490900
105.83999936	3.69792800	2.45490900
105.91999936	3.69792800	2.45490900
105.99999936	3.69792800	2.45490900
106.07999936	3.69792800	2.54280200
106.15999935	3.69792800	2.54280200
106.23999935	3.69792800	2.63069600
106.31999935	3.60942400	2.63069600
106.39999935	3.69792800	2.63069600
106.47999935	3.69792800	2.71828400
106.55999935	3.60942400	2.71828400
106.63999935	3.69792800	2.80617700
106.71999935	3.69792800	2.80617700
106.79999935	3.69792800	2.80617700
106.87999935	3.60942400	2.80617700
106.95999935	3.60942400	2.89407000
107.03999935	3.60942400	2.89407000
107.11999935	3.60942400	2.89407000
107.19999935	3.60942400	2.98196400
107.27999935	3.60942400	2.98196400
107.35999935	3.60942400	3.06985700
107.43999935	3.60942400	3.06985700
107.51999935	3.60942400	3.06985700
107.59999935	3.60942400	3.15744500
107.67999935	3.60942400	3.15744500
107.75999935	3.60942400	3.15744500
107.83999934	3.60942400	3.24533800
107.91999934	3.60942400	3.24533800
107.99999934	3.60942400	3.33323200
108.07999934	3.60942400	3.33323200
108.15999934	3.52061500	3.33323200
108.23999934	3.60942400	3.42112500
108.31999934	3.60942400	3.42112500
108.39999934	3.52061500	3.42112500
108.47999934	3.52061500	3.42112500
108.55999934	3.52061500	3.50871300
108.63999934	3.52061500	3.50871300
108.71999934	3.60942400	3.50871300
108.79999934	3.60942400	3.50871300
108.87999934	3.52061500	3.59660600
108.95999934	3.60942400	3.59660600
109.03999934	3.52061500	3.59660600
109.11999934	3.60942400	3.68450000
109.19999934	3.60942400	3.68450000
109.27999934	3.60942400	3.68450000
109.35999934	3.60942400	3.77239300
109.43999933	3.52061500	3.77239300
109.51999933	3.60942400	3.77239300
109.59999933	3.52061500	3.85998100
109.67999933	3.52061500	3.85998100
109.75999933	3.52061500	3.85998100
109.83999933	3.60942400	3.85998100
109.91999933	3.60942400	3.85998100
109.99999933	3.52061500	3.94787400
110.07999933	3.60942400	3.94787400
110.15999933	3.60942400	3.94787400
110.23999933	3.60942400	3.94787400
110.31999933	3.52061500	4.03576800
110.39999933	3.52061500	4.03576800
110.47999933	3.52061500	4.03576800
110.55999933	3.52061500	4.03576800
110.63999933	3.60942400	4.12366100
110.71999933	3.60942400	4.12366100
110.79999933	3.52061500	4.12366100
110.87999933	3.60942400	4.12366100
110.95999933	3.60942400	4.12366100
111.03999933	3.60942400	4.12366100
111.11999932	3.52061500	4.21124900
111.19999932	3.52061500	4.21124900
111.27999932	3.52061500	4.21124900
111.35999932	3.52061500	4.21124900
111.43999932	3.60942400	4.21124900
111.51999932	3.60942400	4.21124900
111.59999932	3.60942400	4.29914200
111.67999932	3.60942400	4.21124900
111.75999932	3.60942400	4.29914200
111.83999932	3.60942400	4.29914200
111.91999932	3.60942400	4.29914200
111.99999932	3.60942400	4.38703600
112.07999932	3.60942400	4.38703600
112.15999932	3.60942400	4.38703600
112.23999932	3.60942400	4.38703600
112.31999932	3.69792800	4.38703600
112.39999932	3.60942400	4.38703600
112.47999932	3.60942400	4.38703600
112.55999932	3.60942400	4.38703600
112.63999932	3.60942400	4.38703600
112.71999931	3.69792800	4.38703600
112.79999931	3.69792800	4.38703600
112.87999931	3.60942400	4.38703600
112.95999931	3.60942400	4.38703600
113.03999931	3.69792800	4.38703600
113.11999931	3.60942400	4.38703600
113.19999931	3.69792800	4.38703600
113.27999931	3.60942400	4.38703600
113.35999931	3.69792800	4.38703600
113.43999931	3.69792800	4.38703600
113.51999931	3.69792800	4.38703600
113.59999931	3.69792800	4.38703600
113.67999931	3.69792800	4.38703600
113.75999931	3.69792800	4.38703600
113.83999931	3.69792800	4.38703600
113.91999931	3.69792800	4.38703600
113.99999931	3.69792800	4.38703600
114.07999931	3.69792800	4.38703600
114.15999931	3.69792800	4.38703600
114.23999931	3.69792800	4.38703600
114.31999931	3.69792800	4.38703600
114.39999930	3.69792800	4.38703600
114.47999930	3.69792800	4.38703600
114.55999930	3.69792800	4.29914200
114.63999930	3.69792800	4.29914200
114.71999930	3.69792800	4.29914200
114.79999930	3.69792800	4.29914200
114.87999930	3.69792800	4.29914200
114.95999930	3.69792800	4.29914200
115.03999930	3.69792800	4.29914200
115.11999930	3.69792800	4.29914200
115.19999930	3.69792800	4.21124900
115.27999930	3.78673700	4.21124900
115.35999930	3.69792800	4.21124900
115.43999930	3.69792800	4.21124900
115.51999930	3.69792800	4.21124900
115.59999930	3.78673700	4.21124900
115.67999930	3.78673700	4.21124900
115.75999930	3.78673700	4.12366100
115.83999930	3.78673700	4.21124900
115.91999930	3.78673700	4.12366100
115.99999930	3.78673700	4.12366100
116.07999929	3.78673700	4.12366100
116.15999929	3.78673700	4.03576800
116.23999929	3.78673700	4.03576800
116.31999929	3.78673700	4.03576800
116.39999929	3.78673700	3.94787400
116.47999929	3.78673700	3.94787400
116.55999929	3.78673700	3.85998100
116.63999929	3.78673700	3.85998100
116.71999929	3.78673700	3.85998100
116.79999929	3.78673700	3.85998100
116.87999929	3.87524000	3.85998100
116.95999929	3.87524000	3.85998100
117.03999929	3.87524000	3.77239300
117.11999929	3.87524000	3.77239300
117.19999929	3.78673700	3.68450000
117.27999929	3.87524000	3.68450000
117.35999929	3.78673700	3.68450000
117.43999929	3.87524000	3.68450000
117.51999929	3.87524000	3.59660600
117.59999929	3.87524000	3.59660600
117.67999928	3.87524000	3.50871300
117.75999928	3.87524000	3.50871300
117.83999928	3.87524000	3.50871300
117.91999928	3.87524000	3.50871300
117.99999928	3.87524000	3.42112500
118.07999928	3.87524000	3.42112500
118.15999928	3.87524000	3.42112500
118.23999928	3.87524000	3.42112500
118.31999928	3.87524000	3.33323200
118.39999928	3.87524000	3.33323200
118.47999928	3.87524000	3.24533800
118.55999928	3.96404900	3.24533800
118.63999928	3.87524000	3.15744500
118.71999928	3.87524000	3.15744500
118.79999928	3.87524000	3.06985700
118.87999928	3.87524000	3.06985700
118.95999928	3.87524000	2.98196400
119.03999928	3.96404900	2.98196400
119.11999928	3.96404900	2.89407000
119.19999928	3.87524000	2.89407000
119.27999928	3.96404900	2.89407000
119.35999927	3.96404900	2.80617700
119.43999927	3.96404900	2.80617700
119.51999927	3.87524000	2.71828400
119.59999927	3.96404900	2.71828400
119.67999927	3.96404900	2.71828400
119.75999927	3.96404900	2.63069600
119.83999927	3.96404900	2.63069600
119.91999927	4.05255300	2.54280200
119.99999927	4.05255300	2.45490900
120.07999927	3.96404900	2.45490900
120.15999927	3.96404900	2.45490900
120.23999927	3.96404900	2.36701600
120.31999927	3.96404900	2.36701600
120.39999927	4.05255300	2.27942800
120.47999927	4.05255300	2.27942800
120.55999927	4.05255300	2.19153400
120.63999927	3.96404900	2.19153400
120.71999927	4.05255300	2.10364100
120.79999927	4.05255300	2.10364100
120.87999927	4.05255300	2.10364100
120.95999926	4.05255300	2.01574800
121.03999926	4.05255300	1.92815900
121.11999926	4.05255300	1.92815900
121.19999926	4.05255300	1.84026600
121.27999926	4.05255300	1.84026600
121.35999926	4.05255300	1.75237300
121.43999926	4.05255300	1.75237300
121.51999926	4.05255300	1.66447900
121.59999926	4.05255300	1.66447900
121.67999926	4.05255300	1.57689100
121.75999926	4.05255300	1.57689100
121.83999926	4.05255300	1.48899800
121.91999926	4.05255300	1.48899800
121.99999926	4.05255300	1.40110500
122.07999926	4.05255300	1.40110500
122.15999926	4.14136200	1.31321100
122.23999926	4.14136200	1.31321100
122.31999926	4.14136200	1.22531800
122.39999926	4.05255300	1.13773000
122.47999926	4.05255300	1.13773000
122.55999926	4.14136200	1.13773000
122.63999925	4.05255300	1.04983700
122.71999925	4.14136200	1.04983700
122.79999925	4.14136200	0.96194340
122.87999925	4.14136200	0.87405010
122.95999925	4.14136200	0.87405010
123.03999925	4.14136200	0.78646200
123.11999925	4.14136200	0.78646200
123.19999925	4.14136200	0.69856870
123.27999925	4.14136200	0.69856870
123.35999925	4.14136200	0.69856870
123.43999925	4.14136200	0.61067540
123.51999925	4.14136200	0.52278210
123.59999925	4.14136200	0.43519400
123.67999925	4.14136200	0.43519400
123.75999925	4.14136200	0.34730060
123.83999925	4.14136200	0.34730060
123.91999925	4.14136200	0.25940730
123.99999925	4.14136200	0.17151400
124.07999925	4.14136200	0.17151400
124.15999925	4.14136200	0.08392590
124.23999924	4.14136200	0.08392590
124.31999924	4.14136200	-0.00366222
124.39999924	4.14136200	-0.09155553
124.47999924	4.14136200	-0.09155553
124.55999924	4.14136200	-0.09155553
124.63999924	4.22986600	-0.17944880
124.71999924	4.22986600	-0.26734220
124.79999924	4.22986600	-0.26734220
124.87999924	4.22986600	-0.35493030
124.95999924	4.22986600	-0.35493030
125.03999924	4.14136200	-0.44282360
125.11999924	4.22986600	-0.53071690
125.19999924	4.14136200	-0.61861020
125.27999924	4.22986600	-0.61861020
125.35999924	4.22986600	-0.61861020
125.43999924	4.22986600	-0.70619830
125.51999924	4.22986600	-0.79409160
125.59999924	4.22986600	-0.79409160
125.67999924	4.22986600	-0.88198490
125.75999924	4.22986600	-0.96987830
125.83999924	4.22986600	-1.05746600
125.91999923	4.22986600	-1.05746600
125.99999923	4.22986600	-1.05746600
126.07999923	4.22986600	-1.14536000
126.15999923	4.22986600	-1.23325300
126.23999923	4.22986600	-1.23325300
126.31999923	4.22986600	-1.23325300
126.39999923	4.22986600	-1.32114600
126.47999923	4.22986600	-1.40904000
126.55999923	4.22986600	-1.40904000
126.63999923	4.31867400	-1.49662800
126.71999923	4.31867400	-1.49662800
126.79999923	4.31867400	-1.58452100
126.87999923	4.31867400	-1.58452100
126.95999923	4.31867400	-1.67241400
127.03999923	4.22986600	-1.76030800
127.11999923	4.31867400	-1.76030800
127.19999923	4.31867400	-1.76030800
127.27999923	4.31867400	-1.84789600
127.35999923	4.31867400	-1.93578900
127.43999923	4.40717800	-1.93578900
127.51999923	4.49598700	-2.02368200
127.59999922	4.85061200	-2.11157600
127.67999922	5.02792500	-2.11157600
127.75999922	5.11642800	-2.11157600
127.83999922	5.11642800	-2.19916400
127.91999922	5.02792500	-2.19916400
127.99999922	5.02792500	-2.28705700
128.07999922	5.02792500	-2.37495000
128.15999922	5.02792500	-2.37495000
128.23999922	5.02792500	-2.37495000
128.31999922	5.02792500	-2.46284400
128.39999922	5.02792500	-2.46284400
128.47999922	5.02792500	-2.55043200
128.55999922	4.93911600	-2.55043200
128.63999922	4.93911600	-2.63832500
128.71999922	4.93911600	-2.63832500
128.79999922	4.93911600	-2.72621800
128.87999922	4.93911600	-2.81411200
128.95999922	4.93911600	-2.81411200
129.03999922	4.93911600	-2.90200500
129.11999922	4.85061200	-2.90200500
129.19999921	4.85061200	-2.98959300
129.27999921	4.85061200	-2.98959300
129.35999921	4.76180300	-3.07748700
129.43999921	4.76180300	-3.07748700
129.51999921	4.76180300	-3.07748700
129.59999921	4.76180300	-3.16538000
129.67999921	4.76180300	-3.16538000
129.75999921	4.67329900	-3.25327300
129.83999921	4.67329900	-3.25327300
129.91999921	4.67329900	-3.34086100
129.99999921	4.67329900	-3.34086100
130.07999921	4.67329900	-3.42875500
130.15999921	4.58449000	-3.42875500
130.23999921	4.58449000	-3.42875500
130.31999921	4.58449000	-3.51664800
130.39999921	4.58449000	-3.51664800
130.47999921	4.58449000	-3.51664800
130.55999921	4.49598700	-3.60454100
130.63999921	4.49598700	-3.69212900
130.71999921	4.49598700	-3.69212900
130.79999921	4.49598700	-3.69212900
130.87999920	4.49598700	-3.78002300
130.95999920	4.40717800	-3.78002300
131.03999920	4.49598700	-3.86791600
131.11999920	4.40717800	-3.86791600
131.19999920	4.40717800	-3.86791600
131.27999920	4.40717800	-3.95580900
131.35999920	4.40717800	-3.95580900
131.43999920	4.40717800	-3.95580900
131.51999920	4.40717800	-4.04339700
131.59999920	4.40717800	-4.04339700
131.67999920	4.40717800	-4.04339700
131.75999920	4.40717800	-4.13129000
131.83999920	4.40717800	-4.13129000
131.91999920	4.40717800	-4.21918400
131.99999920	4.31867400	-4.21918400
132.07999920	4.31867400	-4.21918400
132.15999920	4.31867400	-4.21918400
132.23999920	4.31867400	-4.30707700
132.31999920	4.31867400	-4.30707700
132.39999920	4.31867400	-4.30707700
132.47999919	4.31867400	-4.39497000
132.55999919	4.31867400	-4.39497000
132.63999919	4.31867400	-4.39497000
132.71999919	4.22986600	-4.48255900
132.79999919	4.31867400	-4.48255900
132.87999919	4.31867400	-4.48255900
132.95999919	4.31867400	-4.57045200
133.03999919	4.31867400	-4.57045200
133.11999919	4.31867400	-4.57045200
133.19999919	4.22986600	-4.57045200
133.27999919	4.22986600	-4.65834500
133.35999919	4.31867400	-4.57045200
133.43999919	4.31867400	-4.65834500
133.51999919	4.22986600	-4.74623900
133.59999919	4.22986600	-4.65834500
133.67999919	4.22986600	-4.74623900
133.75999919	4.31867400	-4.74623900
133.83999919	4.31867400	-4.74623900
133.91999919	4.22986600	-4.74623900
133.99999919	4.22986600	-4.74623900
134.07999919	4.22986600	-4.74623900
134.15999918	4.22986600	-4.83382700
134.23999918	4.22986600	-4.83382700
134.31999918	4.22986600	-4.83382700
134.39999918	4.31867400	-4.83382700
134.47999918	4.22986600	-4.92172000
134.55999918	4.22986600	-4.92172000
134.63999918	4.22986600	-4.83382700
134.71999918	4.22986600	-4.92172000
134.79999918	4.22986600	-4.92172000
134.87999918	4.22986600	-4.92172000
134.95999918	4.22986600	-4.92172000
135.03999918	4.22986600	-4.92172000
135.11999918	4.22986600	-4.92172000
135.19999918	4.22986600	-4.92172000
135.27999918	4.22986600	-4.92172000
135.35999918	4.22986600	-4.92172000
135.43999918	4.22986600	-5.00961400
135.51999918	4.22986600	-5.00961400
135.59999918	4.22986600	-5.00961400
135.67999918	4.22986600	-4.92172000
135.75999917	4.22986600	-4.92172000
135.83999917	4.22986600	-4.92172000
135.91999917	4.22986600	-4.92172000
135.99999917	4.22986600	-4.92172000
136.07999917	4.22986600	-4.92172000
136.15999917	4.22986600	-5.00961400
136.23999917	4.22986600	-5.00961400
136.31999917	4.22986600	-5.00961400
136.39999917	4.22986600	-4.92172000
136.47999917	4.22986600	-5.00961400
136.55999917	4.22986600	-4.92172000
136.63999917	4.22986600	-4.92172000
136.71999917	4.22986600	-5.00961400
136.79999917	4.22986600	-4.92172000
136.87999917	4.22986600	-4.92172000
136.95999917	4.22986600	-4.92172000
137.03999917	4.22986600	-4.92172000
137.11999917	4.22986600	-4.92172000
137.19999917	4.22986600	-4.92172000
137.27999917	4.22986600	-4.92172000
137.35999917	4.22986600	-4.92172000
137.43999916	4.22986600	-4.92172000
137.51999916	4.22986600	-4.92172000
137.59999916	4.22986600	-4.92172000
137.67999916	4.22986600	-4.92172000
137.75999916	4.22986600	-4.92172000
137.83999916	4.31867400	-4.83382700
137.91999916	4.22986600	-4.92172000
137.99999916	4.22986600	-4.83382700
138.07999916	4.22986600	-4.83382700
138.15999916	4.22986600	-4.74623900
138.23999916	4.22986600	-4.74623900
138.31999916	4.22986600	-4.74623900
138.39999916	4.22986600	-4.74623900
138.47999916	4.22986600	-4.74623900
138.55999916	4.22986600	-4.74623900
138.63999916	4.22986600	-4.74623900
138.71999916	4.22986600	-4.65834500
138.79999916	4.22986600	-4.65834500
138.87999916	4.22986600	-4.65834500
138.95999916	4.22986600	-4.57045200
139.03999915	4.22986600	-4.57045200
139.11999915	4.22986600	-4.57045200
139.19999915	4.22986600	-4.57045200
139.27999915	4.22986600	-4.57045200
139.35999915	4.22986600	-4.57045200
139.43999915	4.22986600	-4.48255900
139.51999915	4.22986600	-4.39497000
139.59999915	4.31867400	-4.39497000
139.67999915	4.22986600	-4.39497000
139.75999915	4.22986600	-4.39497000
139.83999915	4.22986600	-4.39497000
139.91999915	4.22986600	-4.30707700
139.99999915	4.22986600	-4.30707700
140.07999915	4.22986600	-4.21918400
140.15999915	4.22986600	-4.30707700
140.23999915	4.22986600	-4.30707700
140.31999915	4.22986600	-4.21918400
140.39999915	4.22986600	-4.21918400
140.47999915	4.22986600	-4.21918400
140.55999915	4.31867400	-4.13129000
140.63999915	4.31867400	-4.13129000
140.71999914	4.22986600	-4.04339700
140.79999914	4.22986600	-4.04339700
140.87999914	4.22986600	-4.04339700
140.95999914	4.22986600	-3.95580900
141.03999914	4.31867400	-3.95580900
141.11999914	4.31867400	-3.95580900
141.19999914	4.31867400	-3.86791600
141.27999914	4.31867400	-3.86791600
141.35999914	4.40717800	-3.86791600
141.43999914	4.40717800	-3.86791600
141.51999914	4.40717800	-3.78002300
141.59999914	4.58449000	-3.69212900
141.67999914	4.76180300	-3.69212900
141.75999914	4.85061200	-3.69212900
141.83999914	4.93911600	-3.60454100
141.91999914	4.93911600	-3.60454100
141.99999914	4.93911600	-3.60454100
142.07999914	4.93911600	-3.51664800
142.15999914	4.93911600	-3.51664800
142.23999914	4.93911600	-3.51664800
142.31999914	4.93911600	-3.42875500
142.39999913	4.93911600	-3.42875500
142.47999913	4.93911600	-3.34086100
142.55999913	4.93911600	-3.34086100
142.63999913	4.93911600	-3.34086100
142.71999913	5.02792500	-3.25327300
142.79999913	5.11642800	-3.25327300
142.87999913	5.02792500	-3.16538000
142.95999913	5.02792500	-3.16538000
143.03999913	5.11642800	-3.16538000
143.11999913	5.11642800	-3.07748700
143.19999913	5.11642800	-3.07748700
143.27999913	5.11642800	-2.98959300
143.35999913	5.11642800	-2.98959300
143.43999913	5.11642800	-2.90200500
143.51999913	5.11642800	-2.90200500
143.59999913	5.11642800	-2.81411200
143.67999913	5.11642800	-2.81411200
143.75999913	5.11642800	-2.81411200
143.83999913	5.11642800	-2.72621800
143.91999913	5.11642800	-2.72621800
143.99999912	5.11642800	-2.72621800
144.07999912	5.11642800	-2.63832500
144.15999912	5.11642800	-2.55043200
144.23999912	5.11642800	-2.55043200
144.31999912	5.20523700	-2.46284400
144.39999912	5.20523700	-2.46284400
144.47999912	5.11642800	-2.46284400
144.55999912	5.20523700	-2.37495000
144.63999912	5.20523700	-2.37495000
144.71999912	5.20523700	-2.28705700
144.79999912	5.20523700	-2.28705700
144.87999912	5.20523700	-2.19916400
144.95999912	5.20523700	-2.19916400
145.03999912	5.20523700	-2.11157600
145.11999912	5.20523700	-2.11157600
145.19999912	5.20523700	-2.11157600
145.27999912	5.20523700	-2.11157600
145.35999912	5.20523700	-2.02368200
145.43999912	5.20523700	-1.93578900
145.51999912	5.20523700	-1.93578900
145.59999912	5.20523700	-1.93578900
145.67999911	5.20523700	-1.84789600
145.75999911	5.20523700	-1.76030800
145.83999911	5.20523700	-1.76030800
145.91999911	5.29374100	-1.76030800
145.99999911	5.29374100	-1.67241400
146.07999911	5.29374100	-1.58452100
146.15999911	5.29374100	-1.58452100
146.23999911	5.20523700	-1.58452100
146.31999911	5.29374100	-1.49662800
146.39999911	5.29374100	-1.49662800
146.47999911	5.29374100	-1.40904000
146.55999911	5.29374100	-1.40904000
146.63999911	5.29374100	-1.40904000
146.71999911	5.29374100	-1.32114600
146.79999911	5.29374100	-1.23325300
146.87999911	5.29374100	-1.23325300
146.95999911	5.29374100	-1.23325300
147.03999911	5.38254900	-1.23325300
147.11999911	5.29374100	-1.14536000
147.19999911	5.29374100	-1.05746600
147.27999910	5.29374100	-1.05746600
147.35999910	5.38254900	-1.05746600
147.43999910	5.38254900	-0.96987830
147.51999910	5.38254900	-0.88198490
147.59999910	5.38254900	-0.88198490
147.67999910	5.47105300	-0.88198490
147.75999910	5.47105300	-0.79409160
147.83999910	5.47105300	-0.79409160
147.91999910	5.47105300	-0.70619830
147.99999910	5.47105300	-0.70619830
148.07999910	5.47105300	-0.61861020
148.15999910	5.47105300	-0.53071690
148.23999910	5.47105300	-0.53071690
148.31999910	5.55986200	-0.53071690
148.39999910	5.47105300	-0.44282360
148.47999910	5.55986200	-0.44282360
148.55999910	5.55986200	-0.35493030
148.63999910	5.47105300	-0.35493030
148.71999910	5.55986200	-0.35493030
148.79999910	5.55986200	-0.26734220
148.87999910	5.55986200	-0.17944880
148.95999909	5.55986200	-0.17944880
149.03999909	5.55986200	-0.09155553
149.11999909	5.55986200	-0.09155553
149.19999909	5.55986200	-0.00366222
149.27999909	5.55986200	-0.00366222
149.35999909	5.55986200	-0.00366222
149.43999909	5.55986200	0.08392590
149.51999909	5.55986200	0.08392590
149.59999909	5.64836500	0.17151400
149.67999909	5.55986200	0.17151400
149.75999909	5.55986200	0.25940730
149.83999909	5.55986200	0.25940730
149.91999909	5.55986200	0.34730060
149.99999909	5.64836500	0.34730060
150.07999909	5.64836500	0.43519400
150.15999909	5.55986200	0.43519400
150.23999909	5.55986200	0.52278210
150.31999909	5.64836500	0.52278210
150.39999909	5.64836500	0.61067540
150.47999909	5.64836500	0.61067540
150.55999908	5.64836500	0.69856870
150.63999908	5.64836500	0.69856870
150.71999908	5.64836500	0.69856870
150.79999908	5.64836500	0.69856870
150.87999908	5.64836500	0.78646200
150.95999908	5.64836500	0.87405010
151.03999908	5.64836500	0.87405010
151.11999908	5.64836500	0.96194340
151.19999908	5.55986200	0.96194340
151.27999908	5.64836500	0.96194340
151.35999908	5.64836500	1.04983700
151.43999908	5.64836500	1.04983700
151.51999908	5.64836500	1.04983700
151.59999908	5.64836500	1.13773000
151.67999908	5.64836500	1.22531800
151.75999908	5.73717500	1.22531800
151.83999908	5.64836500	1.31321100
151.91999908	5.64836500	1.31321100
151.99999908	5.64836500	1.31321100
152.07999908	5.64836500	1.40110500
152.15999908	5.64836500	1.40110500
152.23999907	5.64836500	1.40110500
152.31999907	5.73717500	1.48899800
152.39999907	5.73717500	1.57689100
152.47999907	5.73717500	1.57689100
152.55999907	5.64836500	1.57689100
152.63999907	5.73717500	1.57689100
152.71999907	5.73717500	1.66447900
152.79999907	5.73717500	1.75237300
152.87999907	5.64836500	1.75237300
152.95999907	5.64836500	1.75237300
153.03999907	5.64836500	1.84026600
153.11999907	5.73717500	1.84026600
153.19999907	5.73717500	1.84026600
153.27999907	5.73717500	1.84026600
153.35999907	5.73717500	1.92815900
153.43999907	5.73717500	1.92815900
153.51999907	5.73717500	1.92815900
153.59999907	5.73717500	2.01574800
153.67999907	5.73717500	2.10364100
153.75999907	5.73717500	2.10364100
153.83999907	5.73717500	2.10364100
153.91999906	5.82567800	2.19153400
153.99999906	5.73717500	2.19153400
154.07999906	5.73717500	2.19153400
154.15999906	5.73717500	2.27942800
154.23999906	5.73717500	2.27942800
154.31999906	5.73717500	2.27942800
154.39999906	5.73717500	2.36701600
154.47999906	5.73717500	2.36701600
154.55999906	5.82567800	2.36701600
154.63999906	5.73717500	2.45490900
154.71999906	5.73717500	2.45490900
154.79999906	5.82567800	2.45490900
154.87999906	5.82567800	2.45490900
154.95999906	5.82567800	2.45490900
155.03999906	5.82567800	2.54280200
155.11999906	5.82567800	2.54280200
155.19999906	5.82567800	2.63069600
155.27999906	5.82567800	2.63069600
155.35999906	5.82567800	2.71828400
155.43999906	5.82567800	2.71828400
155.51999905	5.82567800	2.71828400
155.59999905	5.73717500	2.71828400
155.67999905	5.73717500	2.71828400
155.75999905	5.82567800	2.80617700
155.83999905	5.82567800	2.80617700
155.91999905	5.82567800	2.80617700
155.99999905	5.82567800	2.80617700
156.07999905	5.82567800	2.80617700
156.15999905	5.82567800	2.89407000
156.23999905	5.82567800	2.89407000
156.31999905	5.82567800	2.89407000
156.39999905	5.82567800	2.98196400
156.47999905	5.82567800	2.98196400
156.55999905	5.82567800	2.98196400
156.63999905	5.82567800	2.98196400
156.71999905	5.82567800	2.98196400
156.79999905	5.82567800	3.06985700
156.87999905	5.82567800	3.06985700
156.95999905	5.82567800	3.06985700
157.03999905	5.82567800	3.06985700
157.11999905	5.82567800	3.15744500
157.19999904	5.82567800	3.15744500
157.27999904	5.82567800	3.15744500
157.35999904	5.82567800	3.15744500
157.43999904	5.82567800	3.15744500
157.51999904	5.82567800	3.15744500
157.59999904	5.82567800	3.24533800
157.67999904	5.82567800	3.24533800
157.75999904	5.82567800	3.24533800
157.83999904	5.82567800	3.24533800
157.91999904	5.82567800	3.33323200
157.99999904	5.82567800	3.33323200
158.07999904	5.82567800	3.33323200
158.15999904	5.82567800	3.33323200
158.23999904	5.82567800	3.33323200
158.31999904	5.82567800	3.33323200
158.39999904	5.82567800	3.42112500
158.47999904	5.91448700	3.42112500
158.55999904	5.82567800	3.42112500
158.63999904	5.82567800	3.42112500
158.71999904	5.82567800	3.42112500
158.79999903	5.82567800	3.42112500
158.87999903	5.82567800	3.42112500
158.95999903	5.82567800	3.42112500
159.03999903	5.91448700	3.50871300
159.11999903	5.91448700	3.42112500
159.19999903	5.82567800	3.42112500
159.27999903	5.82567800	3.50871300
159.35999903	5.82567800	3.50871300
159.43999903	5.91448700	3.50871300
159.51999903	5.82567800	3.50871300
159.59999903	5.82567800	3.50871300
159.67999903	5.91448700	3.50871300
159.75999903	5.91448700	3.50871300
159.83999903	5.82567800	3.50871300
159.91999903	5.91448700	3.50871300
159.99999903	5.91448700	3.50871300
160.07999903	5.91448700	3.50871300
160.15999903	5.91448700	3.50871300
160.23999903	5.82567800	3.50871300
160.31999903	5.91448700	3.50871300
160.39999903	5.82567800	3.50871300
160.47999902	5.91448700	3.50871300
160.55999902	5.91448700	3.50871300
160.63999902	5.82567800	3.50871300
160.71999902	5.91448700	3.50871300
160.79999902	5.82567800	3.50871300
160.87999902	5.91448700	3.50871300
160.95999902	5.82567800	3.50871300
161.03999902	5.91448700	3.50871300
161.11999902	5.82567800	3.50871300
161.19999902	5.82567800	3.50871300
161.27999902	5.91448700	3.50871300
161.35999902	5.91448700	3.50871300
161.43999902	5.82567800	3.50871300
161.51999902	5.82567800	3.50871300
161.59999902	5.91448700	3.50871300
161.67999902	5.82567800	3.50871300
161.75999902	5.82567800	3.50871300
161.83999902	5.91448700	3.50871300
161.91999902	5.82567800	3.50871300
161.99999902	5.82567800	3.50871300
162.07999901	5.82567800	3.50871300
162.15999901	5.82567800	3.50871300
162.23999901	5.91448700	3.50871300
162.31999901	5.82567800	3.42112500
162.39999901	5.91448700	3.42112500
162.47999901	5.91448700	3.42112500
162.55999901	5.82567800	3.42112500
162.63999901	5.91448700	3.42112500
162.71999901	5.91448700	3.42112500
162.79999901	5.91448700	3.42112500
162.87999901	5.91448700	3.42112500
162.95999901	5.91448700	3.42112500
163.03999901	5.82567800	3.33323200
163.11999901	5.91448700	3.33323200
163.19999901	5.82567800	3.33323200
163.27999901	5.82567800	3.33323200
163.35999901	5.91448700	3.33323200
163.43999901	5.91448700	3.33323200
163.51999901	5.91448700	3.24533800
163.59999901	5.91448700	3.24533800
163.67999901	5.91448700	3.24533800
163.75999900	5.82567800	3.24533800
163.83999900	5.82567800	3.24533800
163.91999900	5.91448700	3.24533800
163.99999900	5.82567800	3.15744500
164.07999900	5.82567800	3.24533800
164.15999900	5.82567800	3.15744500
164.23999900	5.82567800	3.15744500
164.31999900	5.82567800	3.15744500
164.39999900	5.82567800	3.15744500
164.47999900	5.82567800	3.06985700
164.55999900	5.82567800	3.15744500
164.63999900	5.82567800	3.06985700
164.71999900	5.82567800	3.06985700
164.79999900	5.82567800	3.06985700
164.87999900	5.82567800	2.98196400
164.95999900	5.82567800	2.98196400
165.03999900	5.82567800	2.98196400
165.11999900	5.82567800	2.98196400
165.19999900	5.82567800	2.98196400
165.27999900	5.82567800	2.89407000
165.35999900	5.82567800	2.89407000
165.43999899	5.82567800	2.89407000
165.51999899	5.82567800	2.80617700
165.59999899	5.82567800	2.80617700
165.67999899	5.82567800	2.80617700
165.75999899	5.82567800	2.80617700
165.83999899	5.82567800	2.80617700
165.91999899	5.82567800	2.80617700
165.99999899	5.82567800	2.80617700
166.07999899	5.82567800	2.71828400
166.15999899	5.82567800	2.71828400
166.23999899	5.82567800	2.71828400
166.31999899	5.82567800	2.71828400
166.39999899	5.82567800	2.63069600
166.47999899	5.82567800	2.63069600
166.55999899	5.82567800	2.63069600
166.63999899	5.82567800	2.54280200
166.71999899	5.82567800	2.54280200
166.79999899	5.82567800	2.54280200
166.87999899	5.82567800	2.54280200
166.95999899	5.82567800	2.45490900
167.03999898	5.73717500	2.45490900
167.11999898	5.82567800	2.45490900
167.19999898	5.73717500	2.45490900
167.27999898	5.82567800	2.45490900
167.35999898	5.73717500	2.45490900
167.43999898	5.73717500	2.45490900
167.51999898	5.82567800	2.36701600
167.59999898	5.82567800	2.27942800
167.67999898	5.73717500	2.27942800
167.75999898	5.73717500	2.27942800
167.83999898	5.73717500	2.27942800
167.91999898	5.73717500	2.19153400
167.99999898	5.73717500	2.19153400
168.07999898	5.73717500	2.19153400
168.15999898	5.73717500	2.19153400
168.23999898	5.73717500	2.10364100
168.31999898	5.64836500	2.10364100
168.39999898	5.64836500	2.10364100
168.47999898	5.64836500	2.10364100
168.55999898	5.73717500	2.01574800
168.63999898	5.73717500	2.01574800
168.71999897	5.73717500	2.01574800
168.79999897	5.64836500	1.92815900
168.87999897	5.64836500	1.92815900
168.95999897	5.64836500	1.92815900
169.03999897	5.64836500	1.92815900
169.11999897	5.64836500	1.84026600
169.19999897	5.64836500	1.84026600
169.27999897	5.64836500	1.84026600
169.35999897	5.64836500	1.75237300
169.43999897	5.64836500	1.75237300
169.51999897	5.64836500	1.75237300
169.59999897	5.64836500	1.75237300
169.67999897	5.64836500	1.75237300
169.75999897	5.64836500	1.66447900
169.83999897	5.55986200	1.66447900
169.91999897	5.64836500	1.66447900
169.99999897	5.55986200	1.57689100
170.07999897	5.55986200	1.57689100
170.15999897	5.55986200	1.48899800
170.23999897	5.55986200	1.48899800
170.31999896	5.55986200	1.48899800
170.39999896	5.47105300	1.48899800
170.47999896	5.29374100	1.40110500
170.55999896	4.85061200	1.40110500
170.63999896	4.49598700	1.40110500
170.71999896	4.31867400	1.40110500
170.79999896	4.31867400	1.31321100
170.87999896	4.31867400	1.31321100
170.95999896	4.31867400	1.31321100
171.03999896	4.31867400	1.31321100
171.11999896	4.31867400	1.22531800
171.19999896	4.22986600	1.22531800
171.27999896	4.31867400	1.22531800
171.35999896	4.31867400	1.13773000
171.43999896	4.22986600	1.13773000
171.51999896	4.31867400	1.13773000
171.59999896	4.22986600	1.04983700
171.67999896	4.22986600	1.04983700
171.75999896	4.22986600	1.04983700
171.83999896	4.22986600	0.96194340
171.91999896	4.22986600	1.04983700
171.99999895	4.22986600	0.96194340
172.07999895	4.22986600	0.96194340
172.15999895	4.31867400	0.87405010
172.23999895	4.22986600	0.87405010
172.31999895	4.31867400	0.87405010
172.39999895	4.22986600	0.78646200
172.47999895	4.22986600	0.78646200
172.55999895	4.22986600	0.78646200
172.63999895	4.22986600	0.78646200
172.71999895	4.22986600	0.69856870
172.79999895	4.22986600	0.69856870
172.87999895	4.22986600	0.69856870
172.95999895	4.22986600	0.69856870
173.03999895	4.22986600	0.69856870
173.11999895	4.31867400	0.61067540
173.19999895	4.22986600	0.61067540
173.27999895	4.22986600	0.52278210
173.35999895	4.22986600	0.52278210
173.43999895	4.22986600	0.52278210
173.51999895	4.31867400	0.43519400
173.59999894	4.22986600	0.43519400
173.67999894	4.22986600	0.43519400
173.75999894	4.22986600	0.34730060
173.83999894	4.22986600	0.34730060
173.91999894	4.22986600	0.34730060
173.99999894	4.22986600	0.34730060
174.07999894	4.22986600	0.25940730
174.15999894	4.22986600	0.25940730
174.23999894	4.22986600	0.25940730
174.31999894	4.22986600	0.17151400
174.39999894	4.22986600	0.17151400
174.47999894	4.22986600	0.17151400
174.55999894	4.22986600	0.08392590
174.63999894	4.22986600	0.17151400
174.71999894	4.22986600	0.08392590
174.79999894	4.22986600	-0.00366222
174.87999894	4.22986600	-0.00366222
174.95999894	4.22986600	-0.00366222
175.03999894	4.22986600	-0.00366222
175.11999894	4.22986600	-0.09155553
175.19999894	4.22986600	-0.09155553
175.27999893	4.22986600	-0.09155553
175.35999893	4.22986600	-0.17944880
175.43999893	4.22986600	-0.17944880
175.51999893	4.22986600	-0.26734220
175.59999893	4.22986600	-0.17944880
175.67999893	4.22986600	-0.26734220
175.75999893	4.22986600	-0.26734220
175.83999893	4.31867400	-0.26734220
175.91999893	4.31867400	-0.35493030
175.99999893	4.22986600	-0.35493030
176.07999893	3.69792800	-0.35493030
176.15999893	1.65868100	-0.44282360
176.23999893	1.12674300	-0.44282360
176.31999893	0.77211830	-0.44282360
176.39999893	0.68361460	-0.53071690
176.47999893	0.68361460	-0.53071690
176.55999893	0.68361460	-0.53071690
176.63999893	0.68361460	-0.53071690
176.71999893	0.68361460	-0.61861020
176.79999893	0.68361460	-0.61861020
176.87999893	0.68361460	-0.61861020
176.95999892	0.68361460	-0.70619830
177.03999892	0.77211830	-0.70619830
177.11999892	0.68361460	-0.70619830
177.19999892	0.68361460	-0.79409160
177.27999892	0.77211830	-0.79409160
177.35999892	0.68361460	-0.88198490
177.43999892	0.77211830	-0.88198490
177.51999892	0.77211830	-0.96987830
177.59999892	0.68361460	-0.96987830
177.67999892	0.77211830	-1.05746600
177.75999892	0.77211830	-1.05746600
177.83999892	0.77211830	-1.05746600
177.91999892	0.77211830	-1.05746600
177.99999892	0.77211830	-1.05746600
178.07999892	0.77211830	-1.14536000
178.15999892	0.86092720	-1.14536000
178.23999892	0.86092720	-1.23325300
178.31999892	0.86092720	-1.23325300
178.39999892	0.77211830	-1.32114600
178.47999892	0.77211830	-1.32114600
178.55999891	0.86092720	-1.40904000
178.63999891	0.86092720	-1.40904000
178.71999891	0.86092720	-1.40904000
178.79999891	0.86092720	-1.40904000
178.87999891	0.86092720	-1.40904000
178.95999891	0.86092720	-1.49662800
179.03999891	0.86092720	-1.49662800
179.11999891	0.86092720	-1.58452100
179.19999891	0.86092720	-1.58452100
179.27999891	0.86092720	-1.67241400
179.35999891	0.86092720	-1.67241400
179.43999891	0.86092720	-1.67241400
179.51999891	0.86092720	-1.76030800
179.59999891	0.86092720	-1.76030800
179.67999891	0.86092720	-1.76030800
179.75999891	0.86092720	-1.84789600
179.83999891	0.86092720	-1.84789600
179.91999891	0.86092720	-1.93578900
179.99999891	0.86092720	-1.93578900
180.07999891	0.86092720	-1.93578900
180.15999891	0.86092720	-2.02368200
180.23999890	0.86092720	-2.11157600
180.31999890	0.86092720	-2.11157600
180.39999890	0.86092720	-2.11157600
180.47999890	0.86092720	-2.11157600
180.55999890	0.86092720	-2.11157600
180.63999890	0.86092720	-2.19916400
180.71999890	0.94943080	-2.28705700
180.79999890	0.86092720	-2.28705700
180.87999890	0.86092720	-2.28705700
180.95999890	0.94943080	-2.37495000
181.03999890	0.86092720	-2.28705700
181.11999890	0.94943080	-2.46284400
181.19999890	0.94943080	-2.46284400
181.27999890	0.86092720	-2.46284400
181.35999890	0.94943080	-2.55043200
181.43999890	0.86092720	-2.55043200
181.51999890	0.86092720	-2.55043200
181.59999890	0.94943080	-2.63832500
181.67999890	0.86092720	-2.63832500
181.75999890	0.94943080	-2.72621800
181.83999889	0.94943080	-2.72621800
181.91999889	0.94943080	-2.72621800
181.99999889	0.94943080	-2.81411200
182.07999889	0.86092720	-2.81411200
182.15999889	0.86092720	-2.81411200
182.23999889	0.94943080	-2.90200500
182.31999889	0.86092720	-2.90200500
182.39999889	0.94943080	-2.98959300
182.47999889	0.94943080	-2.98959300
182.55999889	0.94943080	-2.98959300
182.63999889	0.94943080	-3.07748700
182.71999889	0.94943080	-3.07748700
182.79999889	0.94943080	-3.16538000
182.87999889	0.94943080	-3.16538000
182.95999889	0.94943080	-3.16538000
183.03999889	0.94943080	-3.16538000
183.11999889	0.94943080	-3.25327300
183.19999889	0.94943080	-3.25327300
183.27999889	0.94943080	-3.25327300
183.35999889	0.94943080	-3.34086100
183.43999889	0.94943080	-3.34086100
183.51999888	0.94943080	-3.34086100
183.59999888	0.94943080	-3.42875500
183.67999888	0.94943080	-3.42875500
183.75999888	0.94943080	-3.42875500
183.83999888	0.94943080	-3.51664800
183.91999888	0.94943080	-3.51664800
183.99999888	0.94943080	-3.60454100
184.07999888	0.94943080	-3.60454100
184.15999888	0.94943080	-3.60454100
184.23999888	0.94943080	-3.60454100
184.31999888	1.03824000	-3.60454100
184.39999888	0.94943080	-3.69212900
184.47999888	0.94943080	-3.69212900
184.55999888	0.94943080	-3.69212900
184.63999888	0.94943080	-3.78002300
184.71999888	1.03824000	-3.78002300
184.79999888	0.94943080	-3.86791600
184.87999888	0.94943080	-3.86791600
184.95999888	0.94943080	-3.86791600
185.03999888	0.94943080	-3.86791600
185.11999887	0.94943080	-3.86791600
185.19999887	0.94943080	-3.86791600
185.27999887	0.94943080	-3.86791600
185.35999887	0.94943080	-3.95580900
185.43999887	0.94943080	-4.04339700
185.51999887	1.03824000	-4.04339700
185.59999887	1.03824000	-4.04339700
185.67999887	0.94943080	-4.04339700
185.75999887	0.94943080	-4.04339700
185.83999887	0.94943080	-4.04339700
185.91999887	0.94943080	-4.13129000
185.99999887	0.94943080	-4.13129000
186.07999887	0.94943080	-4.13129000
186.15999887	0.94943080	-4.21918400
186.23999887	0.94943080	-4.21918400
186.31999887	0.94943080	-4.21918400
186.39999887	0.94943080	-4.21918400
186.47999887	0.94943080	-4.21918400
186.55999887	0.94943080	-4.21918400
186.63999887	0.94943080	-4.30707700
186.71999887	0.94943080	-4.21918400
186.79999886	0.94943080	-4.30707700
186.87999886	0.94943080	-4.30707700
186.95999886	0.94943080	-4.21918400
187.03999886	1.03824000	-4.30707700
187.11999886	0.94943080	-4.30707700
187.19999886	0.94943080	-4.30707700
187.27999886	1.03824000	-4.30707700
187.35999886	0.94943080	-4.30707700
187.43999886	0.94943080	-4.30707700
187.51999886	0.94943080	-4.39497000
187.59999886	0.94943080	-4.30707700
187.67999886	0.94943080	-4.30707700
187.75999886	0.94943080	-4.39497000
187.83999886	0.94943080	-4.39497000
187.91999886	0.94943080	-4.39497000
187.99999886	0.94943080	-4.39497000
188.07999886	0.94943080	-4.39497000
188.15999886	0.94943080	-4.39497000
188.23999886	0.94943080	-4.39497000
188.31999886	0.94943080	-4.39497000
188.39999886	0.94943080	-4.39497000
188.47999885	0.94943080	-4.39497000
188.55999885	0.94943080	-4.39497000
188.63999885	0.94943080	-4.39497000
188.71999885	0.94943080	-4.39497000
188.79999885	0.86092720	-4.39497000
188.87999885	0.94943080	-4.39497000
188.95999885	0.94943080	-4.39497000
189.03999885	0.94943080	-4.39497000
189.11999885	0.94943080	-4.39497000
189.19999885	0.94943080	-4.39497000
189.27999885	0.94943080	-4.30707700
189.35999885	0.94943080	-4.39497000
189.43999885	0.94943080	-4.39497000
189.51999885	0.94943080	-4.30707700
189.59999885	0.94943080	-4.39497000
189.67999885	0.86092720	-4.30707700
189.75999885	0.94943080	-4.30707700
189.83999885	0.94943080	-4.30707700
189.91999885	0.86092720	-4.30707700
189.99999885	0.94943080	-4.30707700
190.07999884	0.94943080	-4.30707700
190.15999884	0.94943080	-4.21918400
190.23999884	0.86092720	-4.21918400
190.31999884	0.86092720	-4.21918400
190.39999884	0.94943080	-4.21918400
190.47999884	0.94943080	-4.21918400
190.55999884	0.94943080	-4.21918400
190.63999884	0.86092720	-4.21918400
190.71999884	0.86092720	-4.21918400
190.79999884	0.86092720	-4.21918400
190.87999884	0.86092720	-4.13129000
190.95999884	0.94943080	-4.13129000
191.03999884	0.94943080	-4.04339700
191.11999884	0.94943080	-4.04339700
191.19999884	0.86092720	-4.04339700
191.27999884	0.94943080	-4.04339700
191.35999884	0.86092720	-4.04339700
191.43999884	0.86092720	-3.95580900
191.51999884	0.86092720	-3.95580900
191.59999884	0.86092720	-3.95580900
191.67999884	0.86092720	-3.86791600
191.75999883	0.86092720	-3.86791600
191.83999883	0.86092720	-3.86791600
191.91999883	0.86092720	-3.78002300
191.99999883	0.86092720	-3.78002300
192.07999883	0.86092720	-3.78002300
192.15999883	0.86092720	-3.78002300
192.23999883	0.86092720	-3.69212900
192.31999883	0.86092720	-3.69212900
192.39999883	0.86092720	-3.69212900
192.47999883	0.86092720	-3.60454100
192.55999883	0.86092720	-3.60454100
192.63999883	0.86092720	-3.51664800
192.71999883	0.86092720	-3.51664800
192.79999883	0.86092720	-3.51664800
192.87999883	0.86092720	-3.51664800
192.95999883	0.86092720	-3.42875500
193.03999883	0.86092720	-3.42875500
193.11999883	0.86092720	-3.42875500
193.19999883	0.86092720	-3.34086100
193.27999883	0.86092720	-3.34086100
193.35999882	0.86092720	-3.25327300
193.43999882	0.86092720	-3.25327300
193.51999882	0.86092720	-3.16538000
193.59999882	0.86092720	-3.16538000
193.67999882	0.86092720	-3.16538000
193.75999882	0.86092720	-3.07748700
193.83999882	0.86092720	-3.07748700
193.91999882	0.86092720	-2.98959300
193.99999882	0.86092720	-2.98959300
194.07999882	0.86092720	-2.90200500
194.15999882	0.86092720	-2.90200500
194.23999882	0.86092720	-2.81411200
194.31999882	0.86092720	-2.81411200
194.39999882	0.86092720	-2.81411200
194.47999882	0.86092720	-2.81411200
194.55999882	0.77211830	-2.72621800
194.63999882	0.86092720	-2.72621800
194.71999882	0.86092720	-2.63832500
194.79999882	0.86092720	-2.63832500
194.87999882	0.86092720	-2.55043200
194.95999882	0.86092720	-2.55043200
195.03999881	0.77211830	-2.46284400
195.11999881	0.86092720	-2.46284400
195.19999881	0.86092720	-2.37495000
195.27999881	0.77211830	-2.28705700
195.35999881	0.86092720	-2.28705700
195.43999881	0.86092720	-2.28705700
195.51999881	0.86092720	-2.19916400
195.59999881	0.86092720	-2.11157600
195.67999881	0.86092720	-2.11157600
195.75999881	0.86092720	-2.11157600
195.83999881	0.86092720	-2.02368200
195.91999881	0.77211830	-2.02368200
195.99999881	0.77211830	-1.93578900
196.07999881	0.77211830	-1.93578900
196.15999881	0.77211830	-1.93578900
196.23999881	0.77211830	-1.84789600
196.31999881	0.77211830	-1.84789600
196.39999881	0.77211830	-1.76030800
196.47999881	0.77211830	-1.76030800
196.55999881	0.77211830	-1.67241400
196.63999880	0.77211830	-1.58452100
196.71999880	0.77211830	-1.58452100
196.79999880	0.77211830	-1.49662800
196.87999880	0.77211830	-1.49662800
196.95999880	0.77211830	-1.40904000
197.03999880	0.77211830	-1.40904000
197.11999880	0.68361460	-1.32114600
197.19999880	0.77211830	-1.32114600
197.27999880	0.77211830	-1.23325300
197.35999880	0.77211830	-1.23325300
197.43999880	0.77211830	-1.14536000
197.51999880	0.77211830	-1.05746600
197.59999880	0.77211830	-1.05746600
197.67999880	0.77211830	-1.05746600
197.75999880	0.77211830	-0.96987830
197.83999880	0.68361460	-0.96987830
197.91999880	0.77211830	-0.79409160
197.99999880	0.68361460	-0.79409160
198.07999880	0.77211830	-0.79409160
198.15999880	0.77211830	-0.70619830
198.23999880	0.68361460	-0.70619830
198.31999879	0.68361460	-0.61861020
198.39999879	0.68361460	-0.53071690
198.47999879	0.68361460	-0.53071690
198.55999879	0.68361460	-0.53071690
198.63999879	0.68361460	-0.44282360
198.71999879	0.68361460	-0.35493030
198.79999879	0.68361460	-0.35493030
198.87999879	0.68361460	-0.26734220
198.95999879	0.68361460	-0.17944880
199.03999879	0.68361460	-0.17944880
199.11999879	0.68361460	-0.09155553
199.19999879	0.68361460	-0.09155553
199.27999879	0.68361460	-0.00366222
199.35999879	0.68361460	-0.00366222
199.43999879	0.68361460	0.08392590
199.51999879	0.77211830	0.17151400
199.59999879	0.68361460	0.17151400
199.67999879	0.68361460	0.17151400
199.75999879	0.68361460	0.25940730
199.83999879	0.68361460	0.34730060
199.91999878	0.68361460	0.34730060
199.99999878	0.68361460	0.43519400
200.07999878	0.68361460	0.52278210
200.15999878	0.68361460	0.52278210
200.23999878	0.68361460	0.61067540
