Time	Channel A	Channel B
(us)	(V)	(V)

0.00000000	-0.82338940	-3.34086100
0.08000000	-0.73488570	-3.34086100
0.16000000	-0.82338940	-3.34086100
0.24000000	-0.73488570	-3.34086100
0.32000000	-0.82338940	-3.34086100
0.40000000	-0.82338940	-3.34086100
0.48000000	-0.82338940	-3.34086100
0.56000000	-0.82338940	-3.42875500
0.64000000	-0.82338940	-3.34086100
0.72000000	-0.82338940	-3.34086100
0.80000000	-0.82338940	-3.42875500
0.87999999	-0.82338940	-3.34086100
0.95999999	-0.82338940	-3.34086100
1.03999999	-0.82338940	-3.34086100
1.11999999	-0.82338940	-3.34086100
1.19999999	-0.82338940	-3.42875500
1.27999999	-0.82338940	-3.42875500
1.35999999	-0.82338940	-3.42875500
1.43999999	-0.82338940	-3.34086100
1.51999999	-0.82338940	-3.42875500
1.59999999	-0.73488570	-3.42875500
1.67999999	-0.82338940	-3.42875500
1.75999999	-0.82338940	-3.42875500
1.83999999	-0.82338940	-3.42875500
1.91999999	-0.82338940	-3.42875500
1.99999999	-0.82338940	-3.42875500
2.07999999	-0.73488570	-3.42875500
2.15999999	-0.82338940	-3.42875500
2.23999999	-0.73488570	-3.42875500
2.31999999	-0.82338940	-3.34086100
2.39999999	-0.82338940	-3.34086100
2.47999998	-0.73488570	-3.42875500
2.55999998	-0.82338940	-3.34086100
2.63999998	-0.82338940	-3.34086100
2.71999998	-0.82338940	-3.34086100
2.79999998	-0.82338940	-3.34086100
2.87999998	-0.82338940	-3.34086100
2.95999998	-0.82338940	-3.34086100
3.03999998	-0.82338940	-3.34086100
3.11999998	-0.82338940	-3.34086100
3.19999998	-0.73488570	-3.34086100
3.27999998	-0.82338940	-3.34086100
3.35999998	-0.82338940	-3.34086100
3.43999998	-0.82338940	-3.34086100
3.51999998	-0.82338940	-3.34086100
3.59999998	-0.82338940	-3.34086100
3.67999998	-0.82338940	-3.34086100
3.75999998	-0.82338940	-3.34086100
3.83999998	-0.82338940	-3.25327300
3.91999998	-0.82338940	-3.25327300
3.99999998	-0.82338940	-3.25327300
4.07999998	-0.82338940	-3.16538000
4.15999997	-0.82338940	-3.16538000
4.23999997	-0.82338940	-3.16538000
4.31999997	-0.82338940	-3.16538000
4.39999997	-0.82338940	-3.16538000
4.47999997	-0.82338940	-3.16538000
4.55999997	-0.82338940	-3.16538000
4.63999997	-0.82338940	-3.16538000
4.71999997	-0.82338940	-3.16538000
4.79999997	-0.82338940	-3.16538000
4.87999997	-0.82338940	-3.16538000
4.95999997	-0.82338940	-3.07748700
5.03999997	-0.82338940	-3.07748700
5.11999997	-0.82338940	-3.07748700
5.19999997	-0.82338940	-3.07748700
5.27999997	-0.82338940	-2.98959300
5.35999997	-0.82338940	-2.98959300
5.43999997	-0.82338940	-2.98959300
5.51999997	-0.82338940	-2.98959300
5.59999997	-0.82338940	-2.98959300
5.67999997	-0.73488570	-2.90200500
5.75999996	-0.82338940	-2.90200500
5.83999996	-0.73488570	-2.90200500
5.91999996	-0.82338940	-2.90200500
5.99999996	-0.82338940	-2.90200500
6.07999996	-0.82338940	-2.90200500
6.15999996	-0.82338940	-2.90200500
6.23999996	-0.82338940	-2.81411200
6.31999996	-0.82338940	-2.81411200
6.39999996	-0.82338940	-2.81411200
6.47999996	-0.82338940	-2.81411200
6.55999996	-0.82338940	-2.81411200
6.63999996	-0.82338940	-2.72621800
6.71999996	-0.73488570	-2.72621800
6.79999996	-0.73488570	-2.72621800
6.87999996	-0.82338940	-2.63832500
6.95999996	-0.73488570	-2.63832500
7.03999996	-0.82338940	-2.63832500
7.11999996	-0.73488570	-2.63832500
7.19999996	-0.82338940	-2.63832500
7.27999996	-0.82338940	-2.63832500
7.35999996	-0.73488570	-2.63832500
7.43999995	-0.73488570	-2.55043200
7.51999995	-0.73488570	-2.55043200
7.59999995	-0.73488570	-2.55043200
7.67999995	-0.73488570	-2.46284400
7.75999995	-0.73488570	-2.46284400
7.83999995	-0.82338940	-2.46284400
7.91999995	-0.73488570	-2.37495000
7.99999995	-0.73488570	-2.37495000
8.07999995	-0.73488570	-2.37495000
8.15999995	-0.82338940	-2.37495000
8.23999995	-0.73488570	-2.28705700
8.31999995	-0.73488570	-2.28705700
8.39999995	-0.73488570	-2.28705700
8.47999995	-0.73488570	-2.28705700
8.55999995	-0.73488570	-2.19916400
8.63999995	-0.73488570	-2.19916400
8.71999995	-0.73488570	-2.19916400
8.79999995	-0.73488570	-2.19916400
8.87999995	-0.73488570	-2.11157600
8.95999995	-0.73488570	-2.11157600
9.03999995	-0.73488570	-2.11157600
9.11999994	-0.73488570	-2.02368200
9.19999994	-0.73488570	-2.02368200
9.27999994	-0.73488570	-2.02368200
9.35999994	-0.73488570	-2.02368200
9.43999994	-0.73488570	-1.93578900
9.51999994	-0.73488570	-1.93578900
9.59999994	-0.73488570	-1.93578900
9.67999994	-0.73488570	-1.93578900
9.75999994	-0.73488570	-1.93578900
9.83999994	-0.73488570	-1.84789600
9.91999994	-0.73488570	-1.84789600
9.99999994	-0.73488570	-1.76030800
10.07999994	-0.73488570	-1.76030800
10.15999994	-0.73488570	-1.76030800
10.23999994	-0.73488570	-1.76030800
10.31999994	-0.64607690	-1.67241400
10.39999994	-0.73488570	-1.67241400
10.47999994	-0.64607690	-1.67241400
10.55999994	-0.64607690	-1.58452100
10.63999994	-0.73488570	-1.58452100
10.71999993	-0.64607690	-1.58452100
10.79999993	-0.64607690	-1.49662800
10.87999993	-0.73488570	-1.58452100
10.95999993	-0.64607690	-1.49662800
11.03999993	-0.55757310	-1.49662800
11.11999993	-0.64607690	-1.40904000
11.19999993	-0.64607690	-1.40904000
11.27999993	-0.64607690	-1.40904000
11.35999993	-0.64607690	-1.40904000
11.43999993	-0.55757310	-1.40904000
11.51999993	-0.55757310	-1.40904000
11.59999993	-0.64607690	-1.32114600
11.67999993	-0.55757310	-1.32114600
11.75999993	-0.55757310	-1.23325300
11.83999993	-0.55757310	-1.23325300
11.91999993	-0.55757310	-1.23325300
11.99999993	-0.55757310	-1.23325300
12.07999993	-0.55757310	-1.14536000
12.15999993	-0.55757310	-1.14536000
12.23999993	-0.55757310	-1.05746600
12.31999993	-0.55757310	-1.05746600
12.39999992	-0.55757310	-1.05746600
12.47999992	-0.55757310	-1.05746600
12.55999992	-0.55757310	-1.05746600
12.63999992	-0.55757310	-0.96987830
12.71999992	-0.55757310	-0.96987830
12.79999992	-0.55757310	-0.88198490
12.87999992	-0.55757310	-0.88198490
12.95999992	-0.55757310	-0.88198490
13.03999992	-0.55757310	-0.88198490
13.11999992	-0.55757310	-0.79409160
13.19999992	-0.55757310	-0.79409160
13.27999992	-0.55757310	-0.79409160
13.35999992	-0.55757310	-0.70619830
13.43999992	-0.55757310	-0.70619830
13.51999992	-0.55757310	-0.70619830
13.59999992	-0.55757310	-0.70619830
13.67999992	-0.55757310	-0.61861020
13.75999992	-0.46876430	-0.53071690
13.83999992	-0.46876430	-0.53071690
13.91999992	-0.46876430	-0.53071690
13.99999991	-0.46876430	-0.53071690
14.07999991	-0.46876430	-0.53071690
14.15999991	-0.46876430	-0.44282360
14.23999991	-0.46876430	-0.44282360
14.31999991	-0.46876430	-0.35493030
14.39999991	-0.46876430	-0.35493030
14.47999991	-0.46876430	-0.35493030
14.55999991	-0.46876430	-0.35493030
14.63999991	-0.38026060	-0.35493030
14.71999991	-0.38026060	-0.35493030
14.79999991	-0.38026060	-0.26734220
14.87999991	-0.38026060	-0.26734220
14.95999991	-0.38026060	-0.17944880
15.03999991	-0.38026060	-0.17944880
15.11999991	-0.29145180	-0.17944880
15.19999991	-0.29145180	-0.17944880
15.27999991	-0.29145180	-0.09155553
15.35999991	-0.20294810	-0.09155553
15.43999991	-0.20294810	-0.09155553
15.51999991	-0.20294810	-0.00366222
15.59999991	-0.11413920	-0.00366222
15.67999990	-0.20294810	-0.00366222
15.75999990	-0.11413920	-0.00366222
15.83999990	-0.11413920	0.08392590
15.91999990	-0.11413920	0.08392590
15.99999990	-0.02563555	0.17151400
16.07999990	-0.02563555	0.17151400
16.15999990	-0.02563555	0.17151400
16.23999990	0.06317332	0.17151400
16.31999990	0.15167700	0.25940730
16.39999990	0.15167700	0.25940730
16.47999990	0.15167700	0.25940730
16.55999990	0.15167700	0.34730060
16.63999990	0.24048580	0.34730060
16.71999990	0.41749320	0.34730060
16.79999990	0.59480580	0.43519400
16.87999990	0.59480580	0.43519400
16.95999990	0.68361460	0.52278210
17.03999990	0.15167700	0.52278210
17.11999990	1.12674300	0.52278210
17.19999990	1.92480200	0.52278210
17.27999989	2.19061900	0.52278210
17.35999989	1.57017700	0.61067540
17.43999989	0.50630210	0.61067540
17.51999989	2.01330600	0.69856870
17.59999989	4.58449000	0.61067540
17.67999989	4.05255300	0.69856870
17.75999989	4.14136200	0.69856870
17.83999989	4.14136200	0.69856870
17.91999989	4.05255300	0.78646200
17.99999989	4.05255300	0.78646200
18.07999989	4.05255300	0.78646200
18.15999989	4.05255300	0.87405010
18.23999989	4.05255300	0.87405010
18.31999989	4.05255300	0.87405010
18.39999989	4.05255300	0.87405010
18.47999989	4.05255300	0.96194340
18.55999989	3.96404900	1.04983700
18.63999989	3.96404900	1.04983700
18.71999989	3.96404900	1.04983700
18.79999989	3.96404900	1.04983700
18.87999989	3.96404900	1.04983700
18.95999988	3.87524000	1.13773000
19.03999988	3.87524000	1.22531800
19.11999988	3.96404900	1.22531800
19.19999988	3.96404900	1.22531800
19.27999988	3.87524000	1.22531800
19.35999988	3.87524000	1.31321100
19.43999988	3.87524000	1.40110500
19.51999988	3.87524000	1.31321100
19.59999988	3.87524000	1.40110500
19.67999988	3.87524000	1.40110500
19.75999988	3.87524000	1.40110500
19.83999988	3.87524000	1.48899800
19.91999988	3.87524000	1.57689100
19.99999988	3.87524000	1.57689100
20.07999988	3.87524000	1.57689100
20.15999988	3.78673700	1.66447900
20.23999988	3.78673700	1.66447900
20.31999988	3.78673700	1.66447900
20.39999988	3.78673700	1.75237300
20.47999988	3.78673700	1.75237300
20.55999988	3.78673700	1.75237300
20.63999987	3.78673700	1.75237300
20.71999987	3.78673700	1.84026600
20.79999987	3.78673700	1.84026600
20.87999987	3.69792800	1.92815900
20.95999987	3.78673700	1.92815900
21.03999987	3.78673700	1.92815900
21.11999987	3.78673700	2.01574800
21.19999987	3.78673700	2.01574800
21.27999987	3.69792800	2.10364100
21.35999987	3.78673700	2.10364100
21.43999987	3.69792800	2.10364100
21.51999987	3.69792800	2.19153400
21.59999987	3.69792800	2.19153400
21.67999987	3.69792800	2.27942800
21.75999987	3.69792800	2.27942800
21.83999987	3.69792800	2.27942800
21.91999987	3.69792800	2.36701600
21.99999987	3.69792800	2.36701600
22.07999987	3.69792800	2.45490900
22.15999987	3.69792800	2.45490900
22.23999986	3.69792800	2.45490900
22.31999986	3.69792800	2.54280200
22.39999986	3.69792800	2.54280200
22.47999986	3.69792800	2.54280200
22.55999986	3.69792800	2.63069600
22.63999986	3.69792800	2.63069600
22.71999986	3.60942400	2.71828400
22.79999986	3.60942400	2.71828400
22.87999986	3.60942400	2.71828400
22.95999986	3.60942400	2.80617700
23.03999986	3.60942400	2.80617700
23.11999986	3.60942400	2.80617700
23.19999986	3.60942400	2.89407000
23.27999986	3.60942400	2.89407000
23.35999986	3.60942400	2.98196400
23.43999986	3.60942400	2.98196400
23.51999986	3.60942400	2.98196400
23.59999986	3.60942400	2.98196400
23.67999986	3.60942400	3.06985700
23.75999986	3.69792800	3.06985700
23.83999986	3.60942400	3.15744500
23.91999985	3.60942400	3.15744500
23.99999985	3.60942400	3.15744500
24.07999985	3.60942400	3.24533800
24.15999985	3.60942400	3.24533800
24.23999985	3.60942400	3.33323200
24.31999985	3.60942400	3.33323200
24.39999985	3.60942400	3.33323200
24.47999985	3.60942400	3.42112500
24.55999985	3.60942400	3.42112500
24.63999985	3.60942400	3.42112500
24.71999985	3.60942400	3.50871300
24.79999985	3.52061500	3.50871300
24.87999985	3.60942400	3.50871300
24.95999985	3.52061500	3.50871300
25.03999985	3.52061500	3.59660600
25.11999985	3.52061500	3.59660600
25.19999985	3.60942400	3.68450000
25.27999985	3.52061500	3.68450000
25.35999985	3.52061500	3.68450000
25.43999985	3.60942400	3.68450000
25.51999984	3.60942400	3.68450000
25.59999984	3.60942400	3.68450000
25.67999984	3.60942400	3.77239300
25.75999984	3.52061500	3.85998100
25.83999984	3.52061500	3.85998100
25.91999984	3.52061500	3.85998100
25.99999984	3.60942400	3.85998100
26.07999984	3.60942400	3.85998100
26.15999984	3.52061500	3.85998100
26.23999984	3.60942400	3.94787400
26.31999984	3.52061500	4.03576800
26.39999984	3.52061500	3.94787400
26.47999984	3.60942400	4.03576800
26.55999984	3.60942400	4.03576800
26.63999984	3.60942400	4.03576800
26.71999984	3.60942400	4.03576800
26.79999984	3.60942400	4.12366100
26.87999984	3.60942400	4.12366100
26.95999984	3.60942400	4.12366100
27.03999984	3.60942400	4.21124900
27.11999984	3.60942400	4.21124900
27.19999983	3.60942400	4.21124900
27.27999983	3.60942400	4.21124900
27.35999983	3.52061500	4.21124900
27.43999983	3.60942400	4.21124900
27.51999983	3.60942400	4.21124900
27.59999983	3.60942400	4.21124900
27.67999983	3.60942400	4.29914200
27.75999983	3.60942400	4.29914200
27.83999983	3.52061500	4.29914200
27.91999983	3.60942400	4.29914200
27.99999983	3.60942400	4.29914200
28.07999983	3.60942400	4.38703600
28.15999983	3.60942400	4.38703600
28.23999983	3.60942400	4.38703600
28.31999983	3.60942400	4.38703600
28.39999983	3.60942400	4.38703600
28.47999983	3.60942400	4.38703600
28.55999983	3.60942400	4.38703600
28.63999983	3.60942400	4.38703600
28.71999983	3.69792800	4.38703600
28.79999982	3.60942400	4.38703600
28.87999982	3.60942400	4.38703600
28.95999982	3.69792800	4.38703600
29.03999982	3.60942400	4.38703600
29.11999982	3.69792800	4.47492900
29.19999982	3.60942400	4.47492900
29.27999982	3.60942400	4.38703600
29.35999982	3.69792800	4.47492900
29.43999982	3.69792800	4.47492900
29.51999982	3.69792800	4.47492900
29.59999982	3.69792800	4.47492900
29.67999982	3.69792800	4.47492900
29.75999982	3.69792800	4.47492900
29.83999982	3.69792800	4.47492900
29.91999982	3.69792800	4.38703600
29.99999982	3.69792800	4.38703600
30.07999982	3.69792800	4.47492900
30.15999982	3.69792800	4.47492900
30.23999982	3.69792800	4.47492900
30.31999982	3.69792800	4.38703600
30.39999982	3.69792800	4.38703600
30.47999981	3.69792800	4.38703600
30.55999981	3.69792800	4.38703600
30.63999981	3.69792800	4.38703600
30.71999981	3.69792800	4.38703600
30.79999981	3.69792800	4.38703600
30.87999981	3.69792800	4.38703600
30.95999981	3.69792800	4.38703600
31.03999981	3.69792800	4.38703600
31.11999981	3.69792800	4.29914200
31.19999981	3.78673700	4.38703600
31.27999981	3.78673700	4.38703600
31.35999981	3.69792800	4.29914200
31.43999981	3.78673700	4.29914200
31.51999981	3.78673700	4.29914200
31.59999981	3.78673700	4.29914200
31.67999981	3.78673700	4.21124900
31.75999981	3.78673700	4.21124900
31.83999981	3.78673700	4.21124900
31.91999981	3.78673700	4.21124900
31.99999981	3.78673700	4.21124900
32.07999981	3.78673700	4.21124900
32.15999980	3.78673700	4.21124900
32.23999980	3.78673700	4.12366100
32.31999980	3.78673700	4.12366100
32.39999980	3.78673700	4.12366100
32.47999980	3.87524000	4.12366100
32.55999980	3.78673700	4.12366100
32.63999980	3.78673700	4.03576800
32.71999980	3.87524000	4.03576800
32.79999980	3.78673700	4.03576800
32.87999980	3.87524000	4.03576800
32.95999980	3.87524000	3.94787400
33.03999980	3.87524000	3.85998100
33.11999980	3.87524000	3.85998100
33.19999980	3.87524000	3.85998100
33.27999980	3.87524000	3.85998100
33.35999980	3.87524000	3.85998100
33.43999980	3.87524000	3.77239300
33.51999980	3.87524000	3.77239300
33.59999980	3.87524000	3.68450000
33.67999980	3.87524000	3.68450000
33.75999979	3.87524000	3.68450000
33.83999979	3.87524000	3.59660600
33.91999979	3.87524000	3.59660600
33.99999979	3.87524000	3.59660600
34.07999979	3.87524000	3.50871300
34.15999979	3.87524000	3.50871300
34.23999979	3.87524000	3.50871300
34.31999979	3.87524000	3.50871300
34.39999979	3.87524000	3.42112500
34.47999979	3.96404900	3.42112500
34.55999979	3.87524000	3.42112500
34.63999979	3.96404900	3.33323200
34.71999979	3.96404900	3.33323200
34.79999979	3.96404900	3.24533800
34.87999979	3.96404900	3.24533800
34.95999979	3.87524000	3.24533800
35.03999979	3.96404900	3.15744500
35.11999979	3.96404900	3.06985700
35.19999979	3.96404900	2.98196400
35.27999979	3.96404900	2.98196400
35.35999979	3.96404900	2.98196400
35.43999978	3.96404900	2.98196400
35.51999978	3.96404900	2.89407000
35.59999978	3.96404900	2.80617700
35.67999978	4.05255300	2.80617700
35.75999978	4.05255300	2.80617700
35.83999978	4.05255300	2.80617700
35.91999978	3.96404900	2.71828400
35.99999978	4.05255300	2.71828400
36.07999978	4.05255300	2.63069600
36.15999978	4.05255300	2.63069600
36.23999978	4.05255300	2.54280200
36.31999978	4.05255300	2.54280200
36.39999978	4.05255300	2.45490900
36.47999978	4.05255300	2.45490900
36.55999978	4.05255300	2.36701600
36.63999978	4.05255300	2.36701600
36.71999978	4.05255300	2.27942800
36.79999978	4.05255300	2.27942800
36.87999978	4.05255300	2.19153400
36.95999978	4.05255300	2.19153400
37.03999977	4.05255300	2.10364100
37.11999977	4.05255300	2.10364100
37.19999977	4.05255300	2.10364100
37.27999977	4.05255300	2.01574800
37.35999977	4.05255300	1.92815900
37.43999977	4.05255300	1.92815900
37.51999977	4.05255300	1.84026600
37.59999977	4.14136200	1.75237300
37.67999977	4.14136200	1.75237300
37.75999977	4.14136200	1.75237300
37.83999977	4.05255300	1.66447900
37.91999977	4.05255300	1.66447900
37.99999977	4.14136200	1.57689100
38.07999977	4.14136200	1.48899800
38.15999977	4.14136200	1.48899800
38.23999977	4.14136200	1.48899800
38.31999977	4.14136200	1.40110500
38.39999977	4.14136200	1.40110500
38.47999977	4.14136200	1.31321100
38.55999977	4.14136200	1.31321100
38.63999977	4.14136200	1.22531800
38.71999976	4.14136200	1.13773000
38.79999976	4.14136200	1.04983700
38.87999976	4.14136200	1.04983700
38.95999976	4.14136200	1.04983700
39.03999976	4.14136200	1.04983700
39.11999976	4.14136200	0.96194340
39.19999976	4.14136200	0.87405010
39.27999976	4.14136200	0.78646200
39.35999976	4.14136200	0.78646200
39.43999976	4.14136200	0.69856870
39.51999976	4.14136200	0.69856870
39.59999976	4.14136200	0.69856870
39.67999976	4.14136200	0.61067540
39.75999976	4.14136200	0.52278210
39.83999976	4.14136200	0.52278210
39.91999976	4.14136200	0.43519400
39.99999976	4.14136200	0.34730060
40.07999976	4.22986600	0.34730060
40.15999976	4.22986600	0.25940730
40.23999976	4.22986600	0.17151400
40.31999975	4.22986600	0.17151400
40.39999975	4.22986600	0.17151400
40.47999975	4.22986600	0.08392590
40.55999975	4.14136200	-0.00366222
40.63999975	4.14136200	-0.00366222
40.71999975	4.22986600	-0.09155553
40.79999975	4.22986600	-0.09155553
40.87999975	4.22986600	-0.17944880
40.95999975	4.22986600	-0.17944880
41.03999975	4.22986600	-0.26734220
41.11999975	4.22986600	-0.35493030
41.19999975	4.22986600	-0.35493030
41.27999975	4.22986600	-0.44282360
41.35999975	4.22986600	-0.53071690
41.43999975	4.22986600	-0.53071690
41.51999975	4.22986600	-0.61861020
41.59999975	4.22986600	-0.70619830
41.67999975	4.22986600	-0.70619830
41.75999975	4.22986600	-0.79409160
41.83999975	4.22986600	-0.79409160
41.91999975	4.22986600	-0.88198490
41.99999974	4.31867400	-0.88198490
42.07999974	4.22986600	-0.96987830
42.15999974	4.31867400	-1.05746600
42.23999974	4.22986600	-1.05746600
42.31999974	4.22986600	-1.05746600
42.39999974	4.31867400	-1.23325300
42.47999974	4.22986600	-1.23325300
42.55999974	4.31867400	-1.23325300
42.63999974	4.31867400	-1.32114600
42.71999974	4.22986600	-1.40904000
42.79999974	4.31867400	-1.40904000
42.87999974	4.31867400	-1.49662800
42.95999974	4.31867400	-1.49662800
43.03999974	4.40717800	-1.58452100
43.11999974	4.40717800	-1.58452100
43.19999974	4.40717800	-1.76030800
43.27999974	4.49598700	-1.76030800
43.35999974	4.85061200	-1.76030800
43.43999974	5.11642800	-1.84789600
43.51999974	5.20523700	-1.84789600
43.59999974	5.20523700	-1.93578900
43.67999973	5.02792500	-1.93578900
43.75999973	5.02792500	-1.93578900
43.83999973	5.11642800	-2.02368200
43.91999973	5.11642800	-2.11157600
43.99999973	5.11642800	-2.19916400
44.07999973	5.11642800	-2.19916400
44.15999973	5.11642800	-2.28705700
44.23999973	5.02792500	-2.28705700
44.31999973	5.02792500	-2.37495000
44.39999973	5.11642800	-2.37495000
44.47999973	5.11642800	-2.46284400
44.55999973	5.02792500	-2.46284400
44.63999973	5.02792500	-2.46284400
44.71999973	5.02792500	-2.55043200
44.79999973	4.93911600	-2.63832500
44.87999973	5.02792500	-2.63832500
44.95999973	4.93911600	-2.72621800
45.03999973	4.93911600	-2.72621800
45.11999973	4.93911600	-2.81411200
45.19999973	4.85061200	-2.81411200
45.27999972	4.85061200	-2.90200500
45.35999972	4.85061200	-2.90200500
45.43999972	4.85061200	-2.90200500
45.51999972	4.85061200	-2.98959300
45.59999972	4.76180300	-3.07748700
45.67999972	4.76180300	-3.07748700
45.75999972	4.76180300	-3.16538000
45.83999972	4.76180300	-3.16538000
45.91999972	4.67329900	-3.16538000
45.99999972	4.67329900	-3.16538000
46.07999972	4.76180300	-3.25327300
46.15999972	4.67329900	-3.34086100
46.23999972	4.58449000	-3.34086100
46.31999972	4.67329900	-3.42875500
46.39999972	4.58449000	-3.42875500
46.47999972	4.58449000	-3.51664800
46.55999972	4.58449000	-3.51664800
46.63999972	4.58449000	-3.60454100
46.71999972	4.58449000	-3.60454100
46.79999972	4.49598700	-3.69212900
46.87999972	4.49598700	-3.69212900
46.95999971	4.49598700	-3.69212900
47.03999971	4.49598700	-3.78002300
47.11999971	4.49598700	-3.78002300
47.19999971	4.49598700	-3.78002300
47.27999971	4.49598700	-3.86791600
47.35999971	4.49598700	-3.86791600
47.43999971	4.40717800	-3.86791600
47.51999971	4.40717800	-3.95580900
47.59999971	4.40717800	-3.95580900
47.67999971	4.40717800	-3.95580900
47.75999971	4.40717800	-4.04339700
47.83999971	4.40717800	-4.04339700
47.91999971	4.40717800	-4.04339700
47.99999971	4.40717800	-4.13129000
48.07999971	4.40717800	-4.13129000
48.15999971	4.40717800	-4.21918400
48.23999971	4.40717800	-4.21918400
48.31999971	4.40717800	-4.21918400
48.39999971	4.31867400	-4.30707700
48.47999971	4.31867400	-4.30707700
48.55999970	4.31867400	-4.30707700
48.63999970	4.31867400	-4.30707700
48.71999970	4.31867400	-4.39497000
48.79999970	4.31867400	-4.39497000
48.87999970	4.40717800	-4.39497000
48.95999970	4.31867400	-4.48255900
49.03999970	4.31867400	-4.48255900
49.11999970	4.40717800	-4.48255900
49.19999970	4.31867400	-4.57045200
49.27999970	4.31867400	-4.57045200
49.35999970	4.31867400	-4.57045200
49.43999970	4.31867400	-4.65834500
49.51999970	4.31867400	-4.65834500
49.59999970	4.31867400	-4.65834500
49.67999970	4.31867400	-4.65834500
49.75999970	4.31867400	-4.74623900
49.83999970	4.31867400	-4.74623900
49.91999970	4.31867400	-4.74623900
49.99999970	4.31867400	-4.74623900
50.07999970	4.31867400	-4.74623900
50.15999970	4.22986600	-4.74623900
50.23999969	4.22986600	-4.74623900
50.31999969	4.22986600	-4.83382700
50.39999969	4.22986600	-4.74623900
50.47999969	4.31867400	-4.83382700
50.55999969	4.31867400	-4.83382700
50.63999969	4.22986600	-4.92172000
50.71999969	4.22986600	-4.83382700
50.79999969	4.22986600	-4.92172000
50.87999969	4.22986600	-4.92172000
50.95999969	4.22986600	-4.92172000
51.03999969	4.22986600	-4.92172000
51.11999969	4.22986600	-4.92172000
51.19999969	4.22986600	-4.92172000
51.27999969	4.22986600	-4.92172000
51.35999969	4.22986600	-4.92172000
51.43999969	4.22986600	-4.92172000
51.51999969	4.22986600	-4.92172000
51.59999969	4.22986600	-5.00961400
51.67999969	4.22986600	-4.92172000
51.75999969	4.22986600	-5.00961400
51.83999968	4.22986600	-5.00961400
51.91999968	4.22986600	-4.92172000
51.99999968	4.22986600	-5.00961400
52.07999968	4.22986600	-5.00961400
52.15999968	4.22986600	-4.92172000
52.23999968	4.22986600	-5.00961400
52.31999968	4.22986600	-5.00961400
52.39999968	4.22986600	-5.00961400
52.47999968	4.22986600	-5.00961400
52.55999968	4.22986600	-5.00961400
52.63999968	4.22986600	-5.00961400
52.71999968	4.22986600	-5.00961400
52.79999968	4.31867400	-5.00961400
52.87999968	4.22986600	-4.92172000
52.95999968	4.22986600	-5.00961400
53.03999968	4.22986600	-4.92172000
53.11999968	4.22986600	-5.00961400
53.19999968	4.22986600	-4.92172000
53.27999968	4.22986600	-5.00961400
53.35999968	4.22986600	-4.92172000
53.43999968	4.22986600	-4.92172000
53.51999967	4.22986600	-4.92172000
53.59999967	4.22986600	-4.92172000
53.67999967	4.22986600	-4.92172000
53.75999967	4.22986600	-4.92172000
53.83999967	4.22986600	-4.92172000
53.91999967	4.22986600	-4.92172000
53.99999967	4.22986600	-4.92172000
54.07999967	4.22986600	-4.83382700
54.15999967	4.22986600	-4.83382700
54.23999967	4.22986600	-4.83382700
54.31999967	4.22986600	-4.83382700
54.39999967	4.22986600	-4.74623900
54.47999967	4.22986600	-4.74623900
54.55999967	4.22986600	-4.74623900
54.63999967	4.22986600	-4.74623900
54.71999967	4.22986600	-4.74623900
54.79999967	4.22986600	-4.65834500
54.87999967	4.22986600	-4.74623900
54.95999967	4.22986600	-4.65834500
55.03999967	4.22986600	-4.74623900
55.11999967	4.22986600	-4.65834500
55.19999966	4.22986600	-4.57045200
55.27999966	4.22986600	-4.57045200
55.35999966	4.22986600	-4.57045200
55.43999966	4.22986600	-4.57045200
55.51999966	4.22986600	-4.57045200
55.59999966	4.22986600	-4.57045200
55.67999966	4.22986600	-4.48255900
55.75999966	4.22986600	-4.48255900
55.83999966	4.22986600	-4.39497000
55.91999966	4.22986600	-4.48255900
55.99999966	4.22986600	-4.39497000
56.07999966	4.22986600	-4.39497000
56.15999966	4.22986600	-4.30707700
56.23999966	4.22986600	-4.30707700
56.31999966	4.31867400	-4.30707700
56.39999966	4.22986600	-4.30707700
56.47999966	4.22986600	-4.30707700
56.55999966	4.22986600	-4.21918400
56.63999966	4.31867400	-4.21918400
56.71999966	4.31867400	-4.21918400
56.79999965	4.31867400	-4.13129000
56.87999965	4.31867400	-4.13129000
56.95999965	4.22986600	-4.04339700
57.03999965	4.31867400	-4.13129000
57.11999965	4.31867400	-4.04339700
57.19999965	4.31867400	-4.04339700
57.27999965	4.31867400	-3.95580900
57.35999965	4.31867400	-3.86791600
57.43999965	4.40717800	-3.86791600
57.51999965	4.31867400	-3.86791600
57.59999965	4.31867400	-3.86791600
57.67999965	4.31867400	-3.86791600
57.75999965	4.40717800	-3.78002300
57.83999965	4.40717800	-3.69212900
57.91999965	4.40717800	-3.69212900
57.99999965	4.49598700	-3.69212900
58.07999965	4.76180300	-3.69212900
58.15999965	4.85061200	-3.60454100
58.23999965	4.93911600	-3.60454100
58.31999965	4.93911600	-3.51664800
58.39999965	4.93911600	-3.51664800
58.47999964	4.93911600	-3.51664800
58.55999964	4.93911600	-3.42875500
58.63999964	4.93911600	-3.42875500
58.71999964	4.93911600	-3.34086100
58.79999964	4.93911600	-3.34086100
58.87999964	5.02792500	-3.34086100
58.95999964	5.02792500	-3.34086100
59.03999964	5.02792500	-3.25327300
59.11999964	5.02792500	-3.16538000
59.19999964	5.11642800	-3.16538000
59.27999964	5.11642800	-3.16538000
59.35999964	5.11642800	-3.07748700
59.43999964	5.11642800	-3.07748700
59.51999964	5.11642800	-2.98959300
59.59999964	5.11642800	-2.98959300
59.67999964	5.11642800	-2.90200500
59.75999964	5.11642800	-2.90200500
59.83999964	5.11642800	-2.90200500
59.91999964	5.11642800	-2.81411200
59.99999964	5.11642800	-2.81411200
60.07999963	5.11642800	-2.81411200
60.15999963	5.11642800	-2.72621800
60.23999963	5.11642800	-2.72621800
60.31999963	5.11642800	-2.63832500
60.39999963	5.11642800	-2.63832500
60.47999963	5.20523700	-2.55043200
60.55999963	5.20523700	-2.55043200
60.63999963	5.20523700	-2.46284400
60.71999963	5.20523700	-2.46284400
60.79999963	5.20523700	-2.46284400
60.87999963	5.20523700	-2.37495000
60.95999963	5.20523700	-2.37495000
61.03999963	5.20523700	-2.28705700
61.11999963	5.20523700	-2.28705700
61.19999963	5.20523700	-2.19916400
61.27999963	5.20523700	-2.19916400
61.35999963	5.20523700	-2.11157600
61.43999963	5.20523700	-2.11157600
61.51999963	5.20523700	-2.02368200
61.59999963	5.20523700	-2.02368200
61.67999963	5.20523700	-1.93578900
61.75999962	5.20523700	-1.93578900
61.83999962	5.29374100	-1.93578900
61.91999962	5.20523700	-1.93578900
61.99999962	5.29374100	-1.84789600
62.07999962	5.20523700	-1.76030800
62.15999962	5.29374100	-1.76030800
62.23999962	5.29374100	-1.76030800
62.31999962	5.29374100	-1.67241400
62.39999962	5.29374100	-1.67241400
62.47999962	5.29374100	-1.58452100
62.55999962	5.29374100	-1.49662800
62.63999962	5.29374100	-1.49662800
62.71999962	5.29374100	-1.40904000
62.79999962	5.29374100	-1.40904000
62.87999962	5.29374100	-1.40904000
62.95999962	5.29374100	-1.40904000
63.03999962	5.38254900	-1.32114600
63.11999962	5.29374100	-1.32114600
63.19999962	5.29374100	-1.23325300
63.27999962	5.29374100	-1.23325300
63.35999961	5.29374100	-1.14536000
63.43999961	5.38254900	-1.05746600
63.51999961	5.38254900	-1.05746600
63.59999961	5.38254900	-1.05746600
63.67999961	5.38254900	-1.05746600
63.75999961	5.38254900	-0.96987830
63.83999961	5.38254900	-0.88198490
63.91999961	5.47105300	-0.79409160
63.99999961	5.47105300	-0.79409160
64.07999961	5.47105300	-0.79409160
64.15999961	5.47105300	-0.70619830
64.23999961	5.47105300	-0.70619830
64.31999961	5.47105300	-0.70619830
64.39999961	5.47105300	-0.61861020
64.47999961	5.47105300	-0.53071690
64.55999961	5.55986200	-0.53071690
64.63999961	5.55986200	-0.53071690
64.71999961	5.47105300	-0.44282360
64.79999961	5.55986200	-0.35493030
64.87999961	5.55986200	-0.35493030
64.95999961	5.55986200	-0.35493030
65.03999960	5.55986200	-0.26734220
65.11999960	5.55986200	-0.17944880
65.19999960	5.55986200	-0.17944880
65.27999960	5.55986200	-0.17944880
65.35999960	5.55986200	-0.09155553
65.43999960	5.55986200	-0.09155553
65.51999960	5.55986200	-0.00366222
65.59999960	5.55986200	-0.00366222
65.67999960	5.55986200	-0.00366222
65.75999960	5.55986200	0.08392590
65.83999960	5.55986200	0.08392590
65.91999960	5.55986200	0.17151400
65.99999960	5.55986200	0.17151400
66.07999960	5.55986200	0.25940730
66.15999960	5.64836500	0.34730060
66.23999960	5.55986200	0.34730060
66.31999960	5.55986200	0.34730060
66.39999960	5.64836500	0.43519400
66.47999960	5.64836500	0.52278210
66.55999960	5.64836500	0.52278210
66.63999959	5.64836500	0.61067540
66.71999959	5.64836500	0.61067540
66.79999959	5.64836500	0.61067540
66.87999959	5.64836500	0.69856870
66.95999959	5.64836500	0.69856870
67.03999959	5.64836500	0.69856870
67.11999959	5.64836500	0.78646200
67.19999959	5.64836500	0.87405010
67.27999959	5.64836500	0.87405010
67.35999959	5.64836500	0.87405010
67.43999959	5.64836500	0.87405010
67.51999959	5.64836500	0.96194340
67.59999959	5.64836500	1.04983700
67.67999959	5.64836500	1.04983700
67.75999959	5.64836500	1.04983700
67.83999959	5.64836500	1.04983700
67.91999959	5.64836500	1.13773000
67.99999959	5.64836500	1.13773000
68.07999959	5.64836500	1.22531800
68.15999959	5.64836500	1.31321100
68.23999959	5.64836500	1.31321100
68.31999958	5.73717500	1.31321100
68.39999958	5.64836500	1.40110500
68.47999958	5.73717500	1.40110500
68.55999958	5.73717500	1.40110500
68.63999958	5.73717500	1.48899800
68.71999958	5.64836500	1.57689100
68.79999958	5.73717500	1.57689100
68.87999958	5.73717500	1.57689100
68.95999958	5.73717500	1.66447900
69.03999958	5.73717500	1.66447900
69.11999958	5.73717500	1.66447900
69.19999958	5.73717500	1.75237300
69.27999958	5.73717500	1.75237300
69.35999958	5.64836500	1.75237300
69.43999958	5.73717500	1.84026600
69.51999958	5.73717500	1.84026600
69.59999958	5.73717500	1.84026600
69.67999958	5.73717500	1.92815900
69.75999958	5.73717500	2.01574800
69.83999958	5.73717500	2.01574800
69.91999958	5.82567800	2.01574800
69.99999957	5.82567800	2.10364100
70.07999957	5.73717500	2.10364100
70.15999957	5.82567800	2.10364100
70.23999957	5.82567800	2.19153400
70.31999957	5.73717500	2.19153400
70.39999957	5.82567800	2.19153400
70.47999957	5.73717500	2.27942800
70.55999957	5.82567800	2.27942800
70.63999957	5.82567800	2.27942800
70.71999957	5.73717500	2.36701600
70.79999957	5.73717500	2.36701600
70.87999957	5.82567800	2.45490900
70.95999957	5.82567800	2.45490900
71.03999957	5.82567800	2.45490900
71.11999957	5.82567800	2.45490900
71.19999957	5.82567800	2.54280200
71.27999957	5.82567800	2.54280200
71.35999957	5.82567800	2.54280200
71.43999957	5.82567800	2.63069600
71.51999957	5.82567800	2.63069600
71.59999956	5.82567800	2.63069600
71.67999956	5.82567800	2.63069600
71.75999956	5.82567800	2.71828400
71.83999956	5.82567800	2.71828400
71.91999956	5.82567800	2.71828400
71.99999956	5.82567800	2.80617700
72.07999956	5.82567800	2.80617700
72.15999956	5.82567800	2.80617700
72.23999956	5.82567800	2.80617700
72.31999956	5.82567800	2.80617700
72.39999956	5.82567800	2.89407000
72.47999956	5.82567800	2.98196400
72.55999956	5.82567800	2.98196400
72.63999956	5.82567800	2.98196400
72.71999956	5.82567800	2.98196400
72.79999956	5.82567800	2.98196400
72.87999956	5.82567800	2.98196400
72.95999956	5.82567800	2.98196400
73.03999956	5.82567800	3.06985700
73.11999956	5.82567800	3.06985700
73.19999956	5.82567800	3.06985700
73.27999955	5.82567800	3.06985700
73.35999955	5.82567800	3.15744500
73.43999955	5.82567800	3.15744500
73.51999955	5.82567800	3.15744500
73.59999955	5.82567800	3.15744500
73.67999955	5.91448700	3.24533800
73.75999955	5.82567800	3.24533800
73.83999955	5.82567800	3.24533800
73.91999955	5.82567800	3.24533800
73.99999955	5.91448700	3.24533800
74.07999955	5.82567800	3.24533800
74.15999955	5.82567800	3.24533800
74.23999955	5.91448700	3.33323200
74.31999955	5.82567800	3.33323200
74.39999955	5.82567800	3.33323200
74.47999955	5.91448700	3.33323200
74.55999955	5.82567800	3.42112500
74.63999955	5.82567800	3.42112500
74.71999955	5.82567800	3.42112500
74.79999955	5.91448700	3.42112500
74.87999954	5.91448700	3.42112500
74.95999954	5.82567800	3.42112500
75.03999954	5.91448700	3.42112500
75.11999954	5.91448700	3.42112500
75.19999954	5.91448700	3.42112500
75.27999954	5.91448700	3.50871300
75.35999954	5.91448700	3.50871300
75.43999954	5.91448700	3.50871300
75.51999954	5.91448700	3.50871300
75.59999954	5.91448700	3.50871300
75.67999954	5.91448700	3.50871300
75.75999954	5.91448700	3.50871300
75.83999954	5.91448700	3.50871300
75.91999954	5.91448700	3.50871300
75.99999954	5.91448700	3.50871300
76.07999954	5.91448700	3.50871300
76.15999954	5.91448700	3.50871300
76.23999954	5.91448700	3.50871300
76.31999954	5.91448700	3.50871300
76.39999954	5.91448700	3.50871300
76.47999954	5.82567800	3.50871300
76.55999953	5.91448700	3.50871300
76.63999953	5.91448700	3.50871300
76.71999953	5.91448700	3.50871300
76.79999953	5.91448700	3.50871300
76.87999953	5.91448700	3.50871300
76.95999953	5.91448700	3.50871300
77.03999953	5.91448700	3.50871300
77.11999953	5.91448700	3.50871300
77.19999953	5.91448700	3.50871300
77.27999953	5.91448700	3.50871300
77.35999953	5.91448700	3.50871300
77.43999953	5.91448700	3.50871300
77.51999953	5.91448700	3.50871300
77.59999953	5.91448700	3.50871300
77.67999953	5.91448700	3.50871300
77.75999953	5.91448700	3.50871300
77.83999953	5.91448700	3.50871300
77.91999953	5.91448700	3.50871300
77.99999953	5.91448700	3.50871300
78.07999953	5.91448700	3.50871300
78.15999952	5.91448700	3.50871300
78.23999952	5.91448700	3.50871300
78.31999952	5.91448700	3.50871300
78.39999952	5.91448700	3.50871300
78.47999952	5.91448700	3.50871300
78.55999952	5.91448700	3.50871300
78.63999952	5.82567800	3.50871300
78.71999952	5.91448700	3.50871300
78.79999952	5.91448700	3.42112500
78.87999952	5.91448700	3.42112500
78.95999952	5.91448700	3.42112500
79.03999952	5.91448700	3.42112500
79.11999952	5.91448700	3.42112500
79.19999952	5.91448700	3.42112500
79.27999952	5.91448700	3.42112500
79.35999952	5.91448700	3.42112500
79.43999952	5.91448700	3.42112500
79.51999952	5.91448700	3.33323200
79.59999952	5.91448700	3.33323200
79.67999952	5.82567800	3.33323200
79.75999952	5.91448700	3.33323200
79.83999951	5.91448700	3.33323200
79.91999951	5.91448700	3.24533800
79.99999951	5.91448700	3.24533800
80.07999951	5.91448700	3.24533800
80.15999951	5.91448700	3.24533800
80.23999951	5.91448700	3.24533800
80.31999951	5.91448700	3.24533800
80.39999951	5.91448700	3.24533800
80.47999951	5.91448700	3.15744500
80.55999951	5.91448700	3.15744500
80.63999951	5.91448700	3.15744500
80.71999951	5.82567800	3.15744500
80.79999951	5.82567800	3.15744500
80.87999951	5.91448700	3.15744500
80.95999951	5.91448700	3.15744500
81.03999951	5.82567800	3.06985700
81.11999951	5.82567800	2.98196400
81.19999951	5.82567800	3.06985700
81.27999951	5.82567800	2.98196400
81.35999951	5.82567800	2.98196400
81.43999951	5.91448700	2.98196400
81.51999950	5.82567800	2.98196400
81.59999950	5.82567800	2.89407000
81.67999950	5.82567800	2.89407000
81.75999950	5.82567800	2.89407000
81.83999950	5.82567800	2.89407000
81.91999950	5.91448700	2.89407000
81.99999950	5.82567800	2.89407000
82.07999950	5.82567800	2.80617700
82.15999950	5.82567800	2.80617700
82.23999950	5.82567800	2.80617700
82.31999950	5.82567800	2.80617700
82.39999950	5.82567800	2.80617700
82.47999950	5.82567800	2.71828400
82.55999950	5.82567800	2.71828400
82.63999950	5.82567800	2.71828400
82.71999950	5.82567800	2.71828400
82.79999950	5.82567800	2.63069600
82.87999950	5.82567800	2.63069600
82.95999950	5.82567800	2.63069600
83.03999950	5.82567800	2.54280200
83.11999949	5.82567800	2.54280200
83.19999949	5.82567800	2.54280200
83.27999949	5.82567800	2.45490900
83.35999949	5.82567800	2.45490900
83.43999949	5.82567800	2.45490900
83.51999949	5.73717500	2.45490900
83.59999949	5.73717500	2.45490900
83.67999949	5.73717500	2.45490900
83.75999949	5.82567800	2.36701600
83.83999949	5.82567800	2.36701600
83.91999949	5.73717500	2.36701600
83.99999949	5.73717500	2.36701600
84.07999949	5.82567800	2.27942800
84.15999949	5.73717500	2.27942800
84.23999949	5.73717500	2.27942800
84.31999949	5.73717500	2.19153400
84.39999949	5.73717500	2.19153400
84.47999949	5.73717500	2.19153400
84.55999949	5.73717500	2.19153400
84.63999949	5.73717500	2.10364100
84.71999949	5.73717500	2.10364100
84.79999948	5.73717500	2.01574800
84.87999948	5.64836500	2.10364100
84.95999948	5.73717500	2.01574800
85.03999948	5.73717500	2.01574800
85.11999948	5.64836500	2.01574800
85.19999948	5.64836500	1.92815900
85.27999948	5.73717500	1.92815900
85.35999948	5.73717500	1.92815900
85.43999948	5.64836500	1.92815900
85.51999948	5.64836500	1.84026600
85.59999948	5.64836500	1.84026600
85.67999948	5.64836500	1.84026600
85.75999948	5.64836500	1.75237300
85.83999948	5.64836500	1.75237300
85.91999948	5.64836500	1.75237300
85.99999948	5.64836500	1.75237300
86.07999948	5.64836500	1.66447900
86.15999948	5.64836500	1.66447900
86.23999948	5.64836500	1.66447900
86.31999948	5.64836500	1.57689100
86.39999947	5.55986200	1.57689100
86.47999947	5.55986200	1.57689100
86.55999947	5.55986200	1.48899800
86.63999947	5.55986200	1.48899800
86.71999947	5.47105300	1.48899800
86.79999947	5.38254900	1.48899800
86.87999947	4.93911600	1.40110500
86.95999947	4.49598700	1.40110500
87.03999947	4.31867400	1.40110500
87.11999947	4.31867400	1.31321100
87.19999947	4.31867400	1.31321100
87.27999947	4.31867400	1.31321100
87.35999947	4.31867400	1.31321100
87.43999947	4.31867400	1.22531800
87.51999947	4.22986600	1.22531800
87.59999947	4.31867400	1.22531800
87.67999947	4.31867400	1.13773000
87.75999947	4.31867400	1.13773000
87.83999947	4.31867400	1.13773000
87.91999947	4.31867400	1.13773000
87.99999947	4.31867400	1.04983700
88.07999946	4.31867400	1.04983700
88.15999946	4.22986600	1.04983700
88.23999946	4.22986600	0.96194340
88.31999946	4.31867400	0.96194340
88.39999946	4.31867400	0.96194340
88.47999946	4.22986600	0.87405010
88.55999946	4.31867400	0.96194340
88.63999946	4.22986600	0.87405010
88.71999946	4.22986600	0.78646200
88.79999946	4.31867400	0.78646200
88.87999946	4.31867400	0.78646200
88.95999946	4.31867400	0.69856870
89.03999946	4.31867400	0.69856870
89.11999946	4.31867400	0.69856870
89.19999946	4.22986600	0.69856870
89.27999946	4.22986600	0.61067540
89.35999946	4.22986600	0.69856870
89.43999946	4.22986600	0.61067540
89.51999946	4.22986600	0.61067540
89.59999946	4.22986600	0.52278210
89.67999945	4.22986600	0.52278210
89.75999945	4.22986600	0.52278210
89.83999945	4.22986600	0.43519400
89.91999945	4.22986600	0.43519400
89.99999945	4.22986600	0.43519400
90.07999945	4.22986600	0.43519400
90.15999945	4.22986600	0.34730060
90.23999945	4.22986600	0.34730060
90.31999945	4.22986600	0.25940730
90.39999945	4.22986600	0.34730060
90.47999945	4.22986600	0.25940730
90.55999945	4.22986600	0.17151400
90.63999945	4.22986600	0.17151400
90.71999945	4.22986600	0.17151400
90.79999945	4.22986600	0.17151400
90.87999945	4.22986600	0.17151400
90.95999945	4.22986600	0.17151400
91.03999945	4.22986600	0.08392590
91.11999945	4.22986600	-0.00366222
91.19999945	4.22986600	-0.00366222
91.27999945	4.22986600	-0.00366222
91.35999944	4.22986600	-0.00366222
91.43999944	4.22986600	-0.09155553
91.51999944	4.22986600	-0.09155553
91.59999944	4.22986600	-0.09155553
91.67999944	4.22986600	-0.09155553
91.75999944	4.22986600	-0.17944880
91.83999944	4.22986600	-0.17944880
91.91999944	4.22986600	-0.26734220
91.99999944	3.69792800	-0.26734220
92.07999944	0.94943080	-0.26734220
92.15999944	0.50630210	-0.26734220
92.23999944	0.68361460	-0.35493030
92.31999944	0.68361460	-0.35493030
92.39999944	0.68361460	-0.35493030
92.47999944	0.68361460	-0.35493030
92.55999944	0.68361460	-0.44282360
92.63999944	0.68361460	-0.44282360
92.71999944	0.68361460	-0.53071690
92.79999944	0.68361460	-0.53071690
92.87999944	0.68361460	-0.53071690
92.95999944	0.68361460	-0.61861020
93.03999943	0.77211830	-0.61861020
93.11999943	0.68361460	-0.70619830
93.19999943	0.77211830	-0.70619830
93.27999943	0.68361460	-0.79409160
93.35999943	0.68361460	-0.79409160
93.43999943	0.77211830	-0.79409160
93.51999943	0.77211830	-0.79409160
93.59999943	0.77211830	-0.88198490
93.67999943	0.68361460	-0.88198490
93.75999943	0.77211830	-0.96987830
93.83999943	0.77211830	-0.96987830
93.91999943	0.77211830	-0.96987830
93.99999943	0.77211830	-1.05746600
94.07999943	0.77211830	-1.05746600
94.15999943	0.77211830	-1.05746600
94.23999943	0.77211830	-1.14536000
94.31999943	0.86092720	-1.14536000
94.39999943	0.86092720	-1.14536000
94.47999943	0.77211830	-1.23325300
94.55999943	0.77211830	-1.23325300
94.63999942	0.86092720	-1.32114600
94.71999942	0.86092720	-1.32114600
94.79999942	0.77211830	-1.32114600
94.87999942	0.86092720	-1.40904000
94.95999942	0.86092720	-1.40904000
95.03999942	0.86092720	-1.49662800
95.11999942	0.86092720	-1.49662800
95.19999942	0.86092720	-1.49662800
95.27999942	0.86092720	-1.58452100
95.35999942	0.86092720	-1.58452100
95.43999942	0.86092720	-1.58452100
95.51999942	0.86092720	-1.67241400
95.59999942	0.86092720	-1.76030800
95.67999942	0.86092720	-1.76030800
95.75999942	0.86092720	-1.76030800
95.83999942	0.86092720	-1.84789600
95.91999942	0.86092720	-1.84789600
95.99999942	0.86092720	-1.93578900
96.07999942	0.86092720	-1.84789600
96.15999942	0.86092720	-1.93578900
96.23999942	0.86092720	-1.93578900
96.31999941	0.86092720	-2.02368200
96.39999941	0.86092720	-2.02368200
96.47999941	0.86092720	-2.11157600
96.55999941	0.86092720	-2.11157600
96.63999941	0.86092720	-2.19916400
96.71999941	0.94943080	-2.19916400
96.79999941	0.94943080	-2.19916400
96.87999941	0.94943080	-2.28705700
96.95999941	0.94943080	-2.28705700
97.03999941	0.86092720	-2.37495000
97.11999941	0.86092720	-2.37495000
97.19999941	0.86092720	-2.46284400
97.27999941	0.94943080	-2.46284400
97.35999941	0.94943080	-2.46284400
97.43999941	0.86092720	-2.46284400
97.51999941	0.94943080	-2.55043200
97.59999941	0.94943080	-2.63832500
97.67999941	0.94943080	-2.63832500
97.75999941	0.86092720	-2.63832500
97.83999941	0.94943080	-2.63832500
97.91999940	0.94943080	-2.72621800
97.99999940	0.86092720	-2.81411200
98.07999940	0.94943080	-2.81411200
98.15999940	0.94943080	-2.81411200
98.23999940	0.94943080	-2.81411200
98.31999940	0.94943080	-2.90200500
98.39999940	0.94943080	-2.90200500
98.47999940	0.94943080	-2.98959300
98.55999940	0.94943080	-2.98959300
98.63999940	0.94943080	-2.98959300
98.71999940	0.86092720	-3.07748700
98.79999940	0.94943080	-3.16538000
98.87999940	0.94943080	-3.16538000
98.95999940	0.94943080	-3.16538000
99.03999940	0.94943080	-3.16538000
99.11999940	0.94943080	-3.16538000
99.19999940	0.94943080	-3.25327300
99.27999940	0.94943080	-3.25327300
99.35999940	0.94943080	-3.34086100
99.43999940	0.94943080	-3.34086100
99.51999940	0.94943080	-3.34086100
99.59999939	0.94943080	-3.42875500
99.67999939	0.94943080	-3.42875500
99.75999939	0.94943080	-3.42875500
99.83999939	0.94943080	-3.51664800
99.91999939	0.94943080	-3.51664800
99.99999939	0.94943080	-3.51664800
100.07999939	0.94943080	-3.51664800
100.15999939	0.94943080	-3.60454100
100.23999939	0.94943080	-3.60454100
100.31999939	0.94943080	-3.69212900
100.39999939	0.94943080	-3.69212900
100.47999939	0.94943080	-3.69212900
100.55999939	0.94943080	-3.78002300
100.63999939	0.94943080	-3.78002300
100.71999939	0.94943080	-3.78002300
100.79999939	0.94943080	-3.86791600
100.87999939	0.94943080	-3.86791600
100.95999939	0.94943080	-3.86791600
101.03999939	0.94943080	-3.86791600
101.11999939	0.94943080	-3.86791600
101.19999938	0.94943080	-3.86791600
101.27999938	0.94943080	-3.95580900
101.35999938	0.94943080	-3.95580900
101.43999938	0.94943080	-4.04339700
101.51999938	0.94943080	-4.04339700
101.59999938	0.94943080	-4.04339700
101.67999938	0.94943080	-4.13129000
101.75999938	0.94943080	-4.13129000
101.83999938	0.94943080	-4.13129000
101.91999938	0.94943080	-4.13129000
101.99999938	0.94943080	-4.13129000
102.07999938	0.94943080	-4.21918400
102.15999938	0.94943080	-4.21918400
102.23999938	0.94943080	-4.21918400
102.31999938	0.94943080	-4.21918400
102.39999938	0.94943080	-4.21918400
102.47999938	0.94943080	-4.21918400
102.55999938	0.94943080	-4.30707700
102.63999938	0.94943080	-4.30707700
102.71999938	0.94943080	-4.21918400
102.79999938	0.94943080	-4.30707700
102.87999937	0.94943080	-4.30707700
102.95999937	0.94943080	-4.39497000
103.03999937	0.94943080	-4.30707700
103.11999937	0.94943080	-4.39497000
103.19999937	0.94943080	-4.39497000
103.27999937	0.94943080	-4.39497000
103.35999937	0.94943080	-4.39497000
103.43999937	0.94943080	-4.39497000
103.51999937	0.94943080	-4.39497000
103.59999937	0.94943080	-4.39497000
103.67999937	0.94943080	-4.39497000
103.75999937	0.94943080	-4.48255900
103.83999937	0.94943080	-4.39497000
103.91999937	0.94943080	-4.48255900
103.99999937	0.94943080	-4.48255900
104.07999937	0.94943080	-4.48255900
104.15999937	0.94943080	-4.48255900
104.23999937	0.94943080	-4.39497000
104.31999937	0.94943080	-4.39497000
104.39999937	0.94943080	-4.39497000
104.47999937	0.94943080	-4.48255900
104.55999936	0.94943080	-4.48255900
104.63999936	0.94943080	-4.48255900
104.71999936	0.94943080	-4.48255900
104.79999936	0.94943080	-4.48255900
104.87999936	0.94943080	-4.48255900
104.95999936	0.94943080	-4.39497000
105.03999936	0.86092720	-4.48255900
105.11999936	0.94943080	-4.48255900
105.19999936	0.94943080	-4.48255900
105.27999936	0.94943080	-4.39497000
105.35999936	0.94943080	-4.39497000
105.43999936	0.94943080	-4.39497000
105.51999936	0.94943080	-4.39497000
105.59999936	0.94943080	-4.39497000
105.67999936	0.86092720	-4.39497000
105.75999936	0.86092720	-4.39497000
105.83999936	0.94943080	-4.39497000
105.91999936	0.86092720	-4.30707700
105.99999936	0.94943080	-4.39497000
106.07999936	0.86092720	-4.39497000
106.15999935	0.86092720	-4.30707700
106.23999935	0.86092720	-4.30707700
106.31999935	0.86092720	-4.30707700
106.39999935	0.94943080	-4.30707700
106.47999935	0.86092720	-4.21918400
106.55999935	0.86092720	-4.21918400
106.63999935	0.94943080	-4.21918400
106.71999935	0.86092720	-4.21918400
106.79999935	0.86092720	-4.21918400
106.87999935	0.86092720	-4.21918400
106.95999935	0.86092720	-4.13129000
107.03999935	0.86092720	-4.13129000
107.11999935	0.94943080	-4.13129000
107.19999935	0.86092720	-4.13129000
107.27999935	0.94943080	-4.04339700
107.35999935	0.86092720	-4.13129000
107.43999935	0.86092720	-4.04339700
107.51999935	0.86092720	-4.04339700
107.59999935	0.86092720	-4.04339700
107.67999935	0.86092720	-3.95580900
107.75999935	0.86092720	-3.95580900
107.83999934	0.86092720	-3.95580900
107.91999934	0.86092720	-3.86791600
107.99999934	0.86092720	-3.86791600
108.07999934	0.86092720	-3.86791600
108.15999934	0.86092720	-3.78002300
108.23999934	0.86092720	-3.78002300
108.31999934	0.86092720	-3.78002300
108.39999934	0.86092720	-3.78002300
108.47999934	0.86092720	-3.69212900
108.55999934	0.86092720	-3.69212900
108.63999934	0.86092720	-3.60454100
108.71999934	0.86092720	-3.60454100
108.79999934	0.86092720	-3.60454100
108.87999934	0.86092720	-3.51664800
108.95999934	0.86092720	-3.51664800
109.03999934	0.86092720	-3.51664800
109.11999934	0.86092720	-3.51664800
109.19999934	0.86092720	-3.42875500
109.27999934	0.86092720	-3.42875500
109.35999934	0.86092720	-3.34086100
109.43999933	0.86092720	-3.34086100
109.51999933	0.86092720	-3.34086100
109.59999933	0.86092720	-3.25327300
109.67999933	0.77211830	-3.25327300
109.75999933	0.86092720	-3.16538000
109.83999933	0.86092720	-3.16538000
109.91999933	0.86092720	-3.16538000
109.99999933	0.86092720	-3.07748700
110.07999933	0.86092720	-2.98959300
110.15999933	0.86092720	-2.98959300
110.23999933	0.86092720	-2.90200500
110.31999933	0.86092720	-2.90200500
110.39999933	0.86092720	-2.90200500
110.47999933	0.77211830	-2.81411200
110.55999933	0.86092720	-2.81411200
110.63999933	0.86092720	-2.81411200
110.71999933	0.86092720	-2.72621800
110.79999933	0.86092720	-2.72621800
110.87999933	0.86092720	-2.63832500
110.95999933	0.86092720	-2.63832500
111.03999933	0.77211830	-2.55043200
111.11999932	0.86092720	-2.55043200
111.19999932	0.77211830	-2.46284400
111.27999932	0.77211830	-2.46284400
111.35999932	0.86092720	-2.46284400
111.43999932	0.77211830	-2.37495000
111.51999932	0.77211830	-2.28705700
111.59999932	0.77211830	-2.19916400
111.67999932	0.77211830	-2.19916400
111.75999932	0.77211830	-2.19916400
111.83999932	0.77211830	-2.11157600
111.91999932	0.77211830	-2.11157600
111.99999932	0.77211830	-2.02368200
112.07999932	0.77211830	-2.02368200
112.15999932	0.77211830	-1.93578900
112.23999932	0.77211830	-1.84789600
112.31999932	0.77211830	-1.93578900
112.39999932	0.77211830	-1.84789600
112.47999932	0.77211830	-1.76030800
112.55999932	0.77211830	-1.76030800
112.63999932	0.77211830	-1.67241400
112.71999931	0.77211830	-1.67241400
112.79999931	0.86092720	-1.58452100
112.87999931	0.77211830	-1.58452100
112.95999931	0.77211830	-1.49662800
113.03999931	0.77211830	-1.40904000
113.11999931	0.68361460	-1.40904000
113.19999931	0.77211830	-1.40904000
113.27999931	0.77211830	-1.32114600
113.35999931	0.77211830	-1.23325300
113.43999931	0.77211830	-1.23325300
113.51999931	0.68361460	-1.14536000
113.59999931	0.77211830	-1.14536000
113.67999931	0.68361460	-1.05746600
113.75999931	0.77211830	-1.05746600
113.83999931	0.77211830	-0.96987830
113.91999931	0.68361460	-0.96987830
113.99999931	0.68361460	-0.88198490
114.07999931	0.68361460	-0.88198490
114.15999931	0.68361460	-0.88198490
114.23999931	0.68361460	-0.70619830
114.31999931	0.68361460	-0.70619830
114.39999930	0.68361460	-0.61861020
114.47999930	0.68361460	-0.53071690
114.55999930	0.68361460	-0.53071690
114.63999930	0.68361460	-0.53071690
114.71999930	0.68361460	-0.44282360
114.79999930	0.68361460	-0.35493030
114.87999930	0.68361460	-0.35493030
114.95999930	0.68361460	-0.35493030
115.03999930	0.68361460	-0.26734220
115.11999930	0.68361460	-0.17944880
115.19999930	0.68361460	-0.17944880
115.27999930	0.68361460	-0.09155553
115.35999930	0.68361460	-0.09155553
115.43999930	0.68361460	-0.00366222
115.51999930	0.68361460	-0.00366222
115.59999930	0.68361460	0.08392590
115.67999930	0.68361460	0.17151400
115.75999930	0.68361460	0.17151400
115.83999930	0.68361460	0.25940730
115.91999930	0.68361460	0.34730060
115.99999930	0.68361460	0.34730060
116.07999929	0.68361460	0.43519400
116.15999929	0.68361460	0.43519400
116.23999929	0.68361460	0.52278210
116.31999929	0.68361460	0.61067540
116.39999929	0.68361460	0.61067540
116.47999929	0.68361460	0.69856870
116.55999929	0.68361460	0.69856870
116.63999929	0.68361460	0.78646200
116.71999929	0.68361460	0.87405010
116.79999929	0.68361460	0.87405010
116.87999929	0.68361460	0.96194340
116.95999929	0.68361460	0.96194340
117.03999929	0.68361460	1.04983700
117.11999929	0.59480580	1.04983700
117.19999929	0.68361460	1.04983700
117.27999929	0.59480580	1.13773000
117.35999929	0.68361460	1.22531800
117.43999929	0.68361460	1.31321100
117.51999929	0.59480580	1.31321100
117.59999929	0.59480580	1.40110500
117.67999928	0.59480580	1.40110500
117.75999928	0.59480580	1.40110500
117.83999928	0.59480580	1.48899800
117.91999928	0.50630210	1.57689100
117.99999928	0.50630210	1.57689100
118.07999928	0.41749320	1.66447900
118.15999928	0.41749320	1.75237300
118.23999928	0.41749320	1.75237300
118.31999928	0.50630210	1.75237300
118.39999928	0.41749320	1.84026600
118.47999928	0.50630210	1.92815900
118.55999928	0.50630210	1.92815900
118.63999928	0.50630210	2.01574800
118.71999928	0.50630210	2.01574800
118.79999928	0.50630210	2.10364100
118.87999928	0.50630210	2.10364100
118.95999928	0.50630210	2.19153400
119.03999928	0.50630210	2.27942800
119.11999928	0.50630210	2.27942800
119.19999928	0.50630210	2.27942800
119.27999928	0.50630210	2.45490900
119.35999927	0.59480580	2.45490900
119.43999927	0.50630210	2.45490900
119.51999927	0.59480580	2.45490900
119.59999927	0.59480580	2.54280200
119.67999927	0.59480580	2.54280200
119.75999927	0.59480580	2.63069600
119.83999927	0.50630210	2.71828400
119.91999927	0.59480580	2.71828400
119.99999927	0.59480580	2.80617700
120.07999927	0.59480580	2.80617700
120.15999927	0.59480580	2.80617700
120.23999927	0.59480580	2.89407000
120.31999927	0.50630210	2.89407000
120.39999927	0.59480580	2.98196400
120.47999927	0.50630210	2.98196400
120.55999927	0.50630210	2.98196400
120.63999927	0.59480580	3.15744500
120.71999927	0.59480580	3.15744500
120.79999927	0.59480580	3.15744500
120.87999927	0.59480580	3.24533800
120.95999926	0.59480580	3.24533800
121.03999926	0.59480580	3.33323200
121.11999926	0.59480580	3.33323200
121.19999926	0.59480580	3.33323200
121.27999926	0.59480580	3.42112500
121.35999926	0.59480580	3.50871300
121.43999926	0.59480580	3.50871300
121.51999926	0.59480580	3.50871300
121.59999926	0.59480580	3.50871300
121.67999926	0.59480580	3.59660600
121.75999926	0.59480580	3.59660600
121.83999926	0.59480580	3.68450000
121.91999926	0.59480580	3.68450000
121.99999926	0.59480580	3.68450000
122.07999926	0.59480580	3.68450000
122.15999926	0.59480580	3.77239300
122.23999926	0.59480580	3.77239300
122.31999926	0.59480580	3.85998100
122.39999926	0.59480580	3.85998100
122.47999926	0.59480580	3.85998100
122.55999926	0.59480580	3.94787400
122.63999925	0.59480580	3.94787400
122.71999925	0.59480580	3.94787400
122.79999925	0.59480580	4.03576800
122.87999925	0.59480580	4.12366100
122.95999925	0.59480580	4.12366100
123.03999925	0.59480580	4.12366100
123.11999925	0.59480580	4.12366100
123.19999925	0.59480580	4.21124900
123.27999925	0.59480580	4.21124900
123.35999925	0.59480580	4.21124900
123.43999925	0.59480580	4.21124900
123.51999925	0.59480580	4.21124900
123.59999925	0.59480580	4.29914200
123.67999925	0.59480580	4.29914200
123.75999925	0.59480580	4.29914200
123.83999925	0.59480580	4.38703600
123.91999925	0.59480580	4.38703600
123.99999925	0.68361460	4.38703600
124.07999925	0.68361460	4.47492900
124.15999925	0.59480580	4.47492900
124.23999924	0.68361460	4.47492900
124.31999924	0.68361460	4.47492900
124.39999924	0.68361460	4.56282200
124.47999924	0.59480580	4.56282200
124.55999924	0.59480580	4.56282200
124.63999924	0.68361460	4.56282200
124.71999924	0.59480580	4.56282200
124.79999924	0.68361460	4.65041100
124.87999924	0.59480580	4.65041100
124.95999924	0.68361460	4.73830400
125.03999924	0.59480580	4.73830400
125.11999924	0.68361460	4.73830400
125.19999924	0.68361460	4.73830400
125.27999924	0.68361460	4.73830400
125.35999924	0.68361460	4.82619700
125.43999924	0.59480580	4.73830400
125.51999924	0.68361460	4.82619700
125.59999924	0.68361460	4.82619700
125.67999924	0.68361460	4.82619700
125.75999924	0.68361460	4.82619700
125.83999924	0.68361460	4.82619700
125.91999923	0.68361460	4.82619700
125.99999923	0.59480580	4.91409000
126.07999923	0.68361460	4.91409000
126.15999923	0.68361460	4.82619700
126.23999923	0.68361460	4.91409000
126.31999923	0.59480580	4.91409000
126.39999923	0.68361460	4.91409000
126.47999923	0.68361460	4.91409000
126.55999923	0.68361460	4.91409000
126.63999923	0.68361460	4.91409000
126.71999923	0.68361460	4.91409000
126.79999923	0.68361460	4.91409000
126.87999923	0.68361460	4.91409000
126.95999923	0.68361460	4.91409000
127.03999923	0.68361460	4.91409000
127.11999923	0.68361460	4.91409000
127.19999923	0.68361460	4.91409000
127.27999923	0.68361460	4.91409000
127.35999923	0.68361460	4.91409000
127.43999923	0.68361460	4.91409000
127.51999923	0.68361460	4.91409000
127.59999922	0.68361460	4.91409000
127.67999922	0.68361460	4.91409000
127.75999922	0.68361460	4.91409000
127.83999922	0.68361460	4.91409000
127.91999922	0.68361460	4.91409000
127.99999922	0.68361460	4.91409000
128.07999922	0.68361460	4.91409000
128.15999922	0.68361460	4.91409000
128.23999922	0.68361460	4.91409000
128.31999922	0.59480580	4.91409000
128.39999922	0.68361460	4.82619700
128.47999922	0.68361460	4.91409000
128.55999922	0.68361460	4.82619700
128.63999922	0.68361460	4.82619700
128.71999922	0.68361460	4.82619700
128.79999922	0.68361460	4.82619700
128.87999922	0.68361460	4.82619700
128.95999922	0.68361460	4.82619700
129.03999922	0.68361460	4.82619700
129.11999922	0.68361460	4.82619700
129.19999921	0.68361460	4.73830400
129.27999921	0.68361460	4.73830400
129.35999921	0.68361460	4.73830400
129.43999921	0.68361460	4.73830400
129.51999921	0.68361460	4.65041100
129.59999921	0.68361460	4.65041100
129.67999921	0.68361460	4.65041100
129.75999921	0.68361460	4.56282200
129.83999921	0.68361460	4.56282200
129.91999921	0.68361460	4.56282200
129.99999921	0.68361460	4.56282200
130.07999921	0.68361460	4.56282200
130.15999921	0.68361460	4.56282200
130.23999921	0.68361460	4.56282200
130.31999921	0.68361460	4.47492900
130.39999921	0.68361460	4.47492900
130.47999921	0.68361460	4.47492900
130.55999921	0.68361460	4.38703600
130.63999921	0.68361460	4.38703600
130.71999921	0.68361460	4.38703600
130.79999921	0.68361460	4.29914200
130.87999920	0.68361460	4.38703600
130.95999920	0.68361460	4.29914200
131.03999920	0.68361460	4.29914200
131.11999920	0.68361460	4.21124900
131.19999920	0.68361460	4.21124900
131.27999920	0.68361460	4.21124900
131.35999920	0.68361460	4.21124900
131.43999920	0.68361460	4.21124900
131.51999920	0.68361460	4.21124900
131.59999920	0.68361460	4.12366100
131.67999920	0.68361460	4.12366100
131.75999920	0.68361460	4.12366100
131.83999920	0.68361460	4.03576800
131.91999920	0.68361460	4.03576800
131.99999920	0.68361460	4.03576800
132.07999920	0.68361460	3.94787400
132.15999920	0.68361460	3.94787400
132.23999920	0.68361460	3.85998100
132.31999920	0.59480580	3.85998100
132.39999920	0.68361460	3.85998100
132.47999919	0.59480580	3.77239300
132.55999919	0.68361460	3.85998100
132.63999919	0.68361460	3.77239300
132.71999919	0.59480580	3.77239300
132.79999919	0.59480580	3.68450000
132.87999919	0.68361460	3.68450000
132.95999919	0.59480580	3.59660600
133.03999919	0.68361460	3.59660600
133.11999919	0.59480580	3.59660600
133.19999919	0.59480580	3.50871300
133.27999919	0.59480580	3.50871300
133.35999919	0.59480580	3.50871300
133.43999919	0.59480580	3.50871300
133.51999919	0.68361460	3.42112500
133.59999919	0.59480580	3.42112500
133.67999919	0.59480580	3.33323200
133.75999919	0.59480580	3.33323200
133.83999919	0.59480580	3.24533800
133.91999919	0.59480580	3.24533800
133.99999919	0.59480580	3.24533800
134.07999919	0.59480580	3.15744500
134.15999918	0.50630210	3.15744500
134.23999918	0.50630210	3.15744500
134.31999918	0.50630210	3.06985700
134.39999918	0.50630210	2.98196400
134.47999918	0.50630210	2.98196400
134.55999918	0.50630210	2.98196400
134.63999918	0.50630210	2.98196400
134.71999918	0.41749320	2.80617700
134.79999918	0.41749320	2.80617700
134.87999918	0.41749320	2.80617700
134.95999918	0.32898950	2.71828400
135.03999918	0.32898950	2.71828400
135.11999918	0.32898950	2.71828400
135.19999918	0.32898950	2.71828400
135.27999918	0.32898950	2.63069600
135.35999918	0.32898950	2.63069600
135.43999918	0.32898950	2.54280200
135.51999918	0.32898950	2.54280200
135.59999918	0.24048580	2.45490900
135.67999918	0.24048580	2.45490900
135.75999917	0.24048580	2.36701600
135.83999917	0.24048580	2.36701600
135.91999917	0.15167700	2.36701600
135.99999917	0.15167700	2.27942800
136.07999917	0.15167700	2.27942800
136.15999917	0.15167700	2.19153400
136.23999917	0.15167700	2.10364100
136.31999917	0.15167700	2.19153400
136.39999917	0.15167700	2.10364100
136.47999917	0.15167700	2.01574800
136.55999917	0.15167700	2.01574800
136.63999917	0.06317332	2.01574800
136.71999917	0.06317332	1.92815900
136.79999917	0.06317332	1.92815900
136.87999917	-0.02563555	1.84026600
136.95999917	-0.02563555	1.84026600
137.03999917	-0.02563555	1.75237300
137.11999917	-0.02563555	1.75237300
137.19999917	-0.02563555	1.75237300
137.27999917	-0.11413920	1.66447900
137.35999917	-0.11413920	1.66447900
137.43999916	-0.11413920	1.57689100
137.51999916	-0.11413920	1.57689100
137.59999916	-0.11413920	1.48899800
137.67999916	-0.11413920	1.48899800
137.75999916	-0.11413920	1.40110500
137.83999916	-0.11413920	1.40110500
137.91999916	-0.20294810	1.31321100
137.99999916	-0.20294810	1.31321100
138.07999916	-0.20294810	1.31321100
138.15999916	-0.29145180	1.22531800
138.23999916	-0.20294810	1.22531800
138.31999916	-0.29145180	1.13773000
138.39999916	-0.29145180	1.13773000
138.47999916	-0.29145180	1.04983700
138.55999916	-0.29145180	1.04983700
138.63999916	-0.29145180	1.04983700
138.71999916	-0.38026060	0.96194340
138.79999916	-0.38026060	0.96194340
138.87999916	-0.38026060	0.87405010
138.95999916	-0.38026060	0.87405010
139.03999915	-0.38026060	0.78646200
139.11999915	-0.38026060	0.78646200
139.19999915	-0.38026060	0.69856870
139.27999915	-0.38026060	0.69856870
139.35999915	-0.46876430	0.69856870
139.43999915	-0.46876430	0.61067540
139.51999915	-0.46876430	0.61067540
139.59999915	-0.46876430	0.52278210
139.67999915	-0.46876430	0.52278210
139.75999915	-0.46876430	0.43519400
139.83999915	-0.46876430	0.43519400
139.91999915	-0.46876430	0.34730060
139.99999915	-0.46876430	0.25940730
140.07999915	-0.46876430	0.25940730
140.15999915	-0.46876430	0.25940730
140.23999915	-0.46876430	0.17151400
140.31999915	-0.46876430	0.17151400
140.39999915	-0.46876430	0.08392590
140.47999915	-0.55757310	0.08392590
140.55999915	-0.46876430	-0.00366222
140.63999915	-0.55757310	-0.00366222
140.71999914	-0.55757310	-0.00366222
140.79999914	-0.55757310	-0.09155553
140.87999914	-0.55757310	-0.09155553
140.95999914	-0.55757310	-0.09155553
141.03999914	-0.55757310	-0.17944880
141.11999914	-0.55757310	-0.26734220
141.19999914	-0.55757310	-0.35493030
141.27999914	-0.55757310	-0.35493030
141.35999914	-0.55757310	-0.35493030
141.43999914	-0.55757310	-0.35493030
141.51999914	-0.55757310	-0.44282360
141.59999914	-0.55757310	-0.53071690
141.67999914	-0.55757310	-0.53071690
141.75999914	-0.55757310	-0.53071690
141.83999914	-0.55757310	-0.61861020
141.91999914	-0.64607690	-0.61861020
141.99999914	-0.64607690	-0.70619830
142.07999914	-0.55757310	-0.70619830
142.15999914	-0.64607690	-0.79409160
142.23999914	-0.55757310	-0.79409160
142.31999914	-0.55757310	-0.88198490
142.39999913	-0.64607690	-0.96987830
142.47999913	-0.64607690	-0.96987830
142.55999913	-0.55757310	-0.96987830
142.63999913	-0.55757310	-1.05746600
142.71999913	-0.64607690	-1.05746600
142.79999913	-0.64607690	-1.05746600
142.87999913	-0.64607690	-1.05746600
142.95999913	-0.64607690	-1.23325300
143.03999913	-0.73488570	-1.23325300
143.11999913	-0.64607690	-1.23325300
143.19999913	-0.64607690	-1.32114600
143.27999913	-0.64607690	-1.32114600
143.35999913	-0.64607690	-1.32114600
143.43999913	-0.64607690	-1.40904000
143.51999913	-0.64607690	-1.40904000
143.59999913	-0.64607690	-1.40904000
143.67999913	-0.64607690	-1.49662800
143.75999913	-0.64607690	-1.49662800
143.83999913	-0.64607690	-1.58452100
143.91999913	-0.73488570	-1.58452100
143.99999912	-0.73488570	-1.58452100
144.07999912	-0.73488570	-1.67241400
144.15999912	-0.73488570	-1.67241400
144.23999912	-0.73488570	-1.76030800
144.31999912	-0.73488570	-1.76030800
144.39999912	-0.73488570	-1.76030800
144.47999912	-0.64607690	-1.84789600
144.55999912	-0.73488570	-1.93578900
144.63999912	-0.73488570	-1.93578900
144.71999912	-0.73488570	-1.93578900
144.79999912	-0.73488570	-1.93578900
144.87999912	-0.73488570	-1.93578900
144.95999912	-0.73488570	-2.02368200
145.03999912	-0.73488570	-2.02368200
145.11999912	-0.73488570	-2.11157600
145.19999912	-0.73488570	-2.11157600
145.27999912	-0.73488570	-2.11157600
145.35999912	-0.73488570	-2.11157600
145.43999912	-0.73488570	-2.19916400
145.51999912	-0.73488570	-2.19916400
145.59999912	-0.73488570	-2.19916400
145.67999911	-0.73488570	-2.28705700
145.75999911	-0.73488570	-2.28705700
145.83999911	-0.73488570	-2.28705700
145.91999911	-0.73488570	-2.28705700
145.99999911	-0.73488570	-2.37495000
146.07999911	-0.73488570	-2.37495000
146.15999911	-0.73488570	-2.46284400
146.23999911	-0.73488570	-2.46284400
146.31999911	-0.73488570	-2.46284400
146.39999911	-0.73488570	-2.46284400
146.47999911	-0.73488570	-2.55043200
146.55999911	-0.73488570	-2.55043200
146.63999911	-0.73488570	-2.55043200
146.71999911	-0.73488570	-2.63832500
146.79999911	-0.73488570	-2.63832500
146.87999911	-0.73488570	-2.63832500
146.95999911	-0.73488570	-2.72621800
147.03999911	-0.73488570	-2.72621800
147.11999911	-0.73488570	-2.72621800
147.19999911	-0.73488570	-2.81411200
147.27999910	-0.73488570	-2.81411200
147.35999910	-0.73488570	-2.81411200
147.43999910	-0.82338940	-2.81411200
147.51999910	-0.73488570	-2.81411200
147.59999910	-0.73488570	-2.81411200
147.67999910	-0.73488570	-2.90200500
147.75999910	-0.82338940	-2.90200500
147.83999910	-0.73488570	-2.90200500
147.91999910	-0.73488570	-2.90200500
147.99999910	-0.82338940	-2.98959300
148.07999910	-0.73488570	-2.98959300
148.15999910	-0.82338940	-2.98959300
148.23999910	-0.73488570	-2.98959300
148.31999910	-0.73488570	-2.98959300
148.39999910	-0.73488570	-3.07748700
148.47999910	-0.82338940	-3.07748700
148.55999910	-0.73488570	-3.07748700
148.63999910	-0.82338940	-3.07748700
148.71999910	-0.73488570	-3.16538000
148.79999910	-0.73488570	-3.16538000
148.87999910	-0.82338940	-3.16538000
148.95999909	-0.82338940	-3.16538000
149.03999909	-0.82338940	-3.16538000
149.11999909	-0.82338940	-3.16538000
149.19999909	-0.73488570	-3.16538000
149.27999909	-0.82338940	-3.16538000
149.35999909	-0.82338940	-3.25327300
149.43999909	-0.73488570	-3.16538000
149.51999909	-0.73488570	-3.25327300
149.59999909	-0.73488570	-3.34086100
149.67999909	-0.82338940	-3.25327300
149.75999909	-0.73488570	-3.25327300
149.83999909	-0.82338940	-3.25327300
149.91999909	-0.82338940	-3.25327300
149.99999909	-0.82338940	-3.34086100
150.07999909	-0.82338940	-3.34086100
150.15999909	-0.82338940	-3.34086100
150.23999909	-0.82338940	-3.34086100
150.31999909	-0.82338940	-3.34086100
150.39999909	-0.82338940	-3.34086100
150.47999909	-0.82338940	-3.42875500
150.55999908	-0.82338940	-3.34086100
150.63999908	-0.73488570	-3.34086100
150.71999908	-0.82338940	-3.34086100
150.79999908	-0.82338940	-3.34086100
150.87999908	-0.82338940	-3.34086100
150.95999908	-0.82338940	-3.42875500
151.03999908	-0.82338940	-3.42875500
151.11999908	-0.82338940	-3.34086100
151.19999908	-0.82338940	-3.42875500
151.27999908	-0.82338940	-3.42875500
151.35999908	-0.82338940	-3.42875500
151.43999908	-0.82338940	-3.42875500
151.51999908	-0.82338940	-3.34086100
151.59999908	-0.82338940	-3.42875500
151.67999908	-0.82338940	-3.42875500
151.75999908	-0.82338940	-3.42875500
151.83999908	-0.82338940	-3.42875500
151.91999908	-0.82338940	-3.42875500
151.99999908	-0.73488570	-3.42875500
152.07999908	-0.82338940	-3.42875500
152.15999908	-0.73488570	-3.42875500
152.23999907	-0.82338940	-3.42875500
152.31999907	-0.82338940	-3.42875500
152.39999907	-0.82338940	-3.42875500
152.47999907	-0.82338940	-3.42875500
152.55999907	-0.82338940	-3.34086100
152.63999907	-0.82338940	-3.34086100
152.71999907	-0.82338940	-3.42875500
152.79999907	-0.82338940	-3.42875500
152.87999907	-0.82338940	-3.42875500
152.95999907	-0.82338940	-3.42875500
153.03999907	-0.82338940	-3.34086100
153.11999907	-0.82338940	-3.34086100
153.19999907	-0.82338940	-3.34086100
153.27999907	-0.82338940	-3.34086100
153.35999907	-0.82338940	-3.34086100
153.43999907	-0.82338940	-3.34086100
153.51999907	-0.82338940	-3.34086100
153.59999907	-0.82338940	-3.34086100
153.67999907	-0.82338940	-3.34086100
153.75999907	-0.82338940	-3.34086100
153.83999907	-0.82338940	-3.34086100
153.91999906	-0.82338940	-3.34086100
153.99999906	-0.82338940	-3.34086100
154.07999906	-0.82338940	-3.34086100
154.15999906	-0.82338940	-3.25327300
154.23999906	-0.82338940	-3.25327300
154.31999906	-0.82338940	-3.25327300
154.39999906	-0.82338940	-3.25327300
154.47999906	-0.82338940	-3.25327300
154.55999906	-0.82338940	-3.16538000
154.63999906	-0.82338940	-3.16538000
154.71999906	-0.82338940	-3.16538000
154.79999906	-0.82338940	-3.16538000
154.87999906	-0.82338940	-3.16538000
154.95999906	-0.82338940	-3.16538000
155.03999906	-0.82338940	-3.16538000
155.11999906	-0.82338940	-3.16538000
155.19999906	-0.82338940	-3.16538000
155.27999906	-0.82338940	-3.07748700
155.35999906	-0.73488570	-3.07748700
155.43999906	-0.82338940	-3.07748700
155.51999905	-0.82338940	-3.07748700
155.59999905	-0.82338940	-3.07748700
155.67999905	-0.82338940	-2.98959300
155.75999905	-0.82338940	-2.98959300
155.83999905	-0.82338940	-2.98959300
155.91999905	-0.82338940	-2.98959300
155.99999905	-0.82338940	-2.90200500
156.07999905	-0.82338940	-2.98959300
156.15999905	-0.82338940	-2.90200500
156.23999905	-0.82338940	-2.90200500
156.31999905	-0.82338940	-2.90200500
156.39999905	-0.82338940	-2.90200500
156.47999905	-0.73488570	-2.81411200
156.55999905	-0.82338940	-2.90200500
156.63999905	-0.82338940	-2.81411200
156.71999905	-0.82338940	-2.81411200
156.79999905	-0.82338940	-2.81411200
156.87999905	-0.73488570	-2.81411200
156.95999905	-0.82338940	-2.72621800
157.03999905	-0.82338940	-2.72621800
157.11999905	-0.73488570	-2.72621800
157.19999904	-0.82338940	-2.63832500
157.27999904	-0.82338940	-2.63832500
157.35999904	-0.73488570	-2.63832500
157.43999904	-0.82338940	-2.63832500
157.51999904	-0.73488570	-2.63832500
157.59999904	-0.73488570	-2.63832500
157.67999904	-0.82338940	-2.55043200
157.75999904	-0.73488570	-2.55043200
157.83999904	-0.73488570	-2.55043200
157.91999904	-0.73488570	-2.46284400
157.99999904	-0.73488570	-2.46284400
158.07999904	-0.82338940	-2.46284400
158.15999904	-0.73488570	-2.46284400
158.23999904	-0.73488570	-2.46284400
158.31999904	-0.73488570	-2.37495000
158.39999904	-0.73488570	-2.37495000
158.47999904	-0.73488570	-2.28705700
158.55999904	-0.73488570	-2.28705700
158.63999904	-0.73488570	-2.28705700
158.71999904	-0.73488570	-2.28705700
158.79999903	-0.73488570	-2.19916400
158.87999903	-0.73488570	-2.19916400
158.95999903	-0.73488570	-2.19916400
159.03999903	-0.73488570	-2.11157600
159.11999903	-0.73488570	-2.19916400
159.19999903	-0.73488570	-2.11157600
159.27999903	-0.73488570	-2.11157600
159.35999903	-0.73488570	-2.11157600
159.43999903	-0.82338940	-2.11157600
159.51999903	-0.73488570	-2.02368200
159.59999903	-0.73488570	-2.02368200
159.67999903	-0.73488570	-1.93578900
159.75999903	-0.73488570	-1.93578900
159.83999903	-0.73488570	-1.93578900
159.91999903	-0.73488570	-1.93578900
159.99999903	-0.73488570	-1.93578900
160.07999903	-0.73488570	-1.84789600
160.15999903	-0.73488570	-1.84789600
160.23999903	-0.73488570	-1.84789600
160.31999903	-0.73488570	-1.76030800
160.39999903	-0.73488570	-1.76030800
160.47999902	-0.73488570	-1.76030800
160.55999902	-0.64607690	-1.76030800
160.63999902	-0.73488570	-1.67241400
160.71999902	-0.73488570	-1.67241400
160.79999902	-0.64607690	-1.67241400
160.87999902	-0.64607690	-1.67241400
160.95999902	-0.64607690	-1.58452100
161.03999902	-0.64607690	-1.58452100
161.11999902	-0.73488570	-1.49662800
161.19999902	-0.64607690	-1.49662800
161.27999902	-0.64607690	-1.49662800
161.35999902	-0.64607690	-1.40904000
161.43999902	-0.64607690	-1.40904000
161.51999902	-0.55757310	-1.40904000
161.59999902	-0.55757310	-1.40904000
161.67999902	-0.55757310	-1.40904000
161.75999902	-0.55757310	-1.40904000
161.83999902	-0.64607690	-1.32114600
161.91999902	-0.55757310	-1.32114600
161.99999902	-0.55757310	-1.32114600
162.07999901	-0.55757310	-1.32114600
162.15999901	-0.55757310	-1.23325300
162.23999901	-0.55757310	-1.23325300
162.31999901	-0.55757310	-1.23325300
162.39999901	-0.55757310	-1.23325300
162.47999901	-0.55757310	-1.14536000
162.55999901	-0.55757310	-1.05746600
162.63999901	-0.55757310	-1.05746600
162.71999901	-0.55757310	-1.05746600
162.79999901	-0.55757310	-1.05746600
162.87999901	-0.55757310	-1.05746600
162.95999901	-0.55757310	-1.05746600
163.03999901	-0.55757310	-0.88198490
163.11999901	-0.55757310	-0.96987830
163.19999901	-0.55757310	-0.88198490
163.27999901	-0.55757310	-0.88198490
163.35999901	-0.55757310	-0.88198490
163.43999901	-0.55757310	-0.79409160
163.51999901	-0.55757310	-0.79409160
163.59999901	-0.55757310	-0.79409160
163.67999901	-0.55757310	-0.70619830
163.75999900	-0.55757310	-0.70619830
163.83999900	-0.55757310	-0.70619830
163.91999900	-0.46876430	-0.70619830
163.99999900	-0.55757310	-0.61861020
164.07999900	-0.55757310	-0.61861020
164.15999900	-0.55757310	-0.53071690
164.23999900	-0.46876430	-0.53071690
164.31999900	-0.46876430	-0.53071690
164.39999900	-0.46876430	-0.53071690
164.47999900	-0.46876430	-0.53071690
164.55999900	-0.46876430	-0.44282360
164.63999900	-0.46876430	-0.44282360
164.71999900	-0.46876430	-0.44282360
164.79999900	-0.46876430	-0.35493030
164.87999900	-0.38026060	-0.35493030
164.95999900	-0.38026060	-0.35493030
165.03999900	-0.38026060	-0.35493030
165.11999900	-0.38026060	-0.26734220
165.19999900	-0.38026060	-0.26734220
165.27999900	-0.38026060	-0.26734220
165.35999900	-0.29145180	-0.17944880
165.43999899	-0.29145180	-0.09155553
165.51999899	-0.29145180	-0.09155553
165.59999899	-0.29145180	-0.09155553
165.67999899	-0.20294810	-0.09155553
165.75999899	-0.20294810	-0.09155553
165.83999899	-0.20294810	-0.00366222
165.91999899	-0.11413920	-0.00366222
165.99999899	-0.11413920	-0.00366222
166.07999899	-0.11413920	0.08392590
166.15999899	-0.11413920	0.08392590
166.23999899	-0.02563555	0.08392590
166.31999899	-0.02563555	0.08392590
166.39999899	-0.02563555	0.17151400
166.47999899	0.06317332	0.17151400
166.55999899	0.06317332	0.17151400
166.63999899	0.06317332	0.17151400
166.71999899	0.15167700	0.25940730
166.79999899	0.15167700	0.25940730
166.87999899	0.24048580	0.34730060
166.95999899	0.24048580	0.34730060
167.03999898	0.59480580	0.34730060
167.11999898	0.59480580	0.43519400
167.19999898	0.59480580	0.43519400
167.27999898	0.59480580	0.43519400
167.35999898	0.59480580	0.52278210
167.43999898	0.59480580	0.52278210
167.51999898	0.41749320	0.52278210
167.59999898	0.68361460	0.52278210
167.67999898	1.65868100	0.61067540
167.75999898	2.10211500	0.61067540
167.83999898	1.74749000	0.61067540
167.91999898	0.86092720	0.69856870
167.99999898	0.50630210	0.69856870
168.07999898	4.67329900	0.69856870
168.15999898	3.96404900	0.69856870
168.23999898	4.22986600	0.78646200
168.31999898	4.05255300	0.78646200
168.39999898	4.14136200	0.78646200
168.47999898	4.05255300	0.87405010
168.55999898	4.05255300	0.78646200
168.63999898	4.05255300	0.87405010
168.71999897	4.05255300	0.87405010
168.79999897	4.05255300	0.96194340
168.87999897	4.05255300	0.96194340
168.95999897	3.96404900	1.04983700
169.03999897	4.05255300	1.04983700
169.11999897	4.05255300	1.04983700
169.19999897	3.96404900	1.04983700
169.27999897	3.96404900	1.13773000
169.35999897	3.96404900	1.13773000
169.43999897	3.96404900	1.13773000
169.51999897	3.96404900	1.22531800
169.59999897	3.96404900	1.22531800
169.67999897	3.96404900	1.31321100
169.75999897	3.96404900	1.31321100
169.83999897	3.87524000	1.31321100
169.91999897	3.87524000	1.40110500
169.99999897	3.87524000	1.40110500
170.07999897	3.87524000	1.40110500
170.15999897	3.87524000	1.48899800
170.23999897	3.87524000	1.48899800
170.31999896	3.87524000	1.57689100
170.39999896	3.87524000	1.57689100
170.47999896	3.87524000	1.57689100
170.55999896	3.87524000	1.57689100
170.63999896	3.87524000	1.66447900
170.71999896	3.87524000	1.66447900
170.79999896	3.87524000	1.66447900
170.87999896	3.78673700	1.75237300
170.95999896	3.78673700	1.75237300
171.03999896	3.78673700	1.75237300
171.11999896	3.87524000	1.84026600
171.19999896	3.78673700	1.84026600
171.27999896	3.78673700	1.92815900
171.35999896	3.78673700	1.92815900
171.43999896	3.78673700	2.01574800
171.51999896	3.78673700	2.01574800
171.59999896	3.78673700	2.10364100
171.67999896	3.78673700	2.10364100
171.75999896	3.78673700	2.10364100
171.83999896	3.69792800	2.10364100
171.91999896	3.69792800	2.19153400
171.99999895	3.78673700	2.19153400
172.07999895	3.78673700	2.27942800
172.15999895	3.69792800	2.27942800
172.23999895	3.69792800	2.27942800
172.31999895	3.69792800	2.36701600
172.39999895	3.69792800	2.36701600
172.47999895	3.69792800	2.45490900
172.55999895	3.69792800	2.45490900
172.63999895	3.69792800	2.45490900
172.71999895	3.69792800	2.45490900
172.79999895	3.69792800	2.54280200
172.87999895	3.69792800	2.54280200
172.95999895	3.69792800	2.63069600
173.03999895	3.69792800	2.63069600
173.11999895	3.69792800	2.71828400
173.19999895	3.69792800	2.71828400
173.27999895	3.69792800	2.80617700
173.35999895	3.69792800	2.80617700
173.43999895	3.60942400	2.80617700
173.51999895	3.69792800	2.80617700
173.59999894	3.60942400	2.80617700
173.67999894	3.69792800	2.89407000
173.75999894	3.69792800	2.98196400
173.83999894	3.69792800	2.98196400
173.91999894	3.60942400	2.98196400
173.99999894	3.60942400	2.98196400
174.07999894	3.60942400	2.98196400
174.15999894	3.69792800	3.06985700
174.23999894	3.60942400	3.06985700
174.31999894	3.60942400	3.15744500
174.39999894	3.60942400	3.15744500
174.47999894	3.60942400	3.24533800
174.55999894	3.60942400	3.24533800
174.63999894	3.60942400	3.24533800
174.71999894	3.60942400	3.33323200
174.79999894	3.52061500	3.33323200
174.87999894	3.60942400	3.42112500
174.95999894	3.60942400	3.33323200
175.03999894	3.60942400	3.42112500
175.11999894	3.60942400	3.42112500
175.19999894	3.60942400	3.50871300
175.27999893	3.60942400	3.50871300
175.35999893	3.60942400	3.50871300
175.43999893	3.60942400	3.50871300
175.51999893	3.60942400	3.59660600
175.59999893	3.52061500	3.59660600
175.67999893	3.60942400	3.68450000
175.75999893	3.60942400	3.68450000
175.83999893	3.52061500	3.68450000
175.91999893	3.60942400	3.68450000
175.99999893	3.60942400	3.77239300
176.07999893	3.60942400	3.77239300
176.15999893	3.60942400	3.77239300
176.23999893	3.60942400	3.85998100
176.31999893	3.60942400	3.85998100
176.39999893	3.60942400	3.85998100
176.47999893	3.60942400	3.85998100
176.55999893	3.60942400	3.85998100
176.63999893	3.60942400	3.94787400
176.71999893	3.52061500	3.94787400
176.79999893	3.60942400	3.94787400
176.87999893	3.60942400	4.03576800
176.95999892	3.60942400	4.03576800
177.03999892	3.60942400	4.03576800
177.11999892	3.60942400	4.12366100
177.19999892	3.60942400	4.12366100
177.27999892	3.60942400	4.12366100
177.35999892	3.60942400	4.12366100
177.43999892	3.60942400	4.21124900
177.51999892	3.60942400	4.12366100
177.59999892	3.60942400	4.21124900
177.67999892	3.60942400	4.21124900
177.75999892	3.60942400	4.21124900
177.83999892	3.60942400	4.21124900
177.91999892	3.60942400	4.21124900
177.99999892	3.60942400	4.21124900
178.07999892	3.60942400	4.21124900
178.15999892	3.60942400	4.21124900
178.23999892	3.60942400	4.21124900
178.31999892	3.60942400	4.29914200
178.39999892	3.60942400	4.29914200
178.47999892	3.60942400	4.29914200
178.55999891	3.60942400	4.29914200
178.63999891	3.69792800	4.29914200
178.71999891	3.60942400	4.29914200
178.79999891	3.60942400	4.38703600
178.87999891	3.60942400	4.38703600
178.95999891	3.60942400	4.38703600
179.03999891	3.60942400	4.38703600
179.11999891	3.60942400	4.38703600
179.19999891	3.60942400	4.38703600
179.27999891	3.69792800	4.38703600
179.35999891	3.60942400	4.38703600
179.43999891	3.69792800	4.47492900
179.51999891	3.69792800	4.38703600
179.59999891	3.69792800	4.38703600
179.67999891	3.60942400	4.47492900
179.75999891	3.69792800	4.38703600
179.83999891	3.69792800	4.47492900
179.91999891	3.69792800	4.38703600
179.99999891	3.69792800	4.38703600
180.07999891	3.69792800	4.47492900
180.15999891	3.69792800	4.47492900
180.23999890	3.69792800	4.38703600
180.31999890	3.69792800	4.38703600
180.39999890	3.69792800	4.38703600
180.47999890	3.69792800	4.38703600
180.55999890	3.69792800	4.38703600
180.63999890	3.69792800	4.38703600
180.71999890	3.69792800	4.38703600
180.79999890	3.69792800	4.38703600
180.87999890	3.69792800	4.38703600
180.95999890	3.69792800	4.38703600
181.03999890	3.69792800	4.38703600
181.11999890	3.69792800	4.38703600
181.19999890	3.69792800	4.38703600
181.27999890	3.69792800	4.38703600
181.35999890	3.69792800	4.29914200
181.43999890	3.69792800	4.38703600
181.51999890	3.69792800	4.29914200
181.59999890	3.78673700	4.38703600
181.67999890	3.78673700	4.29914200
181.75999890	3.69792800	4.29914200
181.83999889	3.78673700	4.29914200
181.91999889	3.78673700	4.29914200
181.99999889	3.78673700	4.21124900
182.07999889	3.78673700	4.21124900
182.15999889	3.78673700	4.21124900
182.23999889	3.69792800	4.21124900
182.31999889	3.78673700	4.21124900
182.39999889	3.78673700	4.21124900
182.47999889	3.78673700	4.21124900
182.55999889	3.78673700	4.21124900
182.63999889	3.78673700	4.21124900
182.71999889	3.78673700	4.12366100
182.79999889	3.78673700	4.03576800
182.87999889	3.78673700	4.12366100
182.95999889	3.78673700	4.12366100
183.03999889	3.87524000	4.03576800
183.11999889	3.87524000	4.03576800
183.19999889	3.78673700	4.03576800
183.27999889	3.78673700	4.03576800
183.35999889	3.87524000	3.94787400
183.43999889	3.87524000	3.85998100
183.51999888	3.87524000	3.85998100
183.59999888	3.87524000	3.85998100
183.67999888	3.78673700	3.85998100
183.75999888	3.87524000	3.85998100
183.83999888	3.87524000	3.85998100
183.91999888	3.87524000	3.77239300
183.99999888	3.87524000	3.68450000
184.07999888	3.87524000	3.68450000
184.15999888	3.87524000	3.68450000
184.23999888	3.87524000	3.68450000
184.31999888	3.87524000	3.59660600
184.39999888	3.87524000	3.59660600
184.47999888	3.87524000	3.59660600
184.55999888	3.87524000	3.50871300
184.63999888	3.87524000	3.50871300
184.71999888	3.87524000	3.50871300
184.79999888	3.87524000	3.50871300
184.87999888	3.96404900	3.42112500
184.95999888	3.87524000	3.42112500
185.03999888	3.87524000	3.33323200
185.11999887	3.87524000	3.33323200
185.19999887	3.87524000	3.24533800
185.27999887	3.96404900	3.24533800
185.35999887	3.87524000	3.24533800
185.43999887	3.96404900	3.15744500
185.51999887	3.87524000	3.15744500
185.59999887	3.96404900	3.15744500
185.67999887	3.96404900	3.06985700
185.75999887	3.96404900	2.98196400
185.83999887	3.96404900	2.98196400
185.91999887	3.96404900	2.89407000
185.99999887	3.96404900	2.89407000
186.07999887	3.96404900	2.89407000
186.15999887	3.96404900	2.80617700
186.23999887	3.96404900	2.80617700
186.31999887	3.96404900	2.80617700
186.39999887	4.05255300	2.71828400
186.47999887	4.05255300	2.63069600
186.55999887	3.96404900	2.63069600
186.63999887	4.05255300	2.54280200
186.71999887	4.05255300	2.54280200
186.79999886	4.05255300	2.45490900
186.87999886	4.05255300	2.45490900
186.95999886	4.05255300	2.45490900
187.03999886	4.05255300	2.36701600
187.11999886	4.05255300	2.36701600
187.19999886	4.05255300	2.27942800
187.27999886	4.05255300	2.27942800
187.35999886	4.05255300	2.19153400
187.43999886	4.05255300	2.10364100
187.51999886	4.05255300	2.10364100
187.59999886	4.05255300	2.10364100
187.67999886	4.05255300	2.01574800
187.75999886	4.05255300	2.01574800
187.83999886	4.05255300	1.92815900
187.91999886	4.05255300	1.92815900
187.99999886	4.05255300	1.84026600
188.07999886	4.05255300	1.75237300
188.15999886	4.05255300	1.75237300
188.23999886	4.14136200	1.75237300
188.31999886	4.14136200	1.66447900
188.39999886	4.14136200	1.66447900
188.47999885	4.14136200	1.57689100
188.55999885	4.14136200	1.57689100
188.63999885	4.14136200	1.48899800
188.71999885	4.14136200	1.40110500
188.79999885	4.05255300	1.40110500
188.87999885	4.14136200	1.31321100
188.95999885	4.14136200	1.31321100
189.03999885	4.14136200	1.22531800
189.11999885	4.14136200	1.22531800
189.19999885	4.14136200	1.13773000
189.27999885	4.14136200	1.04983700
189.35999885	4.14136200	1.04983700
189.43999885	4.14136200	1.04983700
189.51999885	4.14136200	0.96194340
189.59999885	4.14136200	0.87405010
189.67999885	4.14136200	0.87405010
189.75999885	4.14136200	0.78646200
189.83999885	4.14136200	0.78646200
189.91999885	4.14136200	0.69856870
189.99999885	4.14136200	0.69856870
190.07999884	4.22986600	0.61067540
190.15999884	4.14136200	0.61067540
190.23999884	4.14136200	0.52278210
190.31999884	4.14136200	0.43519400
190.39999884	4.14136200	0.43519400
190.47999884	4.22986600	0.34730060
190.55999884	4.14136200	0.34730060
190.63999884	4.22986600	0.25940730
190.71999884	4.14136200	0.17151400
190.79999884	4.22986600	0.17151400
190.87999884	4.22986600	0.08392590
190.95999884	4.22986600	0.08392590
191.03999884	4.22986600	-0.00366222
191.11999884	4.14136200	-0.00366222
191.19999884	4.22986600	-0.00366222
191.27999884	4.22986600	-0.17944880
191.35999884	4.22986600	-0.17944880
191.43999884	4.22986600	-0.26734220
191.51999884	4.22986600	-0.26734220
191.59999884	4.22986600	-0.35493030
191.67999884	4.22986600	-0.35493030
191.75999883	4.22986600	-0.44282360
191.83999883	4.22986600	-0.44282360
191.91999883	4.22986600	-0.53071690
191.99999883	4.22986600	-0.61861020
192.07999883	4.22986600	-0.70619830
192.15999883	4.22986600	-0.70619830
192.23999883	4.22986600	-0.79409160
192.31999883	4.22986600	-0.79409160
192.39999883	4.22986600	-0.88198490
192.47999883	4.22986600	-0.88198490
192.55999883	4.22986600	-1.05746600
192.63999883	4.22986600	-1.05746600
192.71999883	4.22986600	-1.05746600
192.79999883	4.31867400	-1.14536000
192.87999883	4.31867400	-1.14536000
192.95999883	4.22986600	-1.23325300
193.03999883	4.31867400	-1.32114600
193.11999883	4.31867400	-1.32114600
193.19999883	4.31867400	-1.40904000
193.27999883	4.31867400	-1.40904000
193.35999882	4.31867400	-1.49662800
193.43999882	4.31867400	-1.49662800
193.51999882	4.31867400	-1.58452100
193.59999882	4.31867400	-1.67241400
193.67999882	4.40717800	-1.67241400
193.75999882	4.40717800	-1.76030800
193.83999882	4.40717800	-1.76030800
193.91999882	4.58449000	-1.84789600
193.99999882	4.93911600	-1.93578900
194.07999882	5.20523700	-1.93578900
194.15999882	5.20523700	-1.93578900
194.23999882	5.11642800	-2.02368200
194.31999882	5.02792500	-2.11157600
194.39999882	5.02792500	-2.11157600
194.47999882	5.02792500	-2.19916400
194.55999882	5.11642800	-2.11157600
194.63999882	5.11642800	-2.19916400
194.71999882	5.11642800	-2.28705700
194.79999882	5.11642800	-2.37495000
194.87999882	5.11642800	-2.37495000
194.95999882	5.02792500	-2.46284400
195.03999881	5.02792500	-2.55043200
195.11999881	5.02792500	-2.55043200
195.19999881	5.02792500	-2.63832500
195.27999881	5.02792500	-2.63832500
195.35999881	4.93911600	-2.63832500
195.43999881	5.02792500	-2.72621800
195.51999881	4.93911600	-2.72621800
195.59999881	4.93911600	-2.81411200
195.67999881	4.93911600	-2.81411200
195.75999881	4.93911600	-2.90200500
195.83999881	4.85061200	-2.90200500
195.91999881	4.85061200	-2.98959300
195.99999881	4.85061200	-2.98959300
196.07999881	4.85061200	-3.07748700
196.15999881	4.76180300	-3.07748700
196.23999881	4.76180300	-3.16538000
196.31999881	4.76180300	-3.16538000
196.39999881	4.76180300	-3.16538000
196.47999881	4.76180300	-3.25327300
196.55999881	4.76180300	-3.25327300
196.63999880	4.67329900	-3.34086100
196.71999880	4.67329900	-3.34086100
196.79999880	4.58449000	-3.42875500
196.87999880	4.58449000	-3.42875500
196.95999880	4.67329900	-3.51664800
197.03999880	4.58449000	-3.51664800
197.11999880	4.58449000	-3.60454100
197.19999880	4.58449000	-3.60454100
197.27999880	4.58449000	-3.60454100
197.35999880	4.49598700	-3.69212900
197.43999880	4.58449000	-3.78002300
197.51999880	4.49598700	-3.78002300
197.59999880	4.49598700	-3.78002300
197.67999880	4.49598700	-3.86791600
197.75999880	4.49598700	-3.86791600
197.83999880	4.49598700	-3.86791600
197.91999880	4.40717800	-3.86791600
197.99999880	4.40717800	-3.95580900
198.07999880	4.49598700	-3.95580900
198.15999880	4.40717800	-4.04339700
198.23999880	4.40717800	-4.04339700
198.31999879	4.40717800	-4.04339700
198.39999879	4.40717800	-4.04339700
198.47999879	4.40717800	-4.13129000
198.55999879	4.40717800	-4.21918400
198.63999879	4.40717800	-4.21918400
198.71999879	4.40717800	-4.21918400
198.79999879	4.40717800	-4.21918400
198.87999879	4.40717800	-4.30707700
198.95999879	4.40717800	-4.30707700
199.03999879	4.31867400	-4.30707700
199.11999879	4.40717800	-4.39497000
199.19999879	4.31867400	-4.39497000
199.27999879	4.40717800	-4.48255900
199.35999879	4.31867400	-4.48255900
199.43999879	4.31867400	-4.48255900
199.51999879	4.31867400	-4.48255900
199.59999879	4.40717800	-4.57045200
199.67999879	4.31867400	-4.57045200
199.75999879	4.31867400	-4.57045200
199.83999879	4.31867400	-4.57045200
199.91999878	4.31867400	-4.57045200
199.99999878	4.31867400	-4.65834500
200.07999878	4.31867400	-4.65834500
200.15999878	4.31867400	-4.65834500
200.23999878	4.31867400	-4.74623900
