Time	Channel A	Channel B
(us)	(V)	(V)

0.00000000	-0.64607690	-0.96987830
0.08000000	-0.64607690	-0.96987830
0.16000000	-0.55757310	-1.05746600
0.24000000	-0.64607690	-1.05746600
0.32000000	-0.64607690	-1.05746600
0.40000000	-0.64607690	-1.14536000
0.48000000	-0.64607690	-1.23325300
0.56000000	-0.64607690	-1.23325300
0.64000000	-0.55757310	-1.32114600
0.72000000	-0.64607690	-1.32114600
0.80000000	-0.64607690	-1.32114600
0.87999999	-0.64607690	-1.32114600
0.95999999	-0.64607690	-1.40904000
1.03999999	-0.64607690	-1.40904000
1.11999999	-0.64607690	-1.49662800
1.19999999	-0.64607690	-1.49662800
1.27999999	-0.64607690	-1.58452100
1.35999999	-0.64607690	-1.58452100
1.43999999	-0.73488570	-1.58452100
1.51999999	-0.64607690	-1.67241400
1.59999999	-0.64607690	-1.67241400
1.67999999	-0.73488570	-1.67241400
1.75999999	-0.73488570	-1.76030800
1.83999999	-0.73488570	-1.76030800
1.91999999	-0.64607690	-1.76030800
1.99999999	-0.73488570	-1.76030800
2.07999999	-0.73488570	-1.84789600
2.15999999	-0.64607690	-1.84789600
2.23999999	-0.73488570	-1.84789600
2.31999999	-0.73488570	-1.93578900
2.39999999	-0.73488570	-2.02368200
2.47999998	-0.73488570	-2.02368200
2.55999998	-0.73488570	-2.11157600
2.63999998	-0.73488570	-2.11157600
2.71999998	-0.64607690	-2.11157600
2.79999998	-0.73488570	-2.11157600
2.87999998	-0.73488570	-2.11157600
2.95999998	-0.73488570	-2.19916400
3.03999998	-0.73488570	-2.19916400
3.11999998	-0.73488570	-2.28705700
3.19999998	-0.73488570	-2.28705700
3.27999998	-0.73488570	-2.28705700
3.35999998	-0.73488570	-2.37495000
3.43999998	-0.73488570	-2.37495000
3.51999998	-0.73488570	-2.37495000
3.59999998	-0.73488570	-2.37495000
3.67999998	-0.73488570	-2.46284400
3.75999998	-0.73488570	-2.46284400
3.83999998	-0.73488570	-2.46284400
3.91999998	-0.73488570	-2.46284400
3.99999998	-0.73488570	-2.55043200
4.07999998	-0.73488570	-2.55043200
4.15999997	-0.73488570	-2.63832500
4.23999997	-0.73488570	-2.63832500
4.31999997	-0.73488570	-2.63832500
4.39999997	-0.73488570	-2.63832500
4.47999997	-0.73488570	-2.63832500
4.55999997	-0.73488570	-2.72621800
4.63999997	-0.73488570	-2.72621800
4.71999997	-0.73488570	-2.81411200
4.79999997	-0.73488570	-2.81411200
4.87999997	-0.73488570	-2.81411200
4.95999997	-0.73488570	-2.81411200
5.03999997	-0.73488570	-2.90200500
5.11999997	-0.73488570	-2.81411200
5.19999997	-0.73488570	-2.90200500
5.27999997	-0.73488570	-2.90200500
5.35999997	-0.82338940	-2.90200500
5.43999997	-0.73488570	-2.90200500
5.51999997	-0.73488570	-2.98959300
5.59999997	-0.73488570	-2.98959300
5.67999997	-0.73488570	-2.98959300
5.75999996	-0.73488570	-2.98959300
5.83999996	-0.73488570	-2.98959300
5.91999996	-0.82338940	-3.07748700
5.99999996	-0.82338940	-3.07748700
6.07999996	-0.82338940	-3.16538000
6.15999996	-0.73488570	-3.16538000
6.23999996	-0.73488570	-3.07748700
6.31999996	-0.82338940	-3.16538000
6.39999996	-0.82338940	-3.16538000
6.47999996	-0.73488570	-3.16538000
6.55999996	-0.82338940	-3.16538000
6.63999996	-0.82338940	-3.16538000
6.71999996	-0.73488570	-3.16538000
6.79999996	-0.73488570	-3.25327300
6.87999996	-0.82338940	-3.16538000
6.95999996	-0.73488570	-3.25327300
7.03999996	-0.73488570	-3.25327300
7.11999996	-0.73488570	-3.25327300
7.19999996	-0.73488570	-3.25327300
7.27999996	-0.82338940	-3.34086100
7.35999996	-0.82338940	-3.34086100
7.43999995	-0.73488570	-3.25327300
7.51999995	-0.82338940	-3.34086100
7.59999995	-0.82338940	-3.34086100
7.67999995	-0.82338940	-3.34086100
7.75999995	-0.82338940	-3.34086100
7.83999995	-0.82338940	-3.34086100
7.91999995	-0.82338940	-3.34086100
7.99999995	-0.73488570	-3.34086100
8.07999995	-0.82338940	-3.34086100
8.15999995	-0.82338940	-3.34086100
8.23999995	-0.73488570	-3.34086100
8.31999995	-0.82338940	-3.34086100
8.39999995	-0.82338940	-3.34086100
8.47999995	-0.82338940	-3.34086100
8.55999995	-0.73488570	-3.34086100
8.63999995	-0.82338940	-3.42875500
8.71999995	-0.82338940	-3.42875500
8.79999995	-0.82338940	-3.42875500
8.87999995	-0.82338940	-3.42875500
8.95999995	-0.82338940	-3.34086100
9.03999995	-0.82338940	-3.42875500
9.11999994	-0.82338940	-3.34086100
9.19999994	-0.82338940	-3.42875500
9.27999994	-0.82338940	-3.42875500
9.35999994	-0.82338940	-3.42875500
9.43999994	-0.82338940	-3.42875500
9.51999994	-0.82338940	-3.42875500
9.59999994	-0.82338940	-3.42875500
9.67999994	-0.82338940	-3.42875500
9.75999994	-0.82338940	-3.42875500
9.83999994	-0.82338940	-3.34086100
9.91999994	-0.82338940	-3.34086100
9.99999994	-0.82338940	-3.42875500
10.07999994	-0.82338940	-3.42875500
10.15999994	-0.82338940	-3.42875500
10.23999994	-0.73488570	-3.34086100
10.31999994	-0.82338940	-3.42875500
10.39999994	-0.82338940	-3.42875500
10.47999994	-0.82338940	-3.34086100
10.55999994	-0.82338940	-3.34086100
10.63999994	-0.82338940	-3.42875500
10.71999993	-0.82338940	-3.34086100
10.79999993	-0.82338940	-3.34086100
10.87999993	-0.82338940	-3.34086100
10.95999993	-0.82338940	-3.34086100
11.03999993	-0.82338940	-3.34086100
11.11999993	-0.82338940	-3.34086100
11.19999993	-0.82338940	-3.34086100
11.27999993	-0.82338940	-3.34086100
11.35999993	-0.82338940	-3.34086100
11.43999993	-0.82338940	-3.34086100
11.51999993	-0.82338940	-3.25327300
11.59999993	-0.82338940	-3.25327300
11.67999993	-0.82338940	-3.25327300
11.75999993	-0.82338940	-3.25327300
11.83999993	-0.82338940	-3.25327300
11.91999993	-0.82338940	-3.25327300
11.99999993	-0.82338940	-3.25327300
12.07999993	-0.82338940	-3.16538000
12.15999993	-0.82338940	-3.16538000
12.23999993	-0.82338940	-3.16538000
12.31999993	-0.82338940	-3.16538000
12.39999992	-0.82338940	-3.16538000
12.47999992	-0.82338940	-3.16538000
12.55999992	-0.82338940	-3.16538000
12.63999992	-0.82338940	-3.07748700
12.71999992	-0.82338940	-3.07748700
12.79999992	-0.82338940	-3.07748700
12.87999992	-0.82338940	-3.07748700
12.95999992	-0.82338940	-3.07748700
13.03999992	-0.82338940	-3.07748700
13.11999992	-0.82338940	-3.07748700
13.19999992	-0.82338940	-2.98959300
13.27999992	-0.82338940	-2.98959300
13.35999992	-0.82338940	-2.98959300
13.43999992	-0.82338940	-2.98959300
13.51999992	-0.82338940	-2.90200500
13.59999992	-0.82338940	-2.98959300
13.67999992	-0.82338940	-2.90200500
13.75999992	-0.82338940	-2.90200500
13.83999992	-0.82338940	-2.90200500
13.91999992	-0.82338940	-2.90200500
13.99999991	-0.82338940	-2.81411200
14.07999991	-0.82338940	-2.81411200
14.15999991	-0.82338940	-2.81411200
14.23999991	-0.82338940	-2.81411200
14.31999991	-0.82338940	-2.81411200
14.39999991	-0.82338940	-2.81411200
14.47999991	-0.82338940	-2.81411200
14.55999991	-0.73488570	-2.72621800
14.63999991	-0.82338940	-2.72621800
14.71999991	-0.82338940	-2.72621800
14.79999991	-0.82338940	-2.63832500
14.87999991	-0.73488570	-2.63832500
14.95999991	-0.82338940	-2.63832500
15.03999991	-0.82338940	-2.63832500
15.11999991	-0.82338940	-2.63832500
15.19999991	-0.73488570	-2.55043200
15.27999991	-0.82338940	-2.55043200
15.35999991	-0.73488570	-2.55043200
15.43999991	-0.82338940	-2.46284400
15.51999991	-0.82338940	-2.46284400
15.59999991	-0.73488570	-2.46284400
15.67999990	-0.73488570	-2.46284400
15.75999990	-0.73488570	-2.46284400
15.83999990	-0.73488570	-2.37495000
15.91999990	-0.73488570	-2.37495000
15.99999990	-0.73488570	-2.37495000
16.07999990	-0.73488570	-2.28705700
16.15999990	-0.73488570	-2.28705700
16.23999990	-0.82338940	-2.28705700
16.31999990	-0.73488570	-2.19916400
16.39999990	-0.73488570	-2.19916400
16.47999990	-0.73488570	-2.19916400
16.55999990	-0.73488570	-2.19916400
16.63999990	-0.73488570	-2.11157600
16.71999990	-0.73488570	-2.11157600
16.79999990	-0.73488570	-2.11157600
16.87999990	-0.73488570	-2.11157600
16.95999990	-0.73488570	-2.02368200
17.03999990	-0.73488570	-2.11157600
17.11999990	-0.73488570	-2.02368200
17.19999990	-0.73488570	-2.02368200
17.27999989	-0.73488570	-1.93578900
17.35999989	-0.73488570	-1.93578900
17.43999989	-0.73488570	-1.93578900
17.51999989	-0.73488570	-1.84789600
17.59999989	-0.73488570	-1.84789600
17.67999989	-0.73488570	-1.84789600
17.75999989	-0.73488570	-1.84789600
17.83999989	-0.73488570	-1.76030800
17.91999989	-0.73488570	-1.84789600
17.99999989	-0.73488570	-1.76030800
18.07999989	-0.73488570	-1.76030800
18.15999989	-0.73488570	-1.76030800
18.23999989	-0.73488570	-1.76030800
18.31999989	-0.73488570	-1.67241400
18.39999989	-0.64607690	-1.58452100
18.47999989	-0.73488570	-1.58452100
18.55999989	-0.73488570	-1.58452100
18.63999989	-0.73488570	-1.58452100
18.71999989	-0.64607690	-1.49662800
18.79999989	-0.64607690	-1.49662800
18.87999989	-0.64607690	-1.49662800
18.95999988	-0.64607690	-1.40904000
19.03999988	-0.64607690	-1.40904000
19.11999988	-0.64607690	-1.40904000
19.19999988	-0.64607690	-1.40904000
19.27999988	-0.64607690	-1.40904000
19.35999988	-0.64607690	-1.40904000
19.43999988	-0.64607690	-1.32114600
19.51999988	-0.55757310	-1.32114600
19.59999988	-0.64607690	-1.23325300
19.67999988	-0.55757310	-1.23325300
19.75999988	-0.55757310	-1.23325300
19.83999988	-0.64607690	-1.23325300
19.91999988	-0.55757310	-1.14536000
19.99999988	-0.55757310	-1.14536000
20.07999988	-0.55757310	-1.05746600
20.15999988	-0.55757310	-1.05746600
20.23999988	-0.55757310	-1.05746600
20.31999988	-0.55757310	-1.05746600
20.39999988	-0.55757310	-1.05746600
20.47999988	-0.55757310	-0.96987830
20.55999988	-0.55757310	-0.96987830
20.63999987	-0.55757310	-0.96987830
20.71999987	-0.55757310	-0.88198490
20.79999987	-0.55757310	-0.88198490
20.87999987	-0.55757310	-0.79409160
20.95999987	-0.55757310	-0.79409160
21.03999987	-0.55757310	-0.79409160
21.11999987	-0.55757310	-0.70619830
21.19999987	-0.46876430	-0.79409160
21.27999987	-0.55757310	-0.70619830
21.35999987	-0.55757310	-0.70619830
21.43999987	-0.55757310	-0.70619830
21.51999987	-0.46876430	-0.61861020
21.59999987	-0.46876430	-0.61861020
21.67999987	-0.46876430	-0.61861020
21.75999987	-0.46876430	-0.53071690
21.83999987	-0.46876430	-0.53071690
21.91999987	-0.46876430	-0.53071690
21.99999987	-0.46876430	-0.53071690
22.07999987	-0.46876430	-0.44282360
22.15999987	-0.46876430	-0.35493030
22.23999986	-0.38026060	-0.35493030
22.31999986	-0.46876430	-0.35493030
22.39999986	-0.38026060	-0.35493030
22.47999986	-0.38026060	-0.35493030
22.55999986	-0.38026060	-0.35493030
22.63999986	-0.38026060	-0.26734220
22.71999986	-0.38026060	-0.17944880
22.79999986	-0.38026060	-0.17944880
22.87999986	-0.38026060	-0.17944880
22.95999986	-0.29145180	-0.17944880
23.03999986	-0.29145180	-0.09155553
23.11999986	-0.20294810	-0.09155553
23.19999986	-0.29145180	-0.09155553
23.27999986	-0.20294810	-0.00366222
23.35999986	-0.20294810	-0.00366222
23.43999986	-0.11413920	-0.00366222
23.51999986	-0.11413920	-0.00366222
23.59999986	-0.11413920	-0.00366222
23.67999986	-0.11413920	0.08392590
23.75999986	-0.02563555	0.08392590
23.83999986	-0.02563555	0.17151400
23.91999985	-0.02563555	0.17151400
23.99999985	0.06317332	0.17151400
24.07999985	0.06317332	0.17151400
24.15999985	0.06317332	0.25940730
24.23999985	0.15167700	0.25940730
24.31999985	0.15167700	0.25940730
24.39999985	0.24048580	0.25940730
24.47999985	0.32898950	0.34730060
24.55999985	0.59480580	0.34730060
24.63999985	0.59480580	0.43519400
24.71999985	0.59480580	0.43519400
24.79999985	0.59480580	0.43519400
24.87999985	0.59480580	0.52278210
24.95999985	1.57017700	0.52278210
25.03999985	2.19061900	0.52278210
25.11999985	2.01330600	0.61067540
25.19999985	1.21555200	0.61067540
25.27999985	0.15167700	0.61067540
25.35999985	4.40717800	0.69856870
25.43999985	4.14136200	0.69856870
25.51999984	4.22986600	0.69856870
25.59999984	4.05255300	0.69856870
25.67999984	4.14136200	0.78646200
25.75999984	4.05255300	0.78646200
25.83999984	4.05255300	0.78646200
25.91999984	4.05255300	0.78646200
25.99999984	4.05255300	0.87405010
26.07999984	4.05255300	0.87405010
26.15999984	4.05255300	0.96194340
26.23999984	4.05255300	0.96194340
26.31999984	4.05255300	0.96194340
26.39999984	4.05255300	0.96194340
26.47999984	4.05255300	1.04983700
26.55999984	4.05255300	1.04983700
26.63999984	3.96404900	1.04983700
26.71999984	3.96404900	1.04983700
26.79999984	3.87524000	1.13773000
26.87999984	3.96404900	1.13773000
26.95999984	3.96404900	1.22531800
27.03999984	3.87524000	1.22531800
27.11999984	3.87524000	1.31321100
27.19999983	3.87524000	1.31321100
27.27999983	3.87524000	1.31321100
27.35999983	3.87524000	1.40110500
27.43999983	3.87524000	1.40110500
27.51999983	3.87524000	1.40110500
27.59999983	3.87524000	1.40110500
27.67999983	3.87524000	1.48899800
27.75999983	3.87524000	1.48899800
27.83999983	3.87524000	1.57689100
27.91999983	3.87524000	1.57689100
27.99999983	3.78673700	1.66447900
28.07999983	3.87524000	1.66447900
28.15999983	3.87524000	1.66447900
28.23999983	3.78673700	1.75237300
28.31999983	3.78673700	1.75237300
28.39999983	3.78673700	1.75237300
28.47999983	3.78673700	1.75237300
28.55999983	3.78673700	1.84026600
28.63999983	3.78673700	1.92815900
28.71999983	3.78673700	1.92815900
28.79999982	3.78673700	1.92815900
28.87999982	3.69792800	1.92815900
28.95999982	3.69792800	2.01574800
29.03999982	3.69792800	2.10364100
29.11999982	3.69792800	2.10364100
29.19999982	3.69792800	2.10364100
29.27999982	3.69792800	2.10364100
29.35999982	3.69792800	2.19153400
29.43999982	3.78673700	2.27942800
29.51999982	3.69792800	2.27942800
29.59999982	3.69792800	2.27942800
29.67999982	3.69792800	2.27942800
29.75999982	3.69792800	2.36701600
29.83999982	3.69792800	2.45490900
29.91999982	3.69792800	2.45490900
29.99999982	3.69792800	2.45490900
30.07999982	3.69792800	2.45490900
30.15999982	3.69792800	2.54280200
30.23999982	3.69792800	2.54280200
30.31999982	3.69792800	2.54280200
30.39999982	3.60942400	2.63069600
30.47999981	3.60942400	2.63069600
30.55999981	3.60942400	2.71828400
30.63999981	3.60942400	2.71828400
30.71999981	3.60942400	2.80617700
30.79999981	3.60942400	2.80617700
30.87999981	3.60942400	2.80617700
30.95999981	3.60942400	2.80617700
31.03999981	3.60942400	2.89407000
31.11999981	3.60942400	2.98196400
31.19999981	3.60942400	2.89407000
31.27999981	3.60942400	2.98196400
31.35999981	3.60942400	2.98196400
31.43999981	3.60942400	2.98196400
31.51999981	3.60942400	3.06985700
31.59999981	3.60942400	3.06985700
31.67999981	3.60942400	3.15744500
31.75999981	3.60942400	3.15744500
31.83999981	3.60942400	3.24533800
31.91999981	3.60942400	3.24533800
31.99999981	3.60942400	3.24533800
32.07999981	3.60942400	3.24533800
32.15999980	3.60942400	3.33323200
32.23999980	3.60942400	3.42112500
32.31999980	3.52061500	3.42112500
32.39999980	3.60942400	3.42112500
32.47999980	3.52061500	3.50871300
32.55999980	3.60942400	3.50871300
32.63999980	3.60942400	3.50871300
32.71999980	3.52061500	3.50871300
32.79999980	3.60942400	3.59660600
32.87999980	3.60942400	3.59660600
32.95999980	3.60942400	3.59660600
33.03999980	3.52061500	3.59660600
33.11999980	3.60942400	3.68450000
33.19999980	3.60942400	3.68450000
33.27999980	3.60942400	3.77239300
33.35999980	3.52061500	3.68450000
33.43999980	3.60942400	3.77239300
33.51999980	3.52061500	3.77239300
33.59999980	3.52061500	3.85998100
33.67999980	3.52061500	3.85998100
33.75999979	3.52061500	3.85998100
33.83999979	3.52061500	3.85998100
33.91999979	3.52061500	3.85998100
33.99999979	3.52061500	3.85998100
34.07999979	3.60942400	3.94787400
34.15999979	3.60942400	3.94787400
34.23999979	3.52061500	3.94787400
34.31999979	3.60942400	4.03576800
34.39999979	3.60942400	4.03576800
34.47999979	3.60942400	4.12366100
34.55999979	3.60942400	4.12366100
34.63999979	3.52061500	4.12366100
34.71999979	3.60942400	4.12366100
34.79999979	3.60942400	4.12366100
34.87999979	3.52061500	4.21124900
34.95999979	3.60942400	4.21124900
35.03999979	3.60942400	4.21124900
35.11999979	3.60942400	4.21124900
35.19999979	3.60942400	4.21124900
35.27999979	3.60942400	4.21124900
35.35999979	3.60942400	4.21124900
35.43999978	3.60942400	4.21124900
35.51999978	3.60942400	4.29914200
35.59999978	3.60942400	4.29914200
35.67999978	3.60942400	4.29914200
35.75999978	3.60942400	4.29914200
35.83999978	3.60942400	4.29914200
35.91999978	3.60942400	4.29914200
35.99999978	3.60942400	4.38703600
36.07999978	3.60942400	4.29914200
36.15999978	3.60942400	4.38703600
36.23999978	3.60942400	4.38703600
36.31999978	3.60942400	4.38703600
36.39999978	3.69792800	4.38703600
36.47999978	3.60942400	4.38703600
36.55999978	3.60942400	4.38703600
36.63999978	3.60942400	4.38703600
36.71999978	3.60942400	4.38703600
36.79999978	3.60942400	4.38703600
36.87999978	3.60942400	4.38703600
36.95999978	3.69792800	4.38703600
37.03999977	3.60942400	4.47492900
37.11999977	3.69792800	4.38703600
37.19999977	3.60942400	4.38703600
37.27999977	3.69792800	4.38703600
37.35999977	3.69792800	4.47492900
37.43999977	3.69792800	4.47492900
37.51999977	3.69792800	4.38703600
37.59999977	3.69792800	4.38703600
37.67999977	3.69792800	4.47492900
37.75999977	3.69792800	4.47492900
37.83999977	3.69792800	4.47492900
37.91999977	3.69792800	4.38703600
37.99999977	3.69792800	4.47492900
38.07999977	3.69792800	4.47492900
38.15999977	3.69792800	4.38703600
38.23999977	3.69792800	4.38703600
38.31999977	3.69792800	4.47492900
38.39999977	3.69792800	4.38703600
38.47999977	3.69792800	4.38703600
38.55999977	3.69792800	4.38703600
38.63999977	3.69792800	4.38703600
38.71999976	3.69792800	4.38703600
38.79999976	3.69792800	4.38703600
38.87999976	3.69792800	4.29914200
38.95999976	3.69792800	4.38703600
39.03999976	3.69792800	4.38703600
39.11999976	3.78673700	4.29914200
39.19999976	3.78673700	4.29914200
39.27999976	3.69792800	4.21124900
39.35999976	3.78673700	4.29914200
39.43999976	3.69792800	4.21124900
39.51999976	3.69792800	4.21124900
39.59999976	3.78673700	4.21124900
39.67999976	3.78673700	4.21124900
39.75999976	3.78673700	4.21124900
39.83999976	3.78673700	4.12366100
39.91999976	3.78673700	4.21124900
39.99999976	3.78673700	4.12366100
40.07999976	3.78673700	4.12366100
40.15999976	3.78673700	4.12366100
40.23999976	3.78673700	4.12366100
40.31999975	3.78673700	4.12366100
40.39999975	3.78673700	4.03576800
40.47999975	3.78673700	4.03576800
40.55999975	3.78673700	4.03576800
40.63999975	3.87524000	3.94787400
40.71999975	3.78673700	3.94787400
40.79999975	3.87524000	3.94787400
40.87999975	3.87524000	3.85998100
40.95999975	3.87524000	3.85998100
41.03999975	3.78673700	3.85998100
41.11999975	3.87524000	3.85998100
41.19999975	3.87524000	3.85998100
41.27999975	3.87524000	3.77239300
41.35999975	3.87524000	3.68450000
41.43999975	3.87524000	3.68450000
41.51999975	3.87524000	3.68450000
41.59999975	3.87524000	3.68450000
41.67999975	3.87524000	3.59660600
41.75999975	3.87524000	3.59660600
41.83999975	3.87524000	3.59660600
41.91999975	3.87524000	3.50871300
41.99999974	3.87524000	3.50871300
42.07999974	3.87524000	3.50871300
42.15999974	3.87524000	3.42112500
42.23999974	3.87524000	3.42112500
42.31999974	3.87524000	3.42112500
42.39999974	3.87524000	3.33323200
42.47999974	3.96404900	3.33323200
42.55999974	3.96404900	3.24533800
42.63999974	3.96404900	3.24533800
42.71999974	3.87524000	3.24533800
42.79999974	3.96404900	3.15744500
42.87999974	3.96404900	3.15744500
42.95999974	3.96404900	3.06985700
43.03999974	3.96404900	3.06985700
43.11999974	3.96404900	2.98196400
43.19999974	3.96404900	2.98196400
43.27999974	3.96404900	2.89407000
43.35999974	3.96404900	2.89407000
43.43999974	3.96404900	2.89407000
43.51999974	3.96404900	2.80617700
43.59999974	3.96404900	2.80617700
43.67999973	3.96404900	2.80617700
43.75999973	3.96404900	2.71828400
43.83999973	3.96404900	2.71828400
43.91999973	4.05255300	2.63069600
43.99999973	4.05255300	2.54280200
44.07999973	3.96404900	2.54280200
44.15999973	4.05255300	2.45490900
44.23999973	4.05255300	2.45490900
44.31999973	4.05255300	2.45490900
44.39999973	4.05255300	2.36701600
44.47999973	4.05255300	2.36701600
44.55999973	4.05255300	2.27942800
44.63999973	4.05255300	2.27942800
44.71999973	4.05255300	2.19153400
44.79999973	4.05255300	2.19153400
44.87999973	4.05255300	2.10364100
44.95999973	4.05255300	2.01574800
45.03999973	4.05255300	2.01574800
45.11999973	4.05255300	2.01574800
45.19999973	4.05255300	1.92815900
45.27999972	4.05255300	1.92815900
45.35999972	4.05255300	1.75237300
45.43999972	4.05255300	1.75237300
45.51999972	4.14136200	1.75237300
45.59999972	4.05255300	1.75237300
45.67999972	4.05255300	1.66447900
45.75999972	4.05255300	1.66447900
45.83999972	4.05255300	1.57689100
45.91999972	4.05255300	1.48899800
45.99999972	4.14136200	1.48899800
46.07999972	4.14136200	1.40110500
46.15999972	4.14136200	1.40110500
46.23999972	4.05255300	1.31321100
46.31999972	4.14136200	1.31321100
46.39999972	4.14136200	1.22531800
46.47999972	4.14136200	1.22531800
46.55999972	4.14136200	1.13773000
46.63999972	4.14136200	1.04983700
46.71999972	4.14136200	1.04983700
46.79999972	4.14136200	0.96194340
46.87999972	4.14136200	0.96194340
46.95999971	4.14136200	0.87405010
47.03999971	4.14136200	0.87405010
47.11999971	4.14136200	0.78646200
47.19999971	4.14136200	0.78646200
47.27999971	4.14136200	0.69856870
47.35999971	4.14136200	0.69856870
47.43999971	4.14136200	0.61067540
47.51999971	4.14136200	0.52278210
47.59999971	4.14136200	0.52278210
47.67999971	4.14136200	0.43519400
47.75999971	4.14136200	0.43519400
47.83999971	4.22986600	0.34730060
47.91999971	4.14136200	0.25940730
47.99999971	4.14136200	0.25940730
48.07999971	4.22986600	0.17151400
48.15999971	4.22986600	0.17151400
48.23999971	4.22986600	0.17151400
48.31999971	4.22986600	-0.00366222
48.39999971	4.14136200	-0.00366222
48.47999971	4.14136200	-0.00366222
48.55999970	4.14136200	-0.09155553
48.63999970	4.22986600	-0.09155553
48.71999970	4.22986600	-0.26734220
48.79999970	4.22986600	-0.26734220
48.87999970	4.22986600	-0.35493030
48.95999970	4.22986600	-0.35493030
49.03999970	4.22986600	-0.44282360
49.11999970	4.22986600	-0.44282360
49.19999970	4.22986600	-0.53071690
49.27999970	4.22986600	-0.53071690
49.35999970	4.22986600	-0.61861020
49.43999970	4.22986600	-0.70619830
49.51999970	4.22986600	-0.70619830
49.59999970	4.22986600	-0.79409160
49.67999970	4.22986600	-0.79409160
49.75999970	4.22986600	-0.88198490
49.83999970	4.22986600	-0.96987830
49.91999970	4.22986600	-0.96987830
49.99999970	4.31867400	-1.05746600
50.07999970	4.31867400	-1.05746600
50.15999970	4.31867400	-1.14536000
50.23999969	4.31867400	-1.23325300
50.31999969	4.22986600	-1.23325300
50.39999969	4.31867400	-1.32114600
50.47999969	4.31867400	-1.32114600
50.55999969	4.31867400	-1.40904000
50.63999969	4.31867400	-1.40904000
50.71999969	4.31867400	-1.49662800
50.79999969	4.31867400	-1.58452100
50.87999969	4.31867400	-1.58452100
50.95999969	4.40717800	-1.67241400
51.03999969	4.49598700	-1.76030800
51.11999969	4.76180300	-1.76030800
51.19999969	5.11642800	-1.76030800
51.27999969	5.20523700	-1.84789600
51.35999969	5.20523700	-1.93578900
51.43999969	5.11642800	-1.93578900
51.51999969	5.02792500	-2.02368200
51.59999969	5.02792500	-2.02368200
51.67999969	5.11642800	-2.11157600
51.75999969	5.11642800	-2.11157600
51.83999968	5.11642800	-2.11157600
51.91999968	5.11642800	-2.19916400
51.99999968	5.11642800	-2.19916400
52.07999968	5.02792500	-2.28705700
52.15999968	5.02792500	-2.37495000
52.23999968	5.11642800	-2.46284400
52.31999968	5.02792500	-2.46284400
52.39999968	5.02792500	-2.46284400
52.47999968	5.02792500	-2.55043200
52.55999968	5.02792500	-2.63832500
52.63999968	4.93911600	-2.63832500
52.71999968	4.93911600	-2.63832500
52.79999968	4.93911600	-2.72621800
52.87999968	4.93911600	-2.81411200
52.95999968	4.93911600	-2.81411200
53.03999968	4.85061200	-2.81411200
53.11999968	4.85061200	-2.81411200
53.19999968	4.76180300	-2.90200500
53.27999968	4.85061200	-2.98959300
53.35999968	4.85061200	-2.98959300
53.43999968	4.76180300	-3.07748700
53.51999967	4.76180300	-3.07748700
53.59999967	4.76180300	-3.16538000
53.67999967	4.76180300	-3.16538000
53.75999967	4.67329900	-3.16538000
53.83999967	4.67329900	-3.25327300
53.91999967	4.67329900	-3.34086100
53.99999967	4.67329900	-3.34086100
54.07999967	4.58449000	-3.34086100
54.15999967	4.58449000	-3.42875500
54.23999967	4.58449000	-3.42875500
54.31999967	4.58449000	-3.51664800
54.39999967	4.58449000	-3.51664800
54.47999967	4.58449000	-3.51664800
54.55999967	4.58449000	-3.60454100
54.63999967	4.49598700	-3.60454100
54.71999967	4.49598700	-3.69212900
54.79999967	4.49598700	-3.69212900
54.87999967	4.49598700	-3.78002300
54.95999967	4.49598700	-3.86791600
55.03999967	4.49598700	-3.78002300
55.11999967	4.40717800	-3.86791600
55.19999966	4.40717800	-3.86791600
55.27999966	4.40717800	-3.86791600
55.35999966	4.40717800	-3.95580900
55.43999966	4.40717800	-3.95580900
55.51999966	4.40717800	-4.04339700
55.59999966	4.40717800	-4.04339700
55.67999966	4.40717800	-4.04339700
55.75999966	4.40717800	-4.13129000
55.83999966	4.40717800	-4.13129000
55.91999966	4.40717800	-4.21918400
55.99999966	4.31867400	-4.21918400
56.07999966	4.31867400	-4.21918400
56.15999966	4.31867400	-4.21918400
56.23999966	4.31867400	-4.30707700
56.31999966	4.31867400	-4.30707700
56.39999966	4.31867400	-4.30707700
56.47999966	4.31867400	-4.39497000
56.55999966	4.31867400	-4.39497000
56.63999966	4.31867400	-4.39497000
56.71999966	4.31867400	-4.48255900
56.79999965	4.31867400	-4.48255900
56.87999965	4.31867400	-4.57045200
56.95999965	4.31867400	-4.48255900
57.03999965	4.31867400	-4.57045200
57.11999965	4.31867400	-4.57045200
57.19999965	4.31867400	-4.57045200
57.27999965	4.22986600	-4.65834500
57.35999965	4.31867400	-4.65834500
57.43999965	4.22986600	-4.57045200
57.51999965	4.22986600	-4.65834500
57.59999965	4.31867400	-4.74623900
57.67999965	4.31867400	-4.74623900
57.75999965	4.31867400	-4.74623900
57.83999965	4.31867400	-4.74623900
57.91999965	4.22986600	-4.74623900
57.99999965	4.22986600	-4.74623900
58.07999965	4.31867400	-4.74623900
58.15999965	4.31867400	-4.83382700
58.23999965	4.22986600	-4.83382700
58.31999965	4.22986600	-4.83382700
58.39999965	4.22986600	-4.83382700
58.47999964	4.22986600	-4.92172000
58.55999964	4.31867400	-4.83382700
58.63999964	4.22986600	-4.92172000
58.71999964	4.22986600	-4.92172000
58.79999964	4.22986600	-4.92172000
58.87999964	4.22986600	-4.92172000
58.95999964	4.31867400	-4.92172000
59.03999964	4.22986600	-4.92172000
59.11999964	4.22986600	-4.92172000
59.19999964	4.22986600	-4.92172000
59.27999964	4.22986600	-4.92172000
59.35999964	4.31867400	-4.92172000
59.43999964	4.22986600	-4.92172000
59.51999964	4.22986600	-4.92172000
59.59999964	4.22986600	-4.92172000
59.67999964	4.22986600	-5.00961400
59.75999964	4.22986600	-4.92172000
59.83999964	4.22986600	-5.00961400
59.91999964	4.22986600	-5.00961400
59.99999964	4.22986600	-5.00961400
60.07999963	4.22986600	-4.92172000
60.15999963	4.22986600	-5.00961400
60.23999963	4.22986600	-4.92172000
60.31999963	4.22986600	-5.00961400
60.39999963	4.22986600	-5.00961400
60.47999963	4.22986600	-4.92172000
60.55999963	4.22986600	-5.00961400
60.63999963	4.22986600	-4.92172000
60.71999963	4.22986600	-5.00961400
60.79999963	4.22986600	-4.92172000
60.87999963	4.22986600	-4.92172000
60.95999963	4.22986600	-4.92172000
61.03999963	4.22986600	-4.92172000
61.11999963	4.22986600	-4.92172000
61.19999963	4.22986600	-4.92172000
61.27999963	4.22986600	-4.92172000
61.35999963	4.22986600	-4.92172000
61.43999963	4.22986600	-4.92172000
61.51999963	4.22986600	-4.92172000
61.59999963	4.22986600	-4.92172000
61.67999963	4.22986600	-4.92172000
61.75999962	4.22986600	-4.92172000
61.83999962	4.22986600	-4.92172000
61.91999962	4.22986600	-4.83382700
61.99999962	4.22986600	-4.83382700
62.07999962	4.22986600	-4.83382700
62.15999962	4.22986600	-4.83382700
62.23999962	4.31867400	-4.83382700
62.31999962	4.22986600	-4.74623900
62.39999962	4.22986600	-4.74623900
62.47999962	4.22986600	-4.74623900
62.55999962	4.22986600	-4.74623900
62.63999962	4.22986600	-4.74623900
62.71999962	4.22986600	-4.65834500
62.79999962	4.22986600	-4.65834500
62.87999962	4.31867400	-4.65834500
62.95999962	4.22986600	-4.65834500
63.03999962	4.22986600	-4.65834500
63.11999962	4.22986600	-4.57045200
63.19999962	4.22986600	-4.57045200
63.27999962	4.22986600	-4.57045200
63.35999961	4.22986600	-4.57045200
63.43999961	4.22986600	-4.57045200
63.51999961	4.22986600	-4.48255900
63.59999961	4.22986600	-4.48255900
63.67999961	4.22986600	-4.39497000
63.75999961	4.22986600	-4.39497000
63.83999961	4.22986600	-4.39497000
63.91999961	4.22986600	-4.39497000
63.99999961	4.22986600	-4.30707700
64.07999961	4.31867400	-4.30707700
64.15999961	4.22986600	-4.30707700
64.23999961	4.22986600	-4.21918400
64.31999961	4.22986600	-4.21918400
64.39999961	4.22986600	-4.21918400
64.47999961	4.22986600	-4.21918400
64.55999961	4.31867400	-4.21918400
64.63999961	4.22986600	-4.13129000
64.71999961	4.31867400	-4.13129000
64.79999961	4.22986600	-4.04339700
64.87999961	4.31867400	-4.04339700
64.95999961	4.31867400	-4.04339700
65.03999960	4.22986600	-3.95580900
65.11999960	4.31867400	-3.95580900
65.19999960	4.31867400	-3.86791600
65.27999960	4.31867400	-3.86791600
65.35999960	4.31867400	-3.86791600
65.43999960	4.31867400	-3.86791600
65.51999960	4.40717800	-3.78002300
65.59999960	4.40717800	-3.78002300
65.67999960	4.40717800	-3.78002300
65.75999960	4.49598700	-3.69212900
65.83999960	4.58449000	-3.60454100
65.91999960	4.76180300	-3.69212900
65.99999960	4.85061200	-3.60454100
66.07999960	4.93911600	-3.60454100
66.15999960	4.93911600	-3.51664800
66.23999960	4.93911600	-3.51664800
66.31999960	4.93911600	-3.51664800
66.39999960	4.93911600	-3.42875500
66.47999960	5.02792500	-3.42875500
66.55999960	4.93911600	-3.42875500
66.63999959	5.02792500	-3.34086100
66.71999959	5.02792500	-3.34086100
66.79999959	5.02792500	-3.25327300
66.87999959	5.02792500	-3.16538000
66.95999959	5.11642800	-3.16538000
67.03999959	5.02792500	-3.16538000
67.11999959	5.02792500	-3.16538000
67.19999959	5.11642800	-3.07748700
67.27999959	5.11642800	-3.07748700
67.35999959	5.11642800	-2.98959300
67.43999959	5.11642800	-2.98959300
67.51999959	5.11642800	-2.90200500
67.59999959	5.11642800	-2.90200500
67.67999959	5.11642800	-2.81411200
67.75999959	5.11642800	-2.81411200
67.83999959	5.11642800	-2.81411200
67.91999959	5.11642800	-2.81411200
67.99999959	5.11642800	-2.72621800
68.07999959	5.20523700	-2.63832500
68.15999959	5.11642800	-2.63832500
68.23999959	5.20523700	-2.63832500
68.31999958	5.20523700	-2.55043200
68.39999958	5.20523700	-2.46284400
68.47999958	5.20523700	-2.46284400
68.55999958	5.11642800	-2.46284400
68.63999958	5.20523700	-2.46284400
68.71999958	5.20523700	-2.37495000
68.79999958	5.20523700	-2.28705700
68.87999958	5.20523700	-2.19916400
68.95999958	5.20523700	-2.19916400
69.03999958	5.20523700	-2.19916400
69.11999958	5.20523700	-2.19916400
69.19999958	5.20523700	-2.11157600
69.27999958	5.20523700	-2.11157600
69.35999958	5.20523700	-2.11157600
69.43999958	5.20523700	-2.02368200
69.51999958	5.20523700	-2.02368200
69.59999958	5.20523700	-1.93578900
69.67999958	5.29374100	-1.84789600
69.75999958	5.29374100	-1.84789600
69.83999958	5.20523700	-1.76030800
69.91999958	5.29374100	-1.76030800
69.99999957	5.29374100	-1.76030800
70.07999957	5.29374100	-1.76030800
70.15999957	5.29374100	-1.67241400
70.23999957	5.29374100	-1.58452100
70.31999957	5.29374100	-1.58452100
70.39999957	5.29374100	-1.49662800
70.47999957	5.29374100	-1.49662800
70.55999957	5.29374100	-1.40904000
70.63999957	5.29374100	-1.40904000
70.71999957	5.29374100	-1.40904000
70.79999957	5.29374100	-1.32114600
70.87999957	5.29374100	-1.32114600
70.95999957	5.29374100	-1.23325300
71.03999957	5.29374100	-1.23325300
71.11999957	5.38254900	-1.14536000
71.19999957	5.29374100	-1.14536000
71.27999957	5.29374100	-1.05746600
71.35999957	5.29374100	-1.05746600
71.43999957	5.38254900	-1.05746600
71.51999957	5.38254900	-0.96987830
71.59999956	5.38254900	-0.88198490
71.67999956	5.38254900	-0.88198490
71.75999956	5.47105300	-0.79409160
71.83999956	5.47105300	-0.79409160
71.91999956	5.47105300	-0.70619830
71.99999956	5.47105300	-0.70619830
72.07999956	5.38254900	-0.70619830
72.15999956	5.47105300	-0.61861020
72.23999956	5.47105300	-0.53071690
72.31999956	5.55986200	-0.53071690
72.39999956	5.47105300	-0.53071690
72.47999956	5.55986200	-0.53071690
72.55999956	5.47105300	-0.44282360
72.63999956	5.55986200	-0.35493030
72.71999956	5.55986200	-0.35493030
72.79999956	5.55986200	-0.35493030
72.87999956	5.55986200	-0.26734220
72.95999956	5.55986200	-0.17944880
73.03999956	5.55986200	-0.17944880
73.11999956	5.55986200	-0.09155553
73.19999956	5.55986200	-0.09155553
73.27999955	5.55986200	-0.09155553
73.35999955	5.55986200	-0.00366222
73.43999955	5.55986200	-0.00366222
73.51999955	5.55986200	0.08392590
73.59999955	5.55986200	0.08392590
73.67999955	5.55986200	0.17151400
73.75999955	5.64836500	0.17151400
73.83999955	5.55986200	0.17151400
73.91999955	5.64836500	0.25940730
73.99999955	5.64836500	0.34730060
74.07999955	5.55986200	0.34730060
74.15999955	5.64836500	0.43519400
74.23999955	5.64836500	0.52278210
74.31999955	5.64836500	0.52278210
74.39999955	5.64836500	0.52278210
74.47999955	5.64836500	0.61067540
74.55999955	5.64836500	0.61067540
74.63999955	5.64836500	0.69856870
74.71999955	5.64836500	0.69856870
74.79999955	5.64836500	0.69856870
74.87999954	5.64836500	0.78646200
74.95999954	5.64836500	0.78646200
75.03999954	5.64836500	0.87405010
75.11999954	5.64836500	0.87405010
75.19999954	5.64836500	0.87405010
75.27999954	5.64836500	0.96194340
75.35999954	5.64836500	1.04983700
75.43999954	5.64836500	1.04983700
75.51999954	5.64836500	1.04983700
75.59999954	5.64836500	1.04983700
75.67999954	5.64836500	1.13773000
75.75999954	5.64836500	1.13773000
75.83999954	5.64836500	1.22531800
75.91999954	5.64836500	1.22531800
75.99999954	5.64836500	1.31321100
76.07999954	5.64836500	1.31321100
76.15999954	5.64836500	1.40110500
76.23999954	5.64836500	1.40110500
76.31999954	5.64836500	1.40110500
76.39999954	5.64836500	1.48899800
76.47999954	5.64836500	1.48899800
76.55999953	5.73717500	1.57689100
76.63999953	5.64836500	1.57689100
76.71999953	5.73717500	1.57689100
76.79999953	5.73717500	1.66447900
76.87999953	5.73717500	1.66447900
76.95999953	5.73717500	1.75237300
77.03999953	5.73717500	1.75237300
77.11999953	5.73717500	1.75237300
77.19999953	5.73717500	1.84026600
77.27999953	5.73717500	1.84026600
77.35999953	5.73717500	1.92815900
77.43999953	5.73717500	1.92815900
77.51999953	5.73717500	1.92815900
77.59999953	5.73717500	2.01574800
77.67999953	5.73717500	2.01574800
77.75999953	5.82567800	2.01574800
77.83999953	5.73717500	2.10364100
77.91999953	5.73717500	2.10364100
77.99999953	5.73717500	2.10364100
78.07999953	5.73717500	2.19153400
78.15999952	5.82567800	2.27942800
78.23999952	5.73717500	2.19153400
78.31999952	5.73717500	2.27942800
78.39999952	5.82567800	2.27942800
78.47999952	5.82567800	2.36701600
78.55999952	5.73717500	2.36701600
78.63999952	5.82567800	2.36701600
78.71999952	5.82567800	2.45490900
78.79999952	5.82567800	2.45490900
78.87999952	5.82567800	2.45490900
78.95999952	5.73717500	2.45490900
79.03999952	5.73717500	2.45490900
79.11999952	5.82567800	2.54280200
79.19999952	5.82567800	2.54280200
79.27999952	5.82567800	2.63069600
79.35999952	5.82567800	2.63069600
79.43999952	5.82567800	2.63069600
79.51999952	5.82567800	2.71828400
79.59999952	5.82567800	2.71828400
79.67999952	5.82567800	2.71828400
79.75999952	5.82567800	2.71828400
79.83999951	5.82567800	2.80617700
79.91999951	5.82567800	2.80617700
79.99999951	5.82567800	2.80617700
80.07999951	5.82567800	2.80617700
80.15999951	5.82567800	2.80617700
80.23999951	5.82567800	2.89407000
80.31999951	5.82567800	2.89407000
80.39999951	5.82567800	2.89407000
80.47999951	5.82567800	2.98196400
80.55999951	5.82567800	2.98196400
80.63999951	5.82567800	2.98196400
80.71999951	5.82567800	2.98196400
80.79999951	5.82567800	2.98196400
80.87999951	5.82567800	3.06985700
80.95999951	5.82567800	3.06985700
81.03999951	5.82567800	3.06985700
81.11999951	5.82567800	3.15744500
81.19999951	5.82567800	3.15744500
81.27999951	5.82567800	3.15744500
81.35999951	5.82567800	3.15744500
81.43999951	5.82567800	3.15744500
81.51999950	5.82567800	3.24533800
81.59999950	5.82567800	3.24533800
81.67999950	5.82567800	3.24533800
81.75999950	5.82567800	3.24533800
81.83999950	5.82567800	3.24533800
81.91999950	5.82567800	3.24533800
81.99999950	5.82567800	3.33323200
82.07999950	5.82567800	3.33323200
82.15999950	5.82567800	3.33323200
82.23999950	5.82567800	3.33323200
82.31999950	5.91448700	3.42112500
82.39999950	5.82567800	3.42112500
82.47999950	5.82567800	3.42112500
82.55999950	5.82567800	3.33323200
82.63999950	5.82567800	3.42112500
82.71999950	5.82567800	3.42112500
82.79999950	5.91448700	3.42112500
82.87999950	5.82567800	3.50871300
82.95999950	5.91448700	3.42112500
83.03999950	5.91448700	3.50871300
83.11999949	5.82567800	3.42112500
83.19999949	5.91448700	3.50871300
83.27999949	5.91448700	3.42112500
83.35999949	5.91448700	3.50871300
83.43999949	5.91448700	3.50871300
83.51999949	5.91448700	3.50871300
83.59999949	5.82567800	3.50871300
83.67999949	5.82567800	3.50871300
83.75999949	5.82567800	3.50871300
83.83999949	5.82567800	3.50871300
83.91999949	5.91448700	3.50871300
83.99999949	5.82567800	3.50871300
84.07999949	5.91448700	3.50871300
84.15999949	5.91448700	3.50871300
84.23999949	5.91448700	3.50871300
84.31999949	5.91448700	3.50871300
84.39999949	5.91448700	3.50871300
84.47999949	5.91448700	3.50871300
84.55999949	5.91448700	3.50871300
84.63999949	5.82567800	3.50871300
84.71999949	5.91448700	3.50871300
84.79999948	5.91448700	3.50871300
84.87999948	5.82567800	3.50871300
84.95999948	5.91448700	3.50871300
85.03999948	5.91448700	3.50871300
85.11999948	5.91448700	3.50871300
85.19999948	5.82567800	3.50871300
85.27999948	5.91448700	3.50871300
85.35999948	5.82567800	3.50871300
85.43999948	5.82567800	3.50871300
85.51999948	5.91448700	3.50871300
85.59999948	5.82567800	3.50871300
85.67999948	5.82567800	3.50871300
85.75999948	5.91448700	3.50871300
85.83999948	5.82567800	3.50871300
85.91999948	5.91448700	3.50871300
85.99999948	5.82567800	3.50871300
86.07999948	5.91448700	3.50871300
86.15999948	5.91448700	3.50871300
86.23999948	5.91448700	3.50871300
86.31999948	5.91448700	3.50871300
86.39999947	5.91448700	3.50871300
86.47999947	5.82567800	3.42112500
86.55999947	5.91448700	3.50871300
86.63999947	5.91448700	3.42112500
86.71999947	5.82567800	3.42112500
86.79999947	5.82567800	3.42112500
86.87999947	5.91448700	3.42112500
86.95999947	5.82567800	3.42112500
87.03999947	5.82567800	3.42112500
87.11999947	5.82567800	3.33323200
87.19999947	5.82567800	3.33323200
87.27999947	5.91448700	3.42112500
87.35999947	5.91448700	3.42112500
87.43999947	5.91448700	3.33323200
87.51999947	5.82567800	3.33323200
87.59999947	5.82567800	3.33323200
87.67999947	5.82567800	3.33323200
87.75999947	5.91448700	3.24533800
87.83999947	5.91448700	3.33323200
87.91999947	5.82567800	3.24533800
87.99999947	5.82567800	3.24533800
88.07999946	5.82567800	3.24533800
88.15999946	5.82567800	3.24533800
88.23999946	5.91448700	3.24533800
88.31999946	5.82567800	3.15744500
88.39999946	5.82567800	3.15744500
88.47999946	5.82567800	3.15744500
88.55999946	5.82567800	3.15744500
88.63999946	5.82567800	3.06985700
88.71999946	5.82567800	3.06985700
88.79999946	5.82567800	3.06985700
88.87999946	5.82567800	3.06985700
88.95999946	5.82567800	2.98196400
89.03999946	5.82567800	2.98196400
89.11999946	5.82567800	2.98196400
89.19999946	5.82567800	2.98196400
89.27999946	5.82567800	2.98196400
89.35999946	5.82567800	2.98196400
89.43999946	5.82567800	2.89407000
89.51999946	5.82567800	2.89407000
89.59999946	5.82567800	2.89407000
89.67999945	5.82567800	2.89407000
89.75999945	5.82567800	2.80617700
89.83999945	5.82567800	2.80617700
89.91999945	5.82567800	2.80617700
89.99999945	5.82567800	2.80617700
90.07999945	5.82567800	2.80617700
90.15999945	5.82567800	2.80617700
90.23999945	5.82567800	2.80617700
90.31999945	5.82567800	2.71828400
90.39999945	5.82567800	2.71828400
90.47999945	5.82567800	2.71828400
90.55999945	5.82567800	2.63069600
90.63999945	5.82567800	2.63069600
90.71999945	5.82567800	2.63069600
90.79999945	5.82567800	2.63069600
90.87999945	5.73717500	2.54280200
90.95999945	5.82567800	2.54280200
91.03999945	5.82567800	2.45490900
91.11999945	5.82567800	2.54280200
91.19999945	5.73717500	2.45490900
91.27999945	5.82567800	2.45490900
91.35999944	5.82567800	2.45490900
91.43999944	5.73717500	2.45490900
91.51999944	5.73717500	2.45490900
91.59999944	5.82567800	2.36701600
91.67999944	5.73717500	2.36701600
91.75999944	5.82567800	2.27942800
91.83999944	5.73717500	2.27942800
91.91999944	5.73717500	2.27942800
91.99999944	5.73717500	2.27942800
92.07999944	5.73717500	2.19153400
92.15999944	5.73717500	2.19153400
92.23999944	5.82567800	2.19153400
92.31999944	5.73717500	2.10364100
92.39999944	5.73717500	2.10364100
92.47999944	5.64836500	2.10364100
92.55999944	5.64836500	2.10364100
92.63999944	5.73717500	2.01574800
92.71999944	5.73717500	2.01574800
92.79999944	5.73717500	2.01574800
92.87999944	5.73717500	2.01574800
92.95999944	5.64836500	2.01574800
93.03999943	5.64836500	1.92815900
93.11999943	5.73717500	1.92815900
93.19999943	5.64836500	1.92815900
93.27999943	5.64836500	1.84026600
93.35999943	5.64836500	1.84026600
93.43999943	5.64836500	1.84026600
93.51999943	5.64836500	1.75237300
93.59999943	5.64836500	1.75237300
93.67999943	5.64836500	1.75237300
93.75999943	5.64836500	1.75237300
93.83999943	5.64836500	1.66447900
93.91999943	5.64836500	1.66447900
93.99999943	5.64836500	1.66447900
94.07999943	5.64836500	1.57689100
94.15999943	5.55986200	1.57689100
94.23999943	5.55986200	1.57689100
94.31999943	5.55986200	1.57689100
94.39999943	5.55986200	1.48899800
94.47999943	5.55986200	1.48899800
94.55999943	5.47105300	1.48899800
94.63999942	5.20523700	1.40110500
94.71999942	4.67329900	1.40110500
94.79999942	4.40717800	1.40110500
94.87999942	4.31867400	1.40110500
94.95999942	4.31867400	1.40110500
95.03999942	4.31867400	1.31321100
95.11999942	4.22986600	1.31321100
95.19999942	4.31867400	1.31321100
95.27999942	4.31867400	1.31321100
95.35999942	4.22986600	1.22531800
95.43999942	4.31867400	1.22531800
95.51999942	4.22986600	1.13773000
95.59999942	4.31867400	1.13773000
95.67999942	4.31867400	1.04983700
95.75999942	4.22986600	1.04983700
95.83999942	4.31867400	1.04983700
95.91999942	4.22986600	1.04983700
95.99999942	4.31867400	0.96194340
96.07999942	4.31867400	0.96194340
96.15999942	4.22986600	1.04983700
96.23999942	4.22986600	0.96194340
96.31999941	4.22986600	0.87405010
96.39999941	4.22986600	0.87405010
96.47999941	4.22986600	0.87405010
96.55999941	4.22986600	0.78646200
96.63999941	4.31867400	0.78646200
96.71999941	4.22986600	0.78646200
96.79999941	4.22986600	0.69856870
96.87999941	4.22986600	0.69856870
96.95999941	4.22986600	0.69856870
97.03999941	4.22986600	0.69856870
97.11999941	4.22986600	0.61067540
97.19999941	4.22986600	0.61067540
97.27999941	4.22986600	0.61067540
97.35999941	4.22986600	0.61067540
97.43999941	4.22986600	0.52278210
97.51999941	4.22986600	0.52278210
97.59999941	4.22986600	0.52278210
97.67999941	4.22986600	0.43519400
97.75999941	4.22986600	0.43519400
97.83999941	4.22986600	0.43519400
97.91999940	4.22986600	0.34730060
97.99999940	4.22986600	0.34730060
98.07999940	4.22986600	0.34730060
98.15999940	4.22986600	0.25940730
98.23999940	4.22986600	0.25940730
98.31999940	4.31867400	0.25940730
98.39999940	4.22986600	0.25940730
98.47999940	4.22986600	0.17151400
98.55999940	4.22986600	0.08392590
98.63999940	4.22986600	0.08392590
98.71999940	4.22986600	0.08392590
98.79999940	4.22986600	0.08392590
98.87999940	4.22986600	-0.00366222
98.95999940	4.22986600	-0.00366222
99.03999940	4.22986600	-0.00366222
99.11999940	4.22986600	-0.00366222
99.19999940	4.22986600	-0.00366222
99.27999940	4.22986600	-0.09155553
99.35999940	4.22986600	-0.09155553
99.43999940	4.22986600	-0.09155553
99.51999940	4.22986600	-0.17944880
99.59999939	4.22986600	-0.17944880
99.67999939	4.22986600	-0.26734220
99.75999939	4.22986600	-0.26734220
99.83999939	4.22986600	-0.26734220
99.91999939	4.31867400	-0.26734220
99.99999939	4.22986600	-0.35493030
100.07999939	3.69792800	-0.35493030
100.15999939	1.92480200	-0.35493030
100.23999939	0.94943080	-0.44282360
100.31999939	0.68361460	-0.44282360
100.39999939	0.68361460	-0.44282360
100.47999939	0.68361460	-0.44282360
100.55999939	0.68361460	-0.53071690
100.63999939	0.68361460	-0.53071690
100.71999939	0.68361460	-0.53071690
100.79999939	0.68361460	-0.61861020
100.87999939	0.68361460	-0.61861020
100.95999939	0.68361460	-0.70619830
101.03999939	0.68361460	-0.70619830
101.11999939	0.68361460	-0.70619830
101.19999938	0.68361460	-0.79409160
101.27999938	0.77211830	-0.79409160
101.35999938	0.68361460	-0.79409160
101.43999938	0.77211830	-0.88198490
101.51999938	0.77211830	-0.88198490
101.59999938	0.77211830	-0.96987830
101.67999938	0.77211830	-0.96987830
101.75999938	0.77211830	-0.96987830
101.83999938	0.77211830	-1.05746600
101.91999938	0.77211830	-1.05746600
101.99999938	0.77211830	-1.05746600
102.07999938	0.77211830	-1.05746600
102.15999938	0.77211830	-1.14536000
102.23999938	0.77211830	-1.14536000
102.31999938	0.77211830	-1.23325300
102.39999938	0.77211830	-1.23325300
102.47999938	0.77211830	-1.32114600
102.55999938	0.86092720	-1.32114600
102.63999938	0.77211830	-1.32114600
102.71999938	0.86092720	-1.32114600
102.79999938	0.86092720	-1.40904000
102.87999937	0.77211830	-1.40904000
102.95999937	0.77211830	-1.40904000
103.03999937	0.86092720	-1.49662800
103.11999937	0.86092720	-1.49662800
103.19999937	0.86092720	-1.58452100
103.27999937	0.86092720	-1.58452100
103.35999937	0.86092720	-1.58452100
103.43999937	0.86092720	-1.67241400
103.51999937	0.86092720	-1.76030800
103.59999937	0.86092720	-1.76030800
103.67999937	0.86092720	-1.76030800
103.75999937	0.86092720	-1.84789600
103.83999937	0.86092720	-1.84789600
103.91999937	0.86092720	-1.84789600
103.99999937	0.86092720	-1.93578900
104.07999937	0.86092720	-1.93578900
104.15999937	0.86092720	-1.93578900
104.23999937	0.86092720	-2.02368200
104.31999937	0.86092720	-2.11157600
104.39999937	0.86092720	-2.11157600
104.47999937	0.86092720	-2.11157600
104.55999936	0.86092720	-2.11157600
104.63999936	0.86092720	-2.19916400
104.71999936	0.86092720	-2.19916400
104.79999936	0.86092720	-2.28705700
104.87999936	0.94943080	-2.28705700
104.95999936	0.86092720	-2.28705700
105.03999936	0.86092720	-2.37495000
105.11999936	0.94943080	-2.37495000
105.19999936	0.86092720	-2.46284400
105.27999936	0.86092720	-2.46284400
105.35999936	0.86092720	-2.46284400
105.43999936	0.86092720	-2.55043200
105.51999936	0.86092720	-2.55043200
105.59999936	0.86092720	-2.63832500
105.67999936	0.94943080	-2.63832500
105.75999936	0.94943080	-2.72621800
105.83999936	0.94943080	-2.72621800
105.91999936	0.94943080	-2.81411200
105.99999936	0.94943080	-2.81411200
106.07999936	0.86092720	-2.81411200
106.15999935	0.94943080	-2.81411200
106.23999935	0.94943080	-2.90200500
106.31999935	0.94943080	-2.90200500
106.39999935	0.94943080	-2.90200500
106.47999935	0.86092720	-2.98959300
106.55999935	0.94943080	-2.98959300
106.63999935	0.94943080	-2.98959300
106.71999935	0.94943080	-3.07748700
106.79999935	0.94943080	-3.07748700
106.87999935	0.94943080	-3.16538000
106.95999935	0.86092720	-3.16538000
107.03999935	0.94943080	-3.16538000
107.11999935	0.94943080	-3.16538000
107.19999935	0.94943080	-3.25327300
107.27999935	0.94943080	-3.34086100
107.35999935	0.94943080	-3.34086100
107.43999935	0.94943080	-3.25327300
107.51999935	0.94943080	-3.34086100
107.59999935	0.94943080	-3.42875500
107.67999935	0.94943080	-3.42875500
107.75999935	0.94943080	-3.42875500
107.83999934	0.94943080	-3.51664800
107.91999934	0.94943080	-3.51664800
107.99999934	0.94943080	-3.51664800
108.07999934	0.94943080	-3.51664800
108.15999934	1.03824000	-3.60454100
108.23999934	0.94943080	-3.60454100
108.31999934	0.94943080	-3.69212900
108.39999934	0.94943080	-3.69212900
108.47999934	0.94943080	-3.69212900
108.55999934	0.94943080	-3.78002300
108.63999934	0.94943080	-3.78002300
108.71999934	0.94943080	-3.78002300
108.79999934	0.94943080	-3.86791600
108.87999934	0.94943080	-3.86791600
108.95999934	0.94943080	-3.86791600
109.03999934	0.94943080	-3.86791600
109.11999934	0.94943080	-3.86791600
109.19999934	0.94943080	-3.86791600
109.27999934	0.94943080	-3.95580900
109.35999934	0.94943080	-3.95580900
109.43999933	0.94943080	-4.04339700
109.51999933	0.94943080	-4.04339700
109.59999933	0.94943080	-4.04339700
109.67999933	0.94943080	-4.04339700
109.75999933	0.94943080	-4.04339700
109.83999933	0.94943080	-4.13129000
109.91999933	0.94943080	-4.04339700
109.99999933	0.94943080	-4.13129000
110.07999933	1.03824000	-4.13129000
110.15999933	0.94943080	-4.21918400
110.23999933	0.94943080	-4.21918400
110.31999933	0.94943080	-4.21918400
110.39999933	0.94943080	-4.21918400
110.47999933	0.94943080	-4.21918400
110.55999933	0.94943080	-4.21918400
110.63999933	0.94943080	-4.21918400
110.71999933	0.94943080	-4.21918400
110.79999933	0.94943080	-4.21918400
110.87999933	1.03824000	-4.30707700
110.95999933	0.94943080	-4.30707700
111.03999933	0.94943080	-4.30707700
111.11999932	0.94943080	-4.30707700
111.19999932	0.94943080	-4.30707700
111.27999932	0.94943080	-4.30707700
111.35999932	0.94943080	-4.39497000
111.43999932	0.94943080	-4.39497000
111.51999932	0.94943080	-4.39497000
111.59999932	0.94943080	-4.39497000
111.67999932	0.94943080	-4.39497000
111.75999932	0.94943080	-4.39497000
111.83999932	0.94943080	-4.39497000
111.91999932	0.94943080	-4.39497000
111.99999932	0.94943080	-4.48255900
112.07999932	0.94943080	-4.39497000
112.15999932	0.94943080	-4.39497000
112.23999932	0.94943080	-4.39497000
112.31999932	0.94943080	-4.39497000
112.39999932	0.94943080	-4.39497000
112.47999932	0.94943080	-4.48255900
112.55999932	0.94943080	-4.48255900
112.63999932	0.94943080	-4.39497000
112.71999931	0.94943080	-4.48255900
112.79999931	0.94943080	-4.48255900
112.87999931	0.94943080	-4.39497000
112.95999931	0.86092720	-4.39497000
113.03999931	0.94943080	-4.39497000
113.11999931	0.94943080	-4.39497000
113.19999931	0.94943080	-4.39497000
113.27999931	0.94943080	-4.39497000
113.35999931	0.94943080	-4.39497000
113.43999931	0.94943080	-4.39497000
113.51999931	0.94943080	-4.39497000
113.59999931	0.86092720	-4.39497000
113.67999931	0.94943080	-4.39497000
113.75999931	0.94943080	-4.39497000
113.83999931	0.94943080	-4.39497000
113.91999931	0.86092720	-4.30707700
113.99999931	0.86092720	-4.30707700
114.07999931	0.86092720	-4.30707700
114.15999931	0.86092720	-4.30707700
114.23999931	0.94943080	-4.30707700
114.31999931	0.86092720	-4.21918400
114.39999930	0.86092720	-4.21918400
114.47999930	0.86092720	-4.21918400
114.55999930	0.94943080	-4.21918400
114.63999930	0.94943080	-4.21918400
114.71999930	0.94943080	-4.21918400
114.79999930	0.86092720	-4.21918400
114.87999930	0.86092720	-4.13129000
114.95999930	0.86092720	-4.13129000
115.03999930	0.86092720	-4.13129000
115.11999930	0.94943080	-4.13129000
115.19999930	0.86092720	-4.13129000
115.27999930	0.86092720	-4.13129000
115.35999930	0.86092720	-4.04339700
115.43999930	0.86092720	-4.04339700
115.51999930	0.86092720	-4.04339700
115.59999930	0.86092720	-4.04339700
115.67999930	0.86092720	-3.95580900
115.75999930	0.86092720	-3.86791600
115.83999930	0.86092720	-3.86791600
115.91999930	0.86092720	-3.86791600
115.99999930	0.86092720	-3.86791600
116.07999929	0.86092720	-3.86791600
116.15999929	0.86092720	-3.78002300
116.23999929	0.86092720	-3.78002300
116.31999929	0.86092720	-3.78002300
116.39999929	0.86092720	-3.69212900
116.47999929	0.86092720	-3.69212900
116.55999929	0.86092720	-3.69212900
116.63999929	0.86092720	-3.69212900
116.71999929	0.86092720	-3.51664800
116.79999929	0.86092720	-3.51664800
116.87999929	0.86092720	-3.51664800
116.95999929	0.86092720	-3.51664800
117.03999929	0.86092720	-3.51664800
117.11999929	0.86092720	-3.42875500
117.19999929	0.86092720	-3.42875500
117.27999929	0.86092720	-3.34086100
117.35999929	0.86092720	-3.34086100
117.43999929	0.86092720	-3.34086100
117.51999929	0.86092720	-3.25327300
117.59999929	0.86092720	-3.16538000
117.67999928	0.86092720	-3.16538000
117.75999928	0.86092720	-3.16538000
117.83999928	0.86092720	-3.16538000
117.91999928	0.86092720	-3.16538000
117.99999928	0.86092720	-3.07748700
118.07999928	0.86092720	-2.98959300
118.15999928	0.86092720	-2.98959300
118.23999928	0.86092720	-2.90200500
118.31999928	0.86092720	-2.90200500
118.39999928	0.86092720	-2.90200500
118.47999928	0.86092720	-2.81411200
118.55999928	0.86092720	-2.81411200
118.63999928	0.86092720	-2.72621800
118.71999928	0.86092720	-2.72621800
118.79999928	0.86092720	-2.63832500
118.87999928	0.86092720	-2.63832500
118.95999928	0.77211830	-2.63832500
119.03999928	0.86092720	-2.55043200
119.11999928	0.86092720	-2.46284400
119.19999928	0.77211830	-2.46284400
119.27999928	0.77211830	-2.46284400
119.35999927	0.86092720	-2.37495000
119.43999927	0.86092720	-2.28705700
119.51999927	0.86092720	-2.28705700
119.59999927	0.86092720	-2.19916400
119.67999927	0.77211830	-2.19916400
119.75999927	0.77211830	-2.19916400
119.83999927	0.77211830	-2.11157600
119.91999927	0.77211830	-2.11157600
119.99999927	0.77211830	-2.02368200
120.07999927	0.77211830	-1.93578900
120.15999927	0.77211830	-1.93578900
120.23999927	0.77211830	-1.93578900
120.31999927	0.77211830	-1.84789600
120.39999927	0.77211830	-1.76030800
120.47999927	0.77211830	-1.76030800
120.55999927	0.77211830	-1.76030800
120.63999927	0.77211830	-1.67241400
120.71999927	0.77211830	-1.58452100
120.79999927	0.77211830	-1.58452100
120.87999927	0.77211830	-1.49662800
120.95999926	0.77211830	-1.49662800
121.03999926	0.77211830	-1.40904000
121.11999926	0.77211830	-1.40904000
121.19999926	0.68361460	-1.40904000
121.27999926	0.77211830	-1.32114600
121.35999926	0.77211830	-1.32114600
121.43999926	0.77211830	-1.23325300
121.51999926	0.77211830	-1.23325300
121.59999926	0.68361460	-1.14536000
121.67999926	0.77211830	-1.05746600
121.75999926	0.77211830	-1.05746600
121.83999926	0.77211830	-1.05746600
121.91999926	0.77211830	-0.96987830
121.99999926	0.77211830	-0.88198490
122.07999926	0.77211830	-0.79409160
122.15999926	0.68361460	-0.79409160
122.23999926	0.77211830	-0.79409160
122.31999926	0.77211830	-0.70619830
122.39999926	0.77211830	-0.61861020
122.47999926	0.68361460	-0.61861020
122.55999926	0.68361460	-0.53071690
122.63999925	0.68361460	-0.53071690
122.71999925	0.77211830	-0.44282360
122.79999925	0.68361460	-0.35493030
122.87999925	0.68361460	-0.35493030
122.95999925	0.68361460	-0.26734220
123.03999925	0.68361460	-0.26734220
123.11999925	0.68361460	-0.17944880
123.19999925	0.68361460	-0.09155553
123.27999925	0.68361460	-0.09155553
123.35999925	0.68361460	-0.09155553
123.43999925	0.68361460	-0.00366222
123.51999925	0.68361460	-0.00366222
123.59999925	0.68361460	0.08392590
123.67999925	0.68361460	0.17151400
123.75999925	0.68361460	0.17151400
123.83999925	0.68361460	0.25940730
123.91999925	0.68361460	0.34730060
123.99999925	0.68361460	0.34730060
124.07999925	0.68361460	0.43519400
124.15999925	0.68361460	0.52278210
124.23999924	0.68361460	0.52278210
124.31999924	0.68361460	0.61067540
124.39999924	0.68361460	0.61067540
124.47999924	0.68361460	0.69856870
124.55999924	0.68361460	0.69856870
124.63999924	0.68361460	0.78646200
124.71999924	0.68361460	0.78646200
124.79999924	0.68361460	0.87405010
124.87999924	0.68361460	0.87405010
124.95999924	0.59480580	0.96194340
125.03999924	0.68361460	1.04983700
125.11999924	0.68361460	1.04983700
125.19999924	0.68361460	1.04983700
125.27999924	0.68361460	1.13773000
125.35999924	0.68361460	1.22531800
125.43999924	0.68361460	1.22531800
125.51999924	0.59480580	1.31321100
125.59999924	0.59480580	1.40110500
125.67999924	0.59480580	1.40110500
125.75999924	0.59480580	1.40110500
125.83999924	0.59480580	1.48899800
125.91999923	0.59480580	1.57689100
125.99999923	0.59480580	1.57689100
126.07999923	0.59480580	1.66447900
126.15999923	0.59480580	1.66447900
126.23999923	0.59480580	1.75237300
126.31999923	0.50630210	1.84026600
126.39999923	0.50630210	1.84026600
126.47999923	0.41749320	1.92815900
126.55999923	0.50630210	1.92815900
126.63999923	0.50630210	2.01574800
126.71999923	0.50630210	2.01574800
126.79999923	0.50630210	2.10364100
126.87999923	0.50630210	2.19153400
126.95999923	0.50630210	2.19153400
127.03999923	0.50630210	2.19153400
127.11999923	0.50630210	2.27942800
127.19999923	0.59480580	2.27942800
127.27999923	0.50630210	2.36701600
127.35999923	0.50630210	2.45490900
127.43999923	0.59480580	2.45490900
127.51999923	0.59480580	2.45490900
127.59999922	0.50630210	2.54280200
127.67999922	0.59480580	2.63069600
127.75999922	0.50630210	2.63069600
127.83999922	0.59480580	2.63069600
127.91999922	0.59480580	2.63069600
127.99999922	0.59480580	2.80617700
128.07999922	0.59480580	2.80617700
128.15999922	0.59480580	2.80617700
128.23999922	0.50630210	2.80617700
128.31999922	0.59480580	2.89407000
128.39999922	0.59480580	2.98196400
128.47999922	0.59480580	2.98196400
128.55999922	0.50630210	2.98196400
128.63999922	0.50630210	3.06985700
128.71999922	0.59480580	3.15744500
128.79999922	0.59480580	3.15744500
128.87999922	0.59480580	3.15744500
128.95999922	0.50630210	3.24533800
129.03999922	0.59480580	3.24533800
129.11999922	0.59480580	3.33323200
129.19999921	0.59480580	3.33323200
129.27999921	0.59480580	3.42112500
129.35999921	0.59480580	3.42112500
129.43999921	0.59480580	3.42112500
129.51999921	0.59480580	3.50871300
129.59999921	0.59480580	3.50871300
129.67999921	0.59480580	3.50871300
129.75999921	0.59480580	3.59660600
129.83999921	0.59480580	3.59660600
129.91999921	0.59480580	3.68450000
129.99999921	0.59480580	3.68450000
130.07999921	0.59480580	3.68450000
130.15999921	0.59480580	3.77239300
130.23999921	0.59480580	3.77239300
130.31999921	0.59480580	3.85998100
130.39999921	0.59480580	3.85998100
130.47999921	0.59480580	3.85998100
130.55999921	0.59480580	3.94787400
130.63999921	0.59480580	3.94787400
130.71999921	0.59480580	4.03576800
130.79999921	0.59480580	4.03576800
130.87999920	0.59480580	4.03576800
130.95999920	0.59480580	4.12366100
131.03999920	0.59480580	4.12366100
131.11999920	0.59480580	4.12366100
131.19999920	0.59480580	4.12366100
131.27999920	0.59480580	4.21124900
131.35999920	0.59480580	4.21124900
131.43999920	0.59480580	4.21124900
131.51999920	0.59480580	4.21124900
131.59999920	0.59480580	4.29914200
131.67999920	0.59480580	4.29914200
131.75999920	0.59480580	4.38703600
131.83999920	0.59480580	4.38703600
131.91999920	0.59480580	4.38703600
131.99999920	0.59480580	4.38703600
132.07999920	0.59480580	4.38703600
132.15999920	0.59480580	4.47492900
132.23999920	0.59480580	4.47492900
132.31999920	0.59480580	4.56282200
132.39999920	0.68361460	4.56282200
132.47999919	0.68361460	4.56282200
132.55999919	0.59480580	4.56282200
132.63999919	0.68361460	4.56282200
132.71999919	0.59480580	4.56282200
132.79999919	0.68361460	4.65041100
132.87999919	0.59480580	4.65041100
132.95999919	0.68361460	4.65041100
133.03999919	0.68361460	4.73830400
133.11999919	0.68361460	4.73830400
133.19999919	0.68361460	4.65041100
133.27999919	0.68361460	4.65041100
133.35999919	0.68361460	4.82619700
133.43999919	0.59480580	4.73830400
133.51999919	0.68361460	4.82619700
133.59999919	0.68361460	4.82619700
133.67999919	0.68361460	4.82619700
133.75999919	0.68361460	4.82619700
133.83999919	0.59480580	4.82619700
133.91999919	0.68361460	4.82619700
133.99999919	0.68361460	4.82619700
134.07999919	0.68361460	4.91409000
134.15999918	0.59480580	4.82619700
134.23999918	0.68361460	4.91409000
134.31999918	0.68361460	4.91409000
134.39999918	0.68361460	4.91409000
134.47999918	0.68361460	4.91409000
134.55999918	0.68361460	4.91409000
134.63999918	0.68361460	4.91409000
134.71999918	0.68361460	4.91409000
134.79999918	0.68361460	4.91409000
134.87999918	0.68361460	4.91409000
134.95999918	0.68361460	4.91409000
135.03999918	0.68361460	4.91409000
135.11999918	0.68361460	4.91409000
135.19999918	0.68361460	4.91409000
135.27999918	0.68361460	4.91409000
135.35999918	0.68361460	4.91409000
135.43999918	0.68361460	4.91409000
135.51999918	0.68361460	4.91409000
135.59999918	0.68361460	4.91409000
135.67999918	0.68361460	4.91409000
135.75999917	0.68361460	4.91409000
135.83999917	0.68361460	4.91409000
135.91999917	0.68361460	4.91409000
135.99999917	0.68361460	4.91409000
136.07999917	0.68361460	4.91409000
136.15999917	0.68361460	4.91409000
136.23999917	0.68361460	4.91409000
136.31999917	0.68361460	4.91409000
136.39999917	0.68361460	4.91409000
136.47999917	0.68361460	4.82619700
136.55999917	0.68361460	4.82619700
136.63999917	0.68361460	4.82619700
136.71999917	0.68361460	4.82619700
136.79999917	0.68361460	4.82619700
136.87999917	0.68361460	4.82619700
136.95999917	0.68361460	4.82619700
137.03999917	0.68361460	4.82619700
137.11999917	0.68361460	4.82619700
137.19999917	0.68361460	4.73830400
137.27999917	0.68361460	4.73830400
137.35999917	0.68361460	4.73830400
137.43999916	0.68361460	4.73830400
137.51999916	0.68361460	4.65041100
137.59999916	0.68361460	4.73830400
137.67999916	0.68361460	4.65041100
137.75999916	0.68361460	4.65041100
137.83999916	0.68361460	4.65041100
137.91999916	0.68361460	4.56282200
137.99999916	0.68361460	4.56282200
138.07999916	0.68361460	4.56282200
138.15999916	0.68361460	4.56282200
138.23999916	0.68361460	4.47492900
138.31999916	0.68361460	4.47492900
138.39999916	0.68361460	4.47492900
138.47999916	0.68361460	4.38703600
138.55999916	0.68361460	4.38703600
138.63999916	0.68361460	4.38703600
138.71999916	0.68361460	4.38703600
138.79999916	0.68361460	4.38703600
138.87999916	0.68361460	4.38703600
138.95999916	0.68361460	4.29914200
139.03999915	0.68361460	4.21124900
139.11999915	0.59480580	4.21124900
139.19999915	0.68361460	4.21124900
139.27999915	0.68361460	4.21124900
139.35999915	0.68361460	4.21124900
139.43999915	0.68361460	4.21124900
139.51999915	0.68361460	4.12366100
139.59999915	0.68361460	4.12366100
139.67999915	0.68361460	4.12366100
139.75999915	0.68361460	4.03576800
139.83999915	0.68361460	4.03576800
139.91999915	0.68361460	4.03576800
139.99999915	0.68361460	3.94787400
140.07999915	0.68361460	3.94787400
140.15999915	0.68361460	3.94787400
140.23999915	0.68361460	3.85998100
140.31999915	0.68361460	3.85998100
140.39999915	0.59480580	3.85998100
140.47999915	0.59480580	3.85998100
140.55999915	0.68361460	3.77239300
140.63999915	0.68361460	3.68450000
140.71999914	0.59480580	3.68450000
140.79999914	0.68361460	3.68450000
140.87999914	0.68361460	3.68450000
140.95999914	0.59480580	3.59660600
141.03999914	0.68361460	3.59660600
141.11999914	0.59480580	3.59660600
141.19999914	0.59480580	3.50871300
141.27999914	0.68361460	3.50871300
141.35999914	0.59480580	3.42112500
141.43999914	0.59480580	3.42112500
141.51999914	0.59480580	3.42112500
141.59999914	0.59480580	3.42112500
141.67999914	0.59480580	3.33323200
141.75999914	0.59480580	3.33323200
141.83999914	0.59480580	3.24533800
141.91999914	0.59480580	3.24533800
141.99999914	0.59480580	3.24533800
142.07999914	0.50630210	3.15744500
142.15999914	0.50630210	3.15744500
142.23999914	0.50630210	3.06985700
142.31999914	0.50630210	3.06985700
142.39999913	0.50630210	2.98196400
142.47999913	0.50630210	2.98196400
142.55999913	0.50630210	2.98196400
142.63999913	0.50630210	2.89407000
142.71999913	0.50630210	2.89407000
142.79999913	0.41749320	2.80617700
142.87999913	0.41749320	2.80617700
142.95999913	0.41749320	2.80617700
143.03999913	0.32898950	2.71828400
143.11999913	0.41749320	2.71828400
143.19999913	0.32898950	2.63069600
143.27999913	0.32898950	2.63069600
143.35999913	0.32898950	2.63069600
143.43999913	0.32898950	2.54280200
143.51999913	0.32898950	2.54280200
143.59999913	0.24048580	2.45490900
143.67999913	0.24048580	2.45490900
143.75999913	0.24048580	2.36701600
143.83999913	0.24048580	2.36701600
143.91999913	0.24048580	2.36701600
143.99999912	0.24048580	2.27942800
144.07999912	0.15167700	2.27942800
144.15999912	0.15167700	2.27942800
144.23999912	0.15167700	2.19153400
144.31999912	0.15167700	2.10364100
144.39999912	0.15167700	2.10364100
144.47999912	0.15167700	2.01574800
144.55999912	0.15167700	2.01574800
144.63999912	0.06317332	2.01574800
144.71999912	0.06317332	1.92815900
144.79999912	-0.02563555	1.84026600
144.87999912	0.06317332	1.84026600
144.95999912	-0.02563555	1.84026600
145.03999912	-0.02563555	1.75237300
145.11999912	-0.02563555	1.75237300
145.19999912	-0.02563555	1.66447900
145.27999912	-0.11413920	1.66447900
145.35999912	-0.02563555	1.66447900
145.43999912	-0.11413920	1.57689100
145.51999912	-0.11413920	1.57689100
145.59999912	-0.11413920	1.48899800
145.67999911	-0.11413920	1.40110500
145.75999911	-0.11413920	1.40110500
145.83999911	-0.11413920	1.40110500
145.91999911	-0.11413920	1.31321100
145.99999911	-0.20294810	1.31321100
146.07999911	-0.20294810	1.31321100
146.15999911	-0.20294810	1.31321100
146.23999911	-0.29145180	1.22531800
146.31999911	-0.29145180	1.13773000
146.39999911	-0.29145180	1.04983700
146.47999911	-0.29145180	1.04983700
146.55999911	-0.29145180	1.04983700
146.63999911	-0.38026060	1.04983700
146.71999911	-0.29145180	0.96194340
146.79999911	-0.38026060	0.96194340
146.87999911	-0.38026060	0.87405010
146.95999911	-0.29145180	0.78646200
147.03999911	-0.38026060	0.78646200
147.11999911	-0.38026060	0.69856870
147.19999911	-0.38026060	0.69856870
147.27999910	-0.46876430	0.69856870
147.35999910	-0.38026060	0.69856870
147.43999910	-0.46876430	0.69856870
147.51999910	-0.46876430	0.61067540
147.59999910	-0.46876430	0.52278210
147.67999910	-0.46876430	0.52278210
147.75999910	-0.46876430	0.43519400
147.83999910	-0.46876430	0.43519400
147.91999910	-0.46876430	0.34730060
147.99999910	-0.46876430	0.25940730
148.07999910	-0.46876430	0.25940730
148.15999910	-0.46876430	0.17151400
148.23999910	-0.46876430	0.17151400
148.31999910	-0.55757310	0.17151400
148.39999910	-0.46876430	0.08392590
148.47999910	-0.46876430	0.08392590
148.55999910	-0.55757310	-0.00366222
148.63999910	-0.46876430	-0.00366222
148.71999910	-0.46876430	-0.09155553
148.79999910	-0.55757310	-0.09155553
148.87999910	-0.55757310	-0.09155553
148.95999909	-0.55757310	-0.17944880
149.03999909	-0.55757310	-0.26734220
149.11999909	-0.55757310	-0.26734220
149.19999909	-0.55757310	-0.35493030
149.27999909	-0.55757310	-0.35493030
149.35999909	-0.55757310	-0.35493030
149.43999909	-0.55757310	-0.44282360
149.51999909	-0.55757310	-0.44282360
149.59999909	-0.55757310	-0.53071690
149.67999909	-0.55757310	-0.53071690
149.75999909	-0.55757310	-0.53071690
149.83999909	-0.55757310	-0.61861020
149.91999909	-0.55757310	-0.61861020
149.99999909	-0.55757310	-0.70619830
150.07999909	-0.64607690	-0.70619830
150.15999909	-0.55757310	-0.79409160
150.23999909	-0.55757310	-0.79409160
150.31999909	-0.55757310	-0.88198490
150.39999909	-0.64607690	-0.96987830
150.47999909	-0.64607690	-0.96987830
150.55999908	-0.64607690	-1.05746600
150.63999908	-0.64607690	-1.05746600
150.71999908	-0.64607690	-1.05746600
150.79999908	-0.64607690	-1.05746600
150.87999908	-0.64607690	-1.14536000
150.95999908	-0.64607690	-1.23325300
151.03999908	-0.64607690	-1.23325300
151.11999908	-0.64607690	-1.23325300
151.19999908	-0.73488570	-1.32114600
151.27999908	-0.64607690	-1.32114600
151.35999908	-0.64607690	-1.40904000
151.43999908	-0.64607690	-1.40904000
151.51999908	-0.73488570	-1.40904000
151.59999908	-0.64607690	-1.40904000
151.67999908	-0.73488570	-1.49662800
151.75999908	-0.73488570	-1.49662800
151.83999908	-0.73488570	-1.49662800
151.91999908	-0.73488570	-1.58452100
151.99999908	-0.73488570	-1.58452100
152.07999908	-0.73488570	-1.58452100
152.15999908	-0.73488570	-1.67241400
152.23999907	-0.73488570	-1.76030800
152.31999907	-0.64607690	-1.76030800
152.39999907	-0.73488570	-1.76030800
152.47999907	-0.73488570	-1.76030800
152.55999907	-0.73488570	-1.84789600
152.63999907	-0.73488570	-1.93578900
152.71999907	-0.73488570	-1.84789600
152.79999907	-0.73488570	-1.93578900
152.87999907	-0.73488570	-1.93578900
152.95999907	-0.64607690	-2.02368200
153.03999907	-0.73488570	-2.02368200
153.11999907	-0.73488570	-2.11157600
153.19999907	-0.73488570	-2.11157600
153.27999907	-0.73488570	-2.11157600
153.35999907	-0.73488570	-2.11157600
153.43999907	-0.73488570	-2.19916400
153.51999907	-0.73488570	-2.19916400
153.59999907	-0.73488570	-2.19916400
153.67999907	-0.73488570	-2.19916400
153.75999907	-0.73488570	-2.28705700
153.83999907	-0.73488570	-2.28705700
153.91999906	-0.73488570	-2.37495000
153.99999906	-0.73488570	-2.37495000
154.07999906	-0.73488570	-2.37495000
154.15999906	-0.73488570	-2.46284400
154.23999906	-0.73488570	-2.46284400
154.31999906	-0.82338940	-2.46284400
154.39999906	-0.73488570	-2.55043200
154.47999906	-0.73488570	-2.55043200
154.55999906	-0.73488570	-2.55043200
154.63999906	-0.73488570	-2.63832500
154.71999906	-0.73488570	-2.63832500
154.79999906	-0.73488570	-2.63832500
154.87999906	-0.73488570	-2.63832500
154.95999906	-0.82338940	-2.72621800
155.03999906	-0.73488570	-2.72621800
155.11999906	-0.73488570	-2.72621800
155.19999906	-0.73488570	-2.72621800
155.27999906	-0.73488570	-2.81411200
155.35999906	-0.73488570	-2.81411200
155.43999906	-0.73488570	-2.81411200
155.51999905	-0.73488570	-2.81411200
155.59999905	-0.73488570	-2.81411200
155.67999905	-0.73488570	-2.81411200
155.75999905	-0.73488570	-2.90200500
155.83999905	-0.73488570	-2.90200500
155.91999905	-0.82338940	-2.90200500
155.99999905	-0.73488570	-2.98959300
156.07999905	-0.73488570	-2.98959300
156.15999905	-0.73488570	-2.98959300
156.23999905	-0.73488570	-2.98959300
156.31999905	-0.73488570	-3.07748700
156.39999905	-0.82338940	-2.98959300
156.47999905	-0.73488570	-2.98959300
156.55999905	-0.73488570	-3.07748700
156.63999905	-0.73488570	-3.07748700
156.71999905	-0.73488570	-3.16538000
156.79999905	-0.73488570	-3.16538000
156.87999905	-0.82338940	-3.16538000
156.95999905	-0.73488570	-3.16538000
157.03999905	-0.82338940	-3.16538000
157.11999905	-0.82338940	-3.16538000
157.19999904	-0.73488570	-3.16538000
157.27999904	-0.82338940	-3.25327300
157.35999904	-0.82338940	-3.25327300
157.43999904	-0.82338940	-3.16538000
157.51999904	-0.73488570	-3.25327300
157.59999904	-0.82338940	-3.25327300
157.67999904	-0.82338940	-3.25327300
157.75999904	-0.82338940	-3.25327300
157.83999904	-0.82338940	-3.25327300
157.91999904	-0.82338940	-3.25327300
157.99999904	-0.82338940	-3.25327300
158.07999904	-0.73488570	-3.34086100
158.15999904	-0.82338940	-3.34086100
158.23999904	-0.82338940	-3.34086100
158.31999904	-0.82338940	-3.34086100
158.39999904	-0.82338940	-3.34086100
158.47999904	-0.82338940	-3.34086100
158.55999904	-0.82338940	-3.34086100
158.63999904	-0.82338940	-3.42875500
158.71999904	-0.82338940	-3.34086100
158.79999903	-0.82338940	-3.34086100
158.87999903	-0.82338940	-3.34086100
158.95999903	-0.82338940	-3.34086100
159.03999903	-0.82338940	-3.42875500
159.11999903	-0.82338940	-3.42875500
159.19999903	-0.73488570	-3.34086100
159.27999903	-0.82338940	-3.42875500
159.35999903	-0.82338940	-3.34086100
159.43999903	-0.82338940	-3.42875500
159.51999903	-0.82338940	-3.42875500
159.59999903	-0.82338940	-3.42875500
159.67999903	-0.82338940	-3.42875500
159.75999903	-0.82338940	-3.42875500
159.83999903	-0.82338940	-3.42875500
159.91999903	-0.73488570	-3.42875500
159.99999903	-0.82338940	-3.42875500
160.07999903	-0.73488570	-3.42875500
160.15999903	-0.82338940	-3.34086100
160.23999903	-0.82338940	-3.42875500
160.31999903	-0.82338940	-3.42875500
160.39999903	-0.82338940	-3.42875500
160.47999902	-0.82338940	-3.42875500
160.55999902	-0.82338940	-3.42875500
160.63999902	-0.82338940	-3.34086100
160.71999902	-0.82338940	-3.42875500
160.79999902	-0.73488570	-3.34086100
160.87999902	-0.82338940	-3.42875500
160.95999902	-0.82338940	-3.42875500
161.03999902	-0.82338940	-3.34086100
161.11999902	-0.82338940	-3.34086100
161.19999902	-0.82338940	-3.34086100
161.27999902	-0.82338940	-3.34086100
161.35999902	-0.82338940	-3.34086100
161.43999902	-0.82338940	-3.34086100
161.51999902	-0.82338940	-3.34086100
161.59999902	-0.82338940	-3.34086100
161.67999902	-0.82338940	-3.34086100
161.75999902	-0.82338940	-3.34086100
161.83999902	-0.82338940	-3.34086100
161.91999902	-0.82338940	-3.34086100
161.99999902	-0.82338940	-3.25327300
162.07999901	-0.82338940	-3.25327300
162.15999901	-0.82338940	-3.25327300
162.23999901	-0.82338940	-3.25327300
162.31999901	-0.82338940	-3.25327300
162.39999901	-0.82338940	-3.16538000
162.47999901	-0.73488570	-3.25327300
162.55999901	-0.82338940	-3.16538000
162.63999901	-0.82338940	-3.25327300
162.71999901	-0.73488570	-3.16538000
162.79999901	-0.82338940	-3.16538000
162.87999901	-0.82338940	-3.16538000
162.95999901	-0.82338940	-3.16538000
163.03999901	-0.82338940	-3.16538000
163.11999901	-0.82338940	-3.16538000
163.19999901	-0.82338940	-3.16538000
163.27999901	-0.82338940	-3.07748700
163.35999901	-0.82338940	-3.16538000
163.43999901	-0.82338940	-3.07748700
163.51999901	-0.73488570	-3.07748700
163.59999901	-0.82338940	-3.07748700
163.67999901	-0.73488570	-3.07748700
163.75999900	-0.82338940	-2.98959300
163.83999900	-0.82338940	-2.98959300
163.91999900	-0.82338940	-2.98959300
163.99999900	-0.82338940	-2.90200500
164.07999900	-0.82338940	-2.98959300
164.15999900	-0.82338940	-2.90200500
164.23999900	-0.82338940	-2.90200500
164.31999900	-0.82338940	-2.90200500
164.39999900	-0.82338940	-2.90200500
164.47999900	-0.82338940	-2.81411200
164.55999900	-0.73488570	-2.81411200
164.63999900	-0.82338940	-2.81411200
164.71999900	-0.73488570	-2.81411200
164.79999900	-0.73488570	-2.81411200
164.87999900	-0.82338940	-2.81411200
164.95999900	-0.82338940	-2.81411200
165.03999900	-0.82338940	-2.81411200
165.11999900	-0.82338940	-2.72621800
165.19999900	-0.82338940	-2.72621800
165.27999900	-0.82338940	-2.63832500
165.35999900	-0.73488570	-2.63832500
165.43999899	-0.73488570	-2.63832500
165.51999899	-0.82338940	-2.63832500
165.59999899	-0.82338940	-2.63832500
165.67999899	-0.73488570	-2.55043200
165.75999899	-0.73488570	-2.55043200
165.83999899	-0.73488570	-2.55043200
165.91999899	-0.73488570	-2.46284400
165.99999899	-0.73488570	-2.46284400
166.07999899	-0.82338940	-2.46284400
166.15999899	-0.82338940	-2.46284400
166.23999899	-0.73488570	-2.46284400
166.31999899	-0.73488570	-2.37495000
166.39999899	-0.73488570	-2.37495000
166.47999899	-0.73488570	-2.37495000
166.55999899	-0.73488570	-2.28705700
166.63999899	-0.73488570	-2.28705700
166.71999899	-0.73488570	-2.28705700
166.79999899	-0.73488570	-2.19916400
166.87999899	-0.73488570	-2.19916400
166.95999899	-0.73488570	-2.19916400
167.03999898	-0.73488570	-2.19916400
167.11999898	-0.73488570	-2.11157600
167.19999898	-0.73488570	-2.11157600
167.27999898	-0.73488570	-2.11157600
167.35999898	-0.73488570	-2.11157600
167.43999898	-0.73488570	-2.11157600
167.51999898	-0.73488570	-2.02368200
167.59999898	-0.73488570	-2.02368200
167.67999898	-0.73488570	-2.02368200
167.75999898	-0.73488570	-2.02368200
167.83999898	-0.73488570	-1.93578900
167.91999898	-0.73488570	-1.93578900
167.99999898	-0.73488570	-1.93578900
168.07999898	-0.73488570	-1.93578900
168.15999898	-0.73488570	-1.93578900
168.23999898	-0.73488570	-1.84789600
168.31999898	-0.73488570	-1.76030800
168.39999898	-0.73488570	-1.76030800
168.47999898	-0.73488570	-1.76030800
168.55999898	-0.64607690	-1.76030800
168.63999898	-0.73488570	-1.76030800
168.71999897	-0.73488570	-1.67241400
168.79999897	-0.64607690	-1.67241400
168.87999897	-0.64607690	-1.58452100
168.95999897	-0.64607690	-1.58452100
169.03999897	-0.64607690	-1.58452100
169.11999897	-0.64607690	-1.49662800
169.19999897	-0.64607690	-1.58452100
169.27999897	-0.64607690	-1.49662800
169.35999897	-0.64607690	-1.49662800
169.43999897	-0.55757310	-1.49662800
169.51999897	-0.64607690	-1.40904000
169.59999897	-0.55757310	-1.40904000
169.67999897	-0.64607690	-1.40904000
169.75999897	-0.64607690	-1.32114600
169.83999897	-0.64607690	-1.32114600
169.91999897	-0.55757310	-1.32114600
169.99999897	-0.55757310	-1.32114600
170.07999897	-0.55757310	-1.23325300
170.15999897	-0.64607690	-1.23325300
170.23999897	-0.55757310	-1.23325300
170.31999896	-0.55757310	-1.14536000
170.39999896	-0.55757310	-1.23325300
170.47999896	-0.55757310	-1.14536000
170.55999896	-0.55757310	-1.14536000
170.63999896	-0.55757310	-1.05746600
170.71999896	-0.55757310	-1.05746600
170.79999896	-0.55757310	-1.05746600
170.87999896	-0.55757310	-1.05746600
170.95999896	-0.55757310	-0.96987830
171.03999896	-0.55757310	-0.96987830
171.11999896	-0.55757310	-0.88198490
171.19999896	-0.55757310	-0.88198490
171.27999896	-0.55757310	-0.88198490
171.35999896	-0.55757310	-0.79409160
171.43999896	-0.55757310	-0.79409160
171.51999896	-0.55757310	-0.79409160
171.59999896	-0.55757310	-0.79409160
171.67999896	-0.55757310	-0.70619830
171.75999896	-0.55757310	-0.70619830
171.83999896	-0.46876430	-0.70619830
171.91999896	-0.46876430	-0.70619830
171.99999895	-0.55757310	-0.70619830
172.07999895	-0.46876430	-0.61861020
172.15999895	-0.46876430	-0.53071690
172.23999895	-0.46876430	-0.53071690
172.31999895	-0.46876430	-0.53071690
172.39999895	-0.46876430	-0.53071690
172.47999895	-0.46876430	-0.44282360
172.55999895	-0.46876430	-0.53071690
172.63999895	-0.46876430	-0.44282360
172.71999895	-0.46876430	-0.35493030
172.79999895	-0.46876430	-0.35493030
172.87999895	-0.38026060	-0.35493030
172.95999895	-0.38026060	-0.35493030
173.03999895	-0.38026060	-0.35493030
173.11999895	-0.38026060	-0.26734220
173.19999895	-0.38026060	-0.17944880
173.27999895	-0.38026060	-0.17944880
173.35999895	-0.38026060	-0.17944880
173.43999895	-0.38026060	-0.17944880
173.51999895	-0.29145180	-0.17944880
173.59999894	-0.20294810	-0.17944880
173.67999894	-0.20294810	-0.09155553
173.75999894	-0.20294810	-0.09155553
173.83999894	-0.20294810	-0.00366222
173.91999894	-0.20294810	-0.00366222
173.99999894	-0.11413920	-0.00366222
174.07999894	-0.11413920	-0.00366222
174.15999894	-0.11413920	0.08392590
174.23999894	-0.02563555	0.08392590
174.31999894	-0.02563555	0.08392590
174.39999894	-0.02563555	0.17151400
174.47999894	-0.02563555	0.17151400
174.55999894	0.06317332	0.17151400
174.63999894	0.06317332	0.17151400
174.71999894	0.15167700	0.25940730
174.79999894	0.15167700	0.25940730
174.87999894	0.24048580	0.25940730
174.95999894	0.24048580	0.34730060
175.03999894	0.50630210	0.34730060
175.11999894	0.59480580	0.34730060
175.19999894	0.59480580	0.43519400
175.27999893	0.59480580	0.43519400
175.35999893	0.59480580	0.52278210
175.43999893	0.59480580	0.52278210
175.51999893	0.59480580	0.52278210
175.59999893	0.59480580	0.52278210
175.67999893	0.32898950	0.52278210
175.75999893	1.30405600	0.61067540
175.83999893	1.92480200	0.61067540
175.91999893	1.92480200	0.61067540
175.99999893	1.30405600	0.69856870
176.07999893	0.24048580	0.69856870
176.15999893	3.43211200	0.69856870
176.23999893	4.40717800	0.78646200
176.31999893	4.14136200	0.78646200
176.39999893	4.05255300	0.78646200
176.47999893	4.14136200	0.87405010
176.55999893	4.05255300	0.87405010
176.63999893	4.05255300	0.87405010
176.71999893	4.05255300	0.87405010
176.79999893	4.05255300	0.96194340
176.87999893	4.05255300	0.96194340
176.95999892	4.05255300	0.96194340
177.03999892	4.05255300	1.04983700
177.11999892	4.05255300	1.04983700
177.19999892	4.05255300	1.04983700
177.27999892	3.96404900	1.04983700
177.35999892	4.05255300	1.13773000
177.43999892	3.96404900	1.22531800
177.51999892	3.96404900	1.22531800
177.59999892	3.96404900	1.22531800
177.67999892	3.96404900	1.31321100
177.75999892	3.87524000	1.31321100
177.83999892	3.96404900	1.31321100
177.91999892	3.87524000	1.40110500
177.99999892	3.87524000	1.40110500
178.07999892	3.87524000	1.40110500
178.15999892	3.87524000	1.40110500
178.23999892	3.87524000	1.48899800
178.31999892	3.87524000	1.48899800
178.39999892	3.87524000	1.57689100
178.47999892	3.87524000	1.57689100
178.55999891	3.87524000	1.57689100
178.63999891	3.87524000	1.57689100
178.71999891	3.87524000	1.66447900
178.79999891	3.87524000	1.75237300
178.87999891	3.87524000	1.75237300
178.95999891	3.78673700	1.75237300
179.03999891	3.78673700	1.84026600
179.11999891	3.78673700	1.84026600
179.19999891	3.78673700	1.84026600
179.27999891	3.78673700	1.92815900
179.35999891	3.78673700	1.92815900
179.43999891	3.78673700	2.01574800
179.51999891	3.69792800	2.01574800
179.59999891	3.78673700	2.01574800
179.67999891	3.78673700	2.01574800
179.75999891	3.69792800	2.10364100
179.83999891	3.69792800	2.10364100
179.91999891	3.78673700	2.19153400
179.99999891	3.78673700	2.19153400
180.07999891	3.69792800	2.27942800
180.15999891	3.69792800	2.19153400
180.23999890	3.69792800	2.27942800
180.31999890	3.69792800	2.27942800
180.39999890	3.69792800	2.36701600
180.47999890	3.69792800	2.36701600
180.55999890	3.69792800	2.45490900
180.63999890	3.69792800	2.45490900
180.71999890	3.69792800	2.45490900
180.79999890	3.69792800	2.45490900
180.87999890	3.69792800	2.54280200
180.95999890	3.69792800	2.54280200
181.03999890	3.69792800	2.63069600
181.11999890	3.69792800	2.63069600
181.19999890	3.69792800	2.71828400
181.27999890	3.69792800	2.71828400
181.35999890	3.60942400	2.71828400
181.43999890	3.60942400	2.80617700
181.51999890	3.60942400	2.80617700
181.59999890	3.60942400	2.80617700
181.67999890	3.69792800	2.80617700
181.75999890	3.60942400	2.89407000
181.83999889	3.69792800	2.89407000
181.91999889	3.60942400	2.89407000
181.99999889	3.60942400	2.98196400
182.07999889	3.60942400	2.98196400
182.15999889	3.69792800	3.06985700
182.23999889	3.60942400	3.06985700
182.31999889	3.60942400	3.15744500
182.39999889	3.60942400	3.15744500
182.47999889	3.60942400	3.15744500
182.55999889	3.60942400	3.15744500
182.63999889	3.60942400	3.24533800
182.71999889	3.60942400	3.24533800
182.79999889	3.60942400	3.33323200
182.87999889	3.60942400	3.33323200
182.95999889	3.60942400	3.33323200
183.03999889	3.60942400	3.42112500
183.11999889	3.60942400	3.42112500
183.19999889	3.60942400	3.42112500
183.27999889	3.52061500	3.50871300
183.35999889	3.60942400	3.50871300
183.43999889	3.52061500	3.50871300
183.51999888	3.60942400	3.50871300
183.59999888	3.60942400	3.59660600
183.67999888	3.52061500	3.59660600
183.75999888	3.52061500	3.59660600
183.83999888	3.60942400	3.59660600
183.91999888	3.60942400	3.68450000
183.99999888	3.60942400	3.68450000
184.07999888	3.60942400	3.77239300
184.15999888	3.52061500	3.68450000
184.23999888	3.60942400	3.77239300
184.31999888	3.60942400	3.85998100
184.39999888	3.60942400	3.85998100
184.47999888	3.52061500	3.85998100
184.55999888	3.52061500	3.85998100
184.63999888	3.52061500	3.85998100
184.71999888	3.60942400	3.85998100
184.79999888	3.52061500	3.85998100
184.87999888	3.52061500	3.94787400
184.95999888	3.60942400	3.94787400
185.03999888	3.60942400	4.03576800
185.11999887	3.60942400	4.03576800
185.19999887	3.60942400	4.03576800
185.27999887	3.60942400	4.12366100
185.35999887	3.60942400	4.12366100
185.43999887	3.60942400	4.12366100
185.51999887	3.60942400	4.12366100
185.59999887	3.60942400	4.12366100
185.67999887	3.60942400	4.21124900
185.75999887	3.60942400	4.21124900
185.83999887	3.60942400	4.21124900
185.91999887	3.52061500	4.21124900
185.99999887	3.60942400	4.21124900
186.07999887	3.60942400	4.21124900
186.15999887	3.60942400	4.21124900
186.23999887	3.60942400	4.21124900
186.31999887	3.60942400	4.21124900
186.39999887	3.60942400	4.21124900
186.47999887	3.60942400	4.29914200
186.55999887	3.60942400	4.29914200
186.63999887	3.60942400	4.29914200
186.71999887	3.69792800	4.29914200
186.79999886	3.60942400	4.29914200
186.87999886	3.60942400	4.29914200
186.95999886	3.60942400	4.38703600
187.03999886	3.60942400	4.38703600
187.11999886	3.60942400	4.38703600
187.19999886	3.60942400	4.38703600
187.27999886	3.60942400	4.38703600
187.35999886	3.60942400	4.38703600
187.43999886	3.69792800	4.38703600
187.51999886	3.60942400	4.38703600
187.59999886	3.69792800	4.38703600
187.67999886	3.69792800	4.38703600
187.75999886	3.69792800	4.38703600
187.83999886	3.69792800	4.38703600
187.91999886	3.69792800	4.38703600
187.99999886	3.69792800	4.38703600
188.07999886	3.69792800	4.38703600
188.15999886	3.69792800	4.38703600
188.23999886	3.69792800	4.38703600
188.31999886	3.69792800	4.38703600
188.39999886	3.69792800	4.38703600
188.47999885	3.60942400	4.38703600
188.55999885	3.69792800	4.38703600
188.63999885	3.69792800	4.38703600
188.71999885	3.69792800	4.38703600
188.79999885	3.69792800	4.38703600
188.87999885	3.69792800	4.38703600
188.95999885	3.69792800	4.38703600
189.03999885	3.69792800	4.38703600
189.11999885	3.69792800	4.38703600
189.19999885	3.69792800	4.38703600
189.27999885	3.69792800	4.38703600
189.35999885	3.69792800	4.38703600
189.43999885	3.69792800	4.29914200
189.51999885	3.78673700	4.29914200
189.59999885	3.78673700	4.29914200
189.67999885	3.78673700	4.29914200
189.75999885	3.78673700	4.29914200
189.83999885	3.69792800	4.29914200
189.91999885	3.78673700	4.29914200
189.99999885	3.69792800	4.29914200
190.07999884	3.78673700	4.21124900
190.15999884	3.69792800	4.21124900
190.23999884	3.69792800	4.21124900
190.31999884	3.78673700	4.21124900
190.39999884	3.69792800	4.21124900
190.47999884	3.78673700	4.21124900
190.55999884	3.78673700	4.12366100
190.63999884	3.78673700	4.12366100
190.71999884	3.78673700	4.12366100
190.79999884	3.78673700	4.12366100
190.87999884	3.78673700	4.12366100
190.95999884	3.78673700	4.12366100
191.03999884	3.78673700	4.03576800
191.11999884	3.78673700	4.03576800
191.19999884	3.78673700	4.03576800
191.27999884	3.78673700	3.94787400
191.35999884	3.78673700	3.94787400
191.43999884	3.87524000	3.85998100
191.51999884	3.78673700	3.85998100
191.59999884	3.78673700	3.85998100
191.67999884	3.78673700	3.85998100
191.75999883	3.78673700	3.85998100
191.83999883	3.87524000	3.77239300
191.91999883	3.87524000	3.77239300
191.99999883	3.87524000	3.77239300
192.07999883	3.87524000	3.68450000
192.15999883	3.87524000	3.68450000
192.23999883	3.87524000	3.68450000
192.31999883	3.87524000	3.68450000
192.39999883	3.87524000	3.59660600
192.47999883	3.87524000	3.59660600
192.55999883	3.87524000	3.50871300
192.63999883	3.87524000	3.50871300
192.71999883	3.87524000	3.50871300
192.79999883	3.87524000	3.42112500
192.87999883	3.87524000	3.42112500
192.95999883	3.87524000	3.42112500
193.03999883	3.87524000	3.42112500
193.11999883	3.87524000	3.33323200
193.19999883	3.87524000	3.24533800
193.27999883	3.87524000	3.24533800
193.35999882	3.96404900	3.24533800
193.43999882	3.96404900	3.15744500
193.51999882	3.96404900	3.15744500
193.59999882	3.87524000	3.06985700
193.67999882	3.96404900	3.06985700
193.75999882	3.87524000	3.06985700
193.83999882	3.96404900	2.98196400
193.91999882	3.87524000	2.98196400
193.99999882	3.96404900	2.89407000
194.07999882	3.96404900	2.80617700
194.15999882	3.96404900	2.80617700
194.23999882	3.96404900	2.80617700
194.31999882	3.96404900	2.80617700
194.39999882	3.96404900	2.71828400
194.47999882	3.96404900	2.71828400
194.55999882	3.96404900	2.63069600
194.63999882	4.05255300	2.63069600
194.71999882	4.05255300	2.54280200
194.79999882	4.05255300	2.54280200
194.87999882	4.05255300	2.45490900
194.95999882	4.05255300	2.45490900
195.03999881	4.05255300	2.45490900
195.11999881	4.05255300	2.36701600
195.19999881	4.05255300	2.36701600
195.27999881	4.05255300	2.27942800
195.35999881	4.05255300	2.27942800
195.43999881	4.05255300	2.19153400
195.51999881	4.05255300	2.10364100
195.59999881	4.05255300	2.10364100
195.67999881	4.05255300	2.01574800
195.75999881	4.05255300	2.01574800
195.83999881	4.05255300	2.01574800
195.91999881	4.05255300	1.92815900
195.99999881	4.05255300	1.84026600
196.07999881	4.05255300	1.84026600
196.15999881	4.05255300	1.75237300
196.23999881	4.05255300	1.75237300
196.31999881	4.05255300	1.75237300
196.39999881	4.14136200	1.66447900
196.47999881	4.05255300	1.66447900
196.55999881	4.14136200	1.57689100
196.63999880	4.05255300	1.57689100
196.71999880	4.14136200	1.48899800
196.79999880	4.14136200	1.40110500
196.87999880	4.14136200	1.40110500
196.95999880	4.14136200	1.31321100
197.03999880	4.14136200	1.31321100
197.11999880	4.14136200	1.22531800
197.19999880	4.14136200	1.22531800
197.27999880	4.14136200	1.13773000
197.35999880	4.14136200	1.04983700
197.43999880	4.14136200	1.04983700
197.51999880	4.14136200	1.04983700
197.59999880	4.14136200	0.96194340
197.67999880	4.14136200	0.87405010
197.75999880	4.14136200	0.87405010
197.83999880	4.14136200	0.78646200
197.91999880	4.14136200	0.78646200
197.99999880	4.14136200	0.69856870
198.07999880	4.14136200	0.69856870
198.15999880	4.14136200	0.61067540
198.23999880	4.14136200	0.61067540
198.31999879	4.14136200	0.52278210
198.39999879	4.14136200	0.43519400
198.47999879	4.14136200	0.43519400
198.55999879	4.14136200	0.34730060
198.63999879	4.22986600	0.34730060
198.71999879	4.14136200	0.25940730
198.79999879	4.14136200	0.17151400
198.87999879	4.14136200	0.17151400
198.95999879	4.22986600	0.08392590
199.03999879	4.14136200	0.08392590
199.11999879	4.14136200	-0.00366222
199.19999879	4.14136200	-0.09155553
199.27999879	4.22986600	-0.09155553
199.35999879	4.22986600	-0.17944880
199.43999879	4.22986600	-0.17944880
199.51999879	4.22986600	-0.26734220
199.59999879	4.22986600	-0.35493030
199.67999879	4.22986600	-0.35493030
199.75999879	4.22986600	-0.35493030
199.83999879	4.22986600	-0.44282360
199.91999878	4.22986600	-0.53071690
199.99999878	4.22986600	-0.53071690
200.07999878	4.22986600	-0.61861020
200.15999878	4.22986600	-0.70619830
200.23999878	4.22986600	-0.70619830
