Time	Channel A	Channel B
(us)	(V)	(V)

0.00000000	5.82567800	3.33323200
0.08000000	5.91448700	3.33323200
0.16000000	5.91448700	3.33323200
0.24000000	5.91448700	3.42112500
0.32000000	5.91448700	3.33323200
0.40000000	5.82567800	3.42112500
0.48000000	5.91448700	3.42112500
0.56000000	5.91448700	3.42112500
0.64000000	5.91448700	3.42112500
0.72000000	5.91448700	3.42112500
0.80000000	5.91448700	3.42112500
0.87999999	5.82567800	3.42112500
0.95999999	5.91448700	3.50871300
1.03999999	5.82567800	3.50871300
1.11999999	5.91448700	3.50871300
1.19999999	5.91448700	3.50871300
1.27999999	5.91448700	3.50871300
1.35999999	5.91448700	3.50871300
1.43999999	5.82567800	3.50871300
1.51999999	5.91448700	3.50871300
1.59999999	5.91448700	3.50871300
1.67999999	5.91448700	3.50871300
1.75999999	5.91448700	3.50871300
1.83999999	5.91448700	3.50871300
1.91999999	5.91448700	3.50871300
1.99999999	5.91448700	3.50871300
2.07999999	5.91448700	3.50871300
2.15999999	5.91448700	3.50871300
2.23999999	5.91448700	3.50871300
2.31999999	5.91448700	3.50871300
2.39999999	5.91448700	3.50871300
2.47999998	5.91448700	3.50871300
2.55999998	5.91448700	3.50871300
2.63999998	5.91448700	3.50871300
2.71999998	5.91448700	3.50871300
2.79999998	5.91448700	3.50871300
2.87999998	5.91448700	3.50871300
2.95999998	5.91448700	3.50871300
3.03999998	5.91448700	3.50871300
3.11999998	5.91448700	3.50871300
3.19999998	5.91448700	3.50871300
3.27999998	5.91448700	3.50871300
3.35999998	5.91448700	3.50871300
3.43999998	5.91448700	3.50871300
3.51999998	5.91448700	3.50871300
3.59999998	5.82567800	3.50871300
3.67999998	5.91448700	3.50871300
3.75999998	5.91448700	3.50871300
3.83999998	5.91448700	3.50871300
3.91999998	5.91448700	3.50871300
3.99999998	5.91448700	3.50871300
4.07999998	5.91448700	3.50871300
4.15999997	5.91448700	3.50871300
4.23999997	5.91448700	3.42112500
4.31999997	5.91448700	3.42112500
4.39999997	5.91448700	3.42112500
4.47999997	5.91448700	3.42112500
4.55999997	5.91448700	3.42112500
4.63999997	5.91448700	3.42112500
4.71999997	5.91448700	3.42112500
4.79999997	5.91448700	3.42112500
4.87999997	5.91448700	3.33323200
4.95999997	5.91448700	3.42112500
5.03999997	5.91448700	3.33323200
5.11999997	5.91448700	3.33323200
5.19999997	5.91448700	3.33323200
5.27999997	5.82567800	3.33323200
5.35999997	5.91448700	3.33323200
5.43999997	5.91448700	3.33323200
5.51999997	5.82567800	3.33323200
5.59999997	5.91448700	3.33323200
5.67999997	5.91448700	3.33323200
5.75999996	5.82567800	3.24533800
5.83999996	5.91448700	3.24533800
5.91999996	5.82567800	3.24533800
5.99999996	5.91448700	3.15744500
6.07999996	5.91448700	3.15744500
6.15999996	5.91448700	3.24533800
6.23999996	5.82567800	3.15744500
6.31999996	5.91448700	3.15744500
6.39999996	5.91448700	3.15744500
6.47999996	5.91448700	3.15744500
6.55999996	5.91448700	3.06985700
6.63999996	5.91448700	3.06985700
6.71999996	5.91448700	2.98196400
6.79999996	5.91448700	3.06985700
6.87999996	5.82567800	2.98196400
6.95999996	5.82567800	2.98196400
7.03999996	5.82567800	2.98196400
7.11999996	5.82567800	2.98196400
7.19999996	5.91448700	2.89407000
7.27999996	5.82567800	2.89407000
7.35999996	5.82567800	2.89407000
7.43999995	5.82567800	2.89407000
7.51999995	5.82567800	2.80617700
7.59999995	5.82567800	2.80617700
7.67999995	5.82567800	2.80617700
7.75999995	5.82567800	2.80617700
7.83999995	5.82567800	2.80617700
7.91999995	5.82567800	2.80617700
7.99999995	5.82567800	2.71828400
8.07999995	5.82567800	2.71828400
8.15999995	5.82567800	2.71828400
8.23999995	5.82567800	2.71828400
8.31999995	5.82567800	2.71828400
8.39999995	5.82567800	2.71828400
8.47999995	5.82567800	2.63069600
8.55999995	5.82567800	2.63069600
8.63999995	5.82567800	2.54280200
8.71999995	5.82567800	2.54280200
8.79999995	5.82567800	2.54280200
8.87999995	5.82567800	2.54280200
8.95999995	5.82567800	2.45490900
9.03999995	5.82567800	2.45490900
9.11999994	5.82567800	2.45490900
9.19999994	5.82567800	2.45490900
9.27999994	5.82567800	2.45490900
9.35999994	5.82567800	2.45490900
9.43999994	5.82567800	2.36701600
9.51999994	5.82567800	2.36701600
9.59999994	5.73717500	2.36701600
9.67999994	5.73717500	2.27942800
9.75999994	5.82567800	2.27942800
9.83999994	5.82567800	2.27942800
9.91999994	5.82567800	2.19153400
9.99999994	5.73717500	2.19153400
10.07999994	5.73717500	2.19153400
10.15999994	5.73717500	2.10364100
10.23999994	5.73717500	2.10364100
10.31999994	5.73717500	2.10364100
10.39999994	5.64836500	2.10364100
10.47999994	5.73717500	2.10364100
10.55999994	5.73717500	2.01574800
10.63999994	5.73717500	2.01574800
10.71999993	5.64836500	1.92815900
10.79999993	5.73717500	1.92815900
10.87999993	5.73717500	1.92815900
10.95999993	5.64836500	1.92815900
11.03999993	5.64836500	1.84026600
11.11999993	5.64836500	1.84026600
11.19999993	5.64836500	1.84026600
11.27999993	5.64836500	1.75237300
11.35999993	5.64836500	1.75237300
11.43999993	5.64836500	1.75237300
11.51999993	5.64836500	1.75237300
11.59999993	5.64836500	1.75237300
11.67999993	5.64836500	1.66447900
11.75999993	5.64836500	1.66447900
11.83999993	5.55986200	1.66447900
11.91999993	5.64836500	1.66447900
11.99999993	5.64836500	1.57689100
12.07999993	5.55986200	1.57689100
12.15999993	5.55986200	1.48899800
12.23999993	5.55986200	1.48899800
12.31999993	5.47105300	1.48899800
12.39999992	5.38254900	1.40110500
12.47999992	5.02792500	1.40110500
12.55999992	4.49598700	1.40110500
12.63999992	4.31867400	1.31321100
12.71999992	4.31867400	1.31321100
12.79999992	4.31867400	1.31321100
12.87999992	4.31867400	1.31321100
12.95999992	4.31867400	1.31321100
13.03999992	4.31867400	1.22531800
13.11999992	4.31867400	1.22531800
13.19999992	4.22986600	1.22531800
13.27999992	4.31867400	1.13773000
13.35999992	4.31867400	1.13773000
13.43999992	4.31867400	1.04983700
13.51999992	4.31867400	1.04983700
13.59999992	4.22986600	1.04983700
13.67999992	4.31867400	1.04983700
13.75999992	4.22986600	1.04983700
13.83999992	4.22986600	0.96194340
13.91999992	4.22986600	0.96194340
13.99999991	4.22986600	0.96194340
14.07999991	4.22986600	0.87405010
14.15999991	4.22986600	0.87405010
14.23999991	4.31867400	0.87405010
14.31999991	4.31867400	0.78646200
14.39999991	4.22986600	0.78646200
14.47999991	4.22986600	0.69856870
14.55999991	4.22986600	0.69856870
14.63999991	4.22986600	0.69856870
14.71999991	4.22986600	0.69856870
14.79999991	4.22986600	0.69856870
14.87999991	4.22986600	0.69856870
14.95999991	4.22986600	0.69856870
15.03999991	4.22986600	0.69856870
15.11999991	4.22986600	0.61067540
15.19999991	4.22986600	0.52278210
15.27999991	4.22986600	0.61067540
15.35999991	4.22986600	0.52278210
15.43999991	4.22986600	0.43519400
15.51999991	4.22986600	0.43519400
15.59999991	4.22986600	0.43519400
15.67999990	4.22986600	0.34730060
15.75999990	4.22986600	0.34730060
15.83999990	4.22986600	0.34730060
15.91999990	4.22986600	0.34730060
15.99999990	4.22986600	0.25940730
16.07999990	4.22986600	0.25940730
16.15999990	4.22986600	0.25940730
16.23999990	4.22986600	0.17151400
16.31999990	4.22986600	0.17151400
16.39999990	4.22986600	0.17151400
16.47999990	4.22986600	0.08392590
16.55999990	4.22986600	0.08392590
16.63999990	4.22986600	-0.00366222
16.71999990	4.22986600	-0.00366222
16.79999990	4.22986600	-0.00366222
16.87999990	4.22986600	-0.00366222
16.95999990	4.22986600	-0.00366222
17.03999990	4.22986600	-0.09155553
17.11999990	4.22986600	-0.09155553
17.19999990	4.22986600	-0.09155553
17.27999989	4.22986600	-0.09155553
17.35999989	4.22986600	-0.17944880
17.43999989	4.22986600	-0.17944880
17.51999989	4.31867400	-0.17944880
17.59999989	4.22986600	-0.26734220
17.67999989	4.22986600	-0.35493030
17.75999989	4.31867400	-0.35493030
17.83999989	4.31867400	-0.35493030
17.91999989	3.78673700	-0.35493030
17.99999989	2.36793100	-0.35493030
18.07999989	1.03824000	-0.44282360
18.15999989	0.59480580	-0.44282360
18.23999989	0.68361460	-0.44282360
18.31999989	0.68361460	-0.44282360
18.39999989	0.68361460	-0.53071690
18.47999989	0.68361460	-0.53071690
18.55999989	0.68361460	-0.61861020
18.63999989	0.68361460	-0.61861020
18.71999989	0.68361460	-0.61861020
18.79999989	0.68361460	-0.70619830
18.87999989	0.68361460	-0.70619830
18.95999988	0.68361460	-0.70619830
19.03999988	0.77211830	-0.79409160
19.11999988	0.77211830	-0.79409160
19.19999988	0.68361460	-0.88198490
19.27999988	0.68361460	-0.88198490
19.35999988	0.68361460	-0.88198490
19.43999988	0.77211830	-0.88198490
19.51999988	0.77211830	-0.96987830
19.59999988	0.77211830	-1.05746600
19.67999988	0.77211830	-1.05746600
19.75999988	0.77211830	-1.05746600
19.83999988	0.77211830	-1.05746600
19.91999988	0.77211830	-1.14536000
19.99999988	0.77211830	-1.14536000
20.07999988	0.77211830	-1.14536000
20.15999988	0.77211830	-1.23325300
20.23999988	0.77211830	-1.23325300
20.31999988	0.86092720	-1.32114600
20.39999988	0.86092720	-1.32114600
20.47999988	0.86092720	-1.32114600
20.55999988	0.86092720	-1.40904000
20.63999987	0.86092720	-1.40904000
20.71999987	0.77211830	-1.40904000
20.79999987	0.86092720	-1.49662800
20.87999987	0.86092720	-1.49662800
20.95999987	0.86092720	-1.58452100
21.03999987	0.86092720	-1.58452100
21.11999987	0.86092720	-1.67241400
21.19999987	0.86092720	-1.67241400
21.27999987	0.86092720	-1.67241400
21.35999987	0.86092720	-1.76030800
21.43999987	0.86092720	-1.76030800
21.51999987	0.86092720	-1.76030800
21.59999987	0.86092720	-1.76030800
21.67999987	0.86092720	-1.84789600
21.75999987	0.86092720	-1.93578900
21.83999987	0.86092720	-1.84789600
21.91999987	0.86092720	-1.93578900
21.99999987	0.86092720	-2.02368200
22.07999987	0.86092720	-2.02368200
22.15999987	0.86092720	-2.02368200
22.23999986	0.86092720	-2.11157600
22.31999986	0.86092720	-2.11157600
22.39999986	0.86092720	-2.11157600
22.47999986	0.86092720	-2.19916400
22.55999986	0.86092720	-2.19916400
22.63999986	0.86092720	-2.28705700
22.71999986	0.86092720	-2.28705700
22.79999986	0.86092720	-2.28705700
22.87999986	0.86092720	-2.37495000
22.95999986	0.94943080	-2.37495000
23.03999986	0.86092720	-2.46284400
23.11999986	0.94943080	-2.46284400
23.19999986	0.86092720	-2.55043200
23.27999986	0.94943080	-2.55043200
23.35999986	0.86092720	-2.55043200
23.43999986	0.94943080	-2.63832500
23.51999986	0.86092720	-2.63832500
23.59999986	0.86092720	-2.72621800
23.67999986	0.94943080	-2.72621800
23.75999986	0.94943080	-2.81411200
23.83999986	0.94943080	-2.81411200
23.91999985	0.94943080	-2.81411200
23.99999985	0.86092720	-2.81411200
24.07999985	0.94943080	-2.90200500
24.15999985	0.94943080	-2.90200500
24.23999985	0.94943080	-2.90200500
24.31999985	0.94943080	-2.98959300
24.39999985	0.94943080	-2.98959300
24.47999985	0.94943080	-2.98959300
24.55999985	0.94943080	-3.07748700
24.63999985	0.94943080	-3.07748700
24.71999985	0.94943080	-3.16538000
24.79999985	0.94943080	-3.16538000
24.87999985	0.94943080	-3.25327300
24.95999985	0.94943080	-3.16538000
25.03999985	0.94943080	-3.25327300
25.11999985	0.94943080	-3.25327300
25.19999985	0.94943080	-3.34086100
25.27999985	0.94943080	-3.34086100
25.35999985	0.94943080	-3.34086100
25.43999985	0.94943080	-3.34086100
25.51999984	0.94943080	-3.42875500
25.59999984	0.94943080	-3.42875500
25.67999984	0.94943080	-3.51664800
25.75999984	0.94943080	-3.51664800
25.83999984	0.94943080	-3.60454100
25.91999984	0.94943080	-3.60454100
25.99999984	0.94943080	-3.60454100
26.07999984	0.94943080	-3.60454100
26.15999984	0.94943080	-3.69212900
26.23999984	0.94943080	-3.69212900
26.31999984	0.94943080	-3.69212900
26.39999984	0.94943080	-3.78002300
26.47999984	0.94943080	-3.78002300
26.55999984	0.94943080	-3.78002300
26.63999984	0.94943080	-3.78002300
26.71999984	1.03824000	-3.78002300
26.79999984	0.94943080	-3.86791600
26.87999984	0.94943080	-3.86791600
26.95999984	0.94943080	-3.86791600
27.03999984	0.94943080	-3.86791600
27.11999984	0.94943080	-3.95580900
27.19999983	0.94943080	-3.95580900
27.27999983	0.94943080	-4.04339700
27.35999983	0.94943080	-4.04339700
27.43999983	0.94943080	-4.04339700
27.51999983	0.94943080	-4.04339700
27.59999983	0.94943080	-4.13129000
27.67999983	0.94943080	-4.13129000
27.75999983	0.94943080	-4.13129000
27.83999983	0.94943080	-4.21918400
27.91999983	0.94943080	-4.21918400
27.99999983	0.94943080	-4.13129000
28.07999983	0.94943080	-4.21918400
28.15999983	0.94943080	-4.21918400
28.23999983	0.94943080	-4.21918400
28.31999983	0.94943080	-4.21918400
28.39999983	0.94943080	-4.21918400
28.47999983	0.94943080	-4.21918400
28.55999983	0.94943080	-4.21918400
28.63999983	0.94943080	-4.21918400
28.71999983	0.94943080	-4.30707700
28.79999982	0.94943080	-4.30707700
28.87999982	0.94943080	-4.30707700
28.95999982	0.94943080	-4.30707700
29.03999982	0.86092720	-4.30707700
29.11999982	0.94943080	-4.30707700
29.19999982	0.94943080	-4.39497000
29.27999982	0.94943080	-4.39497000
29.35999982	0.94943080	-4.39497000
29.43999982	0.94943080	-4.39497000
29.51999982	1.03824000	-4.39497000
29.59999982	0.94943080	-4.39497000
29.67999982	0.94943080	-4.39497000
29.75999982	0.94943080	-4.39497000
29.83999982	0.94943080	-4.39497000
29.91999982	0.94943080	-4.39497000
29.99999982	0.94943080	-4.48255900
30.07999982	0.94943080	-4.39497000
30.15999982	0.94943080	-4.39497000
30.23999982	0.94943080	-4.39497000
30.31999982	0.94943080	-4.39497000
30.39999982	0.94943080	-4.39497000
30.47999981	0.94943080	-4.48255900
30.55999981	0.94943080	-4.39497000
30.63999981	0.94943080	-4.39497000
30.71999981	0.94943080	-4.39497000
30.79999981	0.94943080	-4.39497000
30.87999981	0.94943080	-4.39497000
30.95999981	0.94943080	-4.39497000
31.03999981	0.94943080	-4.39497000
31.11999981	0.94943080	-4.39497000
31.19999981	0.94943080	-4.39497000
31.27999981	0.94943080	-4.39497000
31.35999981	0.94943080	-4.39497000
31.43999981	0.94943080	-4.39497000
31.51999981	0.86092720	-4.30707700
31.59999981	0.86092720	-4.39497000
31.67999981	0.94943080	-4.30707700
31.75999981	0.94943080	-4.30707700
31.83999981	0.94943080	-4.30707700
31.91999981	0.94943080	-4.30707700
31.99999981	0.86092720	-4.30707700
32.07999981	0.94943080	-4.30707700
32.15999980	0.94943080	-4.21918400
32.23999980	0.94943080	-4.21918400
32.31999980	0.94943080	-4.21918400
32.39999980	0.86092720	-4.21918400
32.47999980	0.94943080	-4.21918400
32.55999980	0.86092720	-4.13129000
32.63999980	0.86092720	-4.21918400
32.71999980	0.86092720	-4.13129000
32.79999980	0.94943080	-4.13129000
32.87999980	0.94943080	-4.13129000
32.95999980	0.86092720	-4.04339700
33.03999980	0.94943080	-4.04339700
33.11999980	0.86092720	-4.04339700
33.19999980	0.86092720	-4.04339700
33.27999980	0.86092720	-4.04339700
33.35999980	0.86092720	-4.04339700
33.43999980	0.86092720	-3.95580900
33.51999980	0.86092720	-3.95580900
33.59999980	0.86092720	-3.86791600
33.67999980	0.86092720	-3.86791600
33.75999979	0.86092720	-3.86791600
33.83999979	0.86092720	-3.86791600
33.91999979	0.86092720	-3.78002300
33.99999979	0.86092720	-3.86791600
34.07999979	0.94943080	-3.78002300
34.15999979	0.86092720	-3.69212900
34.23999979	0.86092720	-3.69212900
34.31999979	0.86092720	-3.69212900
34.39999979	0.86092720	-3.60454100
34.47999979	0.86092720	-3.60454100
34.55999979	0.86092720	-3.60454100
34.63999979	0.86092720	-3.51664800
34.71999979	0.86092720	-3.51664800
34.79999979	0.86092720	-3.51664800
34.87999979	0.86092720	-3.42875500
34.95999979	0.86092720	-3.42875500
35.03999979	0.86092720	-3.34086100
35.11999979	0.86092720	-3.34086100
35.19999979	0.86092720	-3.34086100
35.27999979	0.86092720	-3.34086100
35.35999979	0.86092720	-3.25327300
35.43999978	0.86092720	-3.16538000
35.51999978	0.86092720	-3.16538000
35.59999978	0.86092720	-3.16538000
35.67999978	0.86092720	-3.16538000
35.75999978	0.86092720	-3.07748700
35.83999978	0.86092720	-2.98959300
35.91999978	0.86092720	-2.98959300
35.99999978	0.86092720	-2.90200500
36.07999978	0.86092720	-2.90200500
36.15999978	0.86092720	-2.90200500
36.23999978	0.86092720	-2.81411200
36.31999978	0.86092720	-2.81411200
36.39999978	0.77211830	-2.81411200
36.47999978	0.86092720	-2.72621800
36.55999978	0.86092720	-2.72621800
36.63999978	0.86092720	-2.72621800
36.71999978	0.86092720	-2.63832500
36.79999978	0.77211830	-2.63832500
36.87999978	0.86092720	-2.55043200
36.95999978	0.86092720	-2.55043200
37.03999977	0.77211830	-2.46284400
37.11999977	0.77211830	-2.37495000
37.19999977	0.86092720	-2.37495000
37.27999977	0.86092720	-2.28705700
37.35999977	0.77211830	-2.28705700
37.43999977	0.86092720	-2.28705700
37.51999977	0.77211830	-2.19916400
37.59999977	0.77211830	-2.19916400
37.67999977	0.77211830	-2.11157600
37.75999977	0.77211830	-2.11157600
37.83999977	0.77211830	-2.02368200
37.91999977	0.86092720	-1.93578900
37.99999977	0.77211830	-1.93578900
38.07999977	0.86092720	-1.93578900
38.15999977	0.77211830	-1.84789600
38.23999977	0.77211830	-1.76030800
38.31999977	0.86092720	-1.76030800
38.39999977	0.77211830	-1.76030800
38.47999977	0.77211830	-1.76030800
38.55999977	0.77211830	-1.58452100
38.63999977	0.77211830	-1.58452100
38.71999976	0.77211830	-1.49662800
38.79999976	0.77211830	-1.49662800
38.87999976	0.77211830	-1.49662800
38.95999976	0.77211830	-1.40904000
39.03999976	0.77211830	-1.32114600
39.11999976	0.77211830	-1.32114600
39.19999976	0.77211830	-1.23325300
39.27999976	0.77211830	-1.23325300
39.35999976	0.77211830	-1.23325300
39.43999976	0.77211830	-1.05746600
39.51999976	0.77211830	-1.05746600
39.59999976	0.77211830	-1.05746600
39.67999976	0.77211830	-0.96987830
39.75999976	0.77211830	-0.96987830
39.83999976	0.77211830	-0.88198490
39.91999976	0.68361460	-0.79409160
39.99999976	0.68361460	-0.79409160
40.07999976	0.68361460	-0.70619830
40.15999976	0.68361460	-0.70619830
40.23999976	0.77211830	-0.61861020
40.31999975	0.68361460	-0.61861020
40.39999975	0.68361460	-0.53071690
40.47999975	0.68361460	-0.53071690
40.55999975	0.68361460	-0.44282360
40.63999975	0.68361460	-0.35493030
40.71999975	0.77211830	-0.35493030
40.79999975	0.68361460	-0.35493030
40.87999975	0.68361460	-0.26734220
40.95999975	0.68361460	-0.17944880
41.03999975	0.68361460	-0.09155553
41.11999975	0.68361460	-0.09155553
41.19999975	0.68361460	-0.09155553
41.27999975	0.68361460	-0.00366222
41.35999975	0.68361460	-0.00366222
41.43999975	0.68361460	0.08392590
41.51999975	0.68361460	0.17151400
41.59999975	0.68361460	0.25940730
41.67999975	0.68361460	0.25940730
41.75999975	0.68361460	0.34730060
41.83999975	0.68361460	0.34730060
41.91999975	0.68361460	0.34730060
41.99999974	0.68361460	0.43519400
42.07999974	0.68361460	0.52278210
42.15999974	0.68361460	0.61067540
42.23999974	0.68361460	0.61067540
42.31999974	0.68361460	0.69856870
42.39999974	0.68361460	0.69856870
42.47999974	0.68361460	0.69856870
42.55999974	0.68361460	0.87405010
42.63999974	0.68361460	0.87405010
42.71999974	0.68361460	0.96194340
42.79999974	0.68361460	0.96194340
42.87999974	0.68361460	1.04983700
42.95999974	0.68361460	1.04983700
43.03999974	0.68361460	1.13773000
43.11999974	0.68361460	1.13773000
43.19999974	0.68361460	1.22531800
43.27999974	0.59480580	1.22531800
43.35999974	0.68361460	1.31321100
43.43999974	0.68361460	1.40110500
43.51999974	0.59480580	1.40110500
43.59999974	0.59480580	1.48899800
43.67999973	0.68361460	1.48899800
43.75999973	0.59480580	1.57689100
43.83999973	0.59480580	1.57689100
43.91999973	0.59480580	1.66447900
43.99999973	0.59480580	1.75237300
44.07999973	0.59480580	1.75237300
44.15999973	0.50630210	1.84026600
44.23999973	0.50630210	1.84026600
44.31999973	0.50630210	1.92815900
44.39999973	0.50630210	1.92815900
44.47999973	0.50630210	2.01574800
44.55999973	0.50630210	2.01574800
44.63999973	0.50630210	2.10364100
44.71999973	0.50630210	2.10364100
44.79999973	0.50630210	2.19153400
44.87999973	0.50630210	2.19153400
44.95999973	0.59480580	2.27942800
45.03999973	0.59480580	2.27942800
45.11999973	0.50630210	2.36701600
45.19999973	0.50630210	2.36701600
45.27999972	0.59480580	2.45490900
45.35999972	0.50630210	2.45490900
45.43999972	0.59480580	2.54280200
45.51999972	0.59480580	2.54280200
45.59999972	0.50630210	2.63069600
45.67999972	0.59480580	2.63069600
45.75999972	0.50630210	2.71828400
45.83999972	0.59480580	2.71828400
45.91999972	0.59480580	2.80617700
45.99999972	0.59480580	2.80617700
46.07999972	0.59480580	2.80617700
46.15999972	0.59480580	2.89407000
46.23999972	0.59480580	2.98196400
46.31999972	0.59480580	2.98196400
46.39999972	0.59480580	2.98196400
46.47999972	0.59480580	3.06985700
46.55999972	0.59480580	3.06985700
46.63999972	0.59480580	3.15744500
46.71999972	0.59480580	3.24533800
46.79999972	0.59480580	3.24533800
46.87999972	0.59480580	3.33323200
46.95999971	0.59480580	3.33323200
47.03999971	0.59480580	3.33323200
47.11999971	0.59480580	3.42112500
47.19999971	0.59480580	3.42112500
47.27999971	0.59480580	3.50871300
47.35999971	0.59480580	3.50871300
47.43999971	0.59480580	3.50871300
47.51999971	0.59480580	3.50871300
47.59999971	0.59480580	3.59660600
47.67999971	0.59480580	3.59660600
47.75999971	0.59480580	3.68450000
47.83999971	0.59480580	3.77239300
47.91999971	0.59480580	3.77239300
47.99999971	0.59480580	3.77239300
48.07999971	0.59480580	3.85998100
48.15999971	0.59480580	3.85998100
48.23999971	0.59480580	3.85998100
48.31999971	0.59480580	3.94787400
48.39999971	0.59480580	3.94787400
48.47999971	0.59480580	3.94787400
48.55999970	0.59480580	4.03576800
48.63999970	0.59480580	4.03576800
48.71999970	0.59480580	4.03576800
48.79999970	0.59480580	4.12366100
48.87999970	0.59480580	4.12366100
48.95999970	0.59480580	4.12366100
49.03999970	0.59480580	4.21124900
49.11999970	0.59480580	4.21124900
49.19999970	0.59480580	4.21124900
49.27999970	0.59480580	4.21124900
49.35999970	0.59480580	4.29914200
49.43999970	0.59480580	4.29914200
49.51999970	0.59480580	4.29914200
49.59999970	0.59480580	4.38703600
49.67999970	0.59480580	4.38703600
49.75999970	0.59480580	4.38703600
49.83999970	0.68361460	4.38703600
49.91999970	0.68361460	4.47492900
49.99999970	0.68361460	4.47492900
50.07999970	0.59480580	4.56282200
50.15999970	0.59480580	4.56282200
50.23999969	0.59480580	4.56282200
50.31999969	0.59480580	4.56282200
50.39999969	0.59480580	4.56282200
50.47999969	0.68361460	4.56282200
50.55999969	0.68361460	4.65041100
50.63999969	0.68361460	4.56282200
50.71999969	0.68361460	4.65041100
50.79999969	0.68361460	4.65041100
50.87999969	0.68361460	4.73830400
50.95999969	0.68361460	4.73830400
51.03999969	0.68361460	4.73830400
51.11999969	0.68361460	4.73830400
51.19999969	0.68361460	4.73830400
51.27999969	0.68361460	4.82619700
51.35999969	0.68361460	4.73830400
51.43999969	0.68361460	4.82619700
51.51999969	0.68361460	4.82619700
51.59999969	0.68361460	4.82619700
51.67999969	0.68361460	4.82619700
51.75999969	0.68361460	4.82619700
51.83999968	0.68361460	4.82619700
51.91999968	0.68361460	4.91409000
51.99999968	0.68361460	4.91409000
52.07999968	0.68361460	4.91409000
52.15999968	0.68361460	4.91409000
52.23999968	0.68361460	4.91409000
52.31999968	0.68361460	4.91409000
52.39999968	0.68361460	4.91409000
52.47999968	0.68361460	4.91409000
52.55999968	0.68361460	4.91409000
52.63999968	0.68361460	4.91409000
52.71999968	0.68361460	4.91409000
52.79999968	0.68361460	4.91409000
52.87999968	0.68361460	4.91409000
52.95999968	0.68361460	4.91409000
53.03999968	0.68361460	4.91409000
53.11999968	0.68361460	4.91409000
53.19999968	0.68361460	4.91409000
53.27999968	0.68361460	4.91409000
53.35999968	0.68361460	4.91409000
53.43999968	0.68361460	4.91409000
53.51999967	0.68361460	4.91409000
53.59999967	0.68361460	4.91409000
53.67999967	0.68361460	4.91409000
53.75999967	0.68361460	4.91409000
53.83999967	0.68361460	4.91409000
53.91999967	0.68361460	4.91409000
53.99999967	0.68361460	4.91409000
54.07999967	0.68361460	4.91409000
54.15999967	0.68361460	4.82619700
54.23999967	0.68361460	4.82619700
54.31999967	0.68361460	4.82619700
54.39999967	0.68361460	4.91409000
54.47999967	0.68361460	4.82619700
54.55999967	0.68361460	4.82619700
54.63999967	0.68361460	4.82619700
54.71999967	0.68361460	4.82619700
54.79999967	0.68361460	4.82619700
54.87999967	0.68361460	4.82619700
54.95999967	0.68361460	4.73830400
55.03999967	0.68361460	4.73830400
55.11999967	0.68361460	4.73830400
55.19999966	0.68361460	4.73830400
55.27999966	0.68361460	4.73830400
55.35999966	0.68361460	4.65041100
55.43999966	0.68361460	4.73830400
55.51999966	0.68361460	4.65041100
55.59999966	0.68361460	4.65041100
55.67999966	0.68361460	4.56282200
55.75999966	0.68361460	4.56282200
55.83999966	0.68361460	4.56282200
55.91999966	0.68361460	4.56282200
55.99999966	0.68361460	4.56282200
56.07999966	0.68361460	4.56282200
56.15999966	0.68361460	4.47492900
56.23999966	0.68361460	4.47492900
56.31999966	0.68361460	4.47492900
56.39999966	0.68361460	4.38703600
56.47999966	0.68361460	4.38703600
56.55999966	0.68361460	4.38703600
56.63999966	0.68361460	4.38703600
56.71999966	0.68361460	4.29914200
56.79999965	0.68361460	4.29914200
56.87999965	0.68361460	4.29914200
56.95999965	0.68361460	4.29914200
57.03999965	0.68361460	4.21124900
57.11999965	0.68361460	4.21124900
57.19999965	0.68361460	4.21124900
57.27999965	0.68361460	4.21124900
57.35999965	0.68361460	4.21124900
57.43999965	0.68361460	4.12366100
57.51999965	0.68361460	4.12366100
57.59999965	0.68361460	4.03576800
57.67999965	0.68361460	4.03576800
57.75999965	0.68361460	4.03576800
57.83999965	0.68361460	3.94787400
57.91999965	0.68361460	3.94787400
57.99999965	0.68361460	3.85998100
58.07999965	0.68361460	3.85998100
58.15999965	0.68361460	3.85998100
58.23999965	0.68361460	3.85998100
58.31999965	0.68361460	3.77239300
58.39999965	0.68361460	3.68450000
58.47999964	0.68361460	3.77239300
58.55999964	0.68361460	3.68450000
58.63999964	0.59480580	3.68450000
58.71999964	0.68361460	3.68450000
58.79999964	0.68361460	3.59660600
58.87999964	0.68361460	3.59660600
58.95999964	0.68361460	3.50871300
59.03999964	0.59480580	3.50871300
59.11999964	0.59480580	3.50871300
59.19999964	0.59480580	3.50871300
59.27999964	0.59480580	3.42112500
59.35999964	0.59480580	3.42112500
59.43999964	0.59480580	3.42112500
59.51999964	0.59480580	3.33323200
59.59999964	0.59480580	3.33323200
59.67999964	0.59480580	3.24533800
59.75999964	0.59480580	3.24533800
59.83999964	0.50630210	3.24533800
59.91999964	0.50630210	3.15744500
59.99999964	0.50630210	3.15744500
60.07999963	0.50630210	3.06985700
60.15999963	0.50630210	3.06985700
60.23999963	0.50630210	2.98196400
60.31999963	0.50630210	2.98196400
60.39999963	0.50630210	2.98196400
60.47999963	0.50630210	2.89407000
60.55999963	0.41749320	2.80617700
60.63999963	0.41749320	2.89407000
60.71999963	0.41749320	2.80617700
60.79999963	0.32898950	2.80617700
60.87999963	0.41749320	2.71828400
60.95999963	0.41749320	2.71828400
61.03999963	0.32898950	2.63069600
61.11999963	0.32898950	2.63069600
61.19999963	0.32898950	2.54280200
61.27999963	0.32898950	2.63069600
61.35999963	0.24048580	2.45490900
61.43999963	0.32898950	2.45490900
61.51999963	0.24048580	2.45490900
61.59999963	0.24048580	2.45490900
61.67999963	0.24048580	2.36701600
61.75999962	0.24048580	2.36701600
61.83999962	0.24048580	2.27942800
61.91999962	0.15167700	2.27942800
61.99999962	0.15167700	2.19153400
62.07999962	0.15167700	2.19153400
62.15999962	0.15167700	2.19153400
62.23999962	0.15167700	2.10364100
62.31999962	0.15167700	2.01574800
62.39999962	0.15167700	2.01574800
62.47999962	0.06317332	2.01574800
62.55999962	0.06317332	1.92815900
62.63999962	0.06317332	1.92815900
62.71999962	-0.02563555	1.84026600
62.79999962	-0.02563555	1.84026600
62.87999962	-0.02563555	1.75237300
62.95999962	-0.02563555	1.75237300
63.03999962	-0.02563555	1.75237300
63.11999962	-0.11413920	1.66447900
63.19999962	-0.02563555	1.57689100
63.27999962	-0.11413920	1.57689100
63.35999961	-0.11413920	1.57689100
63.43999961	-0.11413920	1.48899800
63.51999961	-0.11413920	1.40110500
63.59999961	-0.11413920	1.40110500
63.67999961	-0.20294810	1.40110500
63.75999961	-0.20294810	1.31321100
63.83999961	-0.20294810	1.31321100
63.91999961	-0.20294810	1.22531800
63.99999961	-0.20294810	1.22531800
64.07999961	-0.29145180	1.13773000
64.15999961	-0.29145180	1.13773000
64.23999961	-0.20294810	1.04983700
64.31999961	-0.29145180	1.04983700
64.39999961	-0.38026060	1.04983700
64.47999961	-0.29145180	0.96194340
64.55999961	-0.38026060	0.96194340
64.63999961	-0.38026060	0.87405010
64.71999961	-0.38026060	0.87405010
64.79999961	-0.38026060	0.78646200
64.87999961	-0.38026060	0.78646200
64.95999961	-0.38026060	0.69856870
65.03999960	-0.38026060	0.69856870
65.11999960	-0.38026060	0.69856870
65.19999960	-0.38026060	0.61067540
65.27999960	-0.46876430	0.61067540
65.35999960	-0.46876430	0.52278210
65.43999960	-0.46876430	0.52278210
65.51999960	-0.46876430	0.43519400
65.59999960	-0.46876430	0.43519400
65.67999960	-0.46876430	0.34730060
65.75999960	-0.46876430	0.34730060
65.83999960	-0.46876430	0.34730060
65.91999960	-0.46876430	0.25940730
65.99999960	-0.46876430	0.17151400
66.07999960	-0.46876430	0.17151400
66.15999960	-0.46876430	0.17151400
66.23999960	-0.46876430	0.08392590
66.31999960	-0.46876430	-0.00366222
66.39999960	-0.46876430	-0.00366222
66.47999960	-0.46876430	-0.00366222
66.55999960	-0.55757310	-0.09155553
66.63999959	-0.55757310	-0.09155553
66.71999959	-0.46876430	-0.09155553
66.79999959	-0.55757310	-0.17944880
66.87999959	-0.55757310	-0.17944880
66.95999959	-0.55757310	-0.26734220
67.03999959	-0.55757310	-0.35493030
67.11999959	-0.55757310	-0.35493030
67.19999959	-0.55757310	-0.35493030
67.27999959	-0.55757310	-0.44282360
67.35999959	-0.55757310	-0.44282360
67.43999959	-0.55757310	-0.53071690
67.51999959	-0.55757310	-0.53071690
67.59999959	-0.55757310	-0.61861020
67.67999959	-0.55757310	-0.61861020
67.75999959	-0.55757310	-0.70619830
67.83999959	-0.55757310	-0.70619830
67.91999959	-0.64607690	-0.70619830
67.99999959	-0.55757310	-0.79409160
68.07999959	-0.55757310	-0.79409160
68.15999959	-0.64607690	-0.88198490
68.23999959	-0.64607690	-0.96987830
68.31999958	-0.55757310	-0.88198490
68.39999958	-0.64607690	-1.05746600
68.47999958	-0.64607690	-1.05746600
68.55999958	-0.64607690	-1.05746600
68.63999958	-0.64607690	-1.05746600
68.71999958	-0.64607690	-1.14536000
68.79999958	-0.64607690	-1.23325300
68.87999958	-0.64607690	-1.23325300
68.95999958	-0.64607690	-1.23325300
69.03999958	-0.64607690	-1.32114600
69.11999958	-0.64607690	-1.32114600
69.19999958	-0.64607690	-1.40904000
69.27999958	-0.73488570	-1.40904000
69.35999958	-0.64607690	-1.40904000
69.43999958	-0.64607690	-1.40904000
69.51999958	-0.64607690	-1.49662800
69.59999958	-0.64607690	-1.49662800
69.67999958	-0.64607690	-1.58452100
69.75999958	-0.64607690	-1.58452100
69.83999958	-0.73488570	-1.58452100
69.91999958	-0.64607690	-1.67241400
69.99999957	-0.73488570	-1.67241400
70.07999957	-0.73488570	-1.76030800
70.15999957	-0.64607690	-1.76030800
70.23999957	-0.73488570	-1.76030800
70.31999957	-0.64607690	-1.84789600
70.39999957	-0.73488570	-1.84789600
70.47999957	-0.73488570	-1.93578900
70.55999957	-0.64607690	-1.93578900
70.63999957	-0.73488570	-1.93578900
70.71999957	-0.73488570	-1.93578900
70.79999957	-0.73488570	-2.02368200
70.87999957	-0.73488570	-2.02368200
70.95999957	-0.73488570	-2.11157600
71.03999957	-0.73488570	-2.11157600
71.11999957	-0.73488570	-2.11157600
71.19999957	-0.73488570	-2.11157600
71.27999957	-0.73488570	-2.19916400
71.35999957	-0.73488570	-2.19916400
71.43999957	-0.73488570	-2.28705700
71.51999957	-0.73488570	-2.28705700
71.59999956	-0.73488570	-2.28705700
71.67999956	-0.73488570	-2.37495000
71.75999956	-0.73488570	-2.28705700
71.83999956	-0.73488570	-2.37495000
71.91999956	-0.73488570	-2.37495000
71.99999956	-0.73488570	-2.46284400
72.07999956	-0.73488570	-2.46284400
72.15999956	-0.73488570	-2.46284400
72.23999956	-0.73488570	-2.55043200
72.31999956	-0.73488570	-2.55043200
72.39999956	-0.73488570	-2.55043200
72.47999956	-0.73488570	-2.55043200
72.55999956	-0.73488570	-2.63832500
72.63999956	-0.73488570	-2.63832500
72.71999956	-0.73488570	-2.63832500
72.79999956	-0.73488570	-2.63832500
72.87999956	-0.73488570	-2.72621800
72.95999956	-0.73488570	-2.72621800
73.03999956	-0.73488570	-2.72621800
73.11999956	-0.73488570	-2.81411200
73.19999956	-0.73488570	-2.81411200
73.27999955	-0.73488570	-2.81411200
73.35999955	-0.73488570	-2.81411200
73.43999955	-0.73488570	-2.81411200
73.51999955	-0.82338940	-2.90200500
73.59999955	-0.73488570	-2.90200500
73.67999955	-0.73488570	-2.90200500
73.75999955	-0.73488570	-2.98959300
73.83999955	-0.73488570	-2.98959300
73.91999955	-0.82338940	-2.98959300
73.99999955	-0.73488570	-2.98959300
74.07999955	-0.73488570	-2.98959300
74.15999955	-0.73488570	-3.07748700
74.23999955	-0.73488570	-3.07748700
74.31999955	-0.73488570	-3.07748700
74.39999955	-0.73488570	-3.07748700
74.47999955	-0.73488570	-3.16538000
74.55999955	-0.73488570	-3.16538000
74.63999955	-0.82338940	-3.16538000
74.71999955	-0.82338940	-3.16538000
74.79999955	-0.73488570	-3.16538000
74.87999954	-0.82338940	-3.16538000
74.95999954	-0.82338940	-3.16538000
75.03999954	-0.73488570	-3.16538000
75.11999954	-0.73488570	-3.25327300
75.19999954	-0.82338940	-3.25327300
75.27999954	-0.73488570	-3.25327300
75.35999954	-0.82338940	-3.25327300
75.43999954	-0.82338940	-3.25327300
75.51999954	-0.82338940	-3.25327300
75.59999954	-0.82338940	-3.34086100
75.67999954	-0.82338940	-3.34086100
75.75999954	-0.82338940	-3.34086100
75.83999954	-0.82338940	-3.25327300
75.91999954	-0.82338940	-3.34086100
75.99999954	-0.82338940	-3.25327300
76.07999954	-0.82338940	-3.34086100
76.15999954	-0.73488570	-3.34086100
76.23999954	-0.82338940	-3.34086100
76.31999954	-0.82338940	-3.34086100
76.39999954	-0.82338940	-3.34086100
76.47999954	-0.82338940	-3.34086100
76.55999953	-0.82338940	-3.34086100
76.63999953	-0.73488570	-3.34086100
76.71999953	-0.82338940	-3.42875500
76.79999953	-0.82338940	-3.34086100
76.87999953	-0.82338940	-3.42875500
76.95999953	-0.82338940	-3.42875500
77.03999953	-0.82338940	-3.42875500
77.11999953	-0.82338940	-3.42875500
77.19999953	-0.82338940	-3.42875500
77.27999953	-0.82338940	-3.42875500
77.35999953	-0.82338940	-3.42875500
77.43999953	-0.82338940	-3.42875500
77.51999953	-0.82338940	-3.42875500
77.59999953	-0.82338940	-3.42875500
77.67999953	-0.82338940	-3.42875500
77.75999953	-0.82338940	-3.42875500
77.83999953	-0.82338940	-3.42875500
77.91999953	-0.73488570	-3.42875500
77.99999953	-0.82338940	-3.42875500
78.07999953	-0.82338940	-3.42875500
78.15999952	-0.82338940	-3.42875500
78.23999952	-0.82338940	-3.42875500
78.31999952	-0.82338940	-3.34086100
78.39999952	-0.82338940	-3.42875500
78.47999952	-0.82338940	-3.42875500
78.55999952	-0.82338940	-3.34086100
78.63999952	-0.82338940	-3.34086100
78.71999952	-0.82338940	-3.34086100
78.79999952	-0.82338940	-3.34086100
78.87999952	-0.82338940	-3.42875500
78.95999952	-0.82338940	-3.34086100
79.03999952	-0.82338940	-3.34086100
79.11999952	-0.82338940	-3.34086100
79.19999952	-0.82338940	-3.34086100
79.27999952	-0.82338940	-3.34086100
79.35999952	-0.82338940	-3.34086100
79.43999952	-0.82338940	-3.34086100
79.51999952	-0.82338940	-3.34086100
79.59999952	-0.82338940	-3.34086100
79.67999952	-0.82338940	-3.25327300
79.75999952	-0.82338940	-3.34086100
79.83999951	-0.73488570	-3.34086100
79.91999951	-0.82338940	-3.34086100
79.99999951	-0.82338940	-3.25327300
80.07999951	-0.82338940	-3.25327300
80.15999951	-0.73488570	-3.25327300
80.23999951	-0.82338940	-3.25327300
80.31999951	-0.82338940	-3.25327300
80.39999951	-0.82338940	-3.16538000
80.47999951	-0.82338940	-3.16538000
80.55999951	-0.82338940	-3.16538000
80.63999951	-0.82338940	-3.16538000
80.71999951	-0.82338940	-3.16538000
80.79999951	-0.82338940	-3.16538000
80.87999951	-0.82338940	-3.16538000
80.95999951	-0.82338940	-3.16538000
81.03999951	-0.82338940	-3.16538000
81.11999951	-0.82338940	-3.07748700
81.19999951	-0.82338940	-3.16538000
81.27999951	-0.82338940	-3.07748700
81.35999951	-0.82338940	-3.07748700
81.43999951	-0.82338940	-3.07748700
81.51999950	-0.82338940	-2.98959300
81.59999950	-0.82338940	-3.07748700
81.67999950	-0.82338940	-2.98959300
81.75999950	-0.82338940	-2.98959300
81.83999950	-0.82338940	-2.98959300
81.91999950	-0.82338940	-2.90200500
81.99999950	-0.82338940	-2.90200500
82.07999950	-0.82338940	-2.90200500
82.15999950	-0.73488570	-2.90200500
82.23999950	-0.82338940	-2.81411200
82.31999950	-0.82338940	-2.81411200
82.39999950	-0.82338940	-2.81411200
82.47999950	-0.82338940	-2.81411200
82.55999950	-0.82338940	-2.81411200
82.63999950	-0.73488570	-2.81411200
82.71999950	-0.82338940	-2.81411200
82.79999950	-0.82338940	-2.72621800
82.87999950	-0.73488570	-2.72621800
82.95999950	-0.73488570	-2.72621800
83.03999950	-0.82338940	-2.72621800
83.11999949	-0.82338940	-2.72621800
83.19999949	-0.73488570	-2.63832500
83.27999949	-0.82338940	-2.63832500
83.35999949	-0.82338940	-2.63832500
83.43999949	-0.73488570	-2.63832500
83.51999949	-0.82338940	-2.55043200
83.59999949	-0.82338940	-2.55043200
83.67999949	-0.82338940	-2.46284400
83.75999949	-0.73488570	-2.55043200
83.83999949	-0.73488570	-2.46284400
83.91999949	-0.73488570	-2.46284400
83.99999949	-0.73488570	-2.46284400
84.07999949	-0.82338940	-2.37495000
84.15999949	-0.82338940	-2.37495000
84.23999949	-0.73488570	-2.28705700
84.31999949	-0.82338940	-2.37495000
84.39999949	-0.73488570	-2.28705700
84.47999949	-0.73488570	-2.28705700
84.55999949	-0.73488570	-2.28705700
84.63999949	-0.73488570	-2.28705700
84.71999949	-0.73488570	-2.19916400
84.79999948	-0.73488570	-2.19916400
84.87999948	-0.73488570	-2.19916400
84.95999948	-0.73488570	-2.11157600
85.03999948	-0.73488570	-2.11157600
85.11999948	-0.73488570	-2.11157600
85.19999948	-0.73488570	-2.11157600
85.27999948	-0.73488570	-2.11157600
85.35999948	-0.73488570	-2.02368200
85.43999948	-0.73488570	-2.02368200
85.51999948	-0.73488570	-2.02368200
85.59999948	-0.73488570	-1.93578900
85.67999948	-0.73488570	-1.93578900
85.75999948	-0.73488570	-1.93578900
85.83999948	-0.73488570	-1.93578900
85.91999948	-0.73488570	-1.84789600
85.99999948	-0.73488570	-1.84789600
86.07999948	-0.73488570	-1.84789600
86.15999948	-0.73488570	-1.76030800
86.23999948	-0.73488570	-1.76030800
86.31999948	-0.73488570	-1.76030800
86.39999947	-0.73488570	-1.76030800
86.47999947	-0.73488570	-1.76030800
86.55999947	-0.73488570	-1.76030800
86.63999947	-0.73488570	-1.67241400
86.71999947	-0.73488570	-1.67241400
86.79999947	-0.73488570	-1.58452100
86.87999947	-0.64607690	-1.58452100
86.95999947	-0.64607690	-1.58452100
87.03999947	-0.64607690	-1.49662800
87.11999947	-0.64607690	-1.49662800
87.19999947	-0.64607690	-1.49662800
87.27999947	-0.64607690	-1.49662800
87.35999947	-0.64607690	-1.49662800
87.43999947	-0.64607690	-1.40904000
87.51999947	-0.64607690	-1.40904000
87.59999947	-0.64607690	-1.40904000
87.67999947	-0.55757310	-1.40904000
87.75999947	-0.55757310	-1.32114600
87.83999947	-0.55757310	-1.23325300
87.91999947	-0.64607690	-1.32114600
87.99999947	-0.55757310	-1.23325300
88.07999946	-0.55757310	-1.23325300
88.15999946	-0.55757310	-1.23325300
88.23999946	-0.55757310	-1.14536000
88.31999946	-0.55757310	-1.14536000
88.39999946	-0.55757310	-1.14536000
88.47999946	-0.55757310	-1.05746600
88.55999946	-0.55757310	-1.05746600
88.63999946	-0.55757310	-1.05746600
88.71999946	-0.55757310	-1.05746600
88.79999946	-0.55757310	-1.05746600
88.87999946	-0.55757310	-0.96987830
88.95999946	-0.55757310	-0.88198490
89.03999946	-0.55757310	-0.88198490
89.11999946	-0.55757310	-0.88198490
89.19999946	-0.55757310	-0.79409160
89.27999946	-0.55757310	-0.88198490
89.35999946	-0.55757310	-0.79409160
89.43999946	-0.55757310	-0.79409160
89.51999946	-0.55757310	-0.70619830
89.59999946	-0.55757310	-0.70619830
89.67999945	-0.46876430	-0.70619830
89.75999945	-0.46876430	-0.61861020
89.83999945	-0.46876430	-0.61861020
89.91999945	-0.46876430	-0.61861020
89.99999945	-0.46876430	-0.53071690
90.07999945	-0.46876430	-0.53071690
90.15999945	-0.46876430	-0.53071690
90.23999945	-0.46876430	-0.53071690
90.31999945	-0.46876430	-0.44282360
90.39999945	-0.46876430	-0.44282360
90.47999945	-0.46876430	-0.44282360
90.55999945	-0.46876430	-0.35493030
90.63999945	-0.38026060	-0.35493030
90.71999945	-0.38026060	-0.35493030
90.79999945	-0.38026060	-0.35493030
90.87999945	-0.38026060	-0.35493030
90.95999945	-0.38026060	-0.26734220
91.03999945	-0.38026060	-0.17944880
91.11999945	-0.38026060	-0.17944880
91.19999945	-0.29145180	-0.17944880
91.27999945	-0.38026060	-0.17944880
91.35999944	-0.29145180	-0.09155553
91.43999944	-0.29145180	-0.09155553
91.51999944	-0.20294810	-0.09155553
91.59999944	-0.20294810	-0.00366222
91.67999944	-0.20294810	-0.00366222
91.75999944	-0.20294810	-0.00366222
91.83999944	-0.11413920	-0.00366222
91.91999944	-0.11413920	0.08392590
91.99999944	-0.11413920	0.08392590
92.07999944	-0.02563555	0.17151400
92.15999944	-0.02563555	0.17151400
92.23999944	-0.02563555	0.17151400
92.31999944	0.06317332	0.17151400
92.39999944	0.06317332	0.17151400
92.47999944	0.15167700	0.17151400
92.55999944	0.15167700	0.25940730
92.63999944	0.24048580	0.34730060
92.71999944	0.24048580	0.34730060
92.79999944	0.32898950	0.34730060
92.87999944	0.59480580	0.34730060
92.95999944	0.59480580	0.43519400
93.03999943	0.59480580	0.43519400
93.11999943	0.50630210	0.43519400
93.19999943	0.68361460	0.52278210
93.27999943	1.74749000	0.52278210
93.35999943	2.19061900	0.52278210
93.43999943	1.92480200	0.61067540
93.51999943	1.03824000	0.61067540
93.59999943	0.41749320	0.61067540
93.67999943	4.58449000	0.61067540
93.75999943	3.96404900	0.69856870
93.83999943	4.31867400	0.69856870
93.91999943	4.05255300	0.69856870
93.99999943	4.14136200	0.78646200
94.07999943	4.05255300	0.78646200
94.15999943	4.05255300	0.78646200
94.23999943	4.05255300	0.87405010
94.31999943	4.05255300	0.87405010
94.39999943	4.05255300	0.87405010
94.47999943	4.05255300	0.87405010
94.55999943	4.05255300	0.96194340
94.63999942	3.96404900	0.96194340
94.71999942	3.96404900	1.04983700
94.79999942	3.96404900	1.04983700
94.87999942	3.96404900	1.04983700
94.95999942	3.96404900	1.04983700
95.03999942	3.96404900	1.13773000
95.11999942	3.96404900	1.04983700
95.19999942	3.96404900	1.22531800
95.27999942	3.96404900	1.22531800
95.35999942	3.96404900	1.31321100
95.43999942	3.87524000	1.31321100
95.51999942	3.87524000	1.31321100
95.59999942	3.87524000	1.31321100
95.67999942	3.87524000	1.40110500
95.75999942	3.87524000	1.40110500
95.83999942	3.87524000	1.40110500
95.91999942	3.87524000	1.40110500
95.99999942	3.87524000	1.48899800
96.07999942	3.87524000	1.57689100
96.15999942	3.87524000	1.57689100
96.23999942	3.87524000	1.57689100
96.31999941	3.78673700	1.57689100
96.39999941	3.78673700	1.66447900
96.47999941	3.78673700	1.75237300
96.55999941	3.78673700	1.75237300
96.63999941	3.78673700	1.75237300
96.71999941	3.78673700	1.75237300
96.79999941	3.78673700	1.75237300
96.87999941	3.69792800	1.84026600
96.95999941	3.78673700	1.92815900
97.03999941	3.78673700	1.92815900
97.11999941	3.78673700	1.92815900
97.19999941	3.78673700	2.01574800
97.27999941	3.69792800	2.01574800
97.35999941	3.69792800	2.01574800
97.43999941	3.69792800	2.10364100
97.51999941	3.69792800	2.10364100
97.59999941	3.69792800	2.19153400
97.67999941	3.69792800	2.19153400
97.75999941	3.69792800	2.27942800
97.83999941	3.69792800	2.27942800
97.91999940	3.69792800	2.27942800
97.99999940	3.69792800	2.27942800
98.07999940	3.69792800	2.27942800
98.15999940	3.69792800	2.36701600
98.23999940	3.69792800	2.45490900
98.31999940	3.69792800	2.45490900
98.39999940	3.69792800	2.45490900
98.47999940	3.69792800	2.54280200
98.55999940	3.69792800	2.54280200
98.63999940	3.60942400	2.63069600
98.71999940	3.69792800	2.63069600
98.79999940	3.69792800	2.71828400
98.87999940	3.69792800	2.71828400
98.95999940	3.69792800	2.71828400
99.03999940	3.69792800	2.80617700
99.11999940	3.60942400	2.80617700
99.19999940	3.60942400	2.80617700
99.27999940	3.60942400	2.80617700
99.35999940	3.69792800	2.89407000
99.43999940	3.60942400	2.89407000
99.51999940	3.60942400	2.98196400
99.59999939	3.60942400	2.98196400
99.67999939	3.60942400	2.98196400
99.75999939	3.60942400	3.06985700
99.83999939	3.60942400	3.06985700
99.91999939	3.60942400	3.15744500
99.99999939	3.60942400	3.15744500
100.07999939	3.60942400	3.15744500
100.15999939	3.60942400	3.24533800
100.23999939	3.60942400	3.24533800
100.31999939	3.52061500	3.24533800
100.39999939	3.60942400	3.33323200
100.47999939	3.52061500	3.33323200
100.55999939	3.52061500	3.42112500
100.63999939	3.52061500	3.42112500
100.71999939	3.52061500	3.42112500
100.79999939	3.60942400	3.42112500
100.87999939	3.52061500	3.50871300
100.95999939	3.60942400	3.50871300
101.03999939	3.52061500	3.50871300
101.11999939	3.52061500	3.50871300
101.19999938	3.52061500	3.50871300
101.27999938	3.52061500	3.59660600
101.35999938	3.60942400	3.59660600
101.43999938	3.60942400	3.68450000
101.51999938	3.60942400	3.68450000
101.59999938	3.60942400	3.68450000
101.67999938	3.52061500	3.77239300
101.75999938	3.60942400	3.77239300
101.83999938	3.60942400	3.77239300
101.91999938	3.60942400	3.85998100
101.99999938	3.60942400	3.85998100
102.07999938	3.60942400	3.85998100
102.15999938	3.60942400	3.85998100
102.23999938	3.52061500	3.85998100
102.31999938	3.60942400	3.94787400
102.39999938	3.60942400	3.94787400
102.47999938	3.52061500	3.94787400
102.55999938	3.52061500	4.03576800
102.63999938	3.52061500	4.03576800
102.71999938	3.52061500	4.03576800
102.79999938	3.52061500	4.03576800
102.87999937	3.60942400	4.03576800
102.95999937	3.60942400	4.12366100
103.03999937	3.52061500	4.12366100
103.11999937	3.60942400	4.12366100
103.19999937	3.60942400	4.12366100
103.27999937	3.60942400	4.21124900
103.35999937	3.60942400	4.21124900
103.43999937	3.60942400	4.21124900
103.51999937	3.60942400	4.21124900
103.59999937	3.60942400	4.21124900
103.67999937	3.52061500	4.21124900
103.75999937	3.60942400	4.29914200
103.83999937	3.60942400	4.29914200
103.91999937	3.60942400	4.29914200
103.99999937	3.60942400	4.29914200
104.07999937	3.60942400	4.29914200
104.15999937	3.60942400	4.29914200
104.23999937	3.60942400	4.38703600
104.31999937	3.60942400	4.38703600
104.39999937	3.60942400	4.38703600
104.47999937	3.69792800	4.38703600
104.55999936	3.60942400	4.38703600
104.63999936	3.60942400	4.38703600
104.71999936	3.60942400	4.38703600
104.79999936	3.60942400	4.38703600
104.87999936	3.69792800	4.38703600
104.95999936	3.69792800	4.38703600
105.03999936	3.69792800	4.38703600
105.11999936	3.69792800	4.38703600
105.19999936	3.60942400	4.47492900
105.27999936	3.69792800	4.47492900
105.35999936	3.69792800	4.47492900
105.43999936	3.60942400	4.47492900
105.51999936	3.69792800	4.47492900
105.59999936	3.60942400	4.47492900
105.67999936	3.69792800	4.38703600
105.75999936	3.69792800	4.38703600
105.83999936	3.69792800	4.47492900
105.91999936	3.69792800	4.47492900
105.99999936	3.69792800	4.47492900
106.07999936	3.69792800	4.47492900
106.15999935	3.69792800	4.47492900
106.23999935	3.69792800	4.47492900
106.31999935	3.69792800	4.38703600
106.39999935	3.69792800	4.38703600
106.47999935	3.69792800	4.38703600
106.55999935	3.69792800	4.38703600
106.63999935	3.69792800	4.38703600
106.71999935	3.69792800	4.38703600
106.79999935	3.69792800	4.38703600
106.87999935	3.69792800	4.38703600
106.95999935	3.69792800	4.38703600
107.03999935	3.69792800	4.38703600
107.11999935	3.69792800	4.38703600
107.19999935	3.69792800	4.38703600
107.27999935	3.69792800	4.29914200
107.35999935	3.69792800	4.29914200
107.43999935	3.69792800	4.29914200
107.51999935	3.78673700	4.29914200
107.59999935	3.69792800	4.29914200
107.67999935	3.78673700	4.29914200
107.75999935	3.69792800	4.21124900
107.83999934	3.78673700	4.21124900
107.91999934	3.78673700	4.21124900
107.99999934	3.78673700	4.21124900
108.07999934	3.78673700	4.21124900
108.15999934	3.78673700	4.21124900
108.23999934	3.78673700	4.12366100
108.31999934	3.78673700	4.12366100
108.39999934	3.78673700	4.12366100
108.47999934	3.87524000	4.12366100
108.55999934	3.78673700	4.12366100
108.63999934	3.87524000	4.03576800
108.71999934	3.78673700	4.03576800
108.79999934	3.78673700	4.03576800
108.87999934	3.87524000	4.03576800
108.95999934	3.78673700	4.03576800
109.03999934	3.87524000	4.03576800
109.11999934	3.87524000	3.85998100
109.19999934	3.87524000	3.85998100
109.27999934	3.87524000	3.85998100
109.35999934	3.87524000	3.85998100
109.43999933	3.87524000	3.85998100
109.51999933	3.87524000	3.85998100
109.59999933	3.87524000	3.77239300
109.67999933	3.87524000	3.77239300
109.75999933	3.87524000	3.68450000
109.83999933	3.87524000	3.68450000
109.91999933	3.87524000	3.68450000
109.99999933	3.87524000	3.59660600
110.07999933	3.87524000	3.59660600
110.15999933	3.87524000	3.59660600
110.23999933	3.87524000	3.50871300
110.31999933	3.87524000	3.50871300
110.39999933	3.87524000	3.50871300
110.47999933	3.96404900	3.42112500
110.55999933	3.87524000	3.42112500
110.63999933	3.96404900	3.33323200
110.71999933	3.96404900	3.33323200
110.79999933	3.87524000	3.33323200
110.87999933	3.87524000	3.24533800
110.95999933	3.96404900	3.24533800
111.03999933	3.96404900	3.15744500
111.11999932	3.87524000	3.15744500
111.19999932	3.87524000	3.15744500
111.27999932	3.87524000	3.15744500
111.35999932	3.96404900	2.98196400
111.43999932	3.96404900	2.98196400
111.51999932	3.96404900	2.98196400
111.59999932	3.96404900	2.98196400
111.67999932	3.96404900	2.89407000
111.75999932	3.96404900	2.89407000
111.83999932	3.96404900	2.80617700
111.91999932	3.96404900	2.80617700
111.99999932	3.96404900	2.71828400
112.07999932	4.05255300	2.71828400
112.15999932	4.05255300	2.71828400
112.23999932	4.05255300	2.63069600
112.31999932	4.05255300	2.54280200
112.39999932	4.05255300	2.54280200
112.47999932	4.05255300	2.54280200
112.55999932	4.05255300	2.45490900
112.63999932	4.05255300	2.45490900
112.71999931	4.05255300	2.45490900
112.79999931	4.05255300	2.36701600
112.87999931	4.05255300	2.27942800
112.95999931	3.96404900	2.27942800
113.03999931	4.05255300	2.19153400
113.11999931	4.05255300	2.19153400
113.19999931	4.05255300	2.10364100
113.27999931	4.05255300	2.01574800
113.35999931	4.05255300	2.01574800
113.43999931	4.05255300	1.92815900
113.51999931	4.05255300	1.92815900
113.59999931	4.05255300	1.92815900
113.67999931	4.05255300	1.84026600
113.75999931	4.14136200	1.84026600
113.83999931	4.05255300	1.75237300
113.91999931	4.05255300	1.75237300
113.99999931	4.05255300	1.66447900
114.07999931	4.14136200	1.57689100
114.15999931	4.14136200	1.57689100
114.23999931	4.14136200	1.48899800
114.31999931	4.14136200	1.48899800
114.39999930	4.14136200	1.40110500
114.47999930	4.14136200	1.40110500
114.55999930	4.14136200	1.31321100
114.63999930	4.14136200	1.31321100
114.71999930	4.14136200	1.22531800
114.79999930	4.14136200	1.22531800
114.87999930	4.14136200	1.13773000
114.95999930	4.14136200	1.13773000
115.03999930	4.14136200	1.04983700
115.11999930	4.14136200	1.04983700
115.19999930	4.14136200	0.96194340
115.27999930	4.14136200	0.87405010
115.35999930	4.14136200	0.87405010
115.43999930	4.14136200	0.78646200
115.51999930	4.14136200	0.78646200
115.59999930	4.14136200	0.69856870
115.67999930	4.14136200	0.61067540
115.75999930	4.14136200	0.61067540
115.83999930	4.14136200	0.61067540
115.91999930	4.14136200	0.52278210
115.99999930	4.14136200	0.43519400
116.07999929	4.14136200	0.43519400
116.15999929	4.14136200	0.34730060
116.23999929	4.14136200	0.34730060
116.31999929	4.14136200	0.25940730
116.39999929	4.22986600	0.17151400
116.47999929	4.14136200	0.08392590
116.55999929	4.22986600	0.08392590
116.63999929	4.14136200	0.08392590
116.71999929	4.22986600	-0.00366222
116.79999929	4.22986600	-0.09155553
116.87999929	4.22986600	-0.09155553
116.95999929	4.22986600	-0.17944880
117.03999929	4.22986600	-0.17944880
117.11999929	4.22986600	-0.26734220
117.19999929	4.22986600	-0.35493030
117.27999929	4.22986600	-0.35493030
117.35999929	4.22986600	-0.44282360
117.43999929	4.22986600	-0.44282360
117.51999929	4.22986600	-0.53071690
117.59999929	4.22986600	-0.61861020
117.67999928	4.22986600	-0.61861020
117.75999928	4.22986600	-0.70619830
117.83999928	4.22986600	-0.70619830
117.91999928	4.22986600	-0.79409160
117.99999928	4.22986600	-0.79409160
118.07999928	4.22986600	-0.88198490
118.15999928	4.22986600	-0.96987830
118.23999928	4.22986600	-1.05746600
118.31999928	4.22986600	-1.05746600
118.39999928	4.22986600	-1.14536000
118.47999928	4.22986600	-1.14536000
118.55999928	4.31867400	-1.23325300
118.63999928	4.31867400	-1.32114600
118.71999928	4.31867400	-1.32114600
118.79999928	4.22986600	-1.40904000
118.87999928	4.31867400	-1.40904000
118.95999928	4.31867400	-1.40904000
119.03999928	4.31867400	-1.49662800
119.11999928	4.31867400	-1.49662800
119.19999928	4.40717800	-1.58452100
119.27999928	4.40717800	-1.67241400
119.35999927	4.49598700	-1.67241400
119.43999927	4.76180300	-1.76030800
119.51999927	5.11642800	-1.76030800
119.59999927	5.20523700	-1.84789600
119.67999927	5.20523700	-1.93578900
119.75999927	5.02792500	-1.93578900
119.83999927	5.02792500	-1.93578900
119.91999927	5.02792500	-2.02368200
119.99999927	5.11642800	-2.11157600
120.07999927	5.11642800	-2.11157600
120.15999927	5.11642800	-2.19916400
120.23999927	5.11642800	-2.19916400
120.31999927	5.02792500	-2.28705700
120.39999927	5.02792500	-2.28705700
120.47999927	5.02792500	-2.37495000
120.55999927	5.02792500	-2.37495000
120.63999927	5.02792500	-2.46284400
120.71999927	5.02792500	-2.46284400
120.79999927	5.02792500	-2.55043200
120.87999927	4.93911600	-2.63832500
120.95999926	4.93911600	-2.63832500
121.03999926	4.93911600	-2.72621800
121.11999926	4.93911600	-2.72621800
121.19999926	4.85061200	-2.81411200
121.27999926	4.93911600	-2.81411200
121.35999926	4.85061200	-2.81411200
121.43999926	4.85061200	-2.90200500
121.51999926	4.85061200	-2.90200500
121.59999926	4.76180300	-2.98959300
121.67999926	4.76180300	-2.98959300
121.75999926	4.76180300	-3.07748700
121.83999926	4.76180300	-3.07748700
121.91999926	4.76180300	-3.16538000
121.99999926	4.67329900	-3.16538000
122.07999926	4.67329900	-3.25327300
122.15999926	4.58449000	-3.34086100
122.23999926	4.67329900	-3.34086100
122.31999926	4.67329900	-3.34086100
122.39999926	4.58449000	-3.34086100
122.47999926	4.58449000	-3.42875500
122.55999926	4.58449000	-3.42875500
122.63999925	4.58449000	-3.51664800
122.71999925	4.58449000	-3.51664800
122.79999925	4.49598700	-3.60454100
122.87999925	4.49598700	-3.60454100
122.95999925	4.49598700	-3.60454100
123.03999925	4.49598700	-3.69212900
123.11999925	4.49598700	-3.69212900
123.19999925	4.40717800	-3.78002300
123.27999925	4.49598700	-3.78002300
123.35999925	4.40717800	-3.86791600
123.43999925	4.40717800	-3.86791600
123.51999925	4.40717800	-3.86791600
123.59999925	4.40717800	-3.86791600
123.67999925	4.40717800	-3.95580900
123.75999925	4.40717800	-3.95580900
123.83999925	4.40717800	-4.04339700
123.91999925	4.40717800	-4.04339700
123.99999925	4.40717800	-4.04339700
124.07999925	4.40717800	-4.04339700
124.15999925	4.40717800	-4.13129000
124.23999924	4.40717800	-4.21918400
124.31999924	4.31867400	-4.21918400
124.39999924	4.31867400	-4.21918400
124.47999924	4.31867400	-4.21918400
124.55999924	4.31867400	-4.30707700
124.63999924	4.31867400	-4.30707700
124.71999924	4.31867400	-4.30707700
124.79999924	4.31867400	-4.39497000
124.87999924	4.31867400	-4.39497000
124.95999924	4.31867400	-4.39497000
125.03999924	4.22986600	-4.39497000
125.11999924	4.31867400	-4.57045200
125.19999924	4.31867400	-4.48255900
125.27999924	4.31867400	-4.57045200
125.35999924	4.22986600	-4.57045200
125.43999924	4.22986600	-4.57045200
125.51999924	4.31867400	-4.57045200
125.59999924	4.31867400	-4.57045200
125.67999924	4.31867400	-4.57045200
125.75999924	4.31867400	-4.65834500
125.83999924	4.31867400	-4.65834500
125.91999923	4.31867400	-4.65834500
125.99999923	4.31867400	-4.74623900
126.07999923	4.22986600	-4.74623900
126.15999923	4.22986600	-4.74623900
126.23999923	4.22986600	-4.74623900
126.31999923	4.22986600	-4.74623900
126.39999923	4.22986600	-4.83382700
126.47999923	4.22986600	-4.74623900
126.55999923	4.22986600	-4.83382700
126.63999923	4.22986600	-4.83382700
126.71999923	4.22986600	-4.83382700
126.79999923	4.31867400	-4.83382700
126.87999923	4.22986600	-4.92172000
126.95999923	4.22986600	-4.92172000
127.03999923	4.22986600	-4.92172000
127.11999923	4.22986600	-4.92172000
127.19999923	4.22986600	-4.92172000
127.27999923	4.22986600	-4.92172000
127.35999923	4.22986600	-4.92172000
127.43999923	4.22986600	-4.92172000
127.51999923	4.22986600	-4.92172000
127.59999922	4.22986600	-4.92172000
127.67999922	4.22986600	-4.92172000
127.75999922	4.22986600	-4.92172000
127.83999922	4.22986600	-5.00961400
127.91999922	4.22986600	-4.92172000
127.99999922	4.31867400	-4.92172000
128.07999922	4.22986600	-5.00961400
128.15999922	4.22986600	-5.00961400
128.23999922	4.22986600	-5.00961400
128.31999922	4.22986600	-5.00961400
128.39999922	4.22986600	-5.00961400
128.47999922	4.22986600	-4.92172000
128.55999922	4.22986600	-4.92172000
128.63999922	4.22986600	-5.00961400
128.71999922	4.22986600	-5.00961400
128.79999922	4.22986600	-5.00961400
128.87999922	4.22986600	-4.92172000
128.95999922	4.31867400	-4.92172000
129.03999922	4.22986600	-4.92172000
129.11999922	4.22986600	-4.92172000
129.19999921	4.22986600	-4.92172000
129.27999921	4.22986600	-4.92172000
129.35999921	4.22986600	-4.92172000
129.43999921	4.22986600	-4.92172000
129.51999921	4.22986600	-4.92172000
129.59999921	4.22986600	-4.92172000
129.67999921	4.22986600	-4.92172000
129.75999921	4.22986600	-4.92172000
129.83999921	4.22986600	-4.92172000
129.91999921	4.22986600	-4.92172000
129.99999921	4.22986600	-4.92172000
130.07999921	4.22986600	-4.83382700
130.15999921	4.22986600	-4.83382700
130.23999921	4.22986600	-4.92172000
130.31999921	4.22986600	-4.83382700
130.39999921	4.22986600	-4.83382700
130.47999921	4.22986600	-4.83382700
130.55999921	4.22986600	-4.83382700
130.63999921	4.22986600	-4.74623900
130.71999921	4.22986600	-4.74623900
130.79999921	4.22986600	-4.74623900
130.87999920	4.22986600	-4.74623900
130.95999920	4.22986600	-4.74623900
131.03999920	4.22986600	-4.74623900
131.11999920	4.22986600	-4.65834500
131.19999920	4.22986600	-4.65834500
131.27999920	4.22986600	-4.57045200
131.35999920	4.22986600	-4.57045200
131.43999920	4.22986600	-4.65834500
131.51999920	4.22986600	-4.57045200
131.59999920	4.22986600	-4.57045200
131.67999920	4.22986600	-4.57045200
131.75999920	4.22986600	-4.48255900
131.83999920	4.22986600	-4.48255900
131.91999920	4.22986600	-4.48255900
131.99999920	4.22986600	-4.39497000
132.07999920	4.22986600	-4.48255900
132.15999920	4.22986600	-4.39497000
132.23999920	4.22986600	-4.30707700
132.31999920	4.22986600	-4.30707700
132.39999920	4.22986600	-4.30707700
132.47999919	4.22986600	-4.30707700
132.55999919	4.31867400	-4.30707700
132.63999919	4.22986600	-4.21918400
132.71999919	4.22986600	-4.21918400
132.79999919	4.22986600	-4.21918400
132.87999919	4.22986600	-4.21918400
132.95999919	4.31867400	-4.13129000
133.03999919	4.22986600	-4.04339700
133.11999919	4.22986600	-4.04339700
133.19999919	4.22986600	-4.04339700
133.27999919	4.31867400	-4.04339700
133.35999919	4.22986600	-3.95580900
133.43999919	4.22986600	-3.95580900
133.51999919	4.22986600	-3.86791600
133.59999919	4.22986600	-3.86791600
133.67999919	4.31867400	-3.86791600
133.75999919	4.31867400	-3.86791600
133.83999919	4.31867400	-3.78002300
133.91999919	4.31867400	-3.78002300
133.99999919	4.31867400	-3.69212900
134.07999919	4.40717800	-3.69212900
134.15999918	4.49598700	-3.60454100
134.23999918	4.58449000	-3.60454100
134.31999918	4.76180300	-3.60454100
134.39999918	4.85061200	-3.60454100
134.47999918	4.93911600	-3.51664800
134.55999918	4.93911600	-3.51664800
134.63999918	4.93911600	-3.42875500
134.71999918	4.93911600	-3.42875500
134.79999918	4.93911600	-3.34086100
134.87999918	4.93911600	-3.34086100
134.95999918	4.93911600	-3.34086100
135.03999918	5.02792500	-3.34086100
135.11999918	5.02792500	-3.25327300
135.19999918	5.02792500	-3.16538000
135.27999918	5.11642800	-3.16538000
135.35999918	5.02792500	-3.16538000
135.43999918	5.11642800	-3.16538000
135.51999918	5.11642800	-3.07748700
135.59999918	5.11642800	-2.98959300
135.67999918	5.11642800	-2.98959300
135.75999917	5.11642800	-2.90200500
135.83999917	5.11642800	-2.90200500
135.91999917	5.11642800	-2.81411200
135.99999917	5.11642800	-2.81411200
136.07999917	5.11642800	-2.81411200
136.15999917	5.11642800	-2.81411200
136.23999917	5.11642800	-2.81411200
136.31999917	5.11642800	-2.72621800
136.39999917	5.11642800	-2.63832500
136.47999917	5.11642800	-2.63832500
136.55999917	5.11642800	-2.63832500
136.63999917	5.20523700	-2.55043200
136.71999917	5.11642800	-2.55043200
136.79999917	5.20523700	-2.46284400
136.87999917	5.20523700	-2.46284400
136.95999917	5.20523700	-2.46284400
137.03999917	5.20523700	-2.28705700
137.11999917	5.11642800	-2.28705700
137.19999917	5.20523700	-2.28705700
137.27999917	5.20523700	-2.28705700
137.35999917	5.20523700	-2.11157600
137.43999916	5.20523700	-2.11157600
137.51999916	5.20523700	-2.11157600
137.59999916	5.20523700	-2.02368200
137.67999916	5.20523700	-2.02368200
137.75999916	5.20523700	-2.02368200
137.83999916	5.20523700	-1.93578900
137.91999916	5.20523700	-1.93578900
137.99999916	5.20523700	-1.84789600
138.07999916	5.29374100	-1.84789600
138.15999916	5.29374100	-1.76030800
138.23999916	5.29374100	-1.76030800
138.31999916	5.29374100	-1.76030800
138.39999916	5.29374100	-1.67241400
138.47999916	5.29374100	-1.67241400
138.55999916	5.29374100	-1.58452100
138.63999916	5.29374100	-1.58452100
138.71999916	5.29374100	-1.49662800
138.79999916	5.29374100	-1.49662800
138.87999916	5.29374100	-1.40904000
138.95999916	5.29374100	-1.40904000
139.03999915	5.29374100	-1.40904000
139.11999915	5.29374100	-1.40904000
139.19999915	5.29374100	-1.23325300
139.27999915	5.29374100	-1.23325300
139.35999915	5.29374100	-1.23325300
139.43999915	5.38254900	-1.14536000
139.51999915	5.29374100	-1.14536000
139.59999915	5.38254900	-1.05746600
139.67999915	5.38254900	-1.05746600
139.75999915	5.29374100	-1.05746600
139.83999915	5.38254900	-0.96987830
139.91999915	5.38254900	-0.88198490
139.99999915	5.38254900	-0.88198490
140.07999915	5.38254900	-0.79409160
140.15999915	5.38254900	-0.79409160
140.23999915	5.47105300	-0.70619830
140.31999915	5.47105300	-0.70619830
140.39999915	5.47105300	-0.61861020
140.47999915	5.55986200	-0.61861020
140.55999915	5.47105300	-0.53071690
140.63999915	5.47105300	-0.53071690
140.71999914	5.47105300	-0.53071690
140.79999914	5.55986200	-0.44282360
140.87999914	5.55986200	-0.35493030
140.95999914	5.47105300	-0.35493030
141.03999914	5.55986200	-0.35493030
141.11999914	5.55986200	-0.35493030
141.19999914	5.55986200	-0.26734220
141.27999914	5.55986200	-0.26734220
141.35999914	5.55986200	-0.17944880
141.43999914	5.55986200	-0.09155553
141.51999914	5.55986200	-0.09155553
141.59999914	5.55986200	-0.00366222
141.67999914	5.55986200	-0.00366222
141.75999914	5.55986200	-0.00366222
141.83999914	5.55986200	0.08392590
141.91999914	5.55986200	0.17151400
141.99999914	5.55986200	0.17151400
142.07999914	5.55986200	0.17151400
142.15999914	5.55986200	0.17151400
142.23999914	5.64836500	0.34730060
142.31999914	5.64836500	0.34730060
142.39999913	5.64836500	0.43519400
142.47999913	5.64836500	0.43519400
142.55999913	5.64836500	0.43519400
142.63999913	5.64836500	0.52278210
142.71999913	5.64836500	0.52278210
142.79999913	5.64836500	0.61067540
142.87999913	5.64836500	0.61067540
142.95999913	5.64836500	0.69856870
143.03999913	5.55986200	0.69856870
143.11999913	5.64836500	0.69856870
143.19999913	5.64836500	0.78646200
143.27999913	5.64836500	0.78646200
143.35999913	5.64836500	0.87405010
143.43999913	5.64836500	0.87405010
143.51999913	5.64836500	0.96194340
143.59999913	5.64836500	1.04983700
143.67999913	5.64836500	1.04983700
143.75999913	5.64836500	1.04983700
143.83999913	5.64836500	1.04983700
143.91999913	5.64836500	1.04983700
143.99999912	5.64836500	1.13773000
144.07999912	5.64836500	1.22531800
144.15999912	5.64836500	1.22531800
144.23999912	5.64836500	1.22531800
144.31999912	5.64836500	1.31321100
144.39999912	5.64836500	1.31321100
144.47999912	5.64836500	1.40110500
144.55999912	5.73717500	1.40110500
144.63999912	5.73717500	1.40110500
144.71999912	5.73717500	1.48899800
144.79999912	5.73717500	1.57689100
144.87999912	5.73717500	1.57689100
144.95999912	5.73717500	1.57689100
145.03999912	5.73717500	1.57689100
145.11999912	5.73717500	1.66447900
145.19999912	5.73717500	1.66447900
145.27999912	5.64836500	1.75237300
145.35999912	5.73717500	1.75237300
145.43999912	5.73717500	1.75237300
145.51999912	5.73717500	1.84026600
145.59999912	5.73717500	1.92815900
145.67999911	5.73717500	1.92815900
145.75999911	5.73717500	1.92815900
145.83999911	5.73717500	2.01574800
145.91999911	5.73717500	2.01574800
145.99999911	5.73717500	2.01574800
146.07999911	5.73717500	2.01574800
146.15999911	5.73717500	2.10364100
146.23999911	5.82567800	2.10364100
146.31999911	5.82567800	2.10364100
146.39999911	5.73717500	2.19153400
146.47999911	5.73717500	2.19153400
146.55999911	5.73717500	2.27942800
146.63999911	5.82567800	2.27942800
146.71999911	5.82567800	2.27942800
146.79999911	5.73717500	2.36701600
146.87999911	5.82567800	2.36701600
146.95999911	5.82567800	2.36701600
147.03999911	5.82567800	2.45490900
147.11999911	5.82567800	2.45490900
147.19999911	5.82567800	2.45490900
147.27999910	5.73717500	2.45490900
147.35999910	5.73717500	2.45490900
147.43999910	5.73717500	2.54280200
147.51999910	5.82567800	2.63069600
147.59999910	5.82567800	2.63069600
147.67999910	5.82567800	2.63069600
147.75999910	5.82567800	2.63069600
147.83999910	5.82567800	2.71828400
147.91999910	5.82567800	2.71828400
147.99999910	5.82567800	2.71828400
148.07999910	5.82567800	2.71828400
148.15999910	5.82567800	2.80617700
148.23999910	5.82567800	2.80617700
148.31999910	5.82567800	2.80617700
148.39999910	5.82567800	2.80617700
148.47999910	5.82567800	2.89407000
148.55999910	5.82567800	2.89407000
148.63999910	5.82567800	2.89407000
148.71999910	5.82567800	2.89407000
148.79999910	5.82567800	2.89407000
148.87999910	5.82567800	2.98196400
148.95999909	5.82567800	2.98196400
149.03999909	5.82567800	2.98196400
149.11999909	5.82567800	3.06985700
149.19999909	5.82567800	3.06985700
149.27999909	5.82567800	3.06985700
149.35999909	5.82567800	3.06985700
149.43999909	5.82567800	3.06985700
149.51999909	5.82567800	3.15744500
149.59999909	5.82567800	3.15744500
149.67999909	5.82567800	3.15744500
149.75999909	5.82567800	3.15744500
149.83999909	5.82567800	3.24533800
149.91999909	5.82567800	3.24533800
149.99999909	5.82567800	3.24533800
150.07999909	5.91448700	3.24533800
150.15999909	5.82567800	3.24533800
150.23999909	5.91448700	3.24533800
150.31999909	5.82567800	3.33323200
150.39999909	5.82567800	3.33323200
150.47999909	5.82567800	3.33323200
150.55999908	5.82567800	3.33323200
150.63999908	5.82567800	3.33323200
150.71999908	5.91448700	3.42112500
150.79999908	5.91448700	3.33323200
150.87999908	5.91448700	3.42112500
150.95999908	5.82567800	3.42112500
151.03999908	5.91448700	3.42112500
151.11999908	5.82567800	3.42112500
151.19999908	5.82567800	3.42112500
151.27999908	5.91448700	3.42112500
151.35999908	5.91448700	3.42112500
151.43999908	5.91448700	3.42112500
151.51999908	5.91448700	3.50871300
151.59999908	5.82567800	3.50871300
151.67999908	5.91448700	3.50871300
151.75999908	5.91448700	3.50871300
151.83999908	5.82567800	3.50871300
151.91999908	5.91448700	3.50871300
151.99999908	5.82567800	3.50871300
152.07999908	5.91448700	3.50871300
152.15999908	5.91448700	3.50871300
152.23999907	5.82567800	3.50871300
152.31999907	5.91448700	3.50871300
152.39999907	5.82567800	3.50871300
152.47999907	5.91448700	3.50871300
152.55999907	5.91448700	3.50871300
152.63999907	5.91448700	3.50871300
152.71999907	5.82567800	3.50871300
152.79999907	5.82567800	3.50871300
152.87999907	5.91448700	3.50871300
152.95999907	5.91448700	3.50871300
153.03999907	5.91448700	3.50871300
153.11999907	5.82567800	3.50871300
153.19999907	5.91448700	3.50871300
153.27999907	5.91448700	3.50871300
153.35999907	5.91448700	3.50871300
153.43999907	5.82567800	3.50871300
153.51999907	5.91448700	3.50871300
153.59999907	5.91448700	3.50871300
153.67999907	5.91448700	3.50871300
153.75999907	5.91448700	3.50871300
153.83999907	5.91448700	3.50871300
153.91999906	5.91448700	3.50871300
153.99999906	5.82567800	3.50871300
154.07999906	5.91448700	3.50871300
154.15999906	5.82567800	3.50871300
154.23999906	5.91448700	3.50871300
154.31999906	5.82567800	3.50871300
154.39999906	5.82567800	3.50871300
154.47999906	5.91448700	3.50871300
154.55999906	5.91448700	3.50871300
154.63999906	5.91448700	3.42112500
154.71999906	5.91448700	3.50871300
154.79999906	5.91448700	3.42112500
154.87999906	5.91448700	3.50871300
154.95999906	5.91448700	3.42112500
155.03999906	5.91448700	3.42112500
155.11999906	5.91448700	3.42112500
155.19999906	5.91448700	3.42112500
155.27999906	5.82567800	3.42112500
155.35999906	5.91448700	3.42112500
155.43999906	5.91448700	3.33323200
155.51999905	5.82567800	3.33323200
155.59999905	5.91448700	3.33323200
155.67999905	5.91448700	3.33323200
155.75999905	5.91448700	3.33323200
155.83999905	5.82567800	3.33323200
155.91999905	5.82567800	3.33323200
155.99999905	5.91448700	3.33323200
156.07999905	5.82567800	3.24533800
156.15999905	5.82567800	3.24533800
156.23999905	5.82567800	3.24533800
156.31999905	5.82567800	3.24533800
156.39999905	5.82567800	3.24533800
156.47999905	5.82567800	3.24533800
156.55999905	5.82567800	3.15744500
156.63999905	5.91448700	3.15744500
156.71999905	5.91448700	3.15744500
156.79999905	5.91448700	3.15744500
156.87999905	5.82567800	3.15744500
156.95999905	5.82567800	3.15744500
157.03999905	5.91448700	3.15744500
157.11999905	5.91448700	3.06985700
157.19999904	5.91448700	2.98196400
157.27999904	5.82567800	2.98196400
157.35999904	5.82567800	2.98196400
157.43999904	5.82567800	2.98196400
157.51999904	5.82567800	2.98196400
157.59999904	5.82567800	2.98196400
157.67999904	5.82567800	2.89407000
157.75999904	5.82567800	2.89407000
157.83999904	5.82567800	2.89407000
157.91999904	5.82567800	2.89407000
157.99999904	5.82567800	2.89407000
158.07999904	5.82567800	2.80617700
158.15999904	5.82567800	2.80617700
158.23999904	5.82567800	2.80617700
158.31999904	5.82567800	2.80617700
158.39999904	5.82567800	2.80617700
158.47999904	5.82567800	2.71828400
158.55999904	5.82567800	2.80617700
158.63999904	5.82567800	2.71828400
158.71999904	5.82567800	2.71828400
158.79999903	5.82567800	2.71828400
158.87999903	5.82567800	2.63069600
158.95999903	5.82567800	2.63069600
159.03999903	5.82567800	2.54280200
159.11999903	5.82567800	2.54280200
159.19999903	5.82567800	2.63069600
159.27999903	5.82567800	2.45490900
159.35999903	5.73717500	2.54280200
159.43999903	5.82567800	2.45490900
159.51999903	5.73717500	2.45490900
159.59999903	5.82567800	2.45490900
159.67999903	5.82567800	2.45490900
159.75999903	5.82567800	2.45490900
159.83999903	5.73717500	2.36701600
159.91999903	5.82567800	2.36701600
159.99999903	5.82567800	2.36701600
160.07999903	5.82567800	2.36701600
160.15999903	5.73717500	2.27942800
160.23999903	5.82567800	2.27942800
160.31999903	5.73717500	2.27942800
160.39999903	5.73717500	2.19153400
160.47999902	5.73717500	2.19153400
160.55999902	5.73717500	2.19153400
160.63999902	5.73717500	2.10364100
160.71999902	5.73717500	2.10364100
160.79999902	5.64836500	2.10364100
160.87999902	5.73717500	2.10364100
160.95999902	5.64836500	2.10364100
161.03999902	5.73717500	2.01574800
161.11999902	5.73717500	2.01574800
161.19999902	5.64836500	2.01574800
161.27999902	5.64836500	1.92815900
161.35999902	5.64836500	1.92815900
161.43999902	5.64836500	1.92815900
161.51999902	5.64836500	1.84026600
161.59999902	5.64836500	1.84026600
161.67999902	5.64836500	1.84026600
161.75999902	5.64836500	1.75237300
161.83999902	5.64836500	1.75237300
161.91999902	5.64836500	1.75237300
161.99999902	5.64836500	1.75237300
162.07999901	5.64836500	1.75237300
162.15999901	5.55986200	1.66447900
162.23999901	5.64836500	1.66447900
162.31999901	5.64836500	1.57689100
162.39999901	5.64836500	1.57689100
162.47999901	5.64836500	1.57689100
162.55999901	5.55986200	1.57689100
162.63999901	5.55986200	1.48899800
162.71999901	5.55986200	1.48899800
162.79999901	5.55986200	1.48899800
162.87999901	5.47105300	1.48899800
162.95999901	5.11642800	1.40110500
163.03999901	4.58449000	1.40110500
163.11999901	4.31867400	1.40110500
163.19999901	4.31867400	1.40110500
163.27999901	4.31867400	1.31321100
163.35999901	4.31867400	1.31321100
163.43999901	4.31867400	1.31321100
163.51999901	4.22986600	1.31321100
163.59999901	4.31867400	1.22531800
163.67999901	4.31867400	1.22531800
163.75999900	4.31867400	1.13773000
163.83999900	4.22986600	1.13773000
163.91999900	4.22986600	1.13773000
163.99999900	4.22986600	1.04983700
164.07999900	4.31867400	1.04983700
164.15999900	4.22986600	1.04983700
164.23999900	4.22986600	1.04983700
164.31999900	4.31867400	1.04983700
164.39999900	4.22986600	0.96194340
164.47999900	4.22986600	0.87405010
164.55999900	4.22986600	0.96194340
164.63999900	4.22986600	0.96194340
164.71999900	4.31867400	0.87405010
164.79999900	4.22986600	0.87405010
164.87999900	4.22986600	0.78646200
164.95999900	4.22986600	0.78646200
165.03999900	4.22986600	0.78646200
165.11999900	4.22986600	0.69856870
165.19999900	4.22986600	0.69856870
165.27999900	4.22986600	0.69856870
165.35999900	4.22986600	0.69856870
165.43999899	4.22986600	0.61067540
165.51999899	4.22986600	0.61067540
165.59999899	4.22986600	0.61067540
165.67999899	4.22986600	0.61067540
165.75999899	4.22986600	0.52278210
165.83999899	4.22986600	0.52278210
165.91999899	4.22986600	0.43519400
165.99999899	4.22986600	0.43519400
166.07999899	4.22986600	0.43519400
166.15999899	4.22986600	0.34730060
166.23999899	4.22986600	0.34730060
166.31999899	4.22986600	0.34730060
166.39999899	4.22986600	0.34730060
166.47999899	4.22986600	0.25940730
166.55999899	4.22986600	0.25940730
166.63999899	4.22986600	0.17151400
166.71999899	4.22986600	0.17151400
166.79999899	4.22986600	0.17151400
166.87999899	4.22986600	0.17151400
166.95999899	4.22986600	0.17151400
167.03999898	4.22986600	0.08392590
167.11999898	4.22986600	0.08392590
167.19999898	4.22986600	-0.00366222
167.27999898	4.22986600	-0.00366222
167.35999898	4.22986600	-0.00366222
167.43999898	4.22986600	-0.00366222
167.51999898	4.22986600	-0.00366222
167.59999898	4.22986600	-0.09155553
167.67999898	4.22986600	-0.17944880
167.75999898	4.22986600	-0.09155553
167.83999898	4.22986600	-0.17944880
167.91999898	4.22986600	-0.17944880
167.99999898	4.22986600	-0.26734220
168.07999898	4.22986600	-0.17944880
168.15999898	4.05255300	-0.26734220
168.23999898	3.52061500	-0.35493030
168.31999898	0.86092720	-0.35493030
168.39999898	0.59480580	-0.35493030
168.47999898	0.68361460	-0.35493030
168.55999898	0.68361460	-0.44282360
168.63999898	0.68361460	-0.44282360
168.71999897	0.68361460	-0.53071690
168.79999897	0.68361460	-0.53071690
168.87999897	0.68361460	-0.53071690
168.95999897	0.68361460	-0.53071690
169.03999897	0.68361460	-0.53071690
169.11999897	0.68361460	-0.61861020
169.19999897	0.68361460	-0.61861020
169.27999897	0.68361460	-0.70619830
169.35999897	0.68361460	-0.70619830
169.43999897	0.68361460	-0.79409160
169.51999897	0.68361460	-0.79409160
169.59999897	0.68361460	-0.79409160
169.67999897	0.77211830	-0.79409160
169.75999897	0.68361460	-0.88198490
169.83999897	0.77211830	-0.88198490
169.91999897	0.77211830	-0.96987830
169.99999897	0.77211830	-0.96987830
170.07999897	0.77211830	-0.96987830
170.15999897	0.77211830	-1.05746600
170.23999897	0.77211830	-1.05746600
170.31999896	0.77211830	-1.14536000
170.39999896	0.77211830	-1.14536000
170.47999896	0.77211830	-1.14536000
170.55999896	0.77211830	-1.23325300
170.63999896	0.77211830	-1.23325300
170.71999896	0.77211830	-1.32114600
170.79999896	0.77211830	-1.32114600
170.87999896	0.86092720	-1.32114600
170.95999896	0.86092720	-1.40904000
171.03999896	0.86092720	-1.40904000
171.11999896	0.86092720	-1.49662800
171.19999896	0.86092720	-1.49662800
171.27999896	0.86092720	-1.49662800
171.35999896	0.86092720	-1.49662800
171.43999896	0.86092720	-1.58452100
171.51999896	0.86092720	-1.58452100
171.59999896	0.86092720	-1.67241400
171.67999896	0.86092720	-1.76030800
171.75999896	0.86092720	-1.76030800
171.83999896	0.86092720	-1.76030800
171.91999896	0.86092720	-1.76030800
171.99999895	0.86092720	-1.76030800
172.07999895	0.86092720	-1.84789600
172.15999895	0.86092720	-1.93578900
172.23999895	0.86092720	-1.93578900
172.31999895	0.86092720	-1.93578900
172.39999895	0.86092720	-2.02368200
172.47999895	0.86092720	-2.02368200
172.55999895	0.86092720	-2.11157600
172.63999895	0.86092720	-2.11157600
172.71999895	0.86092720	-2.11157600
172.79999895	0.86092720	-2.19916400
172.87999895	0.86092720	-2.19916400
172.95999895	0.86092720	-2.19916400
173.03999895	0.86092720	-2.28705700
173.11999895	0.86092720	-2.28705700
173.19999895	0.86092720	-2.28705700
173.27999895	0.86092720	-2.37495000
173.35999895	0.86092720	-2.37495000
173.43999895	0.86092720	-2.46284400
173.51999895	0.94943080	-2.46284400
173.59999894	0.94943080	-2.46284400
173.67999894	0.86092720	-2.55043200
173.75999894	0.86092720	-2.63832500
173.83999894	0.86092720	-2.63832500
173.91999894	0.86092720	-2.63832500
173.99999894	0.94943080	-2.72621800
174.07999894	0.94943080	-2.72621800
174.15999894	0.94943080	-2.81411200
174.23999894	0.94943080	-2.81411200
174.31999894	0.94943080	-2.81411200
174.39999894	0.94943080	-2.90200500
174.47999894	0.94943080	-2.90200500
174.55999894	0.94943080	-2.90200500
174.63999894	0.94943080	-2.98959300
174.71999894	0.94943080	-2.98959300
174.79999894	0.94943080	-2.98959300
174.87999894	0.94943080	-3.07748700
174.95999894	0.94943080	-3.07748700
175.03999894	0.94943080	-3.16538000
175.11999894	0.94943080	-3.16538000
175.19999894	0.94943080	-3.16538000
175.27999893	0.94943080	-3.16538000
175.35999893	0.94943080	-3.25327300
175.43999893	0.94943080	-3.25327300
175.51999893	0.94943080	-3.34086100
175.59999893	0.94943080	-3.34086100
175.67999893	0.94943080	-3.34086100
175.75999893	0.94943080	-3.34086100
175.83999893	0.94943080	-3.42875500
175.91999893	0.94943080	-3.42875500
175.99999893	0.94943080	-3.51664800
176.07999893	0.94943080	-3.51664800
176.15999893	0.94943080	-3.51664800
176.23999893	0.94943080	-3.60454100
176.31999893	0.94943080	-3.60454100
176.39999893	0.94943080	-3.60454100
176.47999893	0.94943080	-3.69212900
176.55999893	0.94943080	-3.69212900
176.63999893	0.94943080	-3.69212900
176.71999893	0.94943080	-3.78002300
176.79999893	0.94943080	-3.78002300
176.87999893	0.94943080	-3.78002300
176.95999892	0.94943080	-3.78002300
177.03999892	0.94943080	-3.86791600
177.11999892	0.94943080	-3.86791600
177.19999892	0.94943080	-3.86791600
177.27999892	0.94943080	-3.86791600
177.35999892	0.94943080	-3.95580900
177.43999892	1.03824000	-3.86791600
177.51999892	0.94943080	-3.95580900
177.59999892	0.94943080	-4.04339700
177.67999892	1.03824000	-4.04339700
177.75999892	0.94943080	-4.04339700
177.83999892	0.94943080	-4.04339700
177.91999892	0.94943080	-4.04339700
177.99999892	0.94943080	-4.13129000
178.07999892	1.03824000	-4.13129000
178.15999892	0.94943080	-4.13129000
178.23999892	0.94943080	-4.13129000
178.31999892	0.94943080	-4.21918400
178.39999892	0.94943080	-4.21918400
178.47999892	0.94943080	-4.21918400
178.55999891	0.94943080	-4.21918400
178.63999891	0.94943080	-4.21918400
178.71999891	0.94943080	-4.30707700
178.79999891	0.94943080	-4.30707700
178.87999891	1.03824000	-4.21918400
178.95999891	0.94943080	-4.30707700
179.03999891	0.94943080	-4.30707700
179.11999891	0.94943080	-4.30707700
179.19999891	0.94943080	-4.30707700
179.27999891	0.94943080	-4.30707700
179.35999891	0.94943080	-4.30707700
179.43999891	0.94943080	-4.39497000
179.51999891	0.94943080	-4.30707700
179.59999891	0.94943080	-4.39497000
179.67999891	0.94943080	-4.39497000
179.75999891	0.94943080	-4.39497000
179.83999891	0.94943080	-4.39497000
179.91999891	0.94943080	-4.39497000
179.99999891	0.94943080	-4.39497000
180.07999891	0.94943080	-4.39497000
180.15999891	0.94943080	-4.39497000
180.23999890	0.94943080	-4.39497000
180.31999890	0.94943080	-4.39497000
180.39999890	0.94943080	-4.48255900
180.47999890	0.94943080	-4.48255900
180.55999890	0.94943080	-4.48255900
180.63999890	0.94943080	-4.39497000
180.71999890	0.94943080	-4.39497000
180.79999890	0.94943080	-4.39497000
180.87999890	0.94943080	-4.48255900
180.95999890	0.94943080	-4.48255900
181.03999890	0.94943080	-4.48255900
181.11999890	0.94943080	-4.39497000
181.19999890	0.86092720	-4.39497000
181.27999890	0.94943080	-4.39497000
181.35999890	0.94943080	-4.39497000
181.43999890	0.94943080	-4.48255900
181.51999890	0.94943080	-4.39497000
181.59999890	0.94943080	-4.39497000
181.67999890	0.86092720	-4.39497000
181.75999890	0.94943080	-4.39497000
181.83999889	0.94943080	-4.39497000
181.91999889	0.94943080	-4.39497000
181.99999889	0.94943080	-4.30707700
182.07999889	0.86092720	-4.39497000
182.15999889	0.94943080	-4.39497000
182.23999889	0.94943080	-4.30707700
182.31999889	0.86092720	-4.30707700
182.39999889	0.94943080	-4.30707700
182.47999889	0.86092720	-4.30707700
182.55999889	0.94943080	-4.30707700
182.63999889	0.94943080	-4.21918400
182.71999889	0.94943080	-4.21918400
182.79999889	0.86092720	-4.21918400
182.87999889	0.94943080	-4.21918400
182.95999889	0.86092720	-4.21918400
183.03999889	0.94943080	-4.21918400
183.11999889	0.86092720	-4.13129000
183.19999889	0.86092720	-4.13129000
183.27999889	0.86092720	-4.13129000
183.35999889	0.86092720	-4.04339700
183.43999889	0.86092720	-4.04339700
183.51999888	0.94943080	-4.04339700
183.59999888	0.86092720	-4.04339700
183.67999888	0.86092720	-4.04339700
183.75999888	0.86092720	-4.04339700
183.83999888	0.86092720	-3.95580900
183.91999888	0.86092720	-3.86791600
183.99999888	0.86092720	-3.86791600
184.07999888	0.86092720	-3.86791600
184.15999888	0.86092720	-3.86791600
184.23999888	0.86092720	-3.86791600
184.31999888	0.86092720	-3.78002300
184.39999888	0.86092720	-3.78002300
184.47999888	0.86092720	-3.69212900
184.55999888	0.86092720	-3.69212900
184.63999888	0.86092720	-3.69212900
184.71999888	0.86092720	-3.60454100
184.79999888	0.86092720	-3.60454100
184.87999888	0.86092720	-3.60454100
184.95999888	0.86092720	-3.60454100
185.03999888	0.86092720	-3.51664800
185.11999887	0.86092720	-3.51664800
185.19999887	0.86092720	-3.51664800
185.27999887	0.86092720	-3.42875500
185.35999887	0.86092720	-3.42875500
185.43999887	0.86092720	-3.34086100
185.51999887	0.86092720	-3.34086100
185.59999887	0.86092720	-3.34086100
185.67999887	0.86092720	-3.34086100
185.75999887	0.86092720	-3.25327300
185.83999887	0.86092720	-3.16538000
185.91999887	0.86092720	-3.16538000
185.99999887	0.86092720	-3.16538000
186.07999887	0.86092720	-3.07748700
186.15999887	0.86092720	-3.07748700
186.23999887	0.86092720	-2.98959300
186.31999887	0.86092720	-2.98959300
186.39999887	0.86092720	-2.90200500
186.47999887	0.86092720	-2.90200500
186.55999887	0.86092720	-2.81411200
186.63999887	0.86092720	-2.81411200
186.71999887	0.86092720	-2.81411200
186.79999886	0.86092720	-2.81411200
186.87999886	0.86092720	-2.72621800
186.95999886	0.86092720	-2.63832500
187.03999886	0.77211830	-2.63832500
187.11999886	0.86092720	-2.63832500
187.19999886	0.77211830	-2.55043200
187.27999886	0.77211830	-2.46284400
187.35999886	0.77211830	-2.46284400
187.43999886	0.77211830	-2.46284400
187.51999886	0.77211830	-2.37495000
187.59999886	0.77211830	-2.37495000
187.67999886	0.77211830	-2.28705700
187.75999886	0.77211830	-2.19916400
187.83999886	0.86092720	-2.19916400
187.91999886	0.86092720	-2.11157600
187.99999886	0.77211830	-2.11157600
188.07999886	0.77211830	-2.11157600
188.15999886	0.77211830	-2.11157600
188.23999886	0.86092720	-2.02368200
188.31999886	0.77211830	-1.93578900
188.39999886	0.77211830	-1.93578900
188.47999885	0.77211830	-1.93578900
188.55999885	0.77211830	-1.84789600
188.63999885	0.77211830	-1.76030800
188.71999885	0.77211830	-1.76030800
188.79999885	0.77211830	-1.67241400
188.87999885	0.77211830	-1.67241400
188.95999885	0.68361460	-1.58452100
189.03999885	0.77211830	-1.58452100
189.11999885	0.77211830	-1.49662800
189.19999885	0.77211830	-1.40904000
189.27999885	0.77211830	-1.40904000
189.35999885	0.77211830	-1.40904000
189.43999885	0.77211830	-1.32114600
189.51999885	0.77211830	-1.23325300
189.59999885	0.77211830	-1.23325300
189.67999885	0.68361460	-1.14536000
189.75999885	0.68361460	-1.14536000
189.83999885	0.77211830	-1.14536000
189.91999885	0.77211830	-1.05746600
189.99999885	0.77211830	-0.96987830
190.07999884	0.77211830	-0.88198490
190.15999884	0.68361460	-0.88198490
190.23999884	0.68361460	-0.88198490
190.31999884	0.77211830	-0.79409160
190.39999884	0.68361460	-0.79409160
190.47999884	0.68361460	-0.70619830
190.55999884	0.68361460	-0.61861020
190.63999884	0.68361460	-0.61861020
190.71999884	0.68361460	-0.53071690
190.79999884	0.68361460	-0.53071690
190.87999884	0.68361460	-0.44282360
190.95999884	0.68361460	-0.44282360
191.03999884	0.68361460	-0.35493030
191.11999884	0.68361460	-0.35493030
191.19999884	0.68361460	-0.26734220
191.27999884	0.68361460	-0.17944880
191.35999884	0.68361460	-0.17944880
191.43999884	0.68361460	-0.09155553
191.51999884	0.68361460	-0.09155553
191.59999884	0.68361460	-0.00366222
191.67999884	0.68361460	0.08392590
191.75999883	0.68361460	0.08392590
191.83999883	0.68361460	0.17151400
191.91999883	0.68361460	0.17151400
191.99999883	0.68361460	0.25940730
192.07999883	0.68361460	0.34730060
192.15999883	0.68361460	0.34730060
192.23999883	0.68361460	0.43519400
192.31999883	0.68361460	0.43519400
192.39999883	0.68361460	0.52278210
192.47999883	0.68361460	0.61067540
192.55999883	0.68361460	0.61067540
192.63999883	0.68361460	0.69856870
192.71999883	0.68361460	0.69856870
192.79999883	0.68361460	0.78646200
192.87999883	0.68361460	0.87405010
192.95999883	0.68361460	0.87405010
193.03999883	0.68361460	0.87405010
193.11999883	0.68361460	0.96194340
193.19999883	0.68361460	1.04983700
193.27999883	0.59480580	1.04983700
193.35999882	0.59480580	1.04983700
193.43999882	0.68361460	1.13773000
193.51999882	0.59480580	1.22531800
193.59999882	0.59480580	1.22531800
193.67999882	0.59480580	1.31321100
193.75999882	0.59480580	1.40110500
193.83999882	0.59480580	1.40110500
193.91999882	0.59480580	1.40110500
193.99999882	0.59480580	1.48899800
194.07999882	0.59480580	1.57689100
194.15999882	0.59480580	1.57689100
194.23999882	0.59480580	1.66447900
194.31999882	0.50630210	1.75237300
194.39999882	0.41749320	1.75237300
194.47999882	0.41749320	1.75237300
194.55999882	0.41749320	1.84026600
194.63999882	0.50630210	1.92815900
194.71999882	0.50630210	1.92815900
194.79999882	0.50630210	2.01574800
194.87999882	0.50630210	2.01574800
194.95999882	0.50630210	2.01574800
195.03999881	0.50630210	2.10364100
195.11999881	0.50630210	2.19153400
195.19999881	0.59480580	2.27942800
195.27999881	0.59480580	2.27942800
195.35999881	0.59480580	2.36701600
195.43999881	0.59480580	2.36701600
195.51999881	0.59480580	2.36701600
195.59999881	0.59480580	2.45490900
195.67999881	0.50630210	2.45490900
195.75999881	0.59480580	2.54280200
195.83999881	0.59480580	2.63069600
195.91999881	0.59480580	2.63069600
195.99999881	0.50630210	2.63069600
196.07999881	0.59480580	2.71828400
196.15999881	0.59480580	2.71828400
196.23999881	0.59480580	2.80617700
196.31999881	0.59480580	2.80617700
196.39999881	0.50630210	2.80617700
196.47999881	0.59480580	2.89407000
196.55999881	0.50630210	2.98196400
196.63999880	0.59480580	2.98196400
196.71999880	0.59480580	2.98196400
196.79999880	0.59480580	3.06985700
196.87999880	0.59480580	3.15744500
196.95999880	0.59480580	3.15744500
197.03999880	0.59480580	3.24533800
197.11999880	0.59480580	3.24533800
197.19999880	0.59480580	3.24533800
197.27999880	0.59480580	3.33323200
197.35999880	0.59480580	3.33323200
197.43999880	0.59480580	3.42112500
197.51999880	0.59480580	3.42112500
197.59999880	0.59480580	3.42112500
197.67999880	0.59480580	3.50871300
197.75999880	0.59480580	3.50871300
197.83999880	0.59480580	3.50871300
197.91999880	0.59480580	3.59660600
197.99999880	0.59480580	3.68450000
198.07999880	0.59480580	3.68450000
198.15999880	0.59480580	3.77239300
198.23999880	0.59480580	3.68450000
198.31999879	0.59480580	3.77239300
198.39999879	0.59480580	3.85998100
198.47999879	0.59480580	3.85998100
198.55999879	0.59480580	3.85998100
198.63999879	0.59480580	3.85998100
198.71999879	0.59480580	3.94787400
198.79999879	0.59480580	4.03576800
198.87999879	0.59480580	4.03576800
198.95999879	0.59480580	4.03576800
199.03999879	0.59480580	4.03576800
199.11999879	0.59480580	4.12366100
199.19999879	0.59480580	4.12366100
199.27999879	0.59480580	4.21124900
199.35999879	0.59480580	4.12366100
199.43999879	0.68361460	4.21124900
199.51999879	0.59480580	4.21124900
199.59999879	0.59480580	4.21124900
199.67999879	0.59480580	4.21124900
199.75999879	0.59480580	4.29914200
199.83999879	0.68361460	4.38703600
199.91999878	0.59480580	4.29914200
199.99999878	0.59480580	4.38703600
200.07999878	0.59480580	4.47492900
200.15999878	0.68361460	4.38703600
200.23999878	0.59480580	4.38703600
