Time	Channel A	Channel B
(us)	(V)	(V)

0.00000000	5.82567800	3.42112500
0.08000000	5.91448700	3.33323200
0.16000000	5.91448700	3.33323200
0.24000000	5.91448700	3.42112500
0.32000000	5.91448700	3.33323200
0.40000000	5.91448700	3.42112500
0.48000000	5.91448700	3.33323200
0.56000000	5.91448700	3.33323200
0.64000000	5.91448700	3.33323200
0.72000000	5.91448700	3.24533800
0.80000000	5.82567800	3.33323200
0.87999999	5.91448700	3.24533800
0.95999999	5.91448700	3.24533800
1.03999999	5.82567800	3.24533800
1.11999999	5.91448700	3.24533800
1.19999999	5.82567800	3.24533800
1.27999999	5.91448700	3.15744500
1.35999999	5.91448700	3.15744500
1.43999999	5.91448700	3.15744500
1.51999999	5.82567800	3.15744500
1.59999999	5.82567800	3.15744500
1.67999999	5.82567800	3.15744500
1.75999999	5.82567800	3.06985700
1.83999999	5.82567800	3.06985700
1.91999999	5.82567800	3.06985700
1.99999999	5.91448700	2.98196400
2.07999999	5.82567800	2.98196400
2.15999999	5.82567800	2.98196400
2.23999999	5.82567800	2.98196400
2.31999999	5.82567800	2.98196400
2.39999999	5.82567800	2.98196400
2.47999998	5.82567800	2.98196400
2.55999998	5.82567800	2.98196400
2.63999998	5.82567800	2.89407000
2.71999998	5.82567800	2.89407000
2.79999998	5.82567800	2.89407000
2.87999998	5.82567800	2.80617700
2.95999998	5.82567800	2.80617700
3.03999998	5.82567800	2.80617700
3.11999998	5.82567800	2.80617700
3.19999998	5.82567800	2.71828400
3.27999998	5.82567800	2.71828400
3.35999998	5.82567800	2.71828400
3.43999998	5.82567800	2.71828400
3.51999998	5.82567800	2.71828400
3.59999998	5.82567800	2.71828400
3.67999998	5.82567800	2.63069600
3.75999998	5.82567800	2.63069600
3.83999998	5.82567800	2.54280200
3.91999998	5.82567800	2.54280200
3.99999998	5.73717500	2.54280200
4.07999998	5.82567800	2.54280200
4.15999997	5.82567800	2.45490900
4.23999997	5.82567800	2.45490900
4.31999997	5.82567800	2.45490900
4.39999997	5.82567800	2.45490900
4.47999997	5.73717500	2.45490900
4.55999997	5.73717500	2.45490900
4.63999997	5.73717500	2.36701600
4.71999997	5.73717500	2.36701600
4.79999997	5.73717500	2.27942800
4.87999997	5.73717500	2.27942800
4.95999997	5.82567800	2.27942800
5.03999997	5.82567800	2.27942800
5.11999997	5.73717500	2.27942800
5.19999997	5.73717500	2.19153400
5.27999997	5.73717500	2.19153400
5.35999997	5.73717500	2.19153400
5.43999997	5.73717500	2.10364100
5.51999997	5.73717500	2.10364100
5.59999997	5.73717500	2.10364100
5.67999997	5.73717500	2.10364100
5.75999996	5.64836500	2.01574800
5.83999996	5.73717500	2.01574800
5.91999996	5.73717500	2.01574800
5.99999996	5.73717500	1.92815900
6.07999996	5.64836500	1.92815900
6.15999996	5.64836500	1.92815900
6.23999996	5.64836500	1.84026600
6.31999996	5.64836500	1.84026600
6.39999996	5.64836500	1.84026600
6.47999996	5.64836500	1.84026600
6.55999996	5.64836500	1.75237300
6.63999996	5.64836500	1.75237300
6.71999996	5.64836500	1.75237300
6.79999996	5.64836500	1.75237300
6.87999996	5.64836500	1.75237300
6.95999996	5.64836500	1.66447900
7.03999996	5.64836500	1.66447900
7.11999996	5.64836500	1.57689100
7.19999996	5.64836500	1.57689100
7.27999996	5.55986200	1.57689100
7.35999996	5.55986200	1.57689100
7.43999995	5.55986200	1.57689100
7.51999995	5.55986200	1.48899800
7.59999995	5.47105300	1.48899800
7.67999995	5.29374100	1.40110500
7.75999995	4.76180300	1.40110500
7.83999995	4.40717800	1.40110500
7.91999995	4.31867400	1.40110500
7.99999995	4.31867400	1.31321100
8.07999995	4.31867400	1.31321100
8.15999995	4.31867400	1.31321100
8.23999995	4.31867400	1.22531800
8.31999995	4.31867400	1.22531800
8.39999995	4.31867400	1.22531800
8.47999995	4.31867400	1.13773000
8.55999995	4.31867400	1.13773000
8.63999995	4.31867400	1.13773000
8.71999995	4.31867400	1.04983700
8.79999995	4.31867400	1.04983700
8.87999995	4.31867400	1.04983700
8.95999995	4.22986600	1.04983700
9.03999995	4.22986600	0.96194340
9.11999994	4.22986600	1.04983700
9.19999994	4.22986600	0.87405010
9.27999994	4.31867400	0.96194340
9.35999994	4.22986600	0.87405010
9.43999994	4.22986600	0.87405010
9.51999994	4.31867400	0.87405010
9.59999994	4.31867400	0.78646200
9.67999994	4.31867400	0.78646200
9.75999994	4.31867400	0.78646200
9.83999994	4.22986600	0.69856870
9.91999994	4.22986600	0.69856870
9.99999994	4.22986600	0.69856870
10.07999994	4.22986600	0.69856870
10.15999994	4.22986600	0.61067540
10.23999994	4.31867400	0.61067540
10.31999994	4.22986600	0.61067540
10.39999994	4.22986600	0.52278210
10.47999994	4.31867400	0.52278210
10.55999994	4.22986600	0.52278210
10.63999994	4.22986600	0.43519400
10.71999993	4.22986600	0.43519400
10.79999993	4.31867400	0.43519400
10.87999993	4.22986600	0.43519400
10.95999993	4.22986600	0.34730060
11.03999993	4.22986600	0.34730060
11.11999993	4.22986600	0.34730060
11.19999993	4.22986600	0.25940730
11.27999993	4.22986600	0.25940730
11.35999993	4.22986600	0.25940730
11.43999993	4.22986600	0.17151400
11.51999993	4.22986600	0.17151400
11.59999993	4.22986600	0.17151400
11.67999993	4.22986600	0.17151400
11.75999993	4.22986600	0.08392590
11.83999993	4.22986600	0.08392590
11.91999993	4.22986600	0.08392590
11.99999993	4.22986600	-0.00366222
12.07999993	4.22986600	-0.00366222
12.15999993	4.22986600	-0.00366222
12.23999993	4.22986600	-0.00366222
12.31999993	4.22986600	-0.09155553
12.39999992	4.22986600	-0.09155553
12.47999992	4.22986600	-0.09155553
12.55999992	4.22986600	-0.17944880
12.63999992	4.22986600	-0.17944880
12.71999992	4.22986600	-0.26734220
12.79999992	4.22986600	-0.26734220
12.87999992	4.31867400	-0.26734220
12.95999992	4.22986600	-0.35493030
13.03999992	3.69792800	-0.35493030
13.11999992	1.30405600	-0.35493030
13.19999992	0.86092720	-0.35493030
13.27999992	0.68361460	-0.44282360
13.35999992	0.59480580	-0.44282360
13.43999992	0.68361460	-0.44282360
13.51999992	0.68361460	-0.53071690
13.59999992	0.68361460	-0.53071690
13.67999992	0.68361460	-0.53071690
13.75999992	0.68361460	-0.53071690
13.83999992	0.68361460	-0.61861020
13.91999992	0.68361460	-0.61861020
13.99999991	0.68361460	-0.70619830
14.07999991	0.68361460	-0.70619830
14.15999991	0.68361460	-0.70619830
14.23999991	0.77211830	-0.79409160
14.31999991	0.77211830	-0.79409160
14.39999991	0.77211830	-0.79409160
14.47999991	0.77211830	-0.88198490
14.55999991	0.77211830	-0.88198490
14.63999991	0.77211830	-0.88198490
14.71999991	0.77211830	-0.96987830
14.79999991	0.77211830	-1.05746600
14.87999991	0.68361460	-1.05746600
14.95999991	0.77211830	-1.05746600
15.03999991	0.77211830	-1.05746600
15.11999991	0.77211830	-1.14536000
15.19999991	0.77211830	-1.23325300
15.27999991	0.77211830	-1.14536000
15.35999991	0.77211830	-1.23325300
15.43999991	0.86092720	-1.23325300
15.51999991	0.86092720	-1.32114600
15.59999991	0.86092720	-1.32114600
15.67999990	0.86092720	-1.40904000
15.75999990	0.86092720	-1.40904000
15.83999990	0.77211830	-1.40904000
15.91999990	0.86092720	-1.40904000
15.99999990	0.86092720	-1.49662800
16.07999990	0.86092720	-1.49662800
16.15999990	0.86092720	-1.58452100
16.23999990	0.86092720	-1.58452100
16.31999990	0.86092720	-1.58452100
16.39999990	0.86092720	-1.67241400
16.47999990	0.86092720	-1.67241400
16.55999990	0.86092720	-1.76030800
16.63999990	0.86092720	-1.76030800
16.71999990	0.86092720	-1.76030800
16.79999990	0.86092720	-1.84789600
16.87999990	0.86092720	-1.84789600
16.95999990	0.86092720	-1.93578900
17.03999990	0.86092720	-1.93578900
17.11999990	0.86092720	-2.02368200
17.19999990	0.86092720	-2.02368200
17.27999989	0.86092720	-2.02368200
17.35999989	0.86092720	-2.02368200
17.43999989	0.86092720	-2.11157600
17.51999989	0.86092720	-2.11157600
17.59999989	0.94943080	-2.19916400
17.67999989	0.94943080	-2.19916400
17.75999989	0.86092720	-2.19916400
17.83999989	0.86092720	-2.28705700
17.91999989	0.86092720	-2.28705700
17.99999989	0.86092720	-2.37495000
18.07999989	0.86092720	-2.37495000
18.15999989	0.94943080	-2.37495000
18.23999989	0.86092720	-2.46284400
18.31999989	0.94943080	-2.46284400
18.39999989	0.94943080	-2.55043200
18.47999989	0.86092720	-2.55043200
18.55999989	0.94943080	-2.55043200
18.63999989	0.94943080	-2.63832500
18.71999989	0.94943080	-2.63832500
18.79999989	0.94943080	-2.72621800
18.87999989	0.94943080	-2.72621800
18.95999988	0.94943080	-2.81411200
19.03999988	0.94943080	-2.81411200
19.11999988	0.94943080	-2.81411200
19.19999988	0.94943080	-2.81411200
19.27999988	0.94943080	-2.90200500
19.35999988	0.94943080	-2.90200500
19.43999988	0.94943080	-2.98959300
19.51999988	0.94943080	-2.98959300
19.59999988	0.94943080	-2.98959300
19.67999988	0.94943080	-3.07748700
19.75999988	0.94943080	-3.07748700
19.83999988	0.94943080	-3.16538000
19.91999988	0.94943080	-3.16538000
19.99999988	0.94943080	-3.16538000
20.07999988	0.94943080	-3.16538000
20.15999988	0.94943080	-3.25327300
20.23999988	0.94943080	-3.34086100
20.31999988	0.94943080	-3.34086100
20.39999988	0.94943080	-3.34086100
20.47999988	0.94943080	-3.34086100
20.55999988	0.94943080	-3.34086100
20.63999987	0.94943080	-3.42875500
20.71999987	0.94943080	-3.51664800
20.79999987	0.94943080	-3.51664800
20.87999987	0.94943080	-3.51664800
20.95999987	0.94943080	-3.51664800
21.03999987	0.94943080	-3.60454100
21.11999987	0.94943080	-3.60454100
21.19999987	0.94943080	-3.60454100
21.27999987	0.94943080	-3.69212900
21.35999987	0.94943080	-3.69212900
21.43999987	1.03824000	-3.69212900
21.51999987	0.94943080	-3.69212900
21.59999987	0.94943080	-3.78002300
21.67999987	0.94943080	-3.78002300
21.75999987	0.94943080	-3.78002300
21.83999987	0.94943080	-3.86791600
21.91999987	0.94943080	-3.86791600
21.99999987	0.94943080	-3.86791600
22.07999987	0.94943080	-3.86791600
22.15999987	0.94943080	-3.86791600
22.23999986	0.94943080	-3.95580900
22.31999986	0.94943080	-3.95580900
22.39999986	0.94943080	-3.95580900
22.47999986	0.94943080	-4.04339700
22.55999986	0.94943080	-4.04339700
22.63999986	0.94943080	-4.04339700
22.71999986	0.94943080	-4.04339700
22.79999986	0.94943080	-4.13129000
22.87999986	0.94943080	-4.13129000
22.95999986	0.94943080	-4.13129000
23.03999986	0.94943080	-4.13129000
23.11999986	0.94943080	-4.21918400
23.19999986	0.94943080	-4.21918400
23.27999986	1.03824000	-4.21918400
23.35999986	0.94943080	-4.21918400
23.43999986	0.94943080	-4.21918400
23.51999986	0.94943080	-4.21918400
23.59999986	0.94943080	-4.21918400
23.67999986	0.94943080	-4.21918400
23.75999986	0.94943080	-4.30707700
23.83999986	0.94943080	-4.30707700
23.91999985	0.94943080	-4.30707700
23.99999985	0.94943080	-4.30707700
24.07999985	0.94943080	-4.30707700
24.15999985	0.94943080	-4.30707700
24.23999985	0.94943080	-4.30707700
24.31999985	0.94943080	-4.39497000
24.39999985	0.94943080	-4.39497000
24.47999985	0.94943080	-4.39497000
24.55999985	0.94943080	-4.39497000
24.63999985	0.94943080	-4.39497000
24.71999985	0.94943080	-4.39497000
24.79999985	0.94943080	-4.39497000
24.87999985	0.94943080	-4.39497000
24.95999985	0.94943080	-4.39497000
25.03999985	0.94943080	-4.39497000
25.11999985	0.94943080	-4.39497000
25.19999985	0.94943080	-4.39497000
25.27999985	0.94943080	-4.48255900
25.35999985	0.94943080	-4.48255900
25.43999985	0.94943080	-4.48255900
25.51999984	0.94943080	-4.39497000
25.59999984	0.94943080	-4.39497000
25.67999984	0.94943080	-4.39497000
25.75999984	0.94943080	-4.39497000
25.83999984	0.94943080	-4.39497000
25.91999984	0.94943080	-4.39497000
25.99999984	0.94943080	-4.39497000
26.07999984	0.94943080	-4.39497000
26.15999984	0.94943080	-4.39497000
26.23999984	0.86092720	-4.39497000
26.31999984	0.94943080	-4.39497000
26.39999984	0.94943080	-4.39497000
26.47999984	0.86092720	-4.39497000
26.55999984	0.86092720	-4.39497000
26.63999984	0.94943080	-4.39497000
26.71999984	0.86092720	-4.39497000
26.79999984	0.94943080	-4.30707700
26.87999984	0.94943080	-4.30707700
26.95999984	0.94943080	-4.39497000
27.03999984	0.94943080	-4.30707700
27.11999984	0.86092720	-4.30707700
27.19999983	0.94943080	-4.30707700
27.27999983	0.94943080	-4.30707700
27.35999983	0.94943080	-4.21918400
27.43999983	0.94943080	-4.30707700
27.51999983	0.86092720	-4.21918400
27.59999983	0.86092720	-4.21918400
27.67999983	0.94943080	-4.21918400
27.75999983	0.86092720	-4.21918400
27.83999983	0.86092720	-4.21918400
27.91999983	0.86092720	-4.13129000
27.99999983	0.94943080	-4.13129000
28.07999983	0.94943080	-4.04339700
28.15999983	0.86092720	-4.04339700
28.23999983	0.86092720	-4.04339700
28.31999983	0.94943080	-4.04339700
28.39999983	0.86092720	-4.04339700
28.47999983	0.86092720	-4.04339700
28.55999983	0.94943080	-3.95580900
28.63999983	0.86092720	-3.95580900
28.71999983	0.86092720	-3.86791600
28.79999982	0.86092720	-3.86791600
28.87999982	0.86092720	-3.86791600
28.95999982	0.86092720	-3.86791600
29.03999982	0.86092720	-3.86791600
29.11999982	0.86092720	-3.86791600
29.19999982	0.86092720	-3.69212900
29.27999982	0.86092720	-3.69212900
29.35999982	0.86092720	-3.78002300
29.43999982	0.86092720	-3.69212900
29.51999982	0.86092720	-3.60454100
29.59999982	0.86092720	-3.60454100
29.67999982	0.86092720	-3.60454100
29.75999982	0.86092720	-3.60454100
29.83999982	0.86092720	-3.51664800
29.91999982	0.86092720	-3.51664800
29.99999982	0.86092720	-3.51664800
30.07999982	0.86092720	-3.42875500
30.15999982	0.86092720	-3.34086100
30.23999982	0.86092720	-3.34086100
30.31999982	0.86092720	-3.34086100
30.39999982	0.86092720	-3.34086100
30.47999981	0.86092720	-3.25327300
30.55999981	0.86092720	-3.25327300
30.63999981	0.86092720	-3.16538000
30.71999981	0.86092720	-3.16538000
30.79999981	0.86092720	-3.16538000
30.87999981	0.86092720	-3.07748700
30.95999981	0.86092720	-3.07748700
31.03999981	0.86092720	-2.98959300
31.11999981	0.77211830	-2.98959300
31.19999981	0.86092720	-2.90200500
31.27999981	0.86092720	-2.90200500
31.35999981	0.86092720	-2.81411200
31.43999981	0.86092720	-2.81411200
31.51999981	0.86092720	-2.81411200
31.59999981	0.77211830	-2.81411200
31.67999981	0.86092720	-2.72621800
31.75999981	0.86092720	-2.63832500
31.83999981	0.86092720	-2.63832500
31.91999981	0.77211830	-2.55043200
31.99999981	0.77211830	-2.55043200
32.07999981	0.77211830	-2.55043200
32.15999980	0.86092720	-2.46284400
32.23999980	0.77211830	-2.37495000
32.31999980	0.77211830	-2.28705700
32.39999980	0.86092720	-2.28705700
32.47999980	0.77211830	-2.28705700
32.55999980	0.77211830	-2.19916400
32.63999980	0.77211830	-2.19916400
32.71999980	0.77211830	-2.11157600
32.79999980	0.77211830	-2.11157600
32.87999980	0.77211830	-2.11157600
32.95999980	0.77211830	-2.02368200
33.03999980	0.86092720	-2.02368200
33.11999980	0.77211830	-1.93578900
33.19999980	0.77211830	-1.93578900
33.27999980	0.77211830	-1.84789600
33.35999980	0.77211830	-1.76030800
33.43999980	0.77211830	-1.76030800
33.51999980	0.77211830	-1.67241400
33.59999980	0.77211830	-1.67241400
33.67999980	0.77211830	-1.58452100
33.75999979	0.77211830	-1.58452100
33.83999979	0.77211830	-1.49662800
33.91999979	0.77211830	-1.49662800
33.99999979	0.68361460	-1.40904000
34.07999979	0.77211830	-1.40904000
34.15999979	0.68361460	-1.32114600
34.23999979	0.68361460	-1.32114600
34.31999979	0.77211830	-1.23325300
34.39999979	0.77211830	-1.23325300
34.47999979	0.77211830	-1.14536000
34.55999979	0.77211830	-1.14536000
34.63999979	0.77211830	-1.05746600
34.71999979	0.77211830	-1.05746600
34.79999979	0.77211830	-0.96987830
34.87999979	0.68361460	-0.88198490
34.95999979	0.77211830	-0.88198490
35.03999979	0.77211830	-0.79409160
35.11999979	0.77211830	-0.79409160
35.19999979	0.77211830	-0.70619830
35.27999979	0.68361460	-0.70619830
35.35999979	0.68361460	-0.61861020
35.43999978	0.68361460	-0.53071690
35.51999978	0.68361460	-0.53071690
35.59999978	0.77211830	-0.53071690
35.67999978	0.68361460	-0.44282360
35.75999978	0.68361460	-0.35493030
35.83999978	0.68361460	-0.35493030
35.91999978	0.68361460	-0.26734220
35.99999978	0.68361460	-0.26734220
36.07999978	0.68361460	-0.17944880
36.15999978	0.68361460	-0.09155553
36.23999978	0.68361460	-0.09155553
36.31999978	0.68361460	-0.00366222
36.39999978	0.68361460	-0.00366222
36.47999978	0.68361460	0.08392590
36.55999978	0.68361460	0.08392590
36.63999978	0.68361460	0.17151400
36.71999978	0.68361460	0.17151400
36.79999978	0.68361460	0.34730060
36.87999978	0.68361460	0.34730060
36.95999978	0.68361460	0.34730060
37.03999977	0.68361460	0.43519400
37.11999977	0.68361460	0.52278210
37.19999977	0.68361460	0.52278210
37.27999977	0.68361460	0.61067540
37.35999977	0.68361460	0.61067540
37.43999977	0.68361460	0.69856870
37.51999977	0.68361460	0.69856870
37.59999977	0.68361460	0.78646200
37.67999977	0.68361460	0.87405010
37.75999977	0.68361460	0.87405010
37.83999977	0.68361460	0.96194340
37.91999977	0.68361460	0.96194340
37.99999977	0.68361460	1.04983700
38.07999977	0.68361460	1.04983700
38.15999977	0.68361460	1.13773000
38.23999977	0.68361460	1.22531800
38.31999977	0.68361460	1.22531800
38.39999977	0.68361460	1.31321100
38.47999977	0.68361460	1.31321100
38.55999977	0.68361460	1.40110500
38.63999977	0.59480580	1.40110500
38.71999976	0.59480580	1.48899800
38.79999976	0.59480580	1.48899800
38.87999976	0.59480580	1.57689100
38.95999976	0.59480580	1.57689100
39.03999976	0.59480580	1.66447900
39.11999976	0.59480580	1.75237300
39.19999976	0.59480580	1.75237300
39.27999976	0.50630210	1.84026600
39.35999976	0.50630210	1.84026600
39.43999976	0.50630210	1.92815900
39.51999976	0.50630210	2.01574800
39.59999976	0.50630210	2.01574800
39.67999976	0.50630210	2.01574800
39.75999976	0.50630210	2.10364100
39.83999976	0.50630210	2.10364100
39.91999976	0.50630210	2.10364100
39.99999976	0.50630210	2.27942800
40.07999976	0.50630210	2.27942800
40.15999976	0.59480580	2.36701600
40.23999976	0.50630210	2.36701600
40.31999975	0.50630210	2.45490900
40.39999975	0.50630210	2.45490900
40.47999975	0.59480580	2.54280200
40.55999975	0.59480580	2.54280200
40.63999975	0.50630210	2.63069600
40.71999975	0.59480580	2.63069600
40.79999975	0.59480580	2.71828400
40.87999975	0.50630210	2.71828400
40.95999975	0.59480580	2.80617700
41.03999975	0.59480580	2.80617700
41.11999975	0.50630210	2.80617700
41.19999975	0.59480580	2.89407000
41.27999975	0.59480580	2.89407000
41.35999975	0.59480580	2.98196400
41.43999975	0.59480580	2.98196400
41.51999975	0.59480580	3.06985700
41.59999975	0.59480580	3.06985700
41.67999975	0.59480580	3.15744500
41.75999975	0.59480580	3.15744500
41.83999975	0.59480580	3.24533800
41.91999975	0.59480580	3.24533800
41.99999974	0.59480580	3.33323200
42.07999974	0.59480580	3.42112500
42.15999974	0.59480580	3.33323200
42.23999974	0.59480580	3.42112500
42.31999974	0.50630210	3.50871300
42.39999974	0.59480580	3.50871300
42.47999974	0.59480580	3.50871300
42.55999974	0.59480580	3.59660600
42.63999974	0.59480580	3.59660600
42.71999974	0.59480580	3.59660600
42.79999974	0.59480580	3.68450000
42.87999974	0.59480580	3.68450000
42.95999974	0.59480580	3.77239300
43.03999974	0.59480580	3.77239300
43.11999974	0.59480580	3.85998100
43.19999974	0.59480580	3.85998100
43.27999974	0.59480580	3.85998100
43.35999974	0.59480580	3.85998100
43.43999974	0.59480580	3.85998100
43.51999974	0.59480580	3.94787400
43.59999974	0.59480580	4.03576800
43.67999973	0.59480580	4.03576800
43.75999973	0.59480580	4.03576800
43.83999973	0.59480580	4.12366100
43.91999973	0.59480580	4.12366100
43.99999973	0.59480580	4.12366100
44.07999973	0.59480580	4.21124900
44.15999973	0.59480580	4.12366100
44.23999973	0.59480580	4.21124900
44.31999973	0.59480580	4.21124900
44.39999973	0.59480580	4.21124900
44.47999973	0.68361460	4.29914200
44.55999973	0.59480580	4.29914200
44.63999973	0.68361460	4.38703600
44.71999973	0.59480580	4.38703600
44.79999973	0.59480580	4.38703600
44.87999973	0.59480580	4.38703600
44.95999973	0.59480580	4.38703600
45.03999973	0.68361460	4.47492900
45.11999973	0.68361460	4.56282200
45.19999973	0.59480580	4.47492900
45.27999972	0.59480580	4.56282200
45.35999972	0.68361460	4.56282200
45.43999972	0.59480580	4.56282200
45.51999972	0.68361460	4.56282200
45.59999972	0.59480580	4.56282200
45.67999972	0.68361460	4.56282200
45.75999972	0.68361460	4.65041100
45.83999972	0.59480580	4.65041100
45.91999972	0.59480580	4.65041100
45.99999972	0.68361460	4.73830400
46.07999972	0.68361460	4.73830400
46.15999972	0.68361460	4.73830400
46.23999972	0.68361460	4.73830400
46.31999972	0.68361460	4.73830400
46.39999972	0.68361460	4.73830400
46.47999972	0.68361460	4.82619700
46.55999972	0.68361460	4.82619700
46.63999972	0.68361460	4.82619700
46.71999972	0.68361460	4.82619700
46.79999972	0.68361460	4.82619700
46.87999972	0.59480580	4.82619700
46.95999971	0.68361460	4.82619700
47.03999971	0.68361460	4.91409000
47.11999971	0.68361460	4.91409000
47.19999971	0.68361460	4.91409000
47.27999971	0.68361460	4.91409000
47.35999971	0.68361460	4.91409000
47.43999971	0.68361460	4.91409000
47.51999971	0.68361460	4.91409000
47.59999971	0.68361460	4.91409000
47.67999971	0.68361460	4.91409000
47.75999971	0.68361460	4.91409000
47.83999971	0.68361460	4.91409000
47.91999971	0.68361460	4.91409000
47.99999971	0.68361460	4.91409000
48.07999971	0.68361460	5.00167800
48.15999971	0.68361460	4.91409000
48.23999971	0.68361460	4.91409000
48.31999971	0.68361460	4.91409000
48.39999971	0.68361460	4.91409000
48.47999971	0.68361460	4.91409000
48.55999970	0.68361460	4.91409000
48.63999970	0.68361460	4.91409000
48.71999970	0.68361460	4.91409000
48.79999970	0.68361460	4.91409000
48.87999970	0.68361460	4.91409000
48.95999970	0.68361460	4.91409000
49.03999970	0.68361460	4.91409000
49.11999970	0.68361460	4.91409000
49.19999970	0.68361460	4.91409000
49.27999970	0.68361460	4.91409000
49.35999970	0.68361460	4.91409000
49.43999970	0.68361460	4.91409000
49.51999970	0.68361460	4.82619700
49.59999970	0.68361460	4.82619700
49.67999970	0.68361460	4.82619700
49.75999970	0.68361460	4.82619700
49.83999970	0.68361460	4.82619700
49.91999970	0.68361460	4.82619700
49.99999970	0.68361460	4.73830400
50.07999970	0.68361460	4.73830400
50.15999970	0.68361460	4.73830400
50.23999969	0.68361460	4.73830400
50.31999969	0.68361460	4.73830400
50.39999969	0.68361460	4.73830400
50.47999969	0.68361460	4.65041100
50.55999969	0.68361460	4.65041100
50.63999969	0.68361460	4.56282200
50.71999969	0.68361460	4.65041100
50.79999969	0.68361460	4.56282200
50.87999969	0.68361460	4.56282200
50.95999969	0.68361460	4.56282200
51.03999969	0.68361460	4.56282200
51.11999969	0.68361460	4.56282200
51.19999969	0.68361460	4.56282200
51.27999969	0.68361460	4.47492900
51.35999969	0.68361460	4.47492900
51.43999969	0.68361460	4.47492900
51.51999969	0.68361460	4.38703600
51.59999969	0.68361460	4.38703600
51.67999969	0.68361460	4.38703600
51.75999969	0.68361460	4.29914200
51.83999968	0.68361460	4.29914200
51.91999968	0.68361460	4.29914200
51.99999968	0.68361460	4.21124900
52.07999968	0.68361460	4.21124900
52.15999968	0.68361460	4.21124900
52.23999968	0.68361460	4.21124900
52.31999968	0.68361460	4.21124900
52.39999968	0.68361460	4.12366100
52.47999968	0.68361460	4.12366100
52.55999968	0.68361460	4.12366100
52.63999968	0.68361460	4.03576800
52.71999968	0.68361460	4.03576800
52.79999968	0.68361460	4.03576800
52.87999968	0.68361460	3.94787400
52.95999968	0.68361460	3.94787400
53.03999968	0.68361460	3.94787400
53.11999968	0.68361460	3.85998100
53.19999968	0.68361460	3.85998100
53.27999968	0.68361460	3.85998100
53.35999968	0.68361460	3.85998100
53.43999968	0.68361460	3.77239300
53.51999967	0.68361460	3.77239300
53.59999967	0.68361460	3.68450000
53.67999967	0.68361460	3.68450000
53.75999967	0.59480580	3.68450000
53.83999967	0.68361460	3.68450000
53.91999967	0.68361460	3.59660600
53.99999967	0.68361460	3.59660600
54.07999967	0.68361460	3.59660600
54.15999967	0.59480580	3.50871300
54.23999967	0.59480580	3.50871300
54.31999967	0.59480580	3.42112500
54.39999967	0.59480580	3.42112500
54.47999967	0.59480580	3.33323200
54.55999967	0.68361460	3.33323200
54.63999967	0.68361460	3.33323200
54.71999967	0.59480580	3.24533800
54.79999967	0.59480580	3.24533800
54.87999967	0.59480580	3.24533800
54.95999967	0.50630210	3.15744500
55.03999967	0.50630210	3.15744500
55.11999967	0.50630210	3.06985700
55.19999966	0.50630210	3.06985700
55.27999966	0.50630210	2.98196400
55.35999966	0.50630210	2.98196400
55.43999966	0.50630210	2.98196400
55.51999966	0.50630210	2.98196400
55.59999966	0.41749320	2.89407000
55.67999966	0.41749320	2.80617700
55.75999966	0.32898950	2.80617700
55.83999966	0.32898950	2.80617700
55.91999966	0.32898950	2.80617700
55.99999966	0.32898950	2.71828400
56.07999966	0.32898950	2.71828400
56.15999966	0.32898950	2.63069600
56.23999966	0.32898950	2.63069600
56.31999966	0.32898950	2.63069600
56.39999966	0.24048580	2.54280200
56.47999966	0.24048580	2.45490900
56.55999966	0.24048580	2.45490900
56.63999966	0.24048580	2.45490900
56.71999966	0.24048580	2.45490900
56.79999965	0.24048580	2.27942800
56.87999965	0.24048580	2.27942800
56.95999965	0.15167700	2.27942800
57.03999965	0.15167700	2.27942800
57.11999965	0.15167700	2.19153400
57.19999965	0.15167700	2.10364100
57.27999965	0.15167700	2.10364100
57.35999965	0.15167700	2.10364100
57.43999965	0.15167700	2.01574800
57.51999965	0.06317332	2.01574800
57.59999965	0.06317332	2.01574800
57.67999965	0.06317332	1.92815900
57.75999965	-0.02563555	1.84026600
57.83999965	-0.02563555	1.84026600
57.91999965	-0.02563555	1.75237300
57.99999965	-0.02563555	1.75237300
58.07999965	-0.02563555	1.75237300
58.15999965	-0.02563555	1.66447900
58.23999965	-0.11413920	1.66447900
58.31999965	-0.11413920	1.57689100
58.39999965	-0.11413920	1.57689100
58.47999964	-0.11413920	1.48899800
58.55999964	-0.11413920	1.48899800
58.63999964	-0.11413920	1.40110500
58.71999964	-0.20294810	1.40110500
58.79999964	-0.11413920	1.40110500
58.87999964	-0.20294810	1.31321100
58.95999964	-0.20294810	1.31321100
59.03999964	-0.20294810	1.22531800
59.11999964	-0.29145180	1.22531800
59.19999964	-0.29145180	1.22531800
59.27999964	-0.29145180	1.13773000
59.35999964	-0.29145180	1.04983700
59.43999964	-0.29145180	1.04983700
59.51999964	-0.29145180	0.96194340
59.59999964	-0.38026060	0.96194340
59.67999964	-0.38026060	0.96194340
59.75999964	-0.38026060	0.87405010
59.83999964	-0.38026060	0.87405010
59.91999964	-0.38026060	0.78646200
59.99999964	-0.38026060	0.78646200
60.07999963	-0.38026060	0.69856870
60.15999963	-0.38026060	0.69856870
60.23999963	-0.46876430	0.69856870
60.31999963	-0.46876430	0.69856870
60.39999963	-0.46876430	0.61067540
60.47999963	-0.46876430	0.61067540
60.55999963	-0.46876430	0.52278210
60.63999963	-0.46876430	0.43519400
60.71999963	-0.46876430	0.43519400
60.79999963	-0.46876430	0.34730060
60.87999963	-0.46876430	0.34730060
60.95999963	-0.46876430	0.25940730
61.03999963	-0.46876430	0.25940730
61.11999963	-0.46876430	0.17151400
61.19999963	-0.46876430	0.17151400
61.27999963	-0.46876430	0.08392590
61.35999963	-0.55757310	0.08392590
61.43999963	-0.55757310	0.08392590
61.51999963	-0.46876430	-0.00366222
61.59999963	-0.46876430	-0.09155553
61.67999963	-0.55757310	-0.09155553
61.75999962	-0.55757310	-0.17944880
61.83999962	-0.55757310	-0.17944880
61.91999962	-0.55757310	-0.17944880
61.99999962	-0.55757310	-0.26734220
62.07999962	-0.55757310	-0.26734220
62.15999962	-0.55757310	-0.35493030
62.23999962	-0.55757310	-0.35493030
62.31999962	-0.55757310	-0.35493030
62.39999962	-0.55757310	-0.44282360
62.47999962	-0.55757310	-0.53071690
62.55999962	-0.55757310	-0.53071690
62.63999962	-0.55757310	-0.61861020
62.71999962	-0.55757310	-0.61861020
62.79999962	-0.55757310	-0.70619830
62.87999962	-0.55757310	-0.70619830
62.95999962	-0.55757310	-0.70619830
63.03999962	-0.64607690	-0.79409160
63.11999962	-0.55757310	-0.79409160
63.19999962	-0.55757310	-0.79409160
63.27999962	-0.55757310	-0.88198490
63.35999961	-0.64607690	-0.96987830
63.43999961	-0.55757310	-0.96987830
63.51999961	-0.64607690	-1.05746600
63.59999961	-0.64607690	-1.05746600
63.67999961	-0.64607690	-1.05746600
63.75999961	-0.64607690	-1.14536000
63.83999961	-0.64607690	-1.14536000
63.91999961	-0.64607690	-1.23325300
63.99999961	-0.64607690	-1.14536000
64.07999961	-0.64607690	-1.23325300
64.15999961	-0.64607690	-1.32114600
64.23999961	-0.64607690	-1.32114600
64.31999961	-0.73488570	-1.40904000
64.39999961	-0.64607690	-1.40904000
64.47999961	-0.73488570	-1.40904000
64.55999961	-0.73488570	-1.49662800
64.63999961	-0.73488570	-1.49662800
64.71999961	-0.73488570	-1.58452100
64.79999961	-0.64607690	-1.58452100
64.87999961	-0.73488570	-1.58452100
64.95999961	-0.73488570	-1.67241400
65.03999960	-0.73488570	-1.67241400
65.11999960	-0.73488570	-1.76030800
65.19999960	-0.73488570	-1.76030800
65.27999960	-0.73488570	-1.76030800
65.35999960	-0.73488570	-1.84789600
65.43999960	-0.73488570	-1.84789600
65.51999960	-0.73488570	-1.84789600
65.59999960	-0.73488570	-1.84789600
65.67999960	-0.73488570	-1.93578900
65.75999960	-0.73488570	-2.02368200
65.83999960	-0.64607690	-2.02368200
65.91999960	-0.73488570	-2.02368200
65.99999960	-0.73488570	-2.11157600
66.07999960	-0.73488570	-2.02368200
66.15999960	-0.73488570	-2.11157600
66.23999960	-0.73488570	-2.19916400
66.31999960	-0.73488570	-2.19916400
66.39999960	-0.73488570	-2.19916400
66.47999960	-0.73488570	-2.19916400
66.55999960	-0.73488570	-2.19916400
66.63999959	-0.73488570	-2.28705700
66.71999959	-0.73488570	-2.28705700
66.79999959	-0.73488570	-2.37495000
66.87999959	-0.73488570	-2.37495000
66.95999959	-0.73488570	-2.37495000
67.03999959	-0.73488570	-2.46284400
67.11999959	-0.73488570	-2.46284400
67.19999959	-0.73488570	-2.46284400
67.27999959	-0.73488570	-2.55043200
67.35999959	-0.73488570	-2.46284400
67.43999959	-0.73488570	-2.55043200
67.51999959	-0.73488570	-2.63832500
67.59999959	-0.73488570	-2.63832500
67.67999959	-0.73488570	-2.63832500
67.75999959	-0.73488570	-2.63832500
67.83999959	-0.73488570	-2.63832500
67.91999959	-0.73488570	-2.72621800
67.99999959	-0.73488570	-2.81411200
68.07999959	-0.73488570	-2.72621800
68.15999959	-0.82338940	-2.81411200
68.23999959	-0.73488570	-2.81411200
68.31999958	-0.82338940	-2.81411200
68.39999958	-0.73488570	-2.81411200
68.47999958	-0.73488570	-2.81411200
68.55999958	-0.73488570	-2.90200500
68.63999958	-0.73488570	-2.90200500
68.71999958	-0.82338940	-2.90200500
68.79999958	-0.73488570	-2.90200500
68.87999958	-0.73488570	-2.98959300
68.95999958	-0.73488570	-2.98959300
69.03999958	-0.73488570	-2.98959300
69.11999958	-0.73488570	-2.98959300
69.19999958	-0.82338940	-2.98959300
69.27999958	-0.73488570	-3.07748700
69.35999958	-0.73488570	-3.07748700
69.43999958	-0.73488570	-3.07748700
69.51999958	-0.73488570	-3.07748700
69.59999958	-0.82338940	-3.16538000
69.67999958	-0.73488570	-3.16538000
69.75999958	-0.82338940	-3.16538000
69.83999958	-0.82338940	-3.16538000
69.91999958	-0.82338940	-3.16538000
69.99999957	-0.73488570	-3.16538000
70.07999957	-0.82338940	-3.16538000
70.15999957	-0.73488570	-3.25327300
70.23999957	-0.73488570	-3.16538000
70.31999957	-0.73488570	-3.25327300
70.39999957	-0.73488570	-3.25327300
70.47999957	-0.73488570	-3.25327300
70.55999957	-0.82338940	-3.25327300
70.63999957	-0.82338940	-3.25327300
70.71999957	-0.82338940	-3.34086100
70.79999957	-0.82338940	-3.34086100
70.87999957	-0.82338940	-3.34086100
70.95999957	-0.82338940	-3.34086100
71.03999957	-0.82338940	-3.34086100
71.11999957	-0.73488570	-3.34086100
71.19999957	-0.82338940	-3.34086100
71.27999957	-0.82338940	-3.34086100
71.35999957	-0.82338940	-3.34086100
71.43999957	-0.82338940	-3.34086100
71.51999957	-0.82338940	-3.34086100
71.59999956	-0.82338940	-3.34086100
71.67999956	-0.82338940	-3.34086100
71.75999956	-0.82338940	-3.42875500
71.83999956	-0.82338940	-3.42875500
71.91999956	-0.82338940	-3.42875500
71.99999956	-0.82338940	-3.42875500
72.07999956	-0.82338940	-3.42875500
72.15999956	-0.82338940	-3.42875500
72.23999956	-0.82338940	-3.42875500
72.31999956	-0.82338940	-3.42875500
72.39999956	-0.82338940	-3.42875500
72.47999956	-0.82338940	-3.42875500
72.55999956	-0.82338940	-3.42875500
72.63999956	-0.82338940	-3.42875500
72.71999956	-0.82338940	-3.42875500
72.79999956	-0.82338940	-3.34086100
72.87999956	-0.82338940	-3.42875500
72.95999956	-0.82338940	-3.42875500
73.03999956	-0.82338940	-3.42875500
73.11999956	-0.82338940	-3.42875500
73.19999956	-0.82338940	-3.42875500
73.27999955	-0.82338940	-3.42875500
73.35999955	-0.82338940	-3.42875500
73.43999955	-0.82338940	-3.42875500
73.51999955	-0.82338940	-3.34086100
73.59999955	-0.82338940	-3.42875500
73.67999955	-0.82338940	-3.42875500
73.75999955	-0.82338940	-3.42875500
73.83999955	-0.82338940	-3.34086100
73.91999955	-0.82338940	-3.34086100
73.99999955	-0.82338940	-3.42875500
74.07999955	-0.82338940	-3.34086100
74.15999955	-0.82338940	-3.34086100
74.23999955	-0.82338940	-3.34086100
74.31999955	-0.82338940	-3.34086100
74.39999955	-0.82338940	-3.34086100
74.47999955	-0.82338940	-3.34086100
74.55999955	-0.82338940	-3.34086100
74.63999955	-0.82338940	-3.34086100
74.71999955	-0.82338940	-3.34086100
74.79999955	-0.82338940	-3.34086100
74.87999954	-0.82338940	-3.34086100
74.95999954	-0.82338940	-3.34086100
75.03999954	-0.82338940	-3.25327300
75.11999954	-0.82338940	-3.25327300
75.19999954	-0.82338940	-3.25327300
75.27999954	-0.82338940	-3.25327300
75.35999954	-0.82338940	-3.25327300
75.43999954	-0.82338940	-3.16538000
75.51999954	-0.82338940	-3.16538000
75.59999954	-0.82338940	-3.16538000
75.67999954	-0.82338940	-3.16538000
75.75999954	-0.82338940	-3.16538000
75.83999954	-0.82338940	-3.16538000
75.91999954	-0.82338940	-3.16538000
75.99999954	-0.82338940	-3.16538000
76.07999954	-0.82338940	-3.16538000
76.15999954	-0.82338940	-3.16538000
76.23999954	-0.82338940	-3.07748700
76.31999954	-0.82338940	-3.07748700
76.39999954	-0.82338940	-3.07748700
76.47999954	-0.82338940	-3.07748700
76.55999953	-0.82338940	-2.98959300
76.63999953	-0.82338940	-2.98959300
76.71999953	-0.82338940	-2.98959300
76.79999953	-0.73488570	-2.98959300
76.87999953	-0.82338940	-2.98959300
76.95999953	-0.82338940	-2.90200500
77.03999953	-0.82338940	-2.90200500
77.11999953	-0.82338940	-2.90200500
77.19999953	-0.82338940	-2.81411200
77.27999953	-0.73488570	-2.90200500
77.35999953	-0.82338940	-2.90200500
77.43999953	-0.82338940	-2.81411200
77.51999953	-0.82338940	-2.81411200
77.59999953	-0.82338940	-2.81411200
77.67999953	-0.82338940	-2.81411200
77.75999953	-0.82338940	-2.72621800
77.83999953	-0.82338940	-2.81411200
77.91999953	-0.73488570	-2.72621800
77.99999953	-0.82338940	-2.72621800
78.07999953	-0.82338940	-2.72621800
78.15999952	-0.73488570	-2.63832500
78.23999952	-0.82338940	-2.63832500
78.31999952	-0.82338940	-2.63832500
78.39999952	-0.82338940	-2.63832500
78.47999952	-0.82338940	-2.63832500
78.55999952	-0.73488570	-2.55043200
78.63999952	-0.73488570	-2.55043200
78.71999952	-0.73488570	-2.55043200
78.79999952	-0.73488570	-2.46284400
78.87999952	-0.73488570	-2.46284400
78.95999952	-0.73488570	-2.46284400
79.03999952	-0.73488570	-2.46284400
79.11999952	-0.73488570	-2.46284400
79.19999952	-0.73488570	-2.37495000
79.27999952	-0.73488570	-2.37495000
79.35999952	-0.73488570	-2.37495000
79.43999952	-0.73488570	-2.28705700
79.51999952	-0.82338940	-2.28705700
79.59999952	-0.73488570	-2.28705700
79.67999952	-0.73488570	-2.28705700
79.75999952	-0.73488570	-2.19916400
79.83999951	-0.73488570	-2.19916400
79.91999951	-0.73488570	-2.19916400
79.99999951	-0.73488570	-2.11157600
80.07999951	-0.73488570	-2.11157600
80.15999951	-0.73488570	-2.11157600
80.23999951	-0.73488570	-2.11157600
80.31999951	-0.73488570	-2.02368200
80.39999951	-0.73488570	-2.02368200
80.47999951	-0.73488570	-2.02368200
80.55999951	-0.73488570	-1.93578900
80.63999951	-0.73488570	-2.02368200
80.71999951	-0.73488570	-1.93578900
80.79999951	-0.73488570	-1.93578900
80.87999951	-0.73488570	-1.93578900
80.95999951	-0.73488570	-1.93578900
81.03999951	-0.73488570	-1.84789600
81.11999951	-0.64607690	-1.76030800
81.19999951	-0.73488570	-1.76030800
81.27999951	-0.73488570	-1.76030800
81.35999951	-0.73488570	-1.76030800
81.43999951	-0.73488570	-1.76030800
81.51999950	-0.73488570	-1.67241400
81.59999950	-0.73488570	-1.67241400
81.67999950	-0.73488570	-1.67241400
81.75999950	-0.73488570	-1.67241400
81.83999950	-0.73488570	-1.58452100
81.91999950	-0.64607690	-1.58452100
81.99999950	-0.64607690	-1.58452100
82.07999950	-0.64607690	-1.49662800
82.15999950	-0.64607690	-1.49662800
82.23999950	-0.64607690	-1.49662800
82.31999950	-0.64607690	-1.49662800
82.39999950	-0.64607690	-1.40904000
82.47999950	-0.64607690	-1.40904000
82.55999950	-0.64607690	-1.40904000
82.63999950	-0.55757310	-1.40904000
82.71999950	-0.55757310	-1.40904000
82.79999950	-0.55757310	-1.32114600
82.87999950	-0.64607690	-1.32114600
82.95999950	-0.55757310	-1.32114600
83.03999950	-0.55757310	-1.23325300
83.11999949	-0.55757310	-1.23325300
83.19999949	-0.55757310	-1.23325300
83.27999949	-0.55757310	-1.14536000
83.35999949	-0.55757310	-1.14536000
83.43999949	-0.55757310	-1.05746600
83.51999949	-0.55757310	-1.05746600
83.59999949	-0.55757310	-1.05746600
83.67999949	-0.55757310	-1.05746600
83.75999949	-0.55757310	-1.05746600
83.83999949	-0.55757310	-0.96987830
83.91999949	-0.55757310	-0.96987830
83.99999949	-0.55757310	-0.88198490
84.07999949	-0.55757310	-0.88198490
84.15999949	-0.55757310	-0.88198490
84.23999949	-0.55757310	-0.88198490
84.31999949	-0.55757310	-0.79409160
84.39999949	-0.55757310	-0.79409160
84.47999949	-0.55757310	-0.79409160
84.55999949	-0.55757310	-0.70619830
84.63999949	-0.55757310	-0.70619830
84.71999949	-0.46876430	-0.70619830
84.79999948	-0.55757310	-0.70619830
84.87999948	-0.46876430	-0.61861020
84.95999948	-0.46876430	-0.61861020
85.03999948	-0.46876430	-0.61861020
85.11999948	-0.55757310	-0.53071690
85.19999948	-0.46876430	-0.53071690
85.27999948	-0.46876430	-0.53071690
85.35999948	-0.46876430	-0.53071690
85.43999948	-0.46876430	-0.44282360
85.51999948	-0.46876430	-0.35493030
85.59999948	-0.46876430	-0.44282360
85.67999948	-0.46876430	-0.35493030
85.75999948	-0.38026060	-0.35493030
85.83999948	-0.38026060	-0.35493030
85.91999948	-0.38026060	-0.26734220
85.99999948	-0.38026060	-0.26734220
86.07999948	-0.38026060	-0.17944880
86.15999948	-0.38026060	-0.17944880
86.23999948	-0.29145180	-0.17944880
86.31999948	-0.29145180	-0.17944880
86.39999947	-0.29145180	-0.17944880
86.47999947	-0.20294810	-0.09155553
86.55999947	-0.20294810	-0.09155553
86.63999947	-0.20294810	-0.09155553
86.71999947	-0.20294810	-0.00366222
86.79999947	-0.11413920	-0.00366222
86.87999947	-0.11413920	-0.00366222
86.95999947	-0.11413920	-0.00366222
87.03999947	-0.11413920	0.08392590
87.11999947	-0.02563555	0.08392590
87.19999947	-0.02563555	0.08392590
87.27999947	-0.02563555	0.17151400
87.35999947	0.06317332	0.17151400
87.43999947	0.15167700	0.17151400
87.51999947	0.15167700	0.25940730
87.59999947	0.15167700	0.25940730
87.67999947	0.15167700	0.34730060
87.75999947	0.24048580	0.34730060
87.83999947	0.32898950	0.34730060
87.91999947	0.59480580	0.34730060
87.99999947	0.59480580	0.34730060
88.07999946	0.68361460	0.43519400
88.15999946	0.59480580	0.43519400
88.23999946	0.59480580	0.52278210
88.31999946	0.59480580	0.52278210
88.39999946	0.59480580	0.52278210
88.47999946	1.57017700	0.52278210
88.55999946	2.10211500	0.61067540
88.63999946	1.92480200	0.61067540
88.71999946	1.12674300	0.69856870
88.79999946	0.06317332	0.69856870
88.87999946	4.40717800	0.69856870
88.95999946	4.14136200	0.69856870
89.03999946	4.22986600	0.69856870
89.11999946	4.05255300	0.78646200
89.19999946	4.14136200	0.78646200
89.27999946	4.05255300	0.78646200
89.35999946	4.05255300	0.87405010
89.43999946	4.05255300	0.87405010
89.51999946	4.05255300	0.87405010
89.59999946	4.05255300	0.96194340
89.67999945	4.05255300	0.96194340
89.75999945	3.96404900	1.04983700
89.83999945	4.05255300	1.04983700
89.91999945	4.05255300	1.04983700
89.99999945	3.96404900	1.04983700
90.07999945	3.96404900	1.04983700
90.15999945	3.96404900	1.13773000
90.23999945	3.96404900	1.13773000
90.31999945	3.96404900	1.22531800
90.39999945	3.87524000	1.22531800
90.47999945	3.87524000	1.22531800
90.55999945	3.87524000	1.31321100
90.63999945	3.87524000	1.31321100
90.71999945	3.87524000	1.31321100
90.79999945	3.87524000	1.40110500
90.87999945	3.87524000	1.40110500
90.95999945	3.87524000	1.40110500
91.03999945	3.87524000	1.48899800
91.11999945	3.87524000	1.48899800
91.19999945	3.87524000	1.57689100
91.27999945	3.87524000	1.57689100
91.35999944	3.78673700	1.57689100
91.43999944	3.78673700	1.57689100
91.51999944	3.78673700	1.66447900
91.59999944	3.78673700	1.75237300
91.67999944	3.78673700	1.75237300
91.75999944	3.78673700	1.75237300
91.83999944	3.78673700	1.75237300
91.91999944	3.78673700	1.75237300
91.99999944	3.78673700	1.84026600
92.07999944	3.78673700	1.92815900
92.15999944	3.69792800	1.92815900
92.23999944	3.69792800	2.01574800
92.31999944	3.78673700	2.01574800
92.39999944	3.78673700	2.01574800
92.47999944	3.78673700	2.10364100
92.55999944	3.69792800	2.10364100
92.63999944	3.78673700	2.10364100
92.71999944	3.69792800	2.10364100
92.79999944	3.69792800	2.19153400
92.87999944	3.69792800	2.27942800
92.95999944	3.69792800	2.27942800
93.03999943	3.69792800	2.27942800
93.11999943	3.69792800	2.27942800
93.19999943	3.69792800	2.36701600
93.27999943	3.69792800	2.45490900
93.35999943	3.69792800	2.45490900
93.43999943	3.69792800	2.45490900
93.51999943	3.69792800	2.45490900
93.59999943	3.69792800	2.45490900
93.67999943	3.69792800	2.54280200
93.75999943	3.69792800	2.54280200
93.83999943	3.69792800	2.63069600
93.91999943	3.69792800	2.63069600
93.99999943	3.60942400	2.71828400
94.07999943	3.69792800	2.71828400
94.15999943	3.60942400	2.80617700
94.23999943	3.60942400	2.80617700
94.31999943	3.69792800	2.80617700
94.39999943	3.69792800	2.80617700
94.47999943	3.60942400	2.89407000
94.55999943	3.60942400	2.89407000
94.63999942	3.60942400	2.89407000
94.71999942	3.60942400	2.98196400
94.79999942	3.60942400	2.98196400
94.87999942	3.60942400	3.06985700
94.95999942	3.60942400	3.06985700
95.03999942	3.60942400	3.06985700
95.11999942	3.52061500	3.15744500
95.19999942	3.60942400	3.15744500
95.27999942	3.52061500	3.24533800
95.35999942	3.60942400	3.24533800
95.43999942	3.60942400	3.24533800
95.51999942	3.52061500	3.33323200
95.59999942	3.60942400	3.33323200
95.67999942	3.60942400	3.33323200
95.75999942	3.52061500	3.33323200
95.83999942	3.60942400	3.42112500
95.91999942	3.60942400	3.42112500
95.99999942	3.60942400	3.42112500
96.07999942	3.60942400	3.50871300
96.15999942	3.52061500	3.50871300
96.23999942	3.60942400	3.50871300
96.31999941	3.60942400	3.50871300
96.39999941	3.60942400	3.59660600
96.47999941	3.60942400	3.68450000
96.55999941	3.60942400	3.68450000
96.63999941	3.52061500	3.68450000
96.71999941	3.60942400	3.68450000
96.79999941	3.60942400	3.68450000
96.87999941	3.52061500	3.77239300
96.95999941	3.60942400	3.77239300
97.03999941	3.52061500	3.85998100
97.11999941	3.60942400	3.77239300
97.19999941	3.52061500	3.85998100
97.27999941	3.52061500	3.85998100
97.35999941	3.52061500	3.85998100
97.43999941	3.60942400	3.85998100
97.51999941	3.52061500	3.94787400
97.59999941	3.52061500	4.03576800
97.67999941	3.52061500	4.03576800
97.75999941	3.52061500	4.03576800
97.83999941	3.52061500	4.03576800
97.91999940	3.60942400	4.03576800
97.99999940	3.60942400	4.03576800
98.07999940	3.52061500	4.12366100
98.15999940	3.60942400	4.12366100
98.23999940	3.60942400	4.21124900
98.31999940	3.52061500	4.21124900
98.39999940	3.60942400	4.21124900
98.47999940	3.60942400	4.21124900
98.55999940	3.52061500	4.21124900
98.63999940	3.60942400	4.21124900
98.71999940	3.60942400	4.21124900
98.79999940	3.60942400	4.21124900
98.87999940	3.52061500	4.21124900
98.95999940	3.60942400	4.21124900
99.03999940	3.60942400	4.29914200
99.11999940	3.60942400	4.29914200
99.19999940	3.60942400	4.29914200
99.27999940	3.60942400	4.29914200
99.35999940	3.60942400	4.29914200
99.43999940	3.60942400	4.38703600
99.51999940	3.60942400	4.29914200
99.59999939	3.60942400	4.38703600
99.67999939	3.60942400	4.38703600
99.75999939	3.60942400	4.38703600
99.83999939	3.60942400	4.38703600
99.91999939	3.60942400	4.38703600
99.99999939	3.60942400	4.38703600
100.07999939	3.60942400	4.38703600
100.15999939	3.60942400	4.38703600
100.23999939	3.60942400	4.38703600
100.31999939	3.60942400	4.38703600
100.39999939	3.69792800	4.38703600
100.47999939	3.69792800	4.38703600
100.55999939	3.60942400	4.47492900
100.63999939	3.69792800	4.47492900
100.71999939	3.69792800	4.47492900
100.79999939	3.60942400	4.47492900
100.87999939	3.69792800	4.47492900
100.95999939	3.69792800	4.38703600
101.03999939	3.69792800	4.38703600
101.11999939	3.69792800	4.38703600
101.19999938	3.69792800	4.38703600
101.27999938	3.69792800	4.38703600
101.35999938	3.69792800	4.38703600
101.43999938	3.69792800	4.38703600
101.51999938	3.69792800	4.38703600
101.59999938	3.69792800	4.38703600
101.67999938	3.69792800	4.38703600
101.75999938	3.69792800	4.38703600
101.83999938	3.69792800	4.38703600
101.91999938	3.69792800	4.38703600
101.99999938	3.69792800	4.38703600
102.07999938	3.69792800	4.38703600
102.15999938	3.69792800	4.38703600
102.23999938	3.69792800	4.38703600
102.31999938	3.69792800	4.29914200
102.39999938	3.69792800	4.29914200
102.47999938	3.78673700	4.29914200
102.55999938	3.69792800	4.29914200
102.63999938	3.78673700	4.29914200
102.71999938	3.69792800	4.29914200
102.79999938	3.78673700	4.21124900
102.87999937	3.69792800	4.21124900
102.95999937	3.69792800	4.21124900
103.03999937	3.78673700	4.21124900
103.11999937	3.78673700	4.21124900
103.19999937	3.78673700	4.21124900
103.27999937	3.78673700	4.21124900
103.35999937	3.78673700	4.21124900
103.43999937	3.78673700	4.12366100
103.51999937	3.78673700	4.12366100
103.59999937	3.78673700	4.12366100
103.67999937	3.78673700	4.12366100
103.75999937	3.78673700	4.12366100
103.83999937	3.78673700	4.03576800
103.91999937	3.78673700	4.03576800
103.99999937	3.78673700	3.94787400
104.07999937	3.78673700	3.94787400
104.15999937	3.78673700	3.94787400
104.23999937	3.78673700	3.94787400
104.31999937	3.78673700	3.85998100
104.39999937	3.87524000	3.85998100
104.47999937	3.87524000	3.85998100
104.55999936	3.87524000	3.77239300
104.63999936	3.87524000	3.77239300
104.71999936	3.87524000	3.77239300
104.79999936	3.87524000	3.77239300
104.87999936	3.87524000	3.68450000
104.95999936	3.87524000	3.68450000
105.03999936	3.87524000	3.68450000
105.11999936	3.87524000	3.59660600
105.19999936	3.87524000	3.59660600
105.27999936	3.87524000	3.59660600
105.35999936	3.87524000	3.50871300
105.43999936	3.87524000	3.50871300
105.51999936	3.87524000	3.42112500
105.59999936	3.87524000	3.50871300
105.67999936	3.87524000	3.42112500
105.75999936	3.87524000	3.42112500
105.83999936	3.87524000	3.33323200
105.91999936	3.87524000	3.33323200
105.99999936	3.87524000	3.33323200
106.07999936	3.87524000	3.24533800
106.15999935	3.96404900	3.24533800
106.23999935	3.96404900	3.15744500
106.31999935	3.87524000	3.15744500
106.39999935	3.96404900	3.06985700
106.47999935	3.96404900	3.06985700
106.55999935	3.96404900	2.98196400
106.63999935	3.87524000	2.98196400
106.71999935	3.96404900	2.89407000
106.79999935	3.96404900	2.89407000
106.87999935	3.96404900	2.89407000
106.95999935	3.96404900	2.80617700
107.03999935	3.96404900	2.71828400
107.11999935	3.96404900	2.80617700
107.19999935	3.96404900	2.71828400
107.27999935	3.96404900	2.63069600
107.35999935	3.96404900	2.63069600
107.43999935	3.96404900	2.54280200
107.51999935	3.96404900	2.45490900
107.59999935	4.05255300	2.45490900
107.67999935	3.96404900	2.45490900
107.75999935	4.05255300	2.45490900
107.83999934	3.96404900	2.36701600
107.91999934	4.05255300	2.27942800
107.99999934	4.05255300	2.27942800
108.07999934	4.05255300	2.27942800
108.15999934	4.05255300	2.19153400
108.23999934	4.05255300	2.19153400
108.31999934	4.05255300	2.10364100
108.39999934	4.05255300	2.10364100
108.47999934	4.05255300	2.01574800
108.55999934	4.05255300	2.01574800
108.63999934	4.05255300	1.92815900
108.71999934	4.05255300	1.92815900
108.79999934	4.05255300	1.84026600
108.87999934	4.05255300	1.75237300
108.95999934	4.05255300	1.75237300
109.03999934	4.05255300	1.75237300
109.11999934	4.05255300	1.66447900
109.19999934	4.14136200	1.57689100
109.27999934	4.05255300	1.57689100
109.35999934	4.14136200	1.57689100
109.43999933	4.05255300	1.40110500
109.51999933	4.05255300	1.40110500
109.59999933	4.05255300	1.40110500
109.67999933	4.14136200	1.40110500
109.75999933	4.14136200	1.31321100
109.83999933	4.14136200	1.31321100
109.91999933	4.14136200	1.22531800
109.99999933	4.14136200	1.13773000
110.07999933	4.14136200	1.13773000
110.15999933	4.05255300	1.04983700
110.23999933	4.14136200	1.04983700
110.31999933	4.14136200	0.96194340
110.39999933	4.14136200	0.87405010
110.47999933	4.14136200	0.87405010
110.55999933	4.14136200	0.78646200
110.63999933	4.14136200	0.78646200
110.71999933	4.14136200	0.69856870
110.79999933	4.14136200	0.69856870
110.87999933	4.14136200	0.61067540
110.95999933	4.14136200	0.61067540
111.03999933	4.14136200	0.61067540
111.11999932	4.14136200	0.52278210
111.19999932	4.14136200	0.43519400
111.27999932	4.22986600	0.43519400
111.35999932	4.14136200	0.25940730
111.43999932	4.14136200	0.25940730
111.51999932	4.22986600	0.17151400
111.59999932	4.14136200	0.17151400
111.67999932	4.14136200	0.08392590
111.75999932	4.14136200	0.08392590
111.83999932	4.14136200	-0.00366222
111.91999932	4.14136200	-0.00366222
111.99999932	4.14136200	-0.09155553
112.07999932	4.22986600	-0.17944880
112.15999932	4.14136200	-0.17944880
112.23999932	4.22986600	-0.17944880
112.31999932	4.22986600	-0.26734220
112.39999932	4.22986600	-0.35493030
112.47999932	4.22986600	-0.44282360
112.55999932	4.22986600	-0.44282360
112.63999932	4.22986600	-0.53071690
112.71999931	4.22986600	-0.61861020
112.79999931	4.22986600	-0.61861020
112.87999931	4.22986600	-0.70619830
112.95999931	4.22986600	-0.70619830
113.03999931	4.22986600	-0.79409160
113.11999931	4.22986600	-0.79409160
113.19999931	4.22986600	-0.88198490
113.27999931	4.22986600	-0.96987830
113.35999931	4.22986600	-1.05746600
113.43999931	4.22986600	-1.05746600
113.51999931	4.22986600	-1.05746600
113.59999931	4.22986600	-1.14536000
113.67999931	4.22986600	-1.14536000
113.75999931	4.22986600	-1.23325300
113.83999931	4.31867400	-1.32114600
113.91999931	4.22986600	-1.40904000
113.99999931	4.31867400	-1.40904000
114.07999931	4.22986600	-1.40904000
114.15999931	4.22986600	-1.49662800
114.23999931	4.31867400	-1.49662800
114.31999931	4.31867400	-1.58452100
114.39999930	4.31867400	-1.67241400
114.47999930	4.31867400	-1.67241400
114.55999930	4.31867400	-1.76030800
114.63999930	4.31867400	-1.76030800
114.71999930	4.40717800	-1.84789600
114.79999930	4.49598700	-1.93578900
114.87999930	4.85061200	-1.93578900
114.95999930	5.11642800	-1.93578900
115.03999930	5.20523700	-2.02368200
115.11999930	5.11642800	-2.02368200
115.19999930	5.02792500	-2.11157600
115.27999930	5.02792500	-2.11157600
115.35999930	5.02792500	-2.19916400
115.43999930	5.11642800	-2.19916400
115.51999930	5.02792500	-2.28705700
115.59999930	5.02792500	-2.37495000
115.67999930	5.02792500	-2.37495000
115.75999930	5.02792500	-2.46284400
115.83999930	5.02792500	-2.46284400
115.91999930	5.02792500	-2.55043200
115.99999930	4.93911600	-2.55043200
116.07999929	4.93911600	-2.63832500
116.15999929	4.93911600	-2.63832500
116.23999929	4.93911600	-2.72621800
116.31999929	4.93911600	-2.81411200
116.39999929	4.93911600	-2.81411200
116.47999929	4.93911600	-2.90200500
116.55999929	4.85061200	-2.90200500
116.63999929	4.85061200	-2.90200500
116.71999929	4.85061200	-2.98959300
116.79999929	4.85061200	-2.98959300
116.87999929	4.76180300	-3.07748700
116.95999929	4.76180300	-3.07748700
117.03999929	4.76180300	-3.16538000
117.11999929	4.67329900	-3.16538000
117.19999929	4.76180300	-3.16538000
117.27999929	4.67329900	-3.25327300
117.35999929	4.67329900	-3.34086100
117.43999929	4.67329900	-3.34086100
117.51999929	4.67329900	-3.34086100
117.59999929	4.58449000	-3.42875500
117.67999928	4.58449000	-3.42875500
117.75999928	4.58449000	-3.42875500
117.83999928	4.49598700	-3.51664800
117.91999928	4.58449000	-3.60454100
117.99999928	4.49598700	-3.60454100
118.07999928	4.49598700	-3.60454100
118.15999928	4.49598700	-3.69212900
118.23999928	4.49598700	-3.69212900
118.31999928	4.49598700	-3.78002300
118.39999928	4.49598700	-3.78002300
118.47999928	4.40717800	-3.78002300
118.55999928	4.40717800	-3.86791600
118.63999928	4.40717800	-3.86791600
118.71999928	4.40717800	-3.86791600
118.79999928	4.40717800	-3.95580900
118.87999928	4.40717800	-3.95580900
118.95999928	4.40717800	-4.04339700
119.03999928	4.40717800	-4.04339700
119.11999928	4.40717800	-4.04339700
119.19999928	4.40717800	-4.13129000
119.27999928	4.40717800	-4.13129000
119.35999927	4.40717800	-4.21918400
119.43999927	4.31867400	-4.21918400
119.51999927	4.40717800	-4.21918400
119.59999927	4.31867400	-4.21918400
119.67999927	4.31867400	-4.30707700
119.75999927	4.31867400	-4.30707700
119.83999927	4.22986600	-4.30707700
119.91999927	4.31867400	-4.39497000
119.99999927	4.31867400	-4.39497000
120.07999927	4.31867400	-4.39497000
120.15999927	4.31867400	-4.48255900
120.23999927	4.31867400	-4.48255900
120.31999927	4.31867400	-4.48255900
120.39999927	4.31867400	-4.57045200
120.47999927	4.31867400	-4.57045200
120.55999927	4.31867400	-4.57045200
120.63999927	4.22986600	-4.57045200
120.71999927	4.31867400	-4.57045200
120.79999927	4.22986600	-4.65834500
120.87999927	4.22986600	-4.65834500
120.95999926	4.22986600	-4.65834500
121.03999926	4.22986600	-4.74623900
121.11999926	4.22986600	-4.74623900
121.19999926	4.31867400	-4.74623900
121.27999926	4.22986600	-4.74623900
121.35999926	4.31867400	-4.74623900
121.43999926	4.22986600	-4.74623900
121.51999926	4.22986600	-4.83382700
121.59999926	4.22986600	-4.83382700
121.67999926	4.22986600	-4.83382700
121.75999926	4.22986600	-4.83382700
121.83999926	4.22986600	-4.83382700
121.91999926	4.22986600	-4.83382700
121.99999926	4.22986600	-4.92172000
122.07999926	4.22986600	-4.83382700
122.15999926	4.22986600	-4.92172000
122.23999926	4.22986600	-4.92172000
122.31999926	4.22986600	-4.92172000
122.39999926	4.22986600	-4.92172000
122.47999926	4.22986600	-4.92172000
122.55999926	4.22986600	-4.92172000
122.63999925	4.22986600	-4.92172000
122.71999925	4.22986600	-4.92172000
122.79999925	4.22986600	-4.92172000
122.87999925	4.22986600	-4.92172000
122.95999925	4.22986600	-5.00961400
123.03999925	4.22986600	-4.92172000
123.11999925	4.22986600	-4.92172000
123.19999925	4.22986600	-4.92172000
123.27999925	4.22986600	-5.00961400
123.35999925	4.22986600	-4.92172000
123.43999925	4.22986600	-5.00961400
123.51999925	4.22986600	-5.00961400
123.59999925	4.22986600	-5.00961400
123.67999925	4.22986600	-5.00961400
123.75999925	4.22986600	-5.00961400
123.83999925	4.22986600	-5.00961400
123.91999925	4.22986600	-5.00961400
123.99999925	4.22986600	-5.00961400
124.07999925	4.22986600	-5.00961400
124.15999925	4.22986600	-5.00961400
124.23999924	4.22986600	-5.00961400
124.31999924	4.22986600	-4.92172000
124.39999924	4.22986600	-4.92172000
124.47999924	4.22986600	-5.00961400
124.55999924	4.22986600	-4.92172000
124.63999924	4.22986600	-4.92172000
124.71999924	4.22986600	-4.92172000
124.79999924	4.22986600	-4.92172000
124.87999924	4.22986600	-4.92172000
124.95999924	4.22986600	-4.92172000
125.03999924	4.22986600	-4.92172000
125.11999924	4.22986600	-4.92172000
125.19999924	4.22986600	-4.92172000
125.27999924	4.22986600	-4.92172000
125.35999924	4.22986600	-4.83382700
125.43999924	4.22986600	-4.83382700
125.51999924	4.22986600	-4.83382700
125.59999924	4.22986600	-4.83382700
125.67999924	4.22986600	-4.74623900
125.75999924	4.22986600	-4.74623900
125.83999924	4.22986600	-4.74623900
125.91999923	4.22986600	-4.74623900
125.99999923	4.22986600	-4.74623900
126.07999923	4.22986600	-4.74623900
126.15999923	4.22986600	-4.74623900
126.23999923	4.22986600	-4.74623900
126.31999923	4.22986600	-4.65834500
126.39999923	4.22986600	-4.65834500
126.47999923	4.22986600	-4.57045200
126.55999923	4.22986600	-4.57045200
126.63999923	4.22986600	-4.57045200
126.71999923	4.22986600	-4.57045200
126.79999923	4.22986600	-4.57045200
126.87999923	4.22986600	-4.48255900
126.95999923	4.22986600	-4.48255900
127.03999923	4.22986600	-4.48255900
127.11999923	4.22986600	-4.48255900
127.19999923	4.22986600	-4.39497000
127.27999923	4.22986600	-4.39497000
127.35999923	4.22986600	-4.39497000
127.43999923	4.22986600	-4.30707700
127.51999923	4.22986600	-4.30707700
127.59999922	4.31867400	-4.30707700
127.67999922	4.22986600	-4.21918400
127.75999922	4.22986600	-4.21918400
127.83999922	4.22986600	-4.21918400
127.91999922	4.22986600	-4.21918400
127.99999922	4.22986600	-4.21918400
128.07999922	4.22986600	-4.13129000
128.15999922	4.22986600	-4.13129000
128.23999922	4.22986600	-4.04339700
128.31999922	4.22986600	-4.04339700
128.39999922	4.31867400	-4.04339700
128.47999922	4.31867400	-3.95580900
128.55999922	4.22986600	-3.95580900
128.63999922	4.31867400	-3.95580900
128.71999922	4.31867400	-3.86791600
128.79999922	4.31867400	-3.86791600
128.87999922	4.31867400	-3.86791600
128.95999922	4.31867400	-3.86791600
129.03999922	4.31867400	-3.78002300
129.11999922	4.40717800	-3.69212900
129.19999921	4.49598700	-3.69212900
129.27999921	4.49598700	-3.69212900
129.35999921	4.76180300	-3.60454100
129.43999921	4.85061200	-3.60454100
129.51999921	4.93911600	-3.51664800
129.59999921	4.93911600	-3.51664800
129.67999921	4.93911600	-3.51664800
129.75999921	4.93911600	-3.51664800
129.83999921	4.93911600	-3.42875500
129.91999921	4.93911600	-3.42875500
129.99999921	4.93911600	-3.34086100
130.07999921	4.93911600	-3.34086100
130.15999921	5.02792500	-3.34086100
130.23999921	5.02792500	-3.25327300
130.31999921	5.02792500	-3.25327300
130.39999921	5.02792500	-3.16538000
130.47999921	5.02792500	-3.16538000
130.55999921	5.11642800	-3.16538000
130.63999921	5.02792500	-3.07748700
130.71999921	5.11642800	-3.07748700
130.79999921	5.11642800	-2.98959300
130.87999920	5.11642800	-2.98959300
130.95999920	5.11642800	-2.90200500
131.03999920	5.11642800	-2.90200500
131.11999920	5.11642800	-2.81411200
131.19999920	5.11642800	-2.81411200
131.27999920	5.11642800	-2.81411200
131.35999920	5.11642800	-2.72621800
131.43999920	5.11642800	-2.72621800
131.51999920	5.11642800	-2.63832500
131.59999920	5.20523700	-2.63832500
131.67999920	5.11642800	-2.63832500
131.75999920	5.11642800	-2.63832500
131.83999920	5.20523700	-2.55043200
131.91999920	5.20523700	-2.46284400
131.99999920	5.20523700	-2.46284400
132.07999920	5.20523700	-2.46284400
132.15999920	5.20523700	-2.37495000
132.23999920	5.11642800	-2.37495000
132.31999920	5.20523700	-2.28705700
132.39999920	5.20523700	-2.19916400
132.47999919	5.20523700	-2.19916400
132.55999919	5.20523700	-2.19916400
132.63999919	5.20523700	-2.11157600
132.71999919	5.20523700	-2.11157600
132.79999919	5.20523700	-2.02368200
132.87999919	5.20523700	-2.02368200
132.95999919	5.20523700	-1.93578900
133.03999919	5.20523700	-1.93578900
133.11999919	5.20523700	-1.93578900
133.19999919	5.20523700	-1.84789600
133.27999919	5.20523700	-1.76030800
133.35999919	5.20523700	-1.76030800
133.43999919	5.29374100	-1.76030800
133.51999919	5.29374100	-1.76030800
133.59999919	5.29374100	-1.67241400
133.67999919	5.29374100	-1.58452100
133.75999919	5.29374100	-1.58452100
133.83999919	5.29374100	-1.49662800
133.91999919	5.29374100	-1.49662800
133.99999919	5.29374100	-1.49662800
134.07999919	5.29374100	-1.40904000
134.15999918	5.29374100	-1.40904000
134.23999918	5.29374100	-1.32114600
134.31999918	5.29374100	-1.32114600
134.39999918	5.29374100	-1.23325300
134.47999918	5.29374100	-1.23325300
134.55999918	5.29374100	-1.23325300
134.63999918	5.29374100	-1.05746600
134.71999918	5.29374100	-1.05746600
134.79999918	5.29374100	-1.05746600
134.87999918	5.38254900	-0.96987830
134.95999918	5.38254900	-0.96987830
135.03999918	5.38254900	-0.88198490
135.11999918	5.38254900	-0.88198490
135.19999918	5.38254900	-0.79409160
135.27999918	5.47105300	-0.79409160
135.35999918	5.47105300	-0.70619830
135.43999918	5.47105300	-0.70619830
135.51999918	5.47105300	-0.70619830
135.59999918	5.47105300	-0.61861020
135.67999918	5.47105300	-0.53071690
135.75999917	5.47105300	-0.53071690
135.83999917	5.47105300	-0.44282360
135.91999917	5.47105300	-0.44282360
135.99999917	5.55986200	-0.44282360
136.07999917	5.47105300	-0.35493030
136.15999917	5.55986200	-0.35493030
136.23999917	5.55986200	-0.35493030
136.31999917	5.55986200	-0.26734220
136.39999917	5.55986200	-0.17944880
136.47999917	5.55986200	-0.17944880
136.55999917	5.55986200	-0.09155553
136.63999917	5.55986200	-0.09155553
136.71999917	5.55986200	-0.00366222
136.79999917	5.55986200	-0.00366222
136.87999917	5.55986200	-0.00366222
136.95999917	5.55986200	0.08392590
137.03999917	5.55986200	0.08392590
137.11999917	5.55986200	0.17151400
137.19999917	5.55986200	0.17151400
137.27999917	5.55986200	0.25940730
137.35999917	5.55986200	0.25940730
137.43999916	5.55986200	0.34730060
137.51999916	5.55986200	0.34730060
137.59999916	5.55986200	0.43519400
137.67999916	5.64836500	0.52278210
137.75999916	5.55986200	0.52278210
137.83999916	5.64836500	0.52278210
137.91999916	5.64836500	0.61067540
137.99999916	5.64836500	0.61067540
138.07999916	5.64836500	0.69856870
138.15999916	5.64836500	0.69856870
138.23999916	5.55986200	0.69856870
138.31999916	5.64836500	0.78646200
138.39999916	5.64836500	0.87405010
138.47999916	5.64836500	0.87405010
138.55999916	5.55986200	0.87405010
138.63999916	5.64836500	0.96194340
138.71999916	5.64836500	0.96194340
138.79999916	5.64836500	1.04983700
138.87999916	5.64836500	1.04983700
138.95999916	5.64836500	1.04983700
139.03999915	5.64836500	1.04983700
139.11999915	5.64836500	1.13773000
139.19999915	5.64836500	1.22531800
139.27999915	5.64836500	1.22531800
139.35999915	5.64836500	1.22531800
139.43999915	5.64836500	1.31321100
139.51999915	5.64836500	1.31321100
139.59999915	5.64836500	1.40110500
139.67999915	5.64836500	1.40110500
139.75999915	5.64836500	1.40110500
139.83999915	5.64836500	1.48899800
139.91999915	5.73717500	1.48899800
139.99999915	5.64836500	1.57689100
140.07999915	5.64836500	1.57689100
140.15999915	5.73717500	1.66447900
140.23999915	5.73717500	1.66447900
140.31999915	5.64836500	1.66447900
140.39999915	5.73717500	1.75237300
140.47999915	5.64836500	1.75237300
140.55999915	5.64836500	1.84026600
140.63999915	5.64836500	1.84026600
140.71999914	5.73717500	1.84026600
140.79999914	5.73717500	1.84026600
140.87999914	5.73717500	1.92815900
140.95999914	5.64836500	2.01574800
141.03999914	5.73717500	2.01574800
141.11999914	5.73717500	2.01574800
141.19999914	5.73717500	2.10364100
141.27999914	5.73717500	2.10364100
141.35999914	5.73717500	2.19153400
141.43999914	5.73717500	2.10364100
141.51999914	5.82567800	2.19153400
141.59999914	5.73717500	2.19153400
141.67999914	5.73717500	2.27942800
141.75999914	5.73717500	2.27942800
141.83999914	5.73717500	2.27942800
141.91999914	5.82567800	2.36701600
141.99999914	5.82567800	2.36701600
142.07999914	5.73717500	2.45490900
142.15999914	5.73717500	2.45490900
142.23999914	5.73717500	2.45490900
142.31999914	5.82567800	2.45490900
142.39999913	5.82567800	2.54280200
142.47999913	5.82567800	2.54280200
142.55999913	5.73717500	2.54280200
142.63999913	5.82567800	2.63069600
142.71999913	5.73717500	2.63069600
142.79999913	5.73717500	2.63069600
142.87999913	5.82567800	2.63069600
142.95999913	5.82567800	2.71828400
143.03999913	5.82567800	2.71828400
143.11999913	5.82567800	2.71828400
143.19999913	5.82567800	2.80617700
143.27999913	5.82567800	2.80617700
143.35999913	5.82567800	2.80617700
143.43999913	5.82567800	2.80617700
143.51999913	5.82567800	2.80617700
143.59999913	5.82567800	2.89407000
143.67999913	5.82567800	2.89407000
143.75999913	5.82567800	2.98196400
143.83999913	5.82567800	2.98196400
143.91999913	5.82567800	2.98196400
143.99999912	5.82567800	2.98196400
144.07999912	5.82567800	2.98196400
144.15999912	5.82567800	2.98196400
144.23999912	5.82567800	2.98196400
144.31999912	5.82567800	3.06985700
144.39999912	5.82567800	3.06985700
144.47999912	5.82567800	3.15744500
144.55999912	5.82567800	3.15744500
144.63999912	5.82567800	3.15744500
144.71999912	5.82567800	3.15744500
144.79999912	5.82567800	3.15744500
144.87999912	5.82567800	3.15744500
144.95999912	5.82567800	3.15744500
145.03999912	5.82567800	3.15744500
145.11999912	5.82567800	3.24533800
145.19999912	5.82567800	3.24533800
145.27999912	5.82567800	3.33323200
145.35999912	5.82567800	3.33323200
145.43999912	5.82567800	3.33323200
145.51999912	5.82567800	3.33323200
145.59999912	5.82567800	3.33323200
145.67999911	5.82567800	3.33323200
145.75999911	5.82567800	3.33323200
145.83999911	5.82567800	3.33323200
145.91999911	5.91448700	3.42112500
145.99999911	5.82567800	3.42112500
146.07999911	5.91448700	3.42112500
146.15999911	5.91448700	3.42112500
146.23999911	5.82567800	3.42112500
146.31999911	5.91448700	3.42112500
146.39999911	5.82567800	3.42112500
146.47999911	5.82567800	3.42112500
146.55999911	5.82567800	3.50871300
146.63999911	5.91448700	3.50871300
146.71999911	5.91448700	3.50871300
146.79999911	5.91448700	3.50871300
146.87999911	5.82567800	3.50871300
146.95999911	5.91448700	3.50871300
147.03999911	5.91448700	3.50871300
147.11999911	5.91448700	3.50871300
147.19999911	5.91448700	3.50871300
147.27999910	5.91448700	3.50871300
147.35999910	5.82567800	3.50871300
147.43999910	5.91448700	3.50871300
147.51999910	5.91448700	3.50871300
147.59999910	5.82567800	3.50871300
147.67999910	5.91448700	3.50871300
147.75999910	5.91448700	3.50871300
147.83999910	5.91448700	3.59660600
147.91999910	5.91448700	3.50871300
147.99999910	5.82567800	3.50871300
148.07999910	5.82567800	3.59660600
148.15999910	5.91448700	3.50871300
148.23999910	5.91448700	3.50871300
148.31999910	5.91448700	3.50871300
148.39999910	5.82567800	3.50871300
148.47999910	5.91448700	3.50871300
148.55999910	5.91448700	3.50871300
148.63999910	5.82567800	3.50871300
148.71999910	5.91448700	3.50871300
148.79999910	5.82567800	3.50871300
148.87999910	5.91448700	3.50871300
148.95999909	5.82567800	3.50871300
149.03999909	5.91448700	3.50871300
149.11999909	5.91448700	3.50871300
149.19999909	5.82567800	3.50871300
149.27999909	5.91448700	3.50871300
149.35999909	5.91448700	3.50871300
149.43999909	5.91448700	3.50871300
149.51999909	5.82567800	3.50871300
149.59999909	5.91448700	3.50871300
149.67999909	5.91448700	3.50871300
149.75999909	5.91448700	3.50871300
149.83999909	5.91448700	3.42112500
149.91999909	5.91448700	3.50871300
149.99999909	5.82567800	3.50871300
150.07999909	5.91448700	3.42112500
150.15999909	5.91448700	3.42112500
150.23999909	5.91448700	3.42112500
150.31999909	5.91448700	3.42112500
150.39999909	5.91448700	3.42112500
150.47999909	5.91448700	3.42112500
150.55999908	5.91448700	3.42112500
150.63999908	5.91448700	3.42112500
150.71999908	5.82567800	3.33323200
150.79999908	5.91448700	3.33323200
150.87999908	5.91448700	3.33323200
150.95999908	5.91448700	3.33323200
151.03999908	5.91448700	3.33323200
151.11999908	5.82567800	3.24533800
151.19999908	5.82567800	3.24533800
151.27999908	5.82567800	3.24533800
151.35999908	5.91448700	3.24533800
151.43999908	5.91448700	3.24533800
151.51999908	5.82567800	3.15744500
151.59999908	5.82567800	3.24533800
151.67999908	5.82567800	3.15744500
151.75999908	5.82567800	3.15744500
151.83999908	5.82567800	3.15744500
151.91999908	5.82567800	3.15744500
151.99999908	5.82567800	3.06985700
152.07999908	5.82567800	3.06985700
152.15999908	5.82567800	3.06985700
152.23999907	5.91448700	3.06985700
152.31999907	5.82567800	3.06985700
152.39999907	5.82567800	3.06985700
152.47999907	5.82567800	2.98196400
152.55999907	5.82567800	2.98196400
152.63999907	5.82567800	2.98196400
152.71999907	5.82567800	2.98196400
152.79999907	5.82567800	2.98196400
152.87999907	5.82567800	2.89407000
152.95999907	5.82567800	2.89407000
153.03999907	5.82567800	2.89407000
153.11999907	5.82567800	2.89407000
153.19999907	5.82567800	2.80617700
153.27999907	5.82567800	2.80617700
153.35999907	5.82567800	2.80617700
153.43999907	5.82567800	2.80617700
153.51999907	5.82567800	2.80617700
153.59999907	5.82567800	2.80617700
153.67999907	5.82567800	2.71828400
153.75999907	5.82567800	2.71828400
153.83999907	5.82567800	2.71828400
153.91999906	5.82567800	2.71828400
153.99999906	5.82567800	2.71828400
154.07999906	5.82567800	2.63069600
154.15999906	5.82567800	2.63069600
154.23999906	5.82567800	2.63069600
154.31999906	5.73717500	2.54280200
154.39999906	5.82567800	2.54280200
154.47999906	5.82567800	2.45490900
154.55999906	5.82567800	2.45490900
154.63999906	5.73717500	2.45490900
154.71999906	5.82567800	2.45490900
154.79999906	5.73717500	2.45490900
154.87999906	5.73717500	2.45490900
154.95999906	5.73717500	2.36701600
155.03999906	5.73717500	2.36701600
155.11999906	5.73717500	2.27942800
155.19999906	5.82567800	2.27942800
155.27999906	5.73717500	2.27942800
155.35999906	5.73717500	2.27942800
155.43999906	5.73717500	2.27942800
155.51999905	5.73717500	2.27942800
155.59999905	5.82567800	2.19153400
155.67999905	5.64836500	2.19153400
155.75999905	5.73717500	2.19153400
155.83999905	5.64836500	2.10364100
155.91999905	5.73717500	2.10364100
155.99999905	5.64836500	2.10364100
156.07999905	5.73717500	2.01574800
156.15999905	5.64836500	2.01574800
156.23999905	5.64836500	2.01574800
156.31999905	5.73717500	2.01574800
156.39999905	5.73717500	1.92815900
156.47999905	5.64836500	1.92815900
156.55999905	5.64836500	1.92815900
156.63999905	5.64836500	1.84026600
156.71999905	5.64836500	1.84026600
156.79999905	5.64836500	1.84026600
156.87999905	5.64836500	1.75237300
156.95999905	5.64836500	1.75237300
157.03999905	5.64836500	1.75237300
157.11999905	5.64836500	1.75237300
157.19999904	5.64836500	1.75237300
157.27999904	5.55986200	1.66447900
157.35999904	5.55986200	1.57689100
157.43999904	5.55986200	1.66447900
157.51999904	5.64836500	1.66447900
157.59999904	5.55986200	1.57689100
157.67999904	5.55986200	1.57689100
157.75999904	5.55986200	1.48899800
157.83999904	5.55986200	1.48899800
157.91999904	5.47105300	1.48899800
157.99999904	5.29374100	1.40110500
158.07999904	4.93911600	1.40110500
158.15999904	4.49598700	1.40110500
158.23999904	4.31867400	1.40110500
158.31999904	4.31867400	1.40110500
158.39999904	4.31867400	1.31321100
158.47999904	4.31867400	1.31321100
158.55999904	4.22986600	1.31321100
158.63999904	4.31867400	1.22531800
158.71999904	4.31867400	1.22531800
158.79999903	4.22986600	1.22531800
158.87999903	4.31867400	1.22531800
158.95999903	4.22986600	1.13773000
159.03999903	4.22986600	1.13773000
159.11999903	4.31867400	1.04983700
159.19999903	4.31867400	1.04983700
159.27999903	4.31867400	1.04983700
159.35999903	4.22986600	1.04983700
159.43999903	4.22986600	1.04983700
159.51999903	4.31867400	0.96194340
159.59999903	4.31867400	0.96194340
159.67999903	4.22986600	0.87405010
159.75999903	4.22986600	0.87405010
159.83999903	4.22986600	0.87405010
159.91999903	4.22986600	0.87405010
159.99999903	4.31867400	0.87405010
160.07999903	4.22986600	0.78646200
160.15999903	4.22986600	0.69856870
160.23999903	4.22986600	0.69856870
160.31999903	4.22986600	0.69856870
160.39999903	4.22986600	0.69856870
160.47999902	4.22986600	0.69856870
160.55999902	4.22986600	0.61067540
160.63999902	4.22986600	0.61067540
160.71999902	4.22986600	0.61067540
160.79999902	4.22986600	0.52278210
160.87999902	4.22986600	0.52278210
160.95999902	4.22986600	0.52278210
161.03999902	4.22986600	0.52278210
161.11999902	4.22986600	0.43519400
161.19999902	4.22986600	0.34730060
161.27999902	4.22986600	0.43519400
161.35999902	4.22986600	0.34730060
161.43999902	4.22986600	0.34730060
161.51999902	4.22986600	0.34730060
161.59999902	4.22986600	0.25940730
161.67999902	4.22986600	0.25940730
161.75999902	4.22986600	0.25940730
161.83999902	4.22986600	0.17151400
161.91999902	4.22986600	0.17151400
161.99999902	4.22986600	0.17151400
162.07999901	4.22986600	0.08392590
162.15999901	4.22986600	0.08392590
162.23999901	4.22986600	-0.00366222
162.31999901	4.22986600	-0.00366222
162.39999901	4.22986600	-0.00366222
162.47999901	4.22986600	-0.00366222
162.55999901	4.22986600	-0.00366222
162.63999901	4.22986600	-0.09155553
162.71999901	4.22986600	-0.09155553
162.79999901	4.22986600	-0.09155553
162.87999901	4.22986600	-0.17944880
162.95999901	4.22986600	-0.17944880
163.03999901	4.22986600	-0.17944880
163.11999901	4.22986600	-0.26734220
163.19999901	4.22986600	-0.26734220
163.27999901	4.31867400	-0.26734220
163.35999901	4.31867400	-0.35493030
163.43999901	3.69792800	-0.35493030
163.51999901	1.92480200	-0.35493030
163.59999901	0.86092720	-0.44282360
163.67999901	0.68361460	-0.44282360
163.75999900	0.68361460	-0.44282360
163.83999900	0.68361460	-0.53071690
163.91999900	0.68361460	-0.53071690
163.99999900	0.68361460	-0.53071690
164.07999900	0.68361460	-0.53071690
164.15999900	0.68361460	-0.61861020
164.23999900	0.68361460	-0.61861020
164.31999900	0.68361460	-0.61861020
164.39999900	0.68361460	-0.70619830
164.47999900	0.68361460	-0.70619830
164.55999900	0.68361460	-0.70619830
164.63999900	0.77211830	-0.79409160
164.71999900	0.77211830	-0.79409160
164.79999900	0.68361460	-0.79409160
164.87999900	0.77211830	-0.88198490
164.95999900	0.68361460	-0.88198490
165.03999900	0.68361460	-0.96987830
165.11999900	0.77211830	-0.96987830
165.19999900	0.77211830	-1.05746600
165.27999900	0.77211830	-1.05746600
165.35999900	0.77211830	-1.05746600
165.43999899	0.77211830	-1.05746600
165.51999899	0.77211830	-1.14536000
165.59999899	0.77211830	-1.23325300
165.67999899	0.77211830	-1.23325300
165.75999899	0.77211830	-1.23325300
165.83999899	0.77211830	-1.23325300
165.91999899	0.86092720	-1.32114600
165.99999899	0.86092720	-1.32114600
166.07999899	0.77211830	-1.40904000
166.15999899	0.86092720	-1.40904000
166.23999899	0.77211830	-1.40904000
166.31999899	0.86092720	-1.40904000
166.39999899	0.86092720	-1.49662800
166.47999899	0.86092720	-1.58452100
166.55999899	0.86092720	-1.58452100
166.63999899	0.86092720	-1.58452100
166.71999899	0.86092720	-1.67241400
166.79999899	0.86092720	-1.67241400
166.87999899	0.86092720	-1.76030800
166.95999899	0.86092720	-1.76030800
167.03999898	0.86092720	-1.76030800
167.11999898	0.86092720	-1.76030800
167.19999898	0.86092720	-1.84789600
167.27999898	0.86092720	-1.93578900
167.35999898	0.86092720	-1.84789600
167.43999898	0.86092720	-1.93578900
167.51999898	0.86092720	-1.93578900
167.59999898	0.86092720	-2.02368200
167.67999898	0.86092720	-2.11157600
167.75999898	0.86092720	-2.11157600
167.83999898	0.94943080	-2.11157600
167.91999898	0.86092720	-2.11157600
167.99999898	0.86092720	-2.19916400
168.07999898	0.94943080	-2.19916400
168.15999898	0.86092720	-2.28705700
168.23999898	0.86092720	-2.28705700
168.31999898	0.86092720	-2.28705700
168.39999898	0.86092720	-2.37495000
168.47999898	0.86092720	-2.46284400
168.55999898	0.86092720	-2.46284400
168.63999898	0.86092720	-2.46284400
168.71999897	0.94943080	-2.46284400
168.79999897	0.94943080	-2.55043200
168.87999897	0.94943080	-2.55043200
168.95999897	0.94943080	-2.63832500
169.03999897	0.86092720	-2.63832500
169.11999897	0.94943080	-2.63832500
169.19999897	0.94943080	-2.72621800
169.27999897	0.94943080	-2.72621800
169.35999897	0.94943080	-2.81411200
169.43999897	0.94943080	-2.81411200
169.51999897	0.86092720	-2.81411200
169.59999897	0.94943080	-2.81411200
169.67999897	0.86092720	-2.90200500
169.75999897	0.94943080	-2.90200500
169.83999897	0.94943080	-2.98959300
169.91999897	0.94943080	-2.98959300
169.99999897	0.94943080	-2.98959300
170.07999897	0.94943080	-3.07748700
170.15999897	0.94943080	-3.07748700
170.23999897	0.94943080	-3.16538000
170.31999896	0.94943080	-3.16538000
170.39999896	0.94943080	-3.16538000
170.47999896	0.94943080	-3.16538000
170.55999896	0.94943080	-3.25327300
170.63999896	0.94943080	-3.25327300
170.71999896	0.94943080	-3.25327300
170.79999896	0.94943080	-3.34086100
170.87999896	0.94943080	-3.34086100
170.95999896	0.94943080	-3.42875500
171.03999896	0.94943080	-3.42875500
171.11999896	0.94943080	-3.42875500
171.19999896	0.94943080	-3.51664800
171.27999896	0.94943080	-3.51664800
171.35999896	0.94943080	-3.51664800
171.43999896	0.94943080	-3.60454100
171.51999896	0.94943080	-3.60454100
171.59999896	0.94943080	-3.60454100
171.67999896	0.94943080	-3.60454100
171.75999896	0.94943080	-3.69212900
171.83999896	0.94943080	-3.69212900
171.91999896	0.94943080	-3.69212900
171.99999895	0.94943080	-3.78002300
172.07999895	0.94943080	-3.78002300
172.15999895	0.94943080	-3.86791600
172.23999895	1.03824000	-3.86791600
172.31999895	0.94943080	-3.86791600
172.39999895	0.94943080	-3.86791600
172.47999895	0.94943080	-3.86791600
172.55999895	0.94943080	-3.86791600
172.63999895	0.94943080	-3.86791600
172.71999895	1.03824000	-3.95580900
172.79999895	0.94943080	-3.95580900
172.87999895	1.03824000	-4.04339700
172.95999895	0.94943080	-4.04339700
173.03999895	0.94943080	-4.13129000
173.11999895	1.03824000	-4.04339700
173.19999895	0.94943080	-4.04339700
173.27999895	0.94943080	-4.13129000
173.35999895	0.94943080	-4.13129000
173.43999895	0.94943080	-4.13129000
173.51999895	0.94943080	-4.21918400
173.59999894	0.94943080	-4.21918400
173.67999894	0.94943080	-4.21918400
173.75999894	0.94943080	-4.21918400
173.83999894	0.94943080	-4.21918400
173.91999894	0.94943080	-4.21918400
173.99999894	0.94943080	-4.30707700
174.07999894	0.94943080	-4.21918400
174.15999894	0.94943080	-4.21918400
174.23999894	0.94943080	-4.30707700
174.31999894	0.94943080	-4.30707700
174.39999894	0.94943080	-4.30707700
174.47999894	0.94943080	-4.30707700
174.55999894	0.94943080	-4.30707700
174.63999894	0.94943080	-4.39497000
174.71999894	0.94943080	-4.39497000
174.79999894	0.94943080	-4.39497000
174.87999894	0.94943080	-4.39497000
174.95999894	0.94943080	-4.39497000
175.03999894	0.94943080	-4.39497000
175.11999894	0.94943080	-4.39497000
175.19999894	0.94943080	-4.39497000
175.27999893	0.94943080	-4.39497000
175.35999893	0.94943080	-4.39497000
175.43999893	0.94943080	-4.39497000
175.51999893	0.94943080	-4.39497000
175.59999893	0.94943080	-4.39497000
175.67999893	0.94943080	-4.39497000
175.75999893	0.94943080	-4.39497000
175.83999893	0.94943080	-4.39497000
175.91999893	0.94943080	-4.48255900
175.99999893	0.94943080	-4.48255900
176.07999893	0.94943080	-4.39497000
176.15999893	0.94943080	-4.39497000
176.23999893	0.94943080	-4.39497000
176.31999893	0.94943080	-4.39497000
176.39999893	0.94943080	-4.48255900
176.47999893	0.94943080	-4.39497000
176.55999893	0.94943080	-4.39497000
176.63999893	0.86092720	-4.39497000
176.71999893	0.94943080	-4.39497000
176.79999893	0.86092720	-4.39497000
176.87999893	0.94943080	-4.39497000
176.95999892	0.94943080	-4.39497000
177.03999892	0.94943080	-4.39497000
177.11999892	0.94943080	-4.30707700
177.19999892	0.94943080	-4.30707700
177.27999892	0.94943080	-4.30707700
177.35999892	0.94943080	-4.30707700
177.43999892	0.86092720	-4.30707700
177.51999892	0.94943080	-4.30707700
177.59999892	0.86092720	-4.30707700
177.67999892	0.94943080	-4.21918400
177.75999892	0.94943080	-4.21918400
177.83999892	0.94943080	-4.21918400
177.91999892	0.86092720	-4.21918400
177.99999892	0.86092720	-4.21918400
178.07999892	0.86092720	-4.21918400
178.15999892	0.94943080	-4.21918400
178.23999892	0.86092720	-4.13129000
178.31999892	0.86092720	-4.13129000
178.39999892	0.86092720	-4.13129000
178.47999892	0.86092720	-4.13129000
178.55999891	0.86092720	-4.04339700
178.63999891	0.86092720	-4.04339700
178.71999891	0.86092720	-4.04339700
178.79999891	0.86092720	-4.04339700
178.87999891	0.86092720	-3.95580900
178.95999891	0.86092720	-4.04339700
179.03999891	0.86092720	-3.95580900
179.11999891	0.86092720	-3.86791600
179.19999891	0.86092720	-3.86791600
179.27999891	0.86092720	-3.86791600
179.35999891	0.86092720	-3.86791600
179.43999891	0.86092720	-3.86791600
179.51999891	0.86092720	-3.86791600
179.59999891	0.86092720	-3.78002300
179.67999891	0.86092720	-3.69212900
179.75999891	0.86092720	-3.69212900
179.83999891	0.86092720	-3.69212900
179.91999891	0.86092720	-3.60454100
179.99999891	0.86092720	-3.60454100
180.07999891	0.86092720	-3.60454100
180.15999891	0.86092720	-3.60454100
180.23999890	0.86092720	-3.51664800
180.31999890	0.86092720	-3.51664800
180.39999890	0.86092720	-3.51664800
180.47999890	0.86092720	-3.42875500
180.55999890	0.86092720	-3.42875500
180.63999890	0.86092720	-3.34086100
180.71999890	0.86092720	-3.34086100
180.79999890	0.86092720	-3.34086100
180.87999890	0.86092720	-3.25327300
180.95999890	0.86092720	-3.16538000
181.03999890	0.86092720	-3.16538000
181.11999890	0.86092720	-3.16538000
181.19999890	0.86092720	-3.16538000
181.27999890	0.86092720	-3.16538000
181.35999890	0.86092720	-2.98959300
181.43999890	0.86092720	-2.98959300
181.51999890	0.86092720	-2.98959300
181.59999890	0.86092720	-2.98959300
181.67999890	0.86092720	-2.90200500
181.75999890	0.86092720	-2.90200500
181.83999889	0.86092720	-2.81411200
181.91999889	0.86092720	-2.81411200
181.99999889	0.77211830	-2.72621800
182.07999889	0.86092720	-2.63832500
182.15999889	0.86092720	-2.63832500
182.23999889	0.86092720	-2.63832500
182.31999889	0.86092720	-2.63832500
182.39999889	0.86092720	-2.55043200
182.47999889	0.86092720	-2.46284400
182.55999889	0.86092720	-2.46284400
182.63999889	0.77211830	-2.37495000
182.71999889	0.77211830	-2.37495000
182.79999889	0.86092720	-2.28705700
182.87999889	0.77211830	-2.28705700
182.95999889	0.77211830	-2.19916400
183.03999889	0.86092720	-2.19916400
183.11999889	0.77211830	-2.11157600
183.19999889	0.86092720	-2.11157600
183.27999889	0.77211830	-2.11157600
183.35999889	0.77211830	-2.02368200
183.43999889	0.77211830	-1.93578900
183.51999888	0.77211830	-1.93578900
183.59999888	0.77211830	-1.93578900
183.67999888	0.77211830	-1.84789600
183.75999888	0.77211830	-1.76030800
183.83999888	0.77211830	-1.76030800
183.91999888	0.77211830	-1.76030800
183.99999888	0.77211830	-1.67241400
184.07999888	0.77211830	-1.58452100
184.15999888	0.77211830	-1.58452100
184.23999888	0.77211830	-1.49662800
184.31999888	0.77211830	-1.49662800
184.39999888	0.68361460	-1.49662800
184.47999888	0.77211830	-1.40904000
184.55999888	0.68361460	-1.40904000
184.63999888	0.77211830	-1.32114600
184.71999888	0.77211830	-1.23325300
184.79999888	0.77211830	-1.23325300
184.87999888	0.77211830	-1.14536000
184.95999888	0.68361460	-1.14536000
185.03999888	0.77211830	-1.05746600
185.11999887	0.68361460	-1.05746600
185.19999887	0.77211830	-0.96987830
185.27999887	0.77211830	-0.96987830
185.35999887	0.77211830	-0.88198490
185.43999887	0.77211830	-0.79409160
185.51999887	0.68361460	-0.79409160
185.59999887	0.68361460	-0.79409160
185.67999887	0.68361460	-0.70619830
185.75999887	0.68361460	-0.61861020
185.83999887	0.68361460	-0.53071690
185.91999887	0.77211830	-0.53071690
185.99999887	0.68361460	-0.44282360
186.07999887	0.68361460	-0.44282360
186.15999887	0.68361460	-0.35493030
186.23999887	0.68361460	-0.35493030
186.31999887	0.68361460	-0.26734220
186.39999887	0.68361460	-0.17944880
186.47999887	0.68361460	-0.17944880
186.55999887	0.68361460	-0.09155553
186.63999887	0.68361460	-0.09155553
186.71999887	0.68361460	-0.00366222
186.79999886	0.68361460	-0.00366222
186.87999886	0.68361460	0.08392590
186.95999886	0.68361460	0.17151400
187.03999886	0.68361460	0.17151400
187.11999886	0.68361460	0.17151400
187.19999886	0.68361460	0.25940730
187.27999886	0.68361460	0.34730060
187.35999886	0.68361460	0.34730060
187.43999886	0.68361460	0.43519400
187.51999886	0.68361460	0.52278210
187.59999886	0.68361460	0.52278210
187.67999886	0.68361460	0.61067540
187.75999886	0.68361460	0.61067540
187.83999886	0.68361460	0.69856870
187.91999886	0.68361460	0.69856870
187.99999886	0.59480580	0.78646200
188.07999886	0.68361460	0.78646200
188.15999886	0.68361460	0.87405010
188.23999886	0.68361460	0.87405010
188.31999886	0.68361460	1.04983700
188.39999886	0.68361460	1.04983700
188.47999885	0.59480580	1.04983700
188.55999885	0.68361460	1.13773000
188.63999885	0.68361460	1.13773000
188.71999885	0.68361460	1.22531800
188.79999885	0.68361460	1.22531800
188.87999885	0.59480580	1.31321100
188.95999885	0.59480580	1.40110500
189.03999885	0.59480580	1.40110500
189.11999885	0.59480580	1.48899800
189.19999885	0.59480580	1.57689100
189.27999885	0.59480580	1.57689100
189.35999885	0.59480580	1.57689100
189.43999885	0.59480580	1.66447900
189.51999885	0.59480580	1.75237300
189.59999885	0.59480580	1.75237300
189.67999885	0.50630210	1.75237300
189.75999885	0.50630210	1.84026600
189.83999885	0.50630210	1.92815900
189.91999885	0.50630210	1.92815900
189.99999885	0.50630210	2.01574800
190.07999884	0.50630210	2.01574800
190.15999884	0.50630210	2.10364100
190.23999884	0.50630210	2.10364100
190.31999884	0.50630210	2.19153400
190.39999884	0.50630210	2.19153400
190.47999884	0.59480580	2.27942800
190.55999884	0.59480580	2.27942800
190.63999884	0.50630210	2.36701600
190.71999884	0.50630210	2.45490900
190.79999884	0.59480580	2.45490900
190.87999884	0.59480580	2.54280200
190.95999884	0.50630210	2.54280200
191.03999884	0.59480580	2.63069600
191.11999884	0.59480580	2.63069600
191.19999884	0.59480580	2.71828400
191.27999884	0.50630210	2.71828400
191.35999884	0.50630210	2.71828400
191.43999884	0.59480580	2.80617700
191.51999884	0.59480580	2.80617700
191.59999884	0.59480580	2.80617700
191.67999884	0.59480580	2.89407000
191.75999883	0.59480580	2.98196400
191.83999883	0.50630210	2.98196400
191.91999883	0.59480580	2.98196400
191.99999883	0.59480580	3.06985700
192.07999883	0.59480580	3.15744500
192.15999883	0.59480580	3.15744500
192.23999883	0.59480580	3.24533800
192.31999883	0.59480580	3.24533800
192.39999883	0.59480580	3.33323200
192.47999883	0.59480580	3.33323200
192.55999883	0.59480580	3.42112500
192.63999883	0.59480580	3.42112500
192.71999883	0.59480580	3.42112500
192.79999883	0.59480580	3.50871300
192.87999883	0.59480580	3.50871300
192.95999883	0.59480580	3.50871300
193.03999883	0.59480580	3.59660600
193.11999883	0.59480580	3.59660600
193.19999883	0.59480580	3.68450000
193.27999883	0.59480580	3.68450000
193.35999882	0.59480580	3.77239300
193.43999882	0.59480580	3.77239300
193.51999882	0.59480580	3.85998100
193.59999882	0.59480580	3.85998100
193.67999882	0.59480580	3.85998100
193.75999882	0.59480580	3.85998100
193.83999882	0.59480580	3.94787400
193.91999882	0.59480580	3.94787400
193.99999882	0.59480580	4.03576800
194.07999882	0.59480580	4.03576800
194.15999882	0.59480580	4.03576800
194.23999882	0.59480580	4.12366100
194.31999882	0.59480580	4.12366100
194.39999882	0.59480580	4.21124900
194.47999882	0.59480580	4.12366100
194.55999882	0.59480580	4.21124900
194.63999882	0.59480580	4.21124900
194.71999882	0.59480580	4.21124900
194.79999882	0.59480580	4.21124900
194.87999882	0.59480580	4.29914200
194.95999882	0.59480580	4.29914200
195.03999881	0.68361460	4.29914200
195.11999881	0.59480580	4.38703600
195.19999881	0.68361460	4.38703600
195.27999881	0.59480580	4.38703600
195.35999881	0.59480580	4.38703600
195.43999881	0.59480580	4.47492900
195.51999881	0.68361460	4.47492900
195.59999881	0.68361460	4.47492900
195.67999881	0.68361460	4.56282200
195.75999881	0.68361460	4.56282200
195.83999881	0.59480580	4.56282200
195.91999881	0.59480580	4.56282200
195.99999881	0.59480580	4.56282200
196.07999881	0.59480580	4.65041100
196.15999881	0.68361460	4.65041100
196.23999881	0.68361460	4.65041100
196.31999881	0.68361460	4.65041100
196.39999881	0.68361460	4.73830400
196.47999881	0.59480580	4.73830400
196.55999881	0.68361460	4.73830400
196.63999880	0.68361460	4.73830400
196.71999880	0.68361460	4.73830400
196.79999880	0.68361460	4.73830400
196.87999880	0.68361460	4.82619700
196.95999880	0.68361460	4.82619700
197.03999880	0.68361460	4.82619700
197.11999880	0.68361460	4.82619700
197.19999880	0.68361460	4.82619700
197.27999880	0.68361460	4.82619700
197.35999880	0.68361460	4.82619700
197.43999880	0.68361460	4.91409000
197.51999880	0.68361460	4.91409000
197.59999880	0.68361460	4.91409000
197.67999880	0.59480580	4.91409000
197.75999880	0.68361460	4.91409000
197.83999880	0.68361460	4.91409000
197.91999880	0.68361460	4.91409000
197.99999880	0.68361460	4.91409000
198.07999880	0.68361460	4.91409000
198.15999880	0.68361460	4.91409000
198.23999880	0.68361460	4.91409000
198.31999879	0.68361460	4.91409000
198.39999879	0.68361460	4.91409000
198.47999879	0.68361460	4.91409000
198.55999879	0.68361460	4.91409000
198.63999879	0.68361460	4.91409000
198.71999879	0.68361460	4.91409000
198.79999879	0.68361460	4.91409000
198.87999879	0.68361460	4.91409000
198.95999879	0.68361460	4.91409000
199.03999879	0.68361460	4.91409000
199.11999879	0.68361460	4.91409000
199.19999879	0.68361460	4.91409000
199.27999879	0.68361460	4.91409000
199.35999879	0.68361460	4.91409000
199.43999879	0.68361460	4.91409000
199.51999879	0.68361460	4.91409000
199.59999879	0.68361460	4.91409000
199.67999879	0.68361460	4.91409000
199.75999879	0.68361460	4.91409000
199.83999879	0.68361460	4.82619700
199.91999878	0.68361460	4.82619700
199.99999878	0.68361460	4.82619700
200.07999878	0.68361460	4.82619700
200.15999878	0.68361460	4.82619700
200.23999878	0.68361460	4.82619700
