Time	Channel A	Channel B
(us)	(V)	(V)

0.00000000	0.94943080	-3.86791600
0.08000000	0.94943080	-3.86791600
0.16000000	0.94943080	-3.86791600
0.24000000	0.94943080	-3.86791600
0.32000000	0.94943080	-3.86791600
0.40000000	0.94943080	-3.95580900
0.48000000	0.94943080	-3.95580900
0.56000000	0.94943080	-3.95580900
0.64000000	0.94943080	-4.04339700
0.72000000	0.94943080	-4.04339700
0.80000000	0.94943080	-4.04339700
0.87999999	0.94943080	-4.13129000
0.95999999	0.94943080	-4.13129000
1.03999999	0.94943080	-4.13129000
1.11999999	0.94943080	-4.13129000
1.19999999	0.94943080	-4.21918400
1.27999999	0.94943080	-4.21918400
1.35999999	0.86092720	-4.21918400
1.43999999	0.94943080	-4.21918400
1.51999999	0.94943080	-4.21918400
1.59999999	0.94943080	-4.21918400
1.67999999	0.94943080	-4.21918400
1.75999999	0.94943080	-4.21918400
1.83999999	0.94943080	-4.30707700
1.91999999	0.94943080	-4.30707700
1.99999999	0.94943080	-4.30707700
2.07999999	0.94943080	-4.30707700
2.15999999	0.94943080	-4.30707700
2.23999999	0.94943080	-4.30707700
2.31999999	1.03824000	-4.39497000
2.39999999	0.94943080	-4.39497000
2.47999998	0.94943080	-4.39497000
2.55999998	0.94943080	-4.39497000
2.63999998	0.94943080	-4.30707700
2.71999998	0.94943080	-4.39497000
2.79999998	0.94943080	-4.39497000
2.87999998	0.94943080	-4.39497000
2.95999998	0.94943080	-4.39497000
3.03999998	0.94943080	-4.39497000
3.11999998	0.94943080	-4.39497000
3.19999998	0.94943080	-4.39497000
3.27999998	0.94943080	-4.39497000
3.35999998	0.94943080	-4.39497000
3.43999998	0.94943080	-4.39497000
3.51999998	0.94943080	-4.39497000
3.59999998	0.94943080	-4.39497000
3.67999998	0.94943080	-4.39497000
3.75999998	0.94943080	-4.48255900
3.83999998	0.94943080	-4.39497000
3.91999998	0.86092720	-4.39497000
3.99999998	0.94943080	-4.39497000
4.07999998	0.94943080	-4.39497000
4.15999997	0.94943080	-4.39497000
4.23999997	0.94943080	-4.39497000
4.31999997	0.94943080	-4.39497000
4.39999997	0.94943080	-4.39497000
4.47999997	0.86092720	-4.39497000
4.55999997	0.94943080	-4.39497000
4.63999997	0.94943080	-4.39497000
4.71999997	0.94943080	-4.39497000
4.79999997	0.94943080	-4.39497000
4.87999997	0.94943080	-4.39497000
4.95999997	0.94943080	-4.30707700
5.03999997	0.94943080	-4.30707700
5.11999997	0.94943080	-4.30707700
5.19999997	0.86092720	-4.30707700
5.27999997	0.94943080	-4.30707700
5.35999997	0.94943080	-4.21918400
5.43999997	0.86092720	-4.21918400
5.51999997	0.94943080	-4.21918400
5.59999997	0.94943080	-4.30707700
5.67999997	0.86092720	-4.21918400
5.75999996	0.94943080	-4.21918400
5.83999996	0.86092720	-4.21918400
5.91999996	0.86092720	-4.21918400
5.99999996	0.94943080	-4.13129000
6.07999996	0.86092720	-4.13129000
6.15999996	0.86092720	-4.13129000
6.23999996	0.86092720	-4.13129000
6.31999996	0.94943080	-4.04339700
6.39999996	0.94943080	-4.04339700
6.47999996	0.86092720	-4.04339700
6.55999996	0.86092720	-3.95580900
6.63999996	0.86092720	-3.95580900
6.71999996	0.86092720	-3.95580900
6.79999996	0.86092720	-3.95580900
6.87999996	0.86092720	-3.86791600
6.95999996	0.86092720	-3.86791600
7.03999996	0.86092720	-3.86791600
7.11999996	0.86092720	-3.86791600
7.19999996	0.94943080	-3.78002300
7.27999996	0.86092720	-3.78002300
7.35999996	0.86092720	-3.69212900
7.43999995	0.86092720	-3.69212900
7.51999995	0.86092720	-3.69212900
7.59999995	0.86092720	-3.69212900
7.67999995	0.86092720	-3.69212900
7.75999995	0.86092720	-3.60454100
7.83999995	0.86092720	-3.60454100
7.91999995	0.86092720	-3.51664800
7.99999995	0.86092720	-3.51664800
8.07999995	0.86092720	-3.51664800
8.15999995	0.86092720	-3.51664800
8.23999995	0.86092720	-3.34086100
8.31999995	0.86092720	-3.42875500
8.39999995	0.86092720	-3.34086100
8.47999995	0.86092720	-3.34086100
8.55999995	0.86092720	-3.34086100
8.63999995	0.86092720	-3.25327300
8.71999995	0.86092720	-3.16538000
8.79999995	0.86092720	-3.16538000
8.87999995	0.86092720	-3.16538000
8.95999995	0.86092720	-3.07748700
9.03999995	0.86092720	-3.16538000
9.11999994	0.86092720	-3.07748700
9.19999994	0.86092720	-2.98959300
9.27999994	0.86092720	-2.98959300
9.35999994	0.86092720	-2.90200500
9.43999994	0.86092720	-2.90200500
9.51999994	0.77211830	-2.81411200
9.59999994	0.77211830	-2.81411200
9.67999994	0.86092720	-2.81411200
9.75999994	0.86092720	-2.72621800
9.83999994	0.86092720	-2.72621800
9.91999994	0.86092720	-2.63832500
9.99999994	0.86092720	-2.63832500
10.07999994	0.86092720	-2.63832500
10.15999994	0.86092720	-2.55043200
10.23999994	0.77211830	-2.46284400
10.31999994	0.86092720	-2.46284400
10.39999994	0.86092720	-2.46284400
10.47999994	0.86092720	-2.37495000
10.55999994	0.86092720	-2.37495000
10.63999994	0.86092720	-2.28705700
10.71999993	0.77211830	-2.19916400
10.79999993	0.86092720	-2.19916400
10.87999993	0.86092720	-2.11157600
10.95999993	0.77211830	-2.11157600
11.03999993	0.77211830	-2.11157600
11.11999993	0.77211830	-2.02368200
11.19999993	0.86092720	-1.93578900
11.27999993	0.86092720	-1.93578900
11.35999993	0.77211830	-1.93578900
11.43999993	0.68361460	-1.84789600
11.51999993	0.77211830	-1.76030800
11.59999993	0.77211830	-1.76030800
11.67999993	0.77211830	-1.76030800
11.75999993	0.77211830	-1.67241400
11.83999993	0.77211830	-1.58452100
11.91999993	0.77211830	-1.58452100
11.99999993	0.77211830	-1.49662800
12.07999993	0.77211830	-1.49662800
12.15999993	0.77211830	-1.40904000
12.23999993	0.77211830	-1.40904000
12.31999993	0.77211830	-1.40904000
12.39999992	0.68361460	-1.32114600
12.47999992	0.68361460	-1.23325300
12.55999992	0.77211830	-1.23325300
12.63999992	0.68361460	-1.14536000
12.71999992	0.68361460	-1.14536000
12.79999992	0.77211830	-1.14536000
12.87999992	0.68361460	-1.05746600
12.95999992	0.68361460	-0.96987830
13.03999992	0.77211830	-0.96987830
13.11999992	0.77211830	-0.88198490
13.19999992	0.77211830	-0.79409160
13.27999992	0.77211830	-0.79409160
13.35999992	0.68361460	-0.70619830
13.43999992	0.77211830	-0.70619830
13.51999992	0.68361460	-0.61861020
13.59999992	0.68361460	-0.53071690
13.67999992	0.68361460	-0.53071690
13.75999992	0.68361460	-0.53071690
13.83999992	0.68361460	-0.44282360
13.91999992	0.68361460	-0.35493030
13.99999991	0.68361460	-0.35493030
14.07999991	0.68361460	-0.26734220
14.15999991	0.68361460	-0.17944880
14.23999991	0.68361460	-0.17944880
14.31999991	0.68361460	-0.09155553
14.39999991	0.77211830	-0.09155553
14.47999991	0.68361460	-0.00366222
14.55999991	0.68361460	-0.00366222
14.63999991	0.68361460	-0.00366222
14.71999991	0.68361460	0.08392590
14.79999991	0.68361460	0.17151400
14.87999991	0.68361460	0.17151400
14.95999991	0.68361460	0.25940730
15.03999991	0.68361460	0.25940730
15.11999991	0.68361460	0.34730060
15.19999991	0.68361460	0.43519400
15.27999991	0.68361460	0.52278210
15.35999991	0.68361460	0.52278210
15.43999991	0.68361460	0.61067540
15.51999991	0.68361460	0.69856870
15.59999991	0.68361460	0.69856870
15.67999990	0.59480580	0.69856870
15.75999990	0.68361460	0.78646200
15.83999990	0.68361460	0.87405010
15.91999990	0.68361460	0.87405010
15.99999990	0.68361460	0.87405010
16.07999990	0.68361460	1.04983700
16.15999990	0.68361460	1.04983700
16.23999990	0.68361460	1.04983700
16.31999990	0.59480580	1.13773000
16.39999990	0.68361460	1.13773000
16.47999990	0.68361460	1.22531800
16.55999990	0.59480580	1.31321100
16.63999990	0.68361460	1.31321100
16.71999990	0.59480580	1.40110500
16.79999990	0.59480580	1.40110500
16.87999990	0.68361460	1.48899800
16.95999990	0.68361460	1.48899800
17.03999990	0.59480580	1.57689100
17.11999990	0.59480580	1.66447900
17.19999990	0.59480580	1.66447900
17.27999989	0.59480580	1.75237300
17.35999989	0.50630210	1.75237300
17.43999989	0.50630210	1.75237300
17.51999989	0.50630210	1.84026600
17.59999989	0.50630210	1.92815900
17.67999989	0.41749320	1.92815900
17.75999989	0.50630210	2.01574800
17.83999989	0.50630210	2.01574800
17.91999989	0.50630210	2.10364100
17.99999989	0.50630210	2.10364100
18.07999989	0.50630210	2.19153400
18.15999989	0.50630210	2.27942800
18.23999989	0.50630210	2.27942800
18.31999989	0.50630210	2.27942800
18.39999989	0.59480580	2.45490900
18.47999989	0.59480580	2.45490900
18.55999989	0.59480580	2.45490900
18.63999989	0.59480580	2.45490900
18.71999989	0.59480580	2.45490900
18.79999989	0.59480580	2.54280200
18.87999989	0.59480580	2.63069600
18.95999988	0.50630210	2.63069600
19.03999988	0.59480580	2.71828400
19.11999988	0.50630210	2.80617700
19.19999988	0.50630210	2.80617700
19.27999988	0.59480580	2.80617700
19.35999988	0.59480580	2.80617700
19.43999988	0.59480580	2.89407000
19.51999988	0.59480580	2.98196400
19.59999988	0.59480580	2.98196400
19.67999988	0.59480580	3.06985700
19.75999988	0.59480580	3.06985700
19.83999988	0.59480580	3.15744500
19.91999988	0.59480580	3.15744500
19.99999988	0.59480580	3.24533800
20.07999988	0.59480580	3.24533800
20.15999988	0.59480580	3.24533800
20.23999988	0.50630210	3.33323200
20.31999988	0.59480580	3.33323200
20.39999988	0.59480580	3.33323200
20.47999988	0.59480580	3.50871300
20.55999988	0.59480580	3.50871300
20.63999987	0.59480580	3.50871300
20.71999987	0.59480580	3.50871300
20.79999987	0.59480580	3.59660600
20.87999987	0.59480580	3.59660600
20.95999987	0.59480580	3.68450000
21.03999987	0.59480580	3.68450000
21.11999987	0.59480580	3.68450000
21.19999987	0.59480580	3.68450000
21.27999987	0.59480580	3.77239300
21.35999987	0.59480580	3.85998100
21.43999987	0.59480580	3.85998100
21.51999987	0.59480580	3.85998100
21.59999987	0.59480580	3.85998100
21.67999987	0.59480580	3.94787400
21.75999987	0.59480580	3.94787400
21.83999987	0.59480580	4.03576800
21.91999987	0.59480580	4.03576800
21.99999987	0.59480580	4.03576800
22.07999987	0.59480580	4.12366100
22.15999987	0.59480580	4.12366100
22.23999986	0.59480580	4.12366100
22.31999986	0.59480580	4.21124900
22.39999986	0.59480580	4.21124900
22.47999986	0.59480580	4.21124900
22.55999986	0.59480580	4.21124900
22.63999986	0.68361460	4.29914200
22.71999986	0.59480580	4.29914200
22.79999986	0.68361460	4.38703600
22.87999986	0.59480580	4.29914200
22.95999986	0.68361460	4.38703600
23.03999986	0.59480580	4.38703600
23.11999986	0.59480580	4.38703600
23.19999986	0.68361460	4.47492900
23.27999986	0.59480580	4.47492900
23.35999986	0.68361460	4.47492900
23.43999986	0.59480580	4.47492900
23.51999986	0.68361460	4.47492900
23.59999986	0.59480580	4.56282200
23.67999986	0.59480580	4.56282200
23.75999986	0.68361460	4.56282200
23.83999986	0.59480580	4.56282200
23.91999985	0.68361460	4.65041100
23.99999985	0.59480580	4.65041100
24.07999985	0.68361460	4.73830400
24.15999985	0.68361460	4.73830400
24.23999985	0.68361460	4.73830400
24.31999985	0.68361460	4.73830400
24.39999985	0.68361460	4.73830400
24.47999985	0.68361460	4.73830400
24.55999985	0.68361460	4.73830400
24.63999985	0.68361460	4.73830400
24.71999985	0.68361460	4.82619700
24.79999985	0.68361460	4.82619700
24.87999985	0.68361460	4.82619700
24.95999985	0.68361460	4.82619700
25.03999985	0.68361460	4.82619700
25.11999985	0.68361460	4.82619700
25.19999985	0.68361460	4.91409000
25.27999985	0.68361460	4.91409000
25.35999985	0.68361460	4.91409000
25.43999985	0.68361460	4.91409000
25.51999984	0.68361460	4.82619700
25.59999984	0.68361460	4.91409000
25.67999984	0.68361460	4.91409000
25.75999984	0.68361460	4.91409000
25.83999984	0.68361460	4.91409000
25.91999984	0.68361460	4.91409000
25.99999984	0.68361460	4.91409000
26.07999984	0.68361460	4.91409000
26.15999984	0.68361460	4.91409000
26.23999984	0.68361460	4.91409000
26.31999984	0.68361460	4.91409000
26.39999984	0.68361460	4.91409000
26.47999984	0.68361460	4.91409000
26.55999984	0.68361460	4.91409000
26.63999984	0.68361460	4.91409000
26.71999984	0.68361460	4.91409000
26.79999984	0.68361460	4.91409000
26.87999984	0.68361460	4.91409000
26.95999984	0.68361460	4.91409000
27.03999984	0.68361460	4.91409000
27.11999984	0.68361460	4.91409000
27.19999983	0.68361460	4.91409000
27.27999983	0.68361460	4.91409000
27.35999983	0.68361460	4.82619700
27.43999983	0.68361460	4.82619700
27.51999983	0.68361460	4.82619700
27.59999983	0.68361460	4.82619700
27.67999983	0.68361460	4.82619700
27.75999983	0.68361460	4.82619700
27.83999983	0.68361460	4.82619700
27.91999983	0.68361460	4.82619700
27.99999983	0.68361460	4.82619700
28.07999983	0.68361460	4.73830400
28.15999983	0.68361460	4.73830400
28.23999983	0.68361460	4.73830400
28.31999983	0.68361460	4.73830400
28.39999983	0.68361460	4.73830400
28.47999983	0.68361460	4.73830400
28.55999983	0.68361460	4.73830400
28.63999983	0.68361460	4.65041100
28.71999983	0.68361460	4.65041100
28.79999982	0.68361460	4.65041100
28.87999982	0.68361460	4.56282200
28.95999982	0.68361460	4.56282200
29.03999982	0.68361460	4.56282200
29.11999982	0.68361460	4.56282200
29.19999982	0.68361460	4.56282200
29.27999982	0.68361460	4.56282200
29.35999982	0.68361460	4.47492900
29.43999982	0.68361460	4.47492900
29.51999982	0.68361460	4.38703600
29.59999982	0.68361460	4.38703600
29.67999982	0.68361460	4.38703600
29.75999982	0.68361460	4.38703600
29.83999982	0.68361460	4.38703600
29.91999982	0.68361460	4.29914200
29.99999982	0.68361460	4.29914200
30.07999982	0.68361460	4.29914200
30.15999982	0.68361460	4.21124900
30.23999982	0.68361460	4.21124900
30.31999982	0.68361460	4.21124900
30.39999982	0.68361460	4.21124900
30.47999981	0.68361460	4.21124900
30.55999981	0.68361460	4.12366100
30.63999981	0.68361460	4.12366100
30.71999981	0.68361460	4.12366100
30.79999981	0.68361460	4.12366100
30.87999981	0.68361460	4.03576800
30.95999981	0.68361460	4.03576800
31.03999981	0.59480580	3.94787400
31.11999981	0.68361460	4.03576800
31.19999981	0.68361460	3.85998100
31.27999981	0.68361460	3.85998100
31.35999981	0.59480580	3.85998100
31.43999981	0.59480580	3.85998100
31.51999981	0.68361460	3.85998100
31.59999981	0.68361460	3.77239300
31.67999981	0.68361460	3.77239300
31.75999981	0.68361460	3.77239300
31.83999981	0.68361460	3.68450000
31.91999981	0.68361460	3.68450000
31.99999981	0.59480580	3.59660600
32.07999981	0.68361460	3.59660600
32.15999980	0.59480580	3.59660600
32.23999980	0.68361460	3.59660600
32.31999980	0.59480580	3.50871300
32.39999980	0.59480580	3.50871300
32.47999980	0.59480580	3.50871300
32.55999980	0.59480580	3.42112500
32.63999980	0.59480580	3.42112500
32.71999980	0.59480580	3.33323200
32.79999980	0.59480580	3.33323200
32.87999980	0.59480580	3.33323200
32.95999980	0.59480580	3.24533800
33.03999980	0.59480580	3.24533800
33.11999980	0.50630210	3.15744500
33.19999980	0.50630210	3.15744500
33.27999980	0.50630210	3.15744500
33.35999980	0.50630210	3.06985700
33.43999980	0.50630210	3.06985700
33.51999980	0.50630210	2.98196400
33.59999980	0.50630210	2.98196400
33.67999980	0.50630210	2.89407000
33.75999979	0.50630210	2.89407000
33.83999979	0.41749320	2.80617700
33.91999979	0.41749320	2.80617700
33.99999979	0.41749320	2.80617700
34.07999979	0.32898950	2.71828400
34.15999979	0.32898950	2.71828400
34.23999979	0.32898950	2.71828400
34.31999979	0.32898950	2.63069600
34.39999979	0.32898950	2.63069600
34.47999979	0.32898950	2.54280200
34.55999979	0.32898950	2.54280200
34.63999979	0.24048580	2.54280200
34.71999979	0.24048580	2.45490900
34.79999979	0.24048580	2.45490900
34.87999979	0.24048580	2.36701600
34.95999979	0.24048580	2.36701600
35.03999979	0.24048580	2.36701600
35.11999979	0.15167700	2.27942800
35.19999979	0.15167700	2.19153400
35.27999979	0.15167700	2.19153400
35.35999979	0.15167700	2.10364100
35.43999978	0.15167700	2.10364100
35.51999978	0.15167700	2.10364100
35.59999978	0.06317332	2.01574800
35.67999978	0.06317332	2.01574800
35.75999978	0.06317332	1.92815900
35.83999978	0.06317332	1.92815900
35.91999978	-0.02563555	1.84026600
35.99999978	0.06317332	1.84026600
36.07999978	-0.02563555	1.84026600
36.15999978	-0.02563555	1.75237300
36.23999978	-0.02563555	1.75237300
36.31999978	-0.02563555	1.75237300
36.39999978	-0.11413920	1.66447900
36.47999978	-0.02563555	1.57689100
36.55999978	-0.11413920	1.57689100
36.63999978	-0.11413920	1.48899800
36.71999978	-0.11413920	1.48899800
36.79999978	-0.11413920	1.40110500
36.87999978	-0.11413920	1.40110500
36.95999978	-0.11413920	1.40110500
37.03999977	-0.20294810	1.40110500
37.11999977	-0.20294810	1.31321100
37.19999977	-0.20294810	1.22531800
37.27999977	-0.20294810	1.22531800
37.35999977	-0.20294810	1.13773000
37.43999977	-0.29145180	1.13773000
37.51999977	-0.29145180	1.04983700
37.59999977	-0.29145180	1.04983700
37.67999977	-0.29145180	1.04983700
37.75999977	-0.38026060	0.96194340
37.83999977	-0.29145180	0.87405010
37.91999977	-0.38026060	0.96194340
37.99999977	-0.38026060	0.87405010
38.07999977	-0.38026060	0.87405010
38.15999977	-0.38026060	0.78646200
38.23999977	-0.38026060	0.69856870
38.31999977	-0.38026060	0.69856870
38.39999977	-0.38026060	0.61067540
38.47999977	-0.38026060	0.61067540
38.55999977	-0.46876430	0.61067540
38.63999977	-0.46876430	0.61067540
38.71999976	-0.46876430	0.52278210
38.79999976	-0.46876430	0.43519400
38.87999976	-0.46876430	0.43519400
38.95999976	-0.46876430	0.34730060
39.03999976	-0.46876430	0.34730060
39.11999976	-0.46876430	0.34730060
39.19999976	-0.46876430	0.25940730
39.27999976	-0.46876430	0.17151400
39.35999976	-0.46876430	0.17151400
39.43999976	-0.46876430	0.17151400
39.51999976	-0.46876430	0.08392590
39.59999976	-0.55757310	-0.00366222
39.67999976	-0.46876430	-0.00366222
39.75999976	-0.55757310	-0.00366222
39.83999976	-0.55757310	-0.09155553
39.91999976	-0.55757310	-0.09155553
39.99999976	-0.55757310	-0.17944880
40.07999976	-0.55757310	-0.17944880
40.15999976	-0.55757310	-0.17944880
40.23999976	-0.55757310	-0.26734220
40.31999975	-0.55757310	-0.35493030
40.39999975	-0.55757310	-0.35493030
40.47999975	-0.55757310	-0.35493030
40.55999975	-0.55757310	-0.44282360
40.63999975	-0.55757310	-0.53071690
40.71999975	-0.55757310	-0.53071690
40.79999975	-0.55757310	-0.53071690
40.87999975	-0.55757310	-0.61861020
40.95999975	-0.55757310	-0.61861020
41.03999975	-0.55757310	-0.61861020
41.11999975	-0.55757310	-0.70619830
41.19999975	-0.55757310	-0.79409160
41.27999975	-0.64607690	-0.79409160
41.35999975	-0.55757310	-0.79409160
41.43999975	-0.64607690	-0.88198490
41.51999975	-0.55757310	-0.96987830
41.59999975	-0.64607690	-0.96987830
41.67999975	-0.55757310	-0.96987830
41.75999975	-0.64607690	-1.05746600
41.83999975	-0.64607690	-1.05746600
41.91999975	-0.64607690	-1.05746600
41.99999974	-0.64607690	-1.14536000
42.07999974	-0.64607690	-1.23325300
42.15999974	-0.64607690	-1.23325300
42.23999974	-0.64607690	-1.32114600
42.31999974	-0.64607690	-1.32114600
42.39999974	-0.64607690	-1.32114600
42.47999974	-0.64607690	-1.32114600
42.55999974	-0.64607690	-1.40904000
42.63999974	-0.64607690	-1.40904000
42.71999974	-0.73488570	-1.40904000
42.79999974	-0.73488570	-1.49662800
42.87999974	-0.64607690	-1.49662800
42.95999974	-0.73488570	-1.58452100
43.03999974	-0.73488570	-1.58452100
43.11999974	-0.64607690	-1.58452100
43.19999974	-0.73488570	-1.67241400
43.27999974	-0.73488570	-1.76030800
43.35999974	-0.73488570	-1.76030800
43.43999974	-0.64607690	-1.76030800
43.51999974	-0.73488570	-1.84789600
43.59999974	-0.73488570	-1.84789600
43.67999973	-0.73488570	-1.84789600
43.75999973	-0.73488570	-1.93578900
43.83999973	-0.73488570	-1.93578900
43.91999973	-0.73488570	-1.93578900
43.99999973	-0.73488570	-1.93578900
44.07999973	-0.73488570	-2.02368200
44.15999973	-0.73488570	-2.02368200
44.23999973	-0.73488570	-2.11157600
44.31999973	-0.73488570	-2.11157600
44.39999973	-0.73488570	-2.11157600
44.47999973	-0.73488570	-2.19916400
44.55999973	-0.73488570	-2.19916400
44.63999973	-0.73488570	-2.19916400
44.71999973	-0.73488570	-2.19916400
44.79999973	-0.73488570	-2.28705700
44.87999973	-0.73488570	-2.28705700
44.95999973	-0.73488570	-2.37495000
45.03999973	-0.73488570	-2.37495000
45.11999973	-0.73488570	-2.37495000
45.19999973	-0.73488570	-2.37495000
45.27999972	-0.73488570	-2.46284400
45.35999972	-0.73488570	-2.46284400
45.43999972	-0.73488570	-2.46284400
45.51999972	-0.73488570	-2.46284400
45.59999972	-0.73488570	-2.55043200
45.67999972	-0.73488570	-2.55043200
45.75999972	-0.73488570	-2.63832500
45.83999972	-0.73488570	-2.63832500
45.91999972	-0.73488570	-2.63832500
45.99999972	-0.73488570	-2.63832500
46.07999972	-0.73488570	-2.63832500
46.15999972	-0.73488570	-2.72621800
46.23999972	-0.73488570	-2.72621800
46.31999972	-0.73488570	-2.72621800
46.39999972	-0.73488570	-2.81411200
46.47999972	-0.73488570	-2.81411200
46.55999972	-0.73488570	-2.81411200
46.63999972	-0.73488570	-2.81411200
46.71999972	-0.82338940	-2.90200500
46.79999972	-0.73488570	-2.90200500
46.87999972	-0.73488570	-2.90200500
46.95999971	-0.73488570	-2.98959300
47.03999971	-0.82338940	-2.90200500
47.11999971	-0.82338940	-2.98959300
47.19999971	-0.73488570	-2.98959300
47.27999971	-0.73488570	-2.98959300
47.35999971	-0.73488570	-2.98959300
47.43999971	-0.73488570	-2.98959300
47.51999971	-0.73488570	-3.07748700
47.59999971	-0.73488570	-3.07748700
47.67999971	-0.73488570	-3.07748700
47.75999971	-0.73488570	-3.07748700
47.83999971	-0.82338940	-3.16538000
47.91999971	-0.73488570	-3.16538000
47.99999971	-0.82338940	-3.16538000
48.07999971	-0.73488570	-3.16538000
48.15999971	-0.73488570	-3.16538000
48.23999971	-0.82338940	-3.16538000
48.31999971	-0.73488570	-3.16538000
48.39999971	-0.73488570	-3.16538000
48.47999971	-0.82338940	-3.16538000
48.55999970	-0.73488570	-3.25327300
48.63999970	-0.82338940	-3.25327300
48.71999970	-0.73488570	-3.25327300
48.79999970	-0.73488570	-3.25327300
48.87999970	-0.82338940	-3.25327300
48.95999970	-0.82338940	-3.34086100
49.03999970	-0.73488570	-3.25327300
49.11999970	-0.82338940	-3.34086100
49.19999970	-0.82338940	-3.34086100
49.27999970	-0.82338940	-3.34086100
49.35999970	-0.73488570	-3.34086100
49.43999970	-0.82338940	-3.34086100
49.51999970	-0.82338940	-3.34086100
49.59999970	-0.82338940	-3.34086100
49.67999970	-0.73488570	-3.34086100
49.75999970	-0.82338940	-3.34086100
49.83999970	-0.82338940	-3.34086100
49.91999970	-0.82338940	-3.42875500
49.99999970	-0.82338940	-3.34086100
50.07999970	-0.82338940	-3.42875500
50.15999970	-0.82338940	-3.42875500
50.23999969	-0.82338940	-3.42875500
50.31999969	-0.82338940	-3.42875500
50.39999969	-0.82338940	-3.34086100
50.47999969	-0.73488570	-3.42875500
50.55999969	-0.82338940	-3.42875500
50.63999969	-0.82338940	-3.42875500
50.71999969	-0.73488570	-3.42875500
50.79999969	-0.82338940	-3.42875500
50.87999969	-0.82338940	-3.34086100
50.95999969	-0.82338940	-3.42875500
51.03999969	-0.82338940	-3.42875500
51.11999969	-0.82338940	-3.42875500
51.19999969	-0.82338940	-3.42875500
51.27999969	-0.82338940	-3.42875500
51.35999969	-0.82338940	-3.42875500
51.43999969	-0.82338940	-3.34086100
51.51999969	-0.82338940	-3.34086100
51.59999969	-0.82338940	-3.42875500
51.67999969	-0.82338940	-3.42875500
51.75999969	-0.82338940	-3.42875500
51.83999968	-0.82338940	-3.42875500
51.91999968	-0.82338940	-3.34086100
51.99999968	-0.82338940	-3.34086100
52.07999968	-0.82338940	-3.34086100
52.15999968	-0.73488570	-3.34086100
52.23999968	-0.82338940	-3.34086100
52.31999968	-0.82338940	-3.34086100
52.39999968	-0.82338940	-3.34086100
52.47999968	-0.82338940	-3.34086100
52.55999968	-0.82338940	-3.34086100
52.63999968	-0.82338940	-3.34086100
52.71999968	-0.82338940	-3.34086100
52.79999968	-0.82338940	-3.34086100
52.87999968	-0.82338940	-3.34086100
52.95999968	-0.82338940	-3.34086100
53.03999968	-0.82338940	-3.34086100
53.11999968	-0.82338940	-3.25327300
53.19999968	-0.82338940	-3.34086100
53.27999968	-0.82338940	-3.25327300
53.35999968	-0.82338940	-3.25327300
53.43999968	-0.82338940	-3.25327300
53.51999967	-0.82338940	-3.25327300
53.59999967	-0.82338940	-3.16538000
53.67999967	-0.82338940	-3.16538000
53.75999967	-0.82338940	-3.16538000
53.83999967	-0.82338940	-3.16538000
53.91999967	-0.82338940	-3.16538000
53.99999967	-0.82338940	-3.16538000
54.07999967	-0.82338940	-3.16538000
54.15999967	-0.82338940	-3.16538000
54.23999967	-0.82338940	-3.16538000
54.31999967	-0.82338940	-3.16538000
54.39999967	-0.82338940	-3.16538000
54.47999967	-0.82338940	-3.07748700
54.55999967	-0.82338940	-3.07748700
54.63999967	-0.82338940	-3.07748700
54.71999967	-0.82338940	-2.98959300
54.79999967	-0.82338940	-2.98959300
54.87999967	-0.82338940	-2.98959300
54.95999967	-0.82338940	-2.98959300
55.03999967	-0.82338940	-2.98959300
55.11999967	-0.82338940	-2.90200500
55.19999966	-0.82338940	-2.90200500
55.27999966	-0.82338940	-2.90200500
55.35999966	-0.82338940	-2.90200500
55.43999966	-0.82338940	-2.90200500
55.51999966	-0.82338940	-2.90200500
55.59999966	-0.82338940	-2.90200500
55.67999966	-0.82338940	-2.81411200
55.75999966	-0.82338940	-2.81411200
55.83999966	-0.82338940	-2.81411200
55.91999966	-0.73488570	-2.81411200
55.99999966	-0.82338940	-2.72621800
56.07999966	-0.73488570	-2.81411200
56.15999966	-0.82338940	-2.72621800
56.23999966	-0.73488570	-2.72621800
56.31999966	-0.73488570	-2.72621800
56.39999966	-0.82338940	-2.63832500
56.47999966	-0.73488570	-2.63832500
56.55999966	-0.82338940	-2.63832500
56.63999966	-0.73488570	-2.63832500
56.71999966	-0.73488570	-2.55043200
56.79999965	-0.82338940	-2.55043200
56.87999965	-0.73488570	-2.55043200
56.95999965	-0.82338940	-2.46284400
57.03999965	-0.73488570	-2.46284400
57.11999965	-0.73488570	-2.46284400
57.19999965	-0.82338940	-2.46284400
57.27999965	-0.73488570	-2.46284400
57.35999965	-0.82338940	-2.37495000
57.43999965	-0.73488570	-2.37495000
57.51999965	-0.73488570	-2.28705700
57.59999965	-0.73488570	-2.28705700
57.67999965	-0.73488570	-2.28705700
57.75999965	-0.73488570	-2.28705700
57.83999965	-0.73488570	-2.28705700
57.91999965	-0.73488570	-2.19916400
57.99999965	-0.73488570	-2.19916400
58.07999965	-0.73488570	-2.19916400
58.15999965	-0.73488570	-2.19916400
58.23999965	-0.73488570	-2.11157600
58.31999965	-0.73488570	-2.11157600
58.39999965	-0.73488570	-2.11157600
58.47999964	-0.73488570	-2.11157600
58.55999964	-0.73488570	-2.02368200
58.63999964	-0.73488570	-2.02368200
58.71999964	-0.73488570	-1.93578900
58.79999964	-0.73488570	-1.93578900
58.87999964	-0.73488570	-1.93578900
58.95999964	-0.73488570	-1.93578900
59.03999964	-0.73488570	-1.93578900
59.11999964	-0.73488570	-1.93578900
59.19999964	-0.73488570	-1.84789600
59.27999964	-0.73488570	-1.84789600
59.35999964	-0.73488570	-1.84789600
59.43999964	-0.73488570	-1.76030800
59.51999964	-0.73488570	-1.76030800
59.59999964	-0.73488570	-1.76030800
59.67999964	-0.73488570	-1.76030800
59.75999964	-0.73488570	-1.67241400
59.83999964	-0.73488570	-1.67241400
59.91999964	-0.64607690	-1.67241400
59.99999964	-0.64607690	-1.58452100
60.07999963	-0.73488570	-1.58452100
60.15999963	-0.64607690	-1.58452100
60.23999963	-0.64607690	-1.58452100
60.31999963	-0.64607690	-1.58452100
60.39999963	-0.64607690	-1.49662800
60.47999963	-0.64607690	-1.40904000
60.55999963	-0.64607690	-1.40904000
60.63999963	-0.55757310	-1.40904000
60.71999963	-0.64607690	-1.40904000
60.79999963	-0.55757310	-1.40904000
60.87999963	-0.64607690	-1.40904000
60.95999963	-0.55757310	-1.32114600
61.03999963	-0.55757310	-1.32114600
61.11999963	-0.55757310	-1.23325300
61.19999963	-0.55757310	-1.23325300
61.27999963	-0.55757310	-1.23325300
61.35999963	-0.55757310	-1.23325300
61.43999963	-0.55757310	-1.23325300
61.51999963	-0.55757310	-1.14536000
61.59999963	-0.55757310	-1.14536000
61.67999963	-0.55757310	-1.05746600
61.75999962	-0.55757310	-1.05746600
61.83999962	-0.55757310	-1.05746600
61.91999962	-0.55757310	-1.05746600
61.99999962	-0.55757310	-1.05746600
62.07999962	-0.55757310	-0.96987830
62.15999962	-0.55757310	-0.96987830
62.23999962	-0.55757310	-0.96987830
62.31999962	-0.55757310	-0.88198490
62.39999962	-0.55757310	-0.88198490
62.47999962	-0.55757310	-0.88198490
62.55999962	-0.55757310	-0.79409160
62.63999962	-0.55757310	-0.79409160
62.71999962	-0.55757310	-0.79409160
62.79999962	-0.55757310	-0.70619830
62.87999962	-0.55757310	-0.70619830
62.95999962	-0.55757310	-0.70619830
63.03999962	-0.46876430	-0.61861020
63.11999962	-0.46876430	-0.61861020
63.19999962	-0.46876430	-0.61861020
63.27999962	-0.46876430	-0.61861020
63.35999961	-0.46876430	-0.53071690
63.43999961	-0.46876430	-0.53071690
63.51999961	-0.46876430	-0.53071690
63.59999961	-0.46876430	-0.44282360
63.67999961	-0.46876430	-0.44282360
63.75999961	-0.46876430	-0.35493030
63.83999961	-0.46876430	-0.35493030
63.91999961	-0.46876430	-0.35493030
63.99999961	-0.38026060	-0.35493030
64.07999961	-0.38026060	-0.26734220
64.15999961	-0.38026060	-0.35493030
64.23999961	-0.38026060	-0.26734220
64.31999961	-0.38026060	-0.17944880
64.39999961	-0.29145180	-0.17944880
64.47999961	-0.38026060	-0.17944880
64.55999961	-0.29145180	-0.09155553
64.63999961	-0.29145180	-0.09155553
64.71999961	-0.29145180	-0.09155553
64.79999961	-0.20294810	-0.09155553
64.87999961	-0.20294810	-0.00366222
64.95999961	-0.20294810	-0.00366222
65.03999960	-0.20294810	-0.00366222
65.11999960	-0.11413920	-0.00366222
65.19999960	-0.11413920	0.08392590
65.27999960	-0.02563555	0.08392590
65.35999960	-0.02563555	0.17151400
65.43999960	-0.02563555	0.17151400
65.51999960	-0.02563555	0.17151400
65.59999960	0.06317332	0.17151400
65.67999960	0.06317332	0.25940730
65.75999960	0.15167700	0.25940730
65.83999960	0.15167700	0.25940730
65.91999960	0.15167700	0.25940730
65.99999960	0.24048580	0.34730060
66.07999960	0.41749320	0.34730060
66.15999960	0.59480580	0.34730060
66.23999960	0.59480580	0.43519400
66.31999960	0.59480580	0.43519400
66.39999960	0.59480580	0.43519400
66.47999960	0.59480580	0.52278210
66.55999960	0.59480580	0.52278210
66.63999959	0.15167700	0.52278210
66.71999959	1.21555200	0.61067540
66.79999959	1.92480200	0.61067540
66.87999959	2.01330600	0.61067540
66.95999959	1.39286500	0.61067540
67.03999959	0.32898950	0.69856870
67.11999959	2.54524400	0.69856870
67.19999959	4.49598700	0.69856870
67.27999959	4.05255300	0.69856870
67.35999959	4.14136200	0.78646200
67.43999959	4.05255300	0.78646200
67.51999959	4.05255300	0.78646200
67.59999959	4.05255300	0.78646200
67.67999959	4.05255300	0.87405010
67.75999959	4.05255300	0.87405010
67.83999959	4.05255300	0.87405010
67.91999959	4.05255300	0.96194340
67.99999959	4.05255300	1.04983700
68.07999959	4.05255300	0.96194340
68.15999959	3.96404900	1.04983700
68.23999959	3.96404900	1.04983700
68.31999958	3.96404900	1.13773000
68.39999958	3.96404900	1.13773000
68.47999958	3.96404900	1.13773000
68.55999958	3.96404900	1.13773000
68.63999958	3.87524000	1.22531800
68.71999958	3.87524000	1.22531800
68.79999958	3.87524000	1.31321100
68.87999958	3.87524000	1.31321100
68.95999958	3.87524000	1.40110500
69.03999958	3.87524000	1.40110500
69.11999958	3.87524000	1.40110500
69.19999958	3.87524000	1.40110500
69.27999958	3.87524000	1.40110500
69.35999958	3.87524000	1.48899800
69.43999958	3.87524000	1.57689100
69.51999958	3.87524000	1.57689100
69.59999958	3.87524000	1.57689100
69.67999958	3.87524000	1.66447900
69.75999958	3.78673700	1.66447900
69.83999958	3.87524000	1.66447900
69.91999958	3.78673700	1.75237300
69.99999957	3.78673700	1.75237300
70.07999957	3.78673700	1.75237300
70.15999957	3.78673700	1.84026600
70.23999957	3.78673700	1.84026600
70.31999957	3.78673700	1.92815900
70.39999957	3.78673700	1.92815900
70.47999957	3.78673700	1.92815900
70.55999957	3.69792800	2.01574800
70.63999957	3.69792800	2.01574800
70.71999957	3.69792800	2.10364100
70.79999957	3.69792800	2.10364100
70.87999957	3.69792800	2.10364100
70.95999957	3.69792800	2.19153400
71.03999957	3.69792800	2.19153400
71.11999957	3.69792800	2.19153400
71.19999957	3.69792800	2.27942800
71.27999957	3.69792800	2.27942800
71.35999957	3.69792800	2.27942800
71.43999957	3.69792800	2.27942800
71.51999957	3.69792800	2.36701600
71.59999956	3.69792800	2.45490900
71.67999956	3.69792800	2.45490900
71.75999956	3.69792800	2.45490900
71.83999956	3.60942400	2.45490900
71.91999956	3.69792800	2.54280200
71.99999956	3.69792800	2.54280200
72.07999956	3.69792800	2.63069600
72.15999956	3.60942400	2.63069600
72.23999956	3.60942400	2.71828400
72.31999956	3.60942400	2.71828400
72.39999956	3.60942400	2.80617700
72.47999956	3.60942400	2.80617700
72.55999956	3.69792800	2.80617700
72.63999956	3.60942400	2.80617700
72.71999956	3.60942400	2.80617700
72.79999956	3.60942400	2.89407000
72.87999956	3.60942400	2.89407000
72.95999956	3.60942400	2.98196400
73.03999956	3.60942400	2.98196400
73.11999956	3.60942400	2.98196400
73.19999956	3.60942400	3.06985700
73.27999955	3.60942400	3.15744500
73.35999955	3.60942400	3.15744500
73.43999955	3.60942400	3.15744500
73.51999955	3.60942400	3.24533800
73.59999955	3.60942400	3.24533800
73.67999955	3.60942400	3.24533800
73.75999955	3.60942400	3.33323200
73.83999955	3.52061500	3.33323200
73.91999955	3.52061500	3.33323200
73.99999955	3.52061500	3.33323200
74.07999955	3.52061500	3.42112500
74.15999955	3.60942400	3.42112500
74.23999955	3.52061500	3.50871300
74.31999955	3.60942400	3.50871300
74.39999955	3.52061500	3.50871300
74.47999955	3.60942400	3.50871300
74.55999955	3.52061500	3.50871300
74.63999955	3.60942400	3.59660600
74.71999955	3.52061500	3.59660600
74.79999955	3.52061500	3.68450000
74.87999954	3.52061500	3.68450000
74.95999954	3.60942400	3.68450000
75.03999954	3.52061500	3.77239300
75.11999954	3.52061500	3.68450000
75.19999954	3.60942400	3.77239300
75.27999954	3.60942400	3.77239300
75.35999954	3.60942400	3.77239300
75.43999954	3.60942400	3.85998100
75.51999954	3.52061500	3.85998100
75.59999954	3.60942400	3.85998100
75.67999954	3.60942400	3.85998100
75.75999954	3.52061500	3.94787400
75.83999954	3.52061500	3.94787400
75.91999954	3.60942400	3.94787400
75.99999954	3.52061500	3.94787400
76.07999954	3.52061500	4.03576800
76.15999954	3.52061500	4.03576800
76.23999954	3.60942400	4.03576800
76.31999954	3.60942400	4.03576800
76.39999954	3.52061500	4.03576800
76.47999954	3.60942400	4.12366100
76.55999953	3.60942400	4.12366100
76.63999953	3.52061500	4.12366100
76.71999953	3.60942400	4.12366100
76.79999953	3.52061500	4.21124900
76.87999953	3.60942400	4.21124900
76.95999953	3.60942400	4.21124900
77.03999953	3.60942400	4.21124900
77.11999953	3.60942400	4.21124900
77.19999953	3.52061500	4.21124900
77.27999953	3.52061500	4.21124900
77.35999953	3.52061500	4.21124900
77.43999953	3.60942400	4.29914200
77.51999953	3.52061500	4.21124900
77.59999953	3.60942400	4.29914200
77.67999953	3.60942400	4.29914200
77.75999953	3.60942400	4.29914200
77.83999953	3.60942400	4.29914200
77.91999953	3.60942400	4.38703600
77.99999953	3.60942400	4.38703600
78.07999953	3.60942400	4.38703600
78.15999952	3.60942400	4.38703600
78.23999952	3.60942400	4.38703600
78.31999952	3.60942400	4.38703600
78.39999952	3.60942400	4.38703600
78.47999952	3.60942400	4.38703600
78.55999952	3.60942400	4.38703600
78.63999952	3.60942400	4.38703600
78.71999952	3.60942400	4.47492900
78.79999952	3.60942400	4.38703600
78.87999952	3.60942400	4.38703600
78.95999952	3.69792800	4.38703600
79.03999952	3.69792800	4.38703600
79.11999952	3.69792800	4.38703600
79.19999952	3.60942400	4.38703600
79.27999952	3.69792800	4.38703600
79.35999952	3.69792800	4.47492900
79.43999952	3.69792800	4.38703600
79.51999952	3.69792800	4.38703600
79.59999952	3.69792800	4.38703600
79.67999952	3.69792800	4.38703600
79.75999952	3.69792800	4.38703600
79.83999951	3.69792800	4.38703600
79.91999951	3.69792800	4.38703600
79.99999951	3.69792800	4.38703600
80.07999951	3.69792800	4.38703600
80.15999951	3.69792800	4.38703600
80.23999951	3.69792800	4.38703600
80.31999951	3.69792800	4.29914200
80.39999951	3.69792800	4.29914200
80.47999951	3.69792800	4.29914200
80.55999951	3.69792800	4.29914200
80.63999951	3.69792800	4.29914200
80.71999951	3.69792800	4.29914200
80.79999951	3.78673700	4.29914200
80.87999951	3.69792800	4.29914200
80.95999951	3.69792800	4.29914200
81.03999951	3.69792800	4.29914200
81.11999951	3.69792800	4.21124900
81.19999951	3.69792800	4.21124900
81.27999951	3.78673700	4.21124900
81.35999951	3.78673700	4.21124900
81.43999951	3.69792800	4.21124900
81.51999950	3.69792800	4.12366100
81.59999950	3.78673700	4.12366100
81.67999950	3.78673700	4.12366100
81.75999950	3.78673700	4.12366100
81.83999950	3.78673700	4.12366100
81.91999950	3.78673700	4.03576800
81.99999950	3.78673700	4.03576800
82.07999950	3.78673700	4.03576800
82.15999950	3.78673700	3.94787400
82.23999950	3.78673700	3.94787400
82.31999950	3.78673700	3.94787400
82.39999950	3.78673700	3.94787400
82.47999950	3.78673700	3.85998100
82.55999950	3.78673700	3.85998100
82.63999950	3.78673700	3.85998100
82.71999950	3.87524000	3.85998100
82.79999950	3.78673700	3.77239300
82.87999950	3.87524000	3.77239300
82.95999950	3.87524000	3.77239300
83.03999950	3.78673700	3.68450000
83.11999949	3.78673700	3.68450000
83.19999949	3.78673700	3.68450000
83.27999949	3.87524000	3.68450000
83.35999949	3.87524000	3.59660600
83.43999949	3.87524000	3.59660600
83.51999949	3.87524000	3.50871300
83.59999949	3.87524000	3.50871300
83.67999949	3.87524000	3.50871300
83.75999949	3.87524000	3.50871300
83.83999949	3.87524000	3.50871300
83.91999949	3.87524000	3.42112500
83.99999949	3.87524000	3.42112500
84.07999949	3.87524000	3.33323200
84.15999949	3.87524000	3.33323200
84.23999949	3.87524000	3.33323200
84.31999949	3.87524000	3.24533800
84.39999949	3.87524000	3.15744500
84.47999949	3.87524000	3.15744500
84.55999949	3.87524000	3.15744500
84.63999949	3.87524000	3.06985700
84.71999949	3.87524000	2.98196400
84.79999948	3.96404900	2.98196400
84.87999948	3.96404900	2.98196400
84.95999948	3.96404900	2.89407000
85.03999948	3.96404900	2.89407000
85.11999948	3.96404900	2.89407000
85.19999948	3.96404900	2.80617700
85.27999948	3.96404900	2.80617700
85.35999948	3.96404900	2.71828400
85.43999948	3.96404900	2.71828400
85.51999948	3.96404900	2.71828400
85.59999948	3.96404900	2.63069600
85.67999948	3.96404900	2.63069600
85.75999948	3.96404900	2.54280200
85.83999948	3.96404900	2.45490900
85.91999948	4.05255300	2.45490900
85.99999948	3.96404900	2.45490900
86.07999948	3.96404900	2.36701600
86.15999948	3.96404900	2.27942800
86.23999948	4.05255300	2.27942800
86.31999948	4.05255300	2.27942800
86.39999947	4.05255300	2.27942800
86.47999947	4.05255300	2.19153400
86.55999947	4.05255300	2.10364100
86.63999947	4.05255300	2.10364100
86.71999947	4.05255300	2.01574800
86.79999947	4.05255300	2.01574800
86.87999947	4.05255300	1.92815900
86.95999947	4.05255300	1.92815900
87.03999947	4.05255300	1.84026600
87.11999947	4.05255300	1.84026600
87.19999947	4.05255300	1.75237300
87.27999947	4.05255300	1.75237300
87.35999947	4.05255300	1.66447900
87.43999947	4.05255300	1.66447900
87.51999947	4.05255300	1.57689100
87.59999947	4.05255300	1.57689100
87.67999947	4.05255300	1.48899800
87.75999947	4.05255300	1.40110500
87.83999947	4.05255300	1.40110500
87.91999947	4.05255300	1.31321100
87.99999947	4.05255300	1.31321100
88.07999946	4.14136200	1.22531800
88.15999946	4.05255300	1.22531800
88.23999946	4.14136200	1.13773000
88.31999946	4.14136200	1.13773000
88.39999946	4.05255300	1.04983700
88.47999946	4.14136200	1.04983700
88.55999946	4.14136200	1.04983700
88.63999946	4.14136200	0.96194340
88.71999946	4.14136200	0.87405010
88.79999946	4.14136200	0.87405010
88.87999946	4.14136200	0.78646200
88.95999946	4.14136200	0.69856870
89.03999946	4.14136200	0.69856870
89.11999946	4.14136200	0.61067540
89.19999946	4.14136200	0.61067540
89.27999946	4.14136200	0.61067540
89.35999946	4.14136200	0.52278210
89.43999946	4.14136200	0.43519400
89.51999946	4.14136200	0.34730060
89.59999946	4.14136200	0.34730060
89.67999945	4.14136200	0.25940730
89.75999945	4.14136200	0.17151400
89.83999945	4.14136200	0.17151400
89.91999945	4.22986600	0.08392590
89.99999945	4.14136200	0.08392590
90.07999945	4.22986600	-0.00366222
90.15999945	4.14136200	-0.00366222
90.23999945	4.22986600	-0.00366222
90.31999945	4.14136200	-0.09155553
90.39999945	4.14136200	-0.17944880
90.47999945	4.22986600	-0.17944880
90.55999945	4.22986600	-0.26734220
90.63999945	4.22986600	-0.35493030
90.71999945	4.22986600	-0.35493030
90.79999945	4.22986600	-0.44282360
90.87999945	4.22986600	-0.53071690
90.95999945	4.22986600	-0.53071690
91.03999945	4.22986600	-0.53071690
91.11999945	4.22986600	-0.61861020
91.19999945	4.22986600	-0.70619830
91.27999945	4.22986600	-0.79409160
91.35999944	4.22986600	-0.79409160
91.43999944	4.22986600	-0.79409160
91.51999944	4.22986600	-0.88198490
91.59999944	4.22986600	-0.96987830
91.67999944	4.22986600	-1.05746600
91.75999944	4.22986600	-1.05746600
91.83999944	4.22986600	-1.14536000
91.91999944	4.22986600	-1.14536000
91.99999944	4.22986600	-1.23325300
92.07999944	4.31867400	-1.23325300
92.15999944	4.22986600	-1.32114600
92.23999944	4.22986600	-1.40904000
92.31999944	4.31867400	-1.40904000
92.39999944	4.31867400	-1.49662800
92.47999944	4.31867400	-1.49662800
92.55999944	4.31867400	-1.49662800
92.63999944	4.22986600	-1.58452100
92.71999944	4.31867400	-1.67241400
92.79999944	4.31867400	-1.76030800
92.87999944	4.31867400	-1.76030800
92.95999944	4.40717800	-1.84789600
93.03999943	4.49598700	-1.84789600
93.11999943	4.85061200	-1.93578900
93.19999943	5.11642800	-1.93578900
93.27999943	5.20523700	-2.02368200
93.35999943	5.11642800	-2.02368200
93.43999943	5.02792500	-2.11157600
93.51999943	5.02792500	-2.11157600
93.59999943	5.02792500	-2.19916400
93.67999943	5.11642800	-2.19916400
93.75999943	5.11642800	-2.28705700
93.83999943	5.11642800	-2.37495000
93.91999943	5.02792500	-2.37495000
93.99999943	5.02792500	-2.46284400
94.07999943	5.02792500	-2.46284400
94.15999943	5.02792500	-2.46284400
94.23999943	5.02792500	-2.46284400
94.31999943	4.93911600	-2.63832500
94.39999943	4.93911600	-2.63832500
94.47999943	4.93911600	-2.63832500
94.55999943	4.93911600	-2.72621800
94.63999942	4.93911600	-2.81411200
94.71999942	4.93911600	-2.81411200
94.79999942	4.85061200	-2.81411200
94.87999942	4.85061200	-2.90200500
94.95999942	4.85061200	-2.90200500
95.03999942	4.85061200	-2.98959300
95.11999942	4.85061200	-2.98959300
95.19999942	4.76180300	-3.07748700
95.27999942	4.76180300	-3.07748700
95.35999942	4.76180300	-3.16538000
95.43999942	4.76180300	-3.16538000
95.51999942	4.67329900	-3.16538000
95.59999942	4.67329900	-3.25327300
95.67999942	4.76180300	-3.25327300
95.75999942	4.67329900	-3.34086100
95.83999942	4.67329900	-3.34086100
95.91999942	4.58449000	-3.42875500
95.99999942	4.58449000	-3.51664800
96.07999942	4.58449000	-3.51664800
96.15999942	4.58449000	-3.51664800
96.23999942	4.58449000	-3.60454100
96.31999941	4.49598700	-3.60454100
96.39999941	4.49598700	-3.60454100
96.47999941	4.49598700	-3.69212900
96.55999941	4.49598700	-3.78002300
96.63999941	4.49598700	-3.78002300
96.71999941	4.49598700	-3.78002300
96.79999941	4.49598700	-3.86791600
96.87999941	4.49598700	-3.86791600
96.95999941	4.40717800	-3.86791600
97.03999941	4.40717800	-3.86791600
97.11999941	4.40717800	-3.95580900
97.19999941	4.40717800	-3.95580900
97.27999941	4.40717800	-4.04339700
97.35999941	4.40717800	-4.04339700
97.43999941	4.40717800	-4.04339700
97.51999941	4.40717800	-4.13129000
97.59999941	4.40717800	-4.13129000
97.67999941	4.40717800	-4.21918400
97.75999941	4.40717800	-4.21918400
97.83999941	4.40717800	-4.21918400
97.91999940	4.31867400	-4.21918400
97.99999940	4.31867400	-4.30707700
98.07999940	4.31867400	-4.30707700
98.15999940	4.31867400	-4.30707700
98.23999940	4.31867400	-4.39497000
98.31999940	4.31867400	-4.39497000
98.39999940	4.31867400	-4.39497000
98.47999940	4.31867400	-4.48255900
98.55999940	4.31867400	-4.48255900
98.63999940	4.22986600	-4.57045200
98.71999940	4.31867400	-4.57045200
98.79999940	4.31867400	-4.57045200
98.87999940	4.22986600	-4.57045200
98.95999940	4.31867400	-4.57045200
99.03999940	4.31867400	-4.57045200
99.11999940	4.31867400	-4.65834500
99.19999940	4.22986600	-4.65834500
99.27999940	4.31867400	-4.65834500
99.35999940	4.22986600	-4.65834500
99.43999940	4.31867400	-4.65834500
99.51999940	4.22986600	-4.74623900
99.59999939	4.22986600	-4.74623900
99.67999939	4.31867400	-4.74623900
99.75999939	4.31867400	-4.74623900
99.83999939	4.22986600	-4.74623900
99.91999939	4.22986600	-4.83382700
99.99999939	4.31867400	-4.83382700
100.07999939	4.22986600	-4.83382700
100.15999939	4.22986600	-4.83382700
100.23999939	4.22986600	-4.92172000
100.31999939	4.22986600	-4.92172000
100.39999939	4.22986600	-4.92172000
100.47999939	4.22986600	-4.92172000
100.55999939	4.22986600	-4.92172000
100.63999939	4.22986600	-4.92172000
100.71999939	4.22986600	-4.92172000
100.79999939	4.22986600	-4.92172000
100.87999939	4.22986600	-4.92172000
100.95999939	4.22986600	-4.92172000
101.03999939	4.22986600	-4.92172000
101.11999939	4.22986600	-4.92172000
101.19999938	4.22986600	-4.92172000
101.27999938	4.22986600	-4.92172000
101.35999938	4.22986600	-4.92172000
101.43999938	4.22986600	-4.92172000
101.51999938	4.22986600	-4.92172000
101.59999938	4.22986600	-4.92172000
101.67999938	4.22986600	-4.92172000
101.75999938	4.22986600	-5.00961400
101.83999938	4.22986600	-4.92172000
101.91999938	4.22986600	-4.92172000
101.99999938	4.22986600	-4.92172000
102.07999938	4.22986600	-5.00961400
102.15999938	4.22986600	-5.00961400
102.23999938	4.22986600	-4.92172000
102.31999938	4.22986600	-5.00961400
102.39999938	4.22986600	-4.92172000
102.47999938	4.22986600	-4.92172000
102.55999938	4.22986600	-4.92172000
102.63999938	4.22986600	-4.92172000
102.71999938	4.22986600	-4.92172000
102.79999938	4.22986600	-4.92172000
102.87999937	4.22986600	-4.92172000
102.95999937	4.22986600	-4.92172000
103.03999937	4.22986600	-4.92172000
103.11999937	4.22986600	-4.92172000
103.19999937	4.22986600	-4.92172000
103.27999937	4.22986600	-4.92172000
103.35999937	4.22986600	-4.92172000
103.43999937	4.22986600	-4.92172000
103.51999937	4.22986600	-4.92172000
103.59999937	4.22986600	-4.83382700
103.67999937	4.22986600	-4.83382700
103.75999937	4.22986600	-4.83382700
103.83999937	4.22986600	-4.83382700
103.91999937	4.22986600	-4.83382700
103.99999937	4.22986600	-4.74623900
104.07999937	4.22986600	-4.74623900
104.15999937	4.22986600	-4.74623900
104.23999937	4.22986600	-4.65834500
104.31999937	4.22986600	-4.74623900
104.39999937	4.22986600	-4.74623900
104.47999937	4.22986600	-4.65834500
104.55999936	4.22986600	-4.65834500
104.63999936	4.22986600	-4.65834500
104.71999936	4.22986600	-4.57045200
104.79999936	4.22986600	-4.65834500
104.87999936	4.22986600	-4.57045200
104.95999936	4.22986600	-4.57045200
105.03999936	4.22986600	-4.57045200
105.11999936	4.22986600	-4.57045200
105.19999936	4.22986600	-4.48255900
105.27999936	4.22986600	-4.48255900
105.35999936	4.22986600	-4.48255900
105.43999936	4.31867400	-4.39497000
105.51999936	4.22986600	-4.39497000
105.59999936	4.22986600	-4.39497000
105.67999936	4.22986600	-4.39497000
105.75999936	4.22986600	-4.39497000
105.83999936	4.22986600	-4.21918400
105.91999936	4.22986600	-4.30707700
105.99999936	4.22986600	-4.21918400
106.07999936	4.22986600	-4.21918400
106.15999935	4.22986600	-4.21918400
106.23999935	4.22986600	-4.21918400
106.31999935	4.22986600	-4.21918400
106.39999935	4.31867400	-4.13129000
106.47999935	4.31867400	-4.04339700
106.55999935	4.31867400	-4.04339700
106.63999935	4.31867400	-4.04339700
106.71999935	4.31867400	-3.95580900
106.79999935	4.31867400	-3.95580900
106.87999935	4.31867400	-3.95580900
106.95999935	4.40717800	-3.86791600
107.03999935	4.31867400	-3.86791600
107.11999935	4.40717800	-3.86791600
107.19999935	4.31867400	-3.86791600
107.27999935	4.40717800	-3.78002300
107.35999935	4.40717800	-3.78002300
107.43999935	4.49598700	-3.69212900
107.51999935	4.58449000	-3.69212900
107.59999935	4.85061200	-3.60454100
107.67999935	4.85061200	-3.60454100
107.75999935	4.93911600	-3.60454100
107.83999934	4.93911600	-3.51664800
107.91999934	4.93911600	-3.51664800
107.99999934	4.93911600	-3.42875500
108.07999934	4.93911600	-3.42875500
108.15999934	4.93911600	-3.42875500
108.23999934	4.93911600	-3.42875500
108.31999934	4.93911600	-3.34086100
108.39999934	5.02792500	-3.25327300
108.47999934	5.02792500	-3.25327300
108.55999934	5.02792500	-3.25327300
108.63999934	5.02792500	-3.16538000
108.71999934	5.11642800	-3.16538000
108.79999934	5.11642800	-3.16538000
108.87999934	5.02792500	-3.16538000
108.95999934	5.11642800	-3.07748700
109.03999934	5.11642800	-3.07748700
109.11999934	5.02792500	-2.98959300
109.19999934	5.11642800	-2.98959300
109.27999934	5.11642800	-2.90200500
109.35999934	5.11642800	-2.90200500
109.43999933	5.11642800	-2.81411200
109.51999933	5.11642800	-2.81411200
109.59999933	5.11642800	-2.81411200
109.67999933	5.11642800	-2.72621800
109.75999933	5.11642800	-2.72621800
109.83999933	5.20523700	-2.63832500
109.91999933	5.11642800	-2.63832500
109.99999933	5.11642800	-2.55043200
110.07999933	5.11642800	-2.55043200
110.15999933	5.20523700	-2.55043200
110.23999933	5.11642800	-2.46284400
110.31999933	5.20523700	-2.46284400
110.39999933	5.20523700	-2.46284400
110.47999933	5.20523700	-2.37495000
110.55999933	5.20523700	-2.28705700
110.63999933	5.20523700	-2.28705700
110.71999933	5.20523700	-2.28705700
110.79999933	5.20523700	-2.19916400
110.87999933	5.20523700	-2.11157600
110.95999933	5.20523700	-2.11157600
111.03999933	5.20523700	-2.11157600
111.11999932	5.20523700	-2.02368200
111.19999932	5.20523700	-2.02368200
111.27999932	5.20523700	-1.93578900
111.35999932	5.20523700	-1.93578900
111.43999932	5.20523700	-1.84789600
111.51999932	5.20523700	-1.84789600
111.59999932	5.20523700	-1.76030800
111.67999932	5.29374100	-1.76030800
111.75999932	5.29374100	-1.76030800
111.83999932	5.29374100	-1.67241400
111.91999932	5.29374100	-1.67241400
111.99999932	5.29374100	-1.67241400
112.07999932	5.29374100	-1.49662800
112.15999932	5.29374100	-1.49662800
112.23999932	5.29374100	-1.49662800
112.31999932	5.29374100	-1.40904000
112.39999932	5.29374100	-1.40904000
112.47999932	5.29374100	-1.40904000
112.55999932	5.29374100	-1.32114600
112.63999932	5.29374100	-1.32114600
112.71999931	5.29374100	-1.23325300
112.79999931	5.29374100	-1.23325300
112.87999931	5.29374100	-1.14536000
112.95999931	5.29374100	-1.14536000
113.03999931	5.38254900	-1.05746600
113.11999931	5.29374100	-1.05746600
113.19999931	5.38254900	-0.96987830
113.27999931	5.38254900	-0.96987830
113.35999931	5.38254900	-0.88198490
113.43999931	5.38254900	-0.88198490
113.51999931	5.38254900	-0.79409160
113.59999931	5.47105300	-0.79409160
113.67999931	5.47105300	-0.70619830
113.75999931	5.47105300	-0.70619830
113.83999931	5.47105300	-0.70619830
113.91999931	5.47105300	-0.61861020
113.99999931	5.47105300	-0.53071690
114.07999931	5.47105300	-0.53071690
114.15999931	5.47105300	-0.44282360
114.23999931	5.55986200	-0.44282360
114.31999931	5.55986200	-0.35493030
114.39999930	5.55986200	-0.35493030
114.47999930	5.55986200	-0.35493030
114.55999930	5.55986200	-0.35493030
114.63999930	5.55986200	-0.17944880
114.71999930	5.55986200	-0.17944880
114.79999930	5.55986200	-0.17944880
114.87999930	5.55986200	-0.09155553
114.95999930	5.55986200	-0.09155553
115.03999930	5.55986200	-0.00366222
115.11999930	5.55986200	-0.00366222
115.19999930	5.55986200	0.08392590
115.27999930	5.55986200	0.08392590
115.35999930	5.64836500	0.17151400
115.43999930	5.64836500	0.17151400
115.51999930	5.64836500	0.17151400
115.59999930	5.64836500	0.25940730
115.67999930	5.55986200	0.34730060
115.75999930	5.55986200	0.34730060
115.83999930	5.55986200	0.34730060
115.91999930	5.64836500	0.43519400
115.99999930	5.64836500	0.43519400
116.07999929	5.64836500	0.52278210
116.15999929	5.55986200	0.52278210
116.23999929	5.64836500	0.61067540
116.31999929	5.64836500	0.61067540
116.39999929	5.64836500	0.69856870
116.47999929	5.64836500	0.69856870
116.55999929	5.64836500	0.78646200
116.63999929	5.64836500	0.78646200
116.71999929	5.64836500	0.78646200
116.79999929	5.64836500	0.87405010
116.87999929	5.64836500	0.87405010
116.95999929	5.64836500	0.87405010
117.03999929	5.64836500	0.96194340
117.11999929	5.64836500	1.04983700
117.19999929	5.64836500	1.04983700
117.27999929	5.64836500	1.04983700
117.35999929	5.64836500	1.13773000
117.43999929	5.64836500	1.13773000
117.51999929	5.64836500	1.13773000
117.59999929	5.64836500	1.22531800
117.67999928	5.64836500	1.31321100
117.75999928	5.64836500	1.31321100
117.83999928	5.64836500	1.40110500
117.91999928	5.64836500	1.40110500
117.99999928	5.64836500	1.40110500
118.07999928	5.64836500	1.40110500
118.15999928	5.73717500	1.48899800
118.23999928	5.64836500	1.48899800
118.31999928	5.64836500	1.57689100
118.39999928	5.64836500	1.57689100
118.47999928	5.64836500	1.57689100
118.55999928	5.73717500	1.66447900
118.63999928	5.73717500	1.75237300
118.71999928	5.73717500	1.75237300
118.79999928	5.73717500	1.75237300
118.87999928	5.64836500	1.75237300
118.95999928	5.73717500	1.84026600
119.03999928	5.73717500	1.84026600
119.11999928	5.73717500	1.92815900
119.19999928	5.73717500	1.92815900
119.27999928	5.73717500	1.92815900
119.35999927	5.73717500	2.01574800
119.43999927	5.73717500	2.01574800
119.51999927	5.73717500	2.10364100
119.59999927	5.73717500	2.10364100
119.67999927	5.73717500	2.10364100
119.75999927	5.73717500	2.10364100
119.83999927	5.73717500	2.19153400
119.91999927	5.73717500	2.19153400
119.99999927	5.82567800	2.27942800
120.07999927	5.73717500	2.27942800
120.15999927	5.73717500	2.27942800
120.23999927	5.73717500	2.27942800
120.31999927	5.73717500	2.36701600
120.39999927	5.82567800	2.36701600
120.47999927	5.73717500	2.45490900
120.55999927	5.73717500	2.45490900
120.63999927	5.73717500	2.45490900
120.71999927	5.82567800	2.45490900
120.79999927	5.82567800	2.54280200
120.87999927	5.82567800	2.54280200
120.95999926	5.82567800	2.54280200
121.03999926	5.82567800	2.63069600
121.11999926	5.82567800	2.63069600
121.19999926	5.82567800	2.71828400
121.27999926	5.82567800	2.71828400
121.35999926	5.82567800	2.71828400
121.43999926	5.82567800	2.71828400
121.51999926	5.82567800	2.80617700
121.59999926	5.82567800	2.80617700
121.67999926	5.82567800	2.80617700
121.75999926	5.82567800	2.80617700
121.83999926	5.82567800	2.80617700
121.91999926	5.73717500	2.80617700
121.99999926	5.82567800	2.89407000
122.07999926	5.82567800	2.89407000
122.15999926	5.82567800	2.89407000
122.23999926	5.82567800	2.98196400
122.31999926	5.82567800	2.98196400
122.39999926	5.82567800	2.98196400
122.47999926	5.82567800	2.98196400
122.55999926	5.82567800	2.98196400
122.63999925	5.82567800	3.06985700
122.71999925	5.82567800	3.06985700
122.79999925	5.82567800	3.06985700
122.87999925	5.82567800	3.15744500
122.95999925	5.82567800	3.15744500
123.03999925	5.82567800	3.15744500
123.11999925	5.82567800	3.15744500
123.19999925	5.82567800	3.15744500
123.27999925	5.82567800	3.15744500
123.35999925	5.82567800	3.24533800
123.43999925	5.82567800	3.24533800
123.51999925	5.82567800	3.33323200
123.59999925	5.82567800	3.24533800
123.67999925	5.82567800	3.24533800
123.75999925	5.82567800	3.33323200
123.83999925	5.82567800	3.33323200
123.91999925	5.82567800	3.33323200
123.99999925	5.82567800	3.33323200
124.07999925	5.82567800	3.33323200
124.15999925	5.82567800	3.33323200
124.23999924	5.82567800	3.33323200
124.31999924	5.82567800	3.42112500
124.39999924	5.82567800	3.42112500
124.47999924	5.82567800	3.42112500
124.55999924	5.82567800	3.42112500
124.63999924	5.91448700	3.42112500
124.71999924	5.82567800	3.42112500
124.79999924	5.82567800	3.50871300
124.87999924	5.82567800	3.42112500
124.95999924	5.82567800	3.42112500
125.03999924	5.82567800	3.50871300
125.11999924	5.91448700	3.50871300
125.19999924	5.91448700	3.50871300
125.27999924	5.82567800	3.50871300
125.35999924	5.82567800	3.50871300
125.43999924	5.82567800	3.50871300
125.51999924	5.82567800	3.50871300
125.59999924	5.82567800	3.50871300
125.67999924	5.82567800	3.50871300
125.75999924	5.82567800	3.50871300
125.83999924	5.82567800	3.50871300
125.91999923	5.82567800	3.50871300
125.99999923	5.82567800	3.50871300
126.07999923	5.91448700	3.50871300
126.15999923	5.91448700	3.50871300
126.23999923	5.91448700	3.50871300
126.31999923	5.82567800	3.50871300
126.39999923	5.82567800	3.50871300
126.47999923	5.82567800	3.50871300
126.55999923	5.82567800	3.50871300
126.63999923	5.91448700	3.50871300
126.71999923	5.82567800	3.50871300
126.79999923	5.82567800	3.50871300
126.87999923	5.91448700	3.50871300
126.95999923	5.91448700	3.50871300
127.03999923	5.82567800	3.50871300
127.11999923	5.91448700	3.50871300
127.19999923	5.82567800	3.50871300
127.27999923	5.82567800	3.50871300
127.35999923	5.82567800	3.50871300
127.43999923	5.91448700	3.50871300
127.51999923	5.82567800	3.50871300
127.59999922	5.82567800	3.50871300
127.67999922	5.82567800	3.50871300
127.75999922	5.82567800	3.50871300
127.83999922	5.91448700	3.50871300
127.91999922	5.91448700	3.50871300
127.99999922	5.82567800	3.42112500
128.07999922	5.91448700	3.42112500
128.15999922	5.91448700	3.42112500
128.23999922	5.82567800	3.42112500
128.31999922	5.82567800	3.42112500
128.39999922	5.91448700	3.42112500
128.47999922	5.91448700	3.50871300
128.55999922	5.91448700	3.42112500
128.63999922	5.91448700	3.42112500
128.71999922	5.91448700	3.42112500
128.79999922	5.91448700	3.33323200
128.87999922	5.82567800	3.33323200
128.95999922	5.91448700	3.33323200
129.03999922	5.82567800	3.33323200
129.11999922	5.82567800	3.33323200
129.19999921	5.82567800	3.33323200
129.27999921	5.91448700	3.24533800
129.35999921	5.91448700	3.33323200
129.43999921	5.91448700	3.33323200
129.51999921	5.82567800	3.24533800
129.59999921	5.82567800	3.24533800
129.67999921	5.82567800	3.24533800
129.75999921	5.82567800	3.24533800
129.83999921	5.82567800	3.24533800
129.91999921	5.82567800	3.15744500
129.99999921	5.82567800	3.15744500
130.07999921	5.82567800	3.15744500
130.15999921	5.82567800	3.15744500
130.23999921	5.82567800	3.15744500
130.31999921	5.82567800	3.06985700
130.39999921	5.82567800	3.06985700
130.47999921	5.82567800	3.06985700
130.55999921	5.82567800	2.98196400
130.63999921	5.82567800	3.06985700
130.71999921	5.82567800	2.98196400
130.79999921	5.82567800	2.98196400
130.87999920	5.82567800	2.98196400
130.95999920	5.82567800	2.98196400
131.03999920	5.82567800	2.89407000
131.11999920	5.82567800	2.89407000
131.19999920	5.82567800	2.89407000
131.27999920	5.82567800	2.89407000
131.35999920	5.82567800	2.80617700
131.43999920	5.82567800	2.80617700
131.51999920	5.82567800	2.80617700
131.59999920	5.82567800	2.80617700
131.67999920	5.82567800	2.80617700
131.75999920	5.82567800	2.80617700
131.83999920	5.82567800	2.71828400
131.91999920	5.82567800	2.71828400
131.99999920	5.82567800	2.71828400
132.07999920	5.82567800	2.71828400
132.15999920	5.82567800	2.63069600
132.23999920	5.82567800	2.63069600
132.31999920	5.82567800	2.63069600
132.39999920	5.82567800	2.63069600
132.47999919	5.82567800	2.63069600
132.55999919	5.73717500	2.63069600
132.63999919	5.82567800	2.54280200
132.71999919	5.82567800	2.54280200
132.79999919	5.73717500	2.45490900
132.87999919	5.82567800	2.45490900
132.95999919	5.73717500	2.45490900
133.03999919	5.73717500	2.45490900
133.11999919	5.73717500	2.45490900
133.19999919	5.73717500	2.45490900
133.27999919	5.73717500	2.36701600
133.35999919	5.82567800	2.36701600
133.43999919	5.73717500	2.36701600
133.51999919	5.73717500	2.27942800
133.59999919	5.73717500	2.27942800
133.67999919	5.73717500	2.27942800
133.75999919	5.73717500	2.27942800
133.83999919	5.73717500	2.27942800
133.91999919	5.73717500	2.19153400
133.99999919	5.73717500	2.19153400
134.07999919	5.73717500	2.10364100
134.15999918	5.73717500	2.10364100
134.23999918	5.64836500	2.10364100
134.31999918	5.73717500	2.10364100
134.39999918	5.73717500	2.01574800
134.47999918	5.73717500	2.01574800
134.55999918	5.73717500	1.92815900
134.63999918	5.64836500	1.92815900
134.71999918	5.64836500	1.92815900
134.79999918	5.64836500	1.92815900
134.87999918	5.64836500	1.84026600
134.95999918	5.64836500	1.92815900
135.03999918	5.64836500	1.84026600
135.11999918	5.64836500	1.84026600
135.19999918	5.64836500	1.75237300
135.27999918	5.64836500	1.75237300
135.35999918	5.64836500	1.75237300
135.43999918	5.64836500	1.75237300
135.51999918	5.64836500	1.75237300
135.59999918	5.64836500	1.75237300
135.67999918	5.64836500	1.66447900
135.75999917	5.55986200	1.66447900
135.83999917	5.55986200	1.57689100
135.91999917	5.64836500	1.57689100
135.99999917	5.55986200	1.57689100
136.07999917	5.55986200	1.57689100
136.15999917	5.55986200	1.48899800
136.23999917	5.47105300	1.48899800
136.31999917	5.38254900	1.40110500
136.39999917	4.93911600	1.40110500
136.47999917	4.49598700	1.40110500
136.55999917	4.31867400	1.40110500
136.63999917	4.31867400	1.31321100
136.71999917	4.31867400	1.31321100
136.79999917	4.31867400	1.31321100
136.87999917	4.22986600	1.31321100
136.95999917	4.31867400	1.22531800
137.03999917	4.22986600	1.22531800
137.11999917	4.31867400	1.22531800
137.19999917	4.31867400	1.13773000
137.27999917	4.22986600	1.13773000
137.35999917	4.22986600	1.13773000
137.43999916	4.22986600	1.04983700
137.51999916	4.22986600	1.04983700
137.59999916	4.31867400	1.04983700
137.67999916	4.22986600	1.04983700
137.75999916	4.22986600	0.96194340
137.83999916	4.22986600	0.96194340
137.91999916	4.22986600	0.96194340
137.99999916	4.22986600	0.87405010
138.07999916	4.22986600	0.87405010
138.15999916	4.22986600	0.87405010
138.23999916	4.22986600	0.87405010
138.31999916	4.22986600	0.78646200
138.39999916	4.22986600	0.69856870
138.47999916	4.22986600	0.69856870
138.55999916	4.22986600	0.69856870
138.63999916	4.22986600	0.69856870
138.71999916	4.22986600	0.69856870
138.79999916	4.22986600	0.69856870
138.87999916	4.22986600	0.69856870
138.95999916	4.22986600	0.61067540
139.03999915	4.22986600	0.61067540
139.11999915	4.22986600	0.52278210
139.19999915	4.22986600	0.52278210
139.27999915	4.22986600	0.52278210
139.35999915	4.22986600	0.43519400
139.43999915	4.22986600	0.52278210
139.51999915	4.22986600	0.43519400
139.59999915	4.22986600	0.34730060
139.67999915	4.22986600	0.34730060
139.75999915	4.22986600	0.34730060
139.83999915	4.22986600	0.34730060
139.91999915	4.22986600	0.34730060
139.99999915	4.22986600	0.25940730
140.07999915	4.22986600	0.17151400
140.15999915	4.22986600	0.17151400
140.23999915	4.22986600	0.17151400
140.31999915	4.22986600	0.17151400
140.39999915	4.22986600	0.08392590
140.47999915	4.22986600	0.08392590
140.55999915	4.22986600	0.08392590
140.63999915	4.22986600	-0.00366222
140.71999914	4.22986600	-0.00366222
140.79999914	4.22986600	-0.00366222
140.87999914	4.22986600	-0.00366222
140.95999914	4.22986600	-0.09155553
141.03999914	4.22986600	-0.09155553
141.11999914	4.22986600	-0.09155553
141.19999914	4.22986600	-0.17944880
141.27999914	4.22986600	-0.17944880
141.35999914	4.22986600	-0.17944880
141.43999914	4.22986600	-0.26734220
141.51999914	4.22986600	-0.26734220
141.59999914	4.31867400	-0.26734220
141.67999914	4.22986600	-0.35493030
141.75999914	3.69792800	-0.35493030
141.83999914	1.57017700	-0.35493030
141.91999914	0.86092720	-0.35493030
141.99999914	0.68361460	-0.44282360
142.07999914	0.68361460	-0.44282360
142.15999914	0.68361460	-0.53071690
142.23999914	0.68361460	-0.44282360
142.31999914	0.68361460	-0.53071690
142.39999913	0.68361460	-0.53071690
142.47999913	0.68361460	-0.53071690
142.55999913	0.68361460	-0.61861020
142.63999913	0.68361460	-0.61861020
142.71999913	0.68361460	-0.70619830
142.79999913	0.68361460	-0.70619830
142.87999913	0.68361460	-0.70619830
142.95999913	0.68361460	-0.79409160
143.03999913	0.77211830	-0.79409160
143.11999913	0.68361460	-0.79409160
143.19999913	0.77211830	-0.88198490
143.27999913	0.77211830	-0.88198490
143.35999913	0.77211830	-0.96987830
143.43999913	0.77211830	-0.96987830
143.51999913	0.77211830	-1.05746600
143.59999913	0.77211830	-1.05746600
143.67999913	0.77211830	-1.05746600
143.75999913	0.77211830	-1.14536000
143.83999913	0.77211830	-1.14536000
143.91999913	0.77211830	-1.14536000
143.99999912	0.77211830	-1.23325300
144.07999912	0.77211830	-1.23325300
144.15999912	0.77211830	-1.23325300
144.23999912	0.77211830	-1.32114600
144.31999912	0.86092720	-1.32114600
144.39999912	0.77211830	-1.40904000
144.47999912	0.77211830	-1.40904000
144.55999912	0.86092720	-1.40904000
144.63999912	0.86092720	-1.40904000
144.71999912	0.86092720	-1.49662800
144.79999912	0.86092720	-1.49662800
144.87999912	0.86092720	-1.58452100
144.95999912	0.77211830	-1.58452100
145.03999912	0.86092720	-1.58452100
145.11999912	0.86092720	-1.67241400
145.19999912	0.86092720	-1.76030800
145.27999912	0.86092720	-1.76030800
145.35999912	0.86092720	-1.76030800
145.43999912	0.86092720	-1.76030800
145.51999912	0.86092720	-1.84789600
145.59999912	0.86092720	-1.84789600
145.67999911	0.86092720	-1.93578900
145.75999911	0.86092720	-1.93578900
145.83999911	0.86092720	-2.02368200
145.91999911	0.86092720	-2.02368200
145.99999911	0.86092720	-2.02368200
146.07999911	0.86092720	-2.11157600
146.15999911	0.86092720	-2.11157600
146.23999911	0.86092720	-2.11157600
146.31999911	0.86092720	-2.19916400
146.39999911	0.94943080	-2.19916400
146.47999911	0.86092720	-2.19916400
146.55999911	0.94943080	-2.28705700
146.63999911	0.94943080	-2.28705700
146.71999911	0.94943080	-2.37495000
146.79999911	0.94943080	-2.37495000
146.87999911	0.86092720	-2.46284400
146.95999911	0.86092720	-2.46284400
147.03999911	0.86092720	-2.46284400
147.11999911	0.86092720	-2.55043200
147.19999911	0.94943080	-2.55043200
147.27999910	0.86092720	-2.63832500
147.35999910	0.86092720	-2.63832500
147.43999910	0.94943080	-2.63832500
147.51999910	0.94943080	-2.72621800
147.59999910	0.94943080	-2.72621800
147.67999910	0.94943080	-2.81411200
147.75999910	0.86092720	-2.81411200
147.83999910	0.86092720	-2.81411200
147.91999910	0.94943080	-2.81411200
147.99999910	0.94943080	-2.90200500
148.07999910	0.94943080	-2.90200500
148.15999910	0.94943080	-2.98959300
148.23999910	0.94943080	-2.98959300
148.31999910	0.94943080	-3.07748700
148.39999910	0.94943080	-3.07748700
148.47999910	0.94943080	-3.16538000
148.55999910	0.94943080	-3.16538000
148.63999910	0.94943080	-3.16538000
148.71999910	0.94943080	-3.16538000
148.79999910	0.94943080	-3.16538000
148.87999910	0.94943080	-3.25327300
148.95999909	0.94943080	-3.25327300
149.03999909	0.94943080	-3.34086100
149.11999909	0.94943080	-3.34086100
149.19999909	0.94943080	-3.34086100
149.27999909	0.94943080	-3.42875500
149.35999909	0.94943080	-3.42875500
149.43999909	0.94943080	-3.42875500
149.51999909	0.94943080	-3.42875500
149.59999909	0.94943080	-3.51664800
149.67999909	0.94943080	-3.60454100
149.75999909	0.94943080	-3.51664800
149.83999909	0.94943080	-3.51664800
149.91999909	0.94943080	-3.60454100
149.99999909	0.94943080	-3.69212900
150.07999909	0.94943080	-3.69212900
150.15999909	0.94943080	-3.69212900
150.23999909	0.94943080	-3.69212900
150.31999909	0.94943080	-3.78002300
150.39999909	0.94943080	-3.78002300
150.47999909	0.94943080	-3.86791600
150.55999908	0.94943080	-3.86791600
150.63999908	0.94943080	-3.86791600
150.71999908	0.94943080	-3.86791600
150.79999908	0.94943080	-3.86791600
150.87999908	0.94943080	-3.86791600
150.95999908	0.94943080	-3.95580900
151.03999908	0.94943080	-3.95580900
151.11999908	0.94943080	-3.95580900
151.19999908	0.94943080	-3.95580900
151.27999908	0.94943080	-4.04339700
151.35999908	0.94943080	-4.04339700
151.43999908	0.94943080	-4.04339700
151.51999908	0.94943080	-4.04339700
151.59999908	0.94943080	-4.04339700
151.67999908	0.94943080	-4.13129000
151.75999908	0.94943080	-4.13129000
151.83999908	0.94943080	-4.21918400
151.91999908	0.94943080	-4.21918400
151.99999908	0.94943080	-4.21918400
152.07999908	0.94943080	-4.21918400
152.15999908	0.94943080	-4.21918400
152.23999907	0.94943080	-4.21918400
152.31999907	0.94943080	-4.21918400
152.39999907	0.94943080	-4.21918400
152.47999907	0.94943080	-4.30707700
152.55999907	0.94943080	-4.30707700
152.63999907	0.94943080	-4.30707700
152.71999907	0.94943080	-4.30707700
152.79999907	0.94943080	-4.30707700
152.87999907	0.94943080	-4.30707700
152.95999907	0.94943080	-4.30707700
153.03999907	0.94943080	-4.30707700
153.11999907	0.94943080	-4.30707700
153.19999907	0.94943080	-4.39497000
153.27999907	0.94943080	-4.39497000
153.35999907	0.94943080	-4.39497000
153.43999907	0.94943080	-4.39497000
153.51999907	0.94943080	-4.39497000
153.59999907	1.03824000	-4.39497000
153.67999907	0.94943080	-4.39497000
153.75999907	0.94943080	-4.39497000
153.83999907	0.94943080	-4.48255900
153.91999906	0.94943080	-4.39497000
153.99999906	0.94943080	-4.39497000
154.07999906	0.94943080	-4.48255900
154.15999906	0.94943080	-4.39497000
154.23999906	0.86092720	-4.39497000
154.31999906	0.94943080	-4.39497000
154.39999906	0.94943080	-4.39497000
154.47999906	0.94943080	-4.39497000
154.55999906	0.94943080	-4.39497000
154.63999906	0.94943080	-4.39497000
154.71999906	0.94943080	-4.39497000
154.79999906	0.94943080	-4.39497000
154.87999906	0.94943080	-4.39497000
154.95999906	0.94943080	-4.39497000
155.03999906	0.94943080	-4.39497000
155.11999906	0.94943080	-4.39497000
155.19999906	0.86092720	-4.39497000
155.27999906	0.94943080	-4.39497000
155.35999906	0.86092720	-4.39497000
155.43999906	0.94943080	-4.30707700
155.51999905	0.86092720	-4.30707700
155.59999905	0.86092720	-4.30707700
155.67999905	0.86092720	-4.30707700
155.75999905	0.86092720	-4.30707700
155.83999905	0.94943080	-4.30707700
155.91999905	0.86092720	-4.21918400
155.99999905	0.94943080	-4.21918400
156.07999905	0.94943080	-4.30707700
156.15999905	0.86092720	-4.21918400
156.23999905	0.94943080	-4.21918400
156.31999905	0.86092720	-4.21918400
156.39999905	0.86092720	-4.21918400
156.47999905	0.94943080	-4.21918400
156.55999905	0.94943080	-4.21918400
156.63999905	0.94943080	-4.13129000
156.71999905	0.86092720	-4.13129000
156.79999905	0.86092720	-4.13129000
156.87999905	0.86092720	-4.04339700
156.95999905	0.94943080	-4.04339700
157.03999905	0.86092720	-4.04339700
157.11999905	0.86092720	-3.95580900
157.19999904	0.86092720	-3.95580900
157.27999904	0.86092720	-3.95580900
157.35999904	0.86092720	-3.86791600
157.43999904	0.86092720	-3.95580900
157.51999904	0.86092720	-3.86791600
157.59999904	0.86092720	-3.86791600
157.67999904	0.86092720	-3.86791600
157.75999904	0.86092720	-3.86791600
157.83999904	0.86092720	-3.78002300
157.91999904	0.86092720	-3.78002300
157.99999904	0.86092720	-3.78002300
158.07999904	0.86092720	-3.69212900
158.15999904	0.86092720	-3.69212900
158.23999904	0.86092720	-3.60454100
158.31999904	0.86092720	-3.60454100
158.39999904	0.86092720	-3.60454100
158.47999904	0.86092720	-3.51664800
158.55999904	0.86092720	-3.51664800
158.63999904	0.86092720	-3.51664800
158.71999904	0.86092720	-3.42875500
158.79999903	0.86092720	-3.42875500
158.87999903	0.86092720	-3.42875500
158.95999903	0.86092720	-3.34086100
159.03999903	0.86092720	-3.34086100
159.11999903	0.86092720	-3.34086100
159.19999903	0.86092720	-3.25327300
159.27999903	0.86092720	-3.25327300
159.35999903	0.86092720	-3.16538000
159.43999903	0.86092720	-3.16538000
159.51999903	0.86092720	-3.16538000
159.59999903	0.86092720	-3.07748700
159.67999903	0.86092720	-3.07748700
159.75999903	0.86092720	-2.98959300
159.83999903	0.86092720	-2.98959300
159.91999903	0.86092720	-2.90200500
159.99999903	0.86092720	-2.81411200
160.07999903	0.77211830	-2.81411200
160.15999903	0.86092720	-2.81411200
160.23999903	0.86092720	-2.81411200
160.31999903	0.86092720	-2.72621800
160.39999903	0.86092720	-2.63832500
160.47999902	0.77211830	-2.63832500
160.55999902	0.86092720	-2.63832500
160.63999902	0.86092720	-2.55043200
160.71999902	0.86092720	-2.55043200
160.79999902	0.86092720	-2.46284400
160.87999902	0.86092720	-2.46284400
160.95999902	0.86092720	-2.37495000
161.03999902	0.77211830	-2.37495000
161.11999902	0.86092720	-2.28705700
161.19999902	0.86092720	-2.28705700
161.27999902	0.77211830	-2.19916400
161.35999902	0.86092720	-2.19916400
161.43999902	0.77211830	-2.19916400
161.51999902	0.77211830	-2.11157600
161.59999902	0.77211830	-2.02368200
161.67999902	0.86092720	-2.02368200
161.75999902	0.77211830	-1.93578900
161.83999902	0.77211830	-1.93578900
161.91999902	0.86092720	-1.93578900
161.99999902	0.77211830	-1.84789600
162.07999901	0.86092720	-1.84789600
162.15999901	0.77211830	-1.76030800
162.23999901	0.77211830	-1.76030800
162.31999901	0.77211830	-1.67241400
162.39999901	0.77211830	-1.58452100
162.47999901	0.77211830	-1.58452100
162.55999901	0.77211830	-1.58452100
162.63999901	0.77211830	-1.49662800
162.71999901	0.77211830	-1.40904000
162.79999901	0.77211830	-1.40904000
162.87999901	0.77211830	-1.40904000
162.95999901	0.77211830	-1.32114600
163.03999901	0.77211830	-1.32114600
163.11999901	0.77211830	-1.23325300
163.19999901	0.77211830	-1.23325300
163.27999901	0.77211830	-1.14536000
163.35999901	0.77211830	-1.14536000
163.43999901	0.77211830	-1.05746600
163.51999901	0.68361460	-1.05746600
163.59999901	0.77211830	-0.96987830
163.67999901	0.77211830	-0.88198490
163.75999900	0.68361460	-0.79409160
163.83999900	0.77211830	-0.79409160
163.91999900	0.68361460	-0.70619830
163.99999900	0.77211830	-0.70619830
164.07999900	0.68361460	-0.61861020
164.15999900	0.68361460	-0.53071690
164.23999900	0.68361460	-0.53071690
164.31999900	0.77211830	-0.53071690
164.39999900	0.77211830	-0.44282360
164.47999900	0.68361460	-0.35493030
164.55999900	0.68361460	-0.35493030
164.63999900	0.68361460	-0.35493030
164.71999900	0.68361460	-0.26734220
164.79999900	0.68361460	-0.17944880
164.87999900	0.68361460	-0.09155553
164.95999900	0.68361460	-0.09155553
165.03999900	0.68361460	-0.00366222
165.11999900	0.68361460	-0.00366222
165.19999900	0.68361460	0.08392590
165.27999900	0.68361460	0.08392590
165.35999900	0.68361460	0.17151400
165.43999899	0.68361460	0.17151400
165.51999899	0.68361460	0.25940730
165.59999899	0.68361460	0.34730060
165.67999899	0.68361460	0.34730060
165.75999899	0.68361460	0.43519400
165.83999899	0.68361460	0.52278210
165.91999899	0.68361460	0.52278210
165.99999899	0.68361460	0.61067540
166.07999899	0.68361460	0.61067540
166.15999899	0.68361460	0.69856870
166.23999899	0.68361460	0.69856870
166.31999899	0.68361460	0.78646200
166.39999899	0.68361460	0.78646200
166.47999899	0.68361460	0.87405010
166.55999899	0.68361460	0.87405010
166.63999899	0.68361460	0.96194340
166.71999899	0.68361460	0.96194340
166.79999899	0.68361460	1.04983700
166.87999899	0.68361460	1.13773000
166.95999899	0.68361460	1.13773000
167.03999898	0.68361460	1.22531800
167.11999898	0.68361460	1.22531800
167.19999898	0.68361460	1.31321100
167.27999898	0.68361460	1.40110500
167.35999898	0.59480580	1.40110500
167.43999898	0.68361460	1.40110500
167.51999898	0.59480580	1.48899800
167.59999898	0.68361460	1.57689100
167.67999898	0.59480580	1.57689100
167.75999898	0.59480580	1.66447900
167.83999898	0.59480580	1.75237300
167.91999898	0.59480580	1.75237300
167.99999898	0.50630210	1.75237300
168.07999898	0.50630210	1.84026600
168.15999898	0.50630210	1.92815900
168.23999898	0.50630210	1.92815900
168.31999898	0.50630210	2.01574800
168.39999898	0.50630210	2.01574800
168.47999898	0.50630210	2.10364100
168.55999898	0.50630210	2.10364100
168.63999898	0.50630210	2.10364100
168.71999897	0.50630210	2.19153400
168.79999897	0.59480580	2.27942800
168.87999897	0.50630210	2.27942800
168.95999897	0.59480580	2.36701600
169.03999897	0.59480580	2.45490900
169.11999897	0.50630210	2.45490900
169.19999897	0.50630210	2.45490900
169.27999897	0.59480580	2.45490900
169.35999897	0.59480580	2.54280200
169.43999897	0.59480580	2.63069600
169.51999897	0.59480580	2.63069600
169.59999897	0.59480580	2.71828400
169.67999897	0.59480580	2.80617700
169.75999897	0.50630210	2.80617700
169.83999897	0.59480580	2.80617700
169.91999897	0.59480580	2.89407000
169.99999897	0.59480580	2.89407000
170.07999897	0.59480580	2.98196400
170.15999897	0.59480580	2.98196400
170.23999897	0.59480580	2.98196400
170.31999896	0.59480580	3.06985700
170.39999896	0.59480580	3.06985700
170.47999896	0.59480580	3.15744500
170.55999896	0.59480580	3.24533800
170.63999896	0.50630210	3.24533800
170.71999896	0.59480580	3.24533800
170.79999896	0.59480580	3.33323200
170.87999896	0.59480580	3.33323200
170.95999896	0.59480580	3.42112500
171.03999896	0.59480580	3.42112500
171.11999896	0.59480580	3.50871300
171.19999896	0.59480580	3.50871300
171.27999896	0.59480580	3.50871300
171.35999896	0.59480580	3.50871300
171.43999896	0.59480580	3.59660600
171.51999896	0.59480580	3.59660600
171.59999896	0.59480580	3.68450000
171.67999896	0.59480580	3.68450000
171.75999896	0.59480580	3.68450000
171.83999896	0.59480580	3.77239300
171.91999896	0.59480580	3.77239300
171.99999895	0.59480580	3.85998100
172.07999895	0.59480580	3.85998100
172.15999895	0.59480580	3.94787400
172.23999895	0.59480580	3.94787400
172.31999895	0.59480580	3.94787400
172.39999895	0.59480580	3.94787400
172.47999895	0.59480580	4.03576800
172.55999895	0.59480580	4.03576800
172.63999895	0.59480580	4.12366100
172.71999895	0.59480580	4.12366100
172.79999895	0.59480580	4.12366100
172.87999895	0.68361460	4.12366100
172.95999895	0.59480580	4.21124900
173.03999895	0.59480580	4.21124900
173.11999895	0.68361460	4.21124900
173.19999895	0.59480580	4.29914200
173.27999895	0.59480580	4.29914200
173.35999895	0.68361460	4.29914200
173.43999895	0.59480580	4.38703600
173.51999895	0.59480580	4.38703600
173.59999894	0.68361460	4.38703600
173.67999894	0.59480580	4.38703600
173.75999894	0.68361460	4.47492900
173.83999894	0.59480580	4.47492900
173.91999894	0.68361460	4.47492900
173.99999894	0.68361460	4.56282200
174.07999894	0.68361460	4.56282200
174.15999894	0.68361460	4.56282200
174.23999894	0.68361460	4.56282200
174.31999894	0.68361460	4.56282200
174.39999894	0.68361460	4.56282200
174.47999894	0.68361460	4.56282200
174.55999894	0.68361460	4.65041100
174.63999894	0.59480580	4.65041100
174.71999894	0.68361460	4.65041100
174.79999894	0.68361460	4.73830400
174.87999894	0.68361460	4.73830400
174.95999894	0.68361460	4.73830400
175.03999894	0.68361460	4.73830400
175.11999894	0.68361460	4.73830400
175.19999894	0.68361460	4.73830400
175.27999893	0.68361460	4.82619700
175.35999893	0.59480580	4.82619700
175.43999893	0.68361460	4.82619700
175.51999893	0.68361460	4.82619700
175.59999893	0.68361460	4.82619700
175.67999893	0.68361460	4.82619700
175.75999893	0.68361460	4.82619700
175.83999893	0.68361460	4.82619700
175.91999893	0.68361460	4.82619700
175.99999893	0.68361460	4.91409000
176.07999893	0.68361460	4.91409000
176.15999893	0.68361460	4.91409000
176.23999893	0.68361460	4.91409000
176.31999893	0.68361460	4.91409000
176.39999893	0.68361460	4.91409000
176.47999893	0.68361460	4.91409000
176.55999893	0.68361460	4.91409000
176.63999893	0.68361460	4.91409000
176.71999893	0.68361460	4.91409000
176.79999893	0.68361460	4.91409000
176.87999893	0.68361460	4.91409000
176.95999892	0.68361460	4.91409000
177.03999892	0.68361460	4.91409000
177.11999892	0.68361460	4.91409000
177.19999892	0.68361460	4.91409000
177.27999892	0.68361460	4.91409000
177.35999892	0.68361460	4.91409000
177.43999892	0.68361460	4.91409000
177.51999892	0.68361460	4.91409000
177.59999892	0.68361460	4.91409000
177.67999892	0.68361460	4.91409000
177.75999892	0.68361460	4.91409000
177.83999892	0.68361460	4.91409000
177.91999892	0.68361460	4.82619700
177.99999892	0.68361460	4.82619700
178.07999892	0.68361460	4.82619700
178.15999892	0.68361460	4.82619700
178.23999892	0.68361460	4.82619700
178.31999892	0.68361460	4.82619700
178.39999892	0.68361460	4.82619700
178.47999892	0.68361460	4.82619700
178.55999891	0.68361460	4.82619700
178.63999891	0.68361460	4.82619700
178.71999891	0.68361460	4.82619700
178.79999891	0.68361460	4.73830400
178.87999891	0.68361460	4.73830400
178.95999891	0.68361460	4.73830400
179.03999891	0.68361460	4.73830400
179.11999891	0.68361460	4.65041100
179.19999891	0.68361460	4.65041100
179.27999891	0.68361460	4.56282200
179.35999891	0.68361460	4.56282200
179.43999891	0.68361460	4.56282200
179.51999891	0.68361460	4.56282200
179.59999891	0.68361460	4.56282200
179.67999891	0.68361460	4.56282200
179.75999891	0.68361460	4.56282200
179.83999891	0.68361460	4.56282200
179.91999891	0.68361460	4.47492900
179.99999891	0.68361460	4.47492900
180.07999891	0.68361460	4.38703600
180.15999891	0.68361460	4.38703600
180.23999890	0.68361460	4.38703600
180.31999890	0.68361460	4.38703600
180.39999890	0.68361460	4.29914200
180.47999890	0.68361460	4.29914200
180.55999890	0.68361460	4.29914200
180.63999890	0.68361460	4.29914200
180.71999890	0.68361460	4.21124900
180.79999890	0.68361460	4.21124900
180.87999890	0.68361460	4.21124900
180.95999890	0.68361460	4.21124900
181.03999890	0.68361460	4.21124900
181.11999890	0.68361460	4.21124900
181.19999890	0.68361460	4.12366100
181.27999890	0.68361460	4.12366100
181.35999890	0.68361460	4.12366100
181.43999890	0.68361460	4.03576800
181.51999890	0.68361460	4.03576800
181.59999890	0.68361460	3.94787400
181.67999890	0.68361460	3.94787400
181.75999890	0.68361460	3.85998100
181.83999889	0.59480580	3.85998100
181.91999889	0.68361460	3.85998100
181.99999889	0.59480580	3.85998100
182.07999889	0.59480580	3.85998100
182.15999889	0.68361460	3.77239300
182.23999889	0.68361460	3.77239300
182.31999889	0.68361460	3.68450000
182.39999889	0.59480580	3.68450000
182.47999889	0.59480580	3.68450000
182.55999889	0.68361460	3.68450000
182.63999889	0.68361460	3.59660600
182.71999889	0.68361460	3.59660600
182.79999889	0.68361460	3.50871300
182.87999889	0.68361460	3.50871300
182.95999889	0.59480580	3.50871300
183.03999889	0.59480580	3.50871300
183.11999889	0.59480580	3.42112500
183.19999889	0.68361460	3.42112500
183.27999889	0.59480580	3.33323200
183.35999889	0.59480580	3.33323200
183.43999889	0.59480580	3.33323200
183.51999888	0.59480580	3.24533800
183.59999888	0.59480580	3.15744500
183.67999888	0.59480580	3.15744500
183.75999888	0.50630210	3.15744500
183.83999888	0.50630210	3.15744500
183.91999888	0.50630210	3.06985700
183.99999888	0.50630210	2.98196400
184.07999888	0.50630210	2.98196400
184.15999888	0.50630210	2.98196400
184.23999888	0.50630210	2.89407000
184.31999888	0.50630210	2.89407000
184.39999888	0.50630210	2.89407000
184.47999888	0.41749320	2.80617700
184.55999888	0.41749320	2.80617700
184.63999888	0.32898950	2.80617700
184.71999888	0.32898950	2.71828400
184.79999888	0.32898950	2.71828400
184.87999888	0.32898950	2.63069600
184.95999888	0.32898950	2.63069600
185.03999888	0.32898950	2.54280200
185.11999887	0.32898950	2.54280200
185.19999887	0.32898950	2.45490900
185.27999887	0.24048580	2.45490900
185.35999887	0.24048580	2.45490900
185.43999887	0.24048580	2.45490900
185.51999887	0.24048580	2.36701600
185.59999887	0.24048580	2.36701600
185.67999887	0.24048580	2.27942800
185.75999887	0.15167700	2.27942800
185.83999887	0.15167700	2.19153400
185.91999887	0.15167700	2.19153400
185.99999887	0.15167700	2.10364100
186.07999887	0.15167700	2.10364100
186.15999887	0.15167700	2.01574800
186.23999887	0.15167700	2.01574800
186.31999887	0.15167700	2.01574800
186.39999887	0.06317332	1.92815900
186.47999887	0.06317332	1.84026600
186.55999887	0.06317332	1.84026600
186.63999887	-0.02563555	1.84026600
186.71999887	-0.02563555	1.75237300
186.79999886	-0.02563555	1.75237300
186.87999886	-0.02563555	1.75237300
186.95999886	-0.02563555	1.66447900
187.03999886	-0.11413920	1.66447900
187.11999886	-0.11413920	1.57689100
187.19999886	-0.11413920	1.57689100
187.27999886	-0.11413920	1.48899800
187.35999886	-0.11413920	1.40110500
187.43999886	-0.11413920	1.40110500
187.51999886	-0.11413920	1.40110500
187.59999886	-0.11413920	1.31321100
187.67999886	-0.20294810	1.31321100
187.75999886	-0.20294810	1.31321100
187.83999886	-0.20294810	1.22531800
187.91999886	-0.20294810	1.13773000
187.99999886	-0.29145180	1.13773000
188.07999886	-0.29145180	1.04983700
188.15999886	-0.29145180	1.04983700
188.23999886	-0.38026060	1.04983700
188.31999886	-0.29145180	0.96194340
188.39999886	-0.38026060	0.87405010
188.47999885	-0.38026060	0.87405010
188.55999885	-0.38026060	0.87405010
188.63999885	-0.38026060	0.78646200
188.71999885	-0.38026060	0.78646200
188.79999885	-0.38026060	0.78646200
188.87999885	-0.38026060	0.69856870
188.95999885	-0.38026060	0.69856870
189.03999885	-0.46876430	0.69856870
189.11999885	-0.38026060	0.61067540
189.19999885	-0.38026060	0.61067540
189.27999885	-0.46876430	0.52278210
189.35999885	-0.46876430	0.52278210
189.43999885	-0.46876430	0.43519400
189.51999885	-0.46876430	0.43519400
189.59999885	-0.46876430	0.34730060
189.67999885	-0.46876430	0.34730060
189.75999885	-0.46876430	0.25940730
189.83999885	-0.46876430	0.17151400
189.91999885	-0.46876430	0.17151400
189.99999885	-0.46876430	0.17151400
190.07999884	-0.55757310	0.08392590
190.15999884	-0.46876430	-0.00366222
190.23999884	-0.46876430	-0.00366222
190.31999884	-0.55757310	-0.00366222
190.39999884	-0.46876430	-0.09155553
190.47999884	-0.55757310	-0.09155553
190.55999884	-0.55757310	-0.09155553
190.63999884	-0.55757310	-0.17944880
190.71999884	-0.55757310	-0.26734220
190.79999884	-0.55757310	-0.26734220
190.87999884	-0.46876430	-0.26734220
190.95999884	-0.55757310	-0.35493030
191.03999884	-0.55757310	-0.35493030
191.11999884	-0.55757310	-0.44282360
191.19999884	-0.55757310	-0.44282360
191.27999884	-0.55757310	-0.53071690
191.35999884	-0.55757310	-0.53071690
191.43999884	-0.55757310	-0.53071690
191.51999884	-0.55757310	-0.61861020
191.59999884	-0.55757310	-0.61861020
191.67999884	-0.55757310	-0.70619830
191.75999883	-0.55757310	-0.70619830
191.83999883	-0.55757310	-0.79409160
191.91999883	-0.55757310	-0.79409160
191.99999883	-0.64607690	-0.88198490
192.07999883	-0.55757310	-0.88198490
192.15999883	-0.55757310	-0.96987830
192.23999883	-0.64607690	-0.96987830
192.31999883	-0.64607690	-0.96987830
192.39999883	-0.64607690	-1.05746600
192.47999883	-0.64607690	-1.14536000
192.55999883	-0.64607690	-1.14536000
192.63999883	-0.64607690	-1.14536000
192.71999883	-0.64607690	-1.23325300
192.79999883	-0.64607690	-1.23325300
192.87999883	-0.64607690	-1.32114600
192.95999883	-0.64607690	-1.32114600
193.03999883	-0.64607690	-1.40904000
193.11999883	-0.64607690	-1.40904000
193.19999883	-0.64607690	-1.40904000
193.27999883	-0.64607690	-1.40904000
193.35999882	-0.73488570	-1.49662800
193.43999882	-0.73488570	-1.49662800
193.51999882	-0.64607690	-1.58452100
193.59999882	-0.64607690	-1.49662800
193.67999882	-0.73488570	-1.58452100
193.75999882	-0.64607690	-1.67241400
193.83999882	-0.64607690	-1.67241400
193.91999882	-0.73488570	-1.76030800
193.99999882	-0.73488570	-1.76030800
194.07999882	-0.73488570	-1.76030800
194.15999882	-0.73488570	-1.84789600
194.23999882	-0.64607690	-1.76030800
194.31999882	-0.64607690	-1.84789600
194.39999882	-0.73488570	-1.84789600
194.47999882	-0.73488570	-1.93578900
194.55999882	-0.73488570	-2.02368200
194.63999882	-0.73488570	-2.02368200
194.71999882	-0.73488570	-2.02368200
194.79999882	-0.73488570	-2.11157600
194.87999882	-0.73488570	-2.11157600
194.95999882	-0.73488570	-2.11157600
195.03999881	-0.73488570	-2.11157600
195.11999881	-0.73488570	-2.11157600
195.19999881	-0.73488570	-2.19916400
195.27999881	-0.73488570	-2.19916400
195.35999881	-0.73488570	-2.19916400
195.43999881	-0.73488570	-2.28705700
195.51999881	-0.73488570	-2.37495000
195.59999881	-0.73488570	-2.37495000
195.67999881	-0.73488570	-2.37495000
195.75999881	-0.73488570	-2.46284400
195.83999881	-0.73488570	-2.46284400
195.91999881	-0.73488570	-2.46284400
195.99999881	-0.73488570	-2.46284400
196.07999881	-0.73488570	-2.55043200
196.15999881	-0.73488570	-2.55043200
196.23999881	-0.73488570	-2.55043200
196.31999881	-0.73488570	-2.55043200
196.39999881	-0.73488570	-2.63832500
196.47999881	-0.73488570	-2.63832500
196.55999881	-0.73488570	-2.63832500
196.63999880	-0.73488570	-2.63832500
196.71999880	-0.73488570	-2.72621800
196.79999880	-0.73488570	-2.72621800
196.87999880	-0.73488570	-2.72621800
196.95999880	-0.73488570	-2.81411200
197.03999880	-0.73488570	-2.81411200
197.11999880	-0.73488570	-2.81411200
197.19999880	-0.82338940	-2.81411200
197.27999880	-0.73488570	-2.81411200
197.35999880	-0.73488570	-2.81411200
197.43999880	-0.73488570	-2.90200500
197.51999880	-0.73488570	-2.90200500
197.59999880	-0.73488570	-2.90200500
197.67999880	-0.73488570	-2.90200500
197.75999880	-0.73488570	-2.98959300
197.83999880	-0.82338940	-2.98959300
197.91999880	-0.73488570	-2.98959300
197.99999880	-0.73488570	-2.98959300
198.07999880	-0.73488570	-3.07748700
198.15999880	-0.73488570	-3.07748700
198.23999880	-0.82338940	-3.07748700
198.31999879	-0.82338940	-3.07748700
198.39999879	-0.73488570	-3.07748700
198.47999879	-0.73488570	-3.07748700
198.55999879	-0.82338940	-3.16538000
198.63999879	-0.82338940	-3.16538000
198.71999879	-0.73488570	-3.16538000
198.79999879	-0.82338940	-3.16538000
198.87999879	-0.82338940	-3.16538000
198.95999879	-0.73488570	-3.16538000
199.03999879	-0.73488570	-3.25327300
199.11999879	-0.73488570	-3.25327300
199.19999879	-0.82338940	-3.25327300
199.27999879	-0.73488570	-3.25327300
199.35999879	-0.82338940	-3.25327300
199.43999879	-0.82338940	-3.25327300
199.51999879	-0.73488570	-3.25327300
199.59999879	-0.73488570	-3.25327300
199.67999879	-0.82338940	-3.34086100
199.75999879	-0.82338940	-3.34086100
199.83999879	-0.82338940	-3.34086100
199.91999878	-0.82338940	-3.34086100
199.99999878	-0.82338940	-3.34086100
200.07999878	-0.82338940	-3.34086100
200.15999878	-0.82338940	-3.34086100
200.23999878	-0.73488570	-3.34086100
