Time	Channel A	Channel B
(us)	(V)	(V)

0.00000000	5.82567800	2.63069600
0.08000000	5.82567800	2.63069600
0.16000000	5.82567800	2.54280200
0.24000000	5.82567800	2.54280200
0.32000000	5.82567800	2.54280200
0.40000000	5.82567800	2.54280200
0.48000000	5.73717500	2.45490900
0.56000000	5.82567800	2.45490900
0.64000000	5.82567800	2.45490900
0.72000000	5.82567800	2.45490900
0.80000000	5.82567800	2.36701600
0.87999999	5.82567800	2.36701600
0.95999999	5.82567800	2.36701600
1.03999999	5.73717500	2.27942800
1.11999999	5.73717500	2.27942800
1.19999999	5.73717500	2.27942800
1.27999999	5.73717500	2.19153400
1.35999999	5.73717500	2.19153400
1.43999999	5.73717500	2.19153400
1.51999999	5.73717500	2.19153400
1.59999999	5.82567800	2.10364100
1.67999999	5.73717500	2.10364100
1.75999999	5.73717500	2.10364100
1.83999999	5.73717500	2.10364100
1.91999999	5.73717500	2.01574800
1.99999999	5.73717500	2.01574800
2.07999999	5.73717500	2.01574800
2.15999999	5.73717500	2.01574800
2.23999999	5.64836500	1.92815900
2.31999999	5.64836500	1.92815900
2.39999999	5.64836500	1.92815900
2.47999998	5.64836500	1.92815900
2.55999998	5.64836500	1.84026600
2.63999998	5.64836500	1.84026600
2.71999998	5.64836500	1.84026600
2.79999998	5.64836500	1.75237300
2.87999998	5.64836500	1.75237300
2.95999998	5.64836500	1.75237300
3.03999998	5.64836500	1.75237300
3.11999998	5.64836500	1.75237300
3.19999998	5.64836500	1.57689100
3.27999998	5.64836500	1.66447900
3.35999998	5.55986200	1.57689100
3.43999998	5.64836500	1.57689100
3.51999998	5.55986200	1.57689100
3.59999998	5.55986200	1.57689100
3.67999998	5.55986200	1.48899800
3.75999998	5.55986200	1.48899800
3.83999998	5.47105300	1.48899800
3.91999998	5.20523700	1.40110500
3.99999998	4.76180300	1.40110500
4.07999998	4.40717800	1.40110500
4.15999997	4.31867400	1.40110500
4.23999997	4.31867400	1.31321100
4.31999997	4.31867400	1.31321100
4.39999997	4.31867400	1.31321100
4.47999997	4.31867400	1.22531800
4.55999997	4.31867400	1.22531800
4.63999997	4.31867400	1.22531800
4.71999997	4.31867400	1.13773000
4.79999997	4.31867400	1.13773000
4.87999997	4.31867400	1.13773000
4.95999997	4.31867400	1.04983700
5.03999997	4.22986600	1.04983700
5.11999997	4.22986600	1.04983700
5.19999997	4.31867400	1.04983700
5.27999997	4.31867400	1.04983700
5.35999997	4.31867400	0.96194340
5.43999997	4.22986600	0.87405010
5.51999997	4.22986600	0.96194340
5.59999997	4.22986600	0.96194340
5.67999997	4.22986600	0.87405010
5.75999996	4.22986600	0.87405010
5.83999996	4.22986600	0.78646200
5.91999996	4.22986600	0.78646200
5.99999996	4.22986600	0.78646200
6.07999996	4.22986600	0.78646200
6.15999996	4.22986600	0.69856870
6.23999996	4.22986600	0.69856870
6.31999996	4.22986600	0.69856870
6.39999996	4.22986600	0.61067540
6.47999996	4.22986600	0.61067540
6.55999996	4.22986600	0.61067540
6.63999996	4.22986600	0.52278210
6.71999996	4.22986600	0.52278210
6.79999996	4.22986600	0.52278210
6.87999996	4.22986600	0.52278210
6.95999996	4.22986600	0.52278210
7.03999996	4.22986600	0.43519400
7.11999996	4.22986600	0.43519400
7.19999996	4.22986600	0.43519400
7.27999996	4.22986600	0.34730060
7.35999996	4.22986600	0.34730060
7.43999995	4.22986600	0.34730060
7.51999995	4.22986600	0.25940730
7.59999995	4.22986600	0.25940730
7.67999995	4.22986600	0.17151400
7.75999995	4.22986600	0.17151400
7.83999995	4.22986600	0.17151400
7.91999995	4.22986600	0.08392590
7.99999995	4.22986600	0.08392590
8.07999995	4.22986600	0.08392590
8.15999995	4.22986600	-0.00366222
8.23999995	4.22986600	-0.00366222
8.31999995	4.22986600	-0.00366222
8.39999995	4.22986600	-0.00366222
8.47999995	4.22986600	-0.09155553
8.55999995	4.22986600	-0.09155553
8.63999995	4.22986600	-0.09155553
8.71999995	4.22986600	-0.09155553
8.79999995	4.22986600	-0.17944880
8.87999995	4.22986600	-0.17944880
8.95999995	4.22986600	-0.26734220
9.03999995	4.22986600	-0.26734220
9.11999994	4.22986600	-0.26734220
9.19999994	4.31867400	-0.35493030
9.27999994	4.31867400	-0.35493030
9.35999994	4.31867400	-0.35493030
9.43999994	4.05255300	-0.44282360
9.51999994	3.16599000	-0.44282360
9.59999994	1.39286500	-0.44282360
9.67999994	0.94943080	-0.44282360
9.75999994	0.68361460	-0.53071690
9.83999994	0.68361460	-0.53071690
9.91999994	0.68361460	-0.53071690
9.99999994	0.68361460	-0.53071690
10.07999994	0.68361460	-0.61861020
10.15999994	0.68361460	-0.61861020
10.23999994	0.68361460	-0.61861020
10.31999994	0.68361460	-0.70619830
10.39999994	0.68361460	-0.70619830
10.47999994	0.68361460	-0.79409160
10.55999994	0.68361460	-0.79409160
10.63999994	0.77211830	-0.79409160
10.71999993	0.68361460	-0.79409160
10.79999993	0.68361460	-0.88198490
10.87999993	0.68361460	-0.88198490
10.95999993	0.68361460	-0.96987830
11.03999993	0.77211830	-0.96987830
11.11999993	0.77211830	-1.05746600
11.19999993	0.77211830	-1.05746600
11.27999993	0.77211830	-1.05746600
11.35999993	0.77211830	-1.05746600
11.43999993	0.77211830	-1.14536000
11.51999993	0.77211830	-1.14536000
11.59999993	0.77211830	-1.23325300
11.67999993	0.77211830	-1.23325300
11.75999993	0.77211830	-1.23325300
11.83999993	0.77211830	-1.32114600
11.91999993	0.77211830	-1.32114600
11.99999993	0.77211830	-1.40904000
12.07999993	0.86092720	-1.40904000
12.15999993	0.86092720	-1.40904000
12.23999993	0.86092720	-1.40904000
12.31999993	0.77211830	-1.49662800
12.39999992	0.86092720	-1.49662800
12.47999992	0.86092720	-1.58452100
12.55999992	0.86092720	-1.58452100
12.63999992	0.86092720	-1.67241400
12.71999992	0.86092720	-1.67241400
12.79999992	0.86092720	-1.67241400
12.87999992	0.77211830	-1.76030800
12.95999992	0.86092720	-1.76030800
13.03999992	0.86092720	-1.76030800
13.11999992	0.86092720	-1.84789600
13.19999992	0.86092720	-1.84789600
13.27999992	0.86092720	-1.93578900
13.35999992	0.86092720	-1.93578900
13.43999992	0.86092720	-1.93578900
13.51999992	0.86092720	-2.02368200
13.59999992	0.86092720	-2.02368200
13.67999992	0.86092720	-2.11157600
13.75999992	0.86092720	-2.11157600
13.83999992	0.86092720	-2.11157600
13.91999992	0.86092720	-2.19916400
13.99999991	0.86092720	-2.19916400
14.07999991	0.94943080	-2.19916400
14.15999991	0.86092720	-2.28705700
14.23999991	0.86092720	-2.28705700
14.31999991	0.94943080	-2.37495000
14.39999991	0.94943080	-2.37495000
14.47999991	0.94943080	-2.37495000
14.55999991	0.86092720	-2.46284400
14.63999991	0.86092720	-2.46284400
14.71999991	0.86092720	-2.55043200
14.79999991	0.86092720	-2.55043200
14.87999991	0.86092720	-2.55043200
14.95999991	0.94943080	-2.63832500
15.03999991	0.94943080	-2.63832500
15.11999991	0.94943080	-2.63832500
15.19999991	0.94943080	-2.72621800
15.27999991	0.94943080	-2.81411200
15.35999991	0.86092720	-2.81411200
15.43999991	0.86092720	-2.81411200
15.51999991	0.94943080	-2.90200500
15.59999991	0.94943080	-2.90200500
15.67999990	0.94943080	-2.90200500
15.75999990	0.94943080	-2.90200500
15.83999990	0.94943080	-2.98959300
15.91999990	0.94943080	-2.98959300
15.99999990	0.94943080	-3.07748700
16.07999990	0.94943080	-3.07748700
16.15999990	0.94943080	-3.16538000
16.23999990	0.94943080	-3.16538000
16.31999990	0.94943080	-3.16538000
16.39999990	0.94943080	-3.16538000
16.47999990	0.94943080	-3.25327300
16.55999990	0.94943080	-3.25327300
16.63999990	0.94943080	-3.34086100
16.71999990	0.94943080	-3.34086100
16.79999990	0.94943080	-3.34086100
16.87999990	1.03824000	-3.34086100
16.95999990	0.94943080	-3.34086100
17.03999990	0.94943080	-3.42875500
17.11999990	0.94943080	-3.51664800
17.19999990	0.94943080	-3.51664800
17.27999989	0.94943080	-3.51664800
17.35999989	0.94943080	-3.51664800
17.43999989	0.94943080	-3.60454100
17.51999989	0.94943080	-3.60454100
17.59999989	0.94943080	-3.60454100
17.67999989	0.94943080	-3.69212900
17.75999989	0.94943080	-3.69212900
17.83999989	0.94943080	-3.69212900
17.91999989	1.03824000	-3.78002300
17.99999989	0.94943080	-3.78002300
18.07999989	0.94943080	-3.78002300
18.15999989	0.94943080	-3.86791600
18.23999989	0.94943080	-3.86791600
18.31999989	1.03824000	-3.86791600
18.39999989	0.94943080	-3.86791600
18.47999989	0.94943080	-3.86791600
18.55999989	0.94943080	-3.95580900
18.63999989	0.94943080	-3.95580900
18.71999989	0.94943080	-3.95580900
18.79999989	0.94943080	-4.04339700
18.87999989	0.94943080	-4.04339700
18.95999988	0.94943080	-4.04339700
19.03999988	0.94943080	-4.04339700
19.11999988	0.94943080	-4.04339700
19.19999988	0.94943080	-4.13129000
19.27999988	0.94943080	-4.13129000
19.35999988	0.94943080	-4.04339700
19.43999988	0.94943080	-4.13129000
19.51999988	0.94943080	-4.21918400
19.59999988	0.94943080	-4.21918400
19.67999988	0.94943080	-4.21918400
19.75999988	0.94943080	-4.21918400
19.83999988	1.03824000	-4.21918400
19.91999988	0.94943080	-4.21918400
19.99999988	0.94943080	-4.21918400
20.07999988	0.94943080	-4.30707700
20.15999988	0.94943080	-4.30707700
20.23999988	0.94943080	-4.30707700
20.31999988	0.94943080	-4.30707700
20.39999988	0.94943080	-4.30707700
20.47999988	1.03824000	-4.30707700
20.55999988	0.94943080	-4.30707700
20.63999987	0.94943080	-4.30707700
20.71999987	0.94943080	-4.39497000
20.79999987	0.94943080	-4.39497000
20.87999987	0.94943080	-4.30707700
20.95999987	0.94943080	-4.39497000
21.03999987	0.94943080	-4.39497000
21.11999987	0.94943080	-4.39497000
21.19999987	0.94943080	-4.39497000
21.27999987	0.94943080	-4.39497000
21.35999987	0.94943080	-4.39497000
21.43999987	0.94943080	-4.39497000
21.51999987	0.94943080	-4.39497000
21.59999987	0.94943080	-4.39497000
21.67999987	0.94943080	-4.39497000
21.75999987	0.94943080	-4.39497000
21.83999987	0.94943080	-4.39497000
21.91999987	0.94943080	-4.39497000
21.99999987	0.94943080	-4.39497000
22.07999987	0.94943080	-4.39497000
22.15999987	0.94943080	-4.39497000
22.23999986	0.94943080	-4.39497000
22.31999986	0.86092720	-4.39497000
22.39999986	0.94943080	-4.39497000
22.47999986	0.94943080	-4.39497000
22.55999986	0.94943080	-4.39497000
22.63999986	0.94943080	-4.39497000
22.71999986	0.94943080	-4.39497000
22.79999986	0.94943080	-4.39497000
22.87999986	0.94943080	-4.39497000
22.95999986	0.94943080	-4.39497000
23.03999986	0.94943080	-4.30707700
23.11999986	0.86092720	-4.30707700
23.19999986	0.94943080	-4.30707700
23.27999986	0.86092720	-4.30707700
23.35999986	0.86092720	-4.30707700
23.43999986	0.94943080	-4.30707700
23.51999986	0.86092720	-4.21918400
23.59999986	0.94943080	-4.21918400
23.67999986	0.94943080	-4.21918400
23.75999986	0.94943080	-4.21918400
23.83999986	0.94943080	-4.21918400
23.91999985	0.94943080	-4.21918400
23.99999985	0.86092720	-4.21918400
24.07999985	0.86092720	-4.21918400
24.15999985	0.94943080	-4.13129000
24.23999985	0.94943080	-4.13129000
24.31999985	0.86092720	-4.21918400
24.39999985	0.86092720	-4.13129000
24.47999985	0.86092720	-4.04339700
24.55999985	0.94943080	-4.04339700
24.63999985	0.86092720	-4.04339700
24.71999985	0.86092720	-4.04339700
24.79999985	0.86092720	-4.04339700
24.87999985	0.86092720	-3.95580900
24.95999985	0.94943080	-3.95580900
25.03999985	0.86092720	-3.86791600
25.11999985	0.94943080	-3.86791600
25.19999985	0.86092720	-3.86791600
25.27999985	0.86092720	-3.86791600
25.35999985	0.86092720	-3.86791600
25.43999985	0.86092720	-3.86791600
25.51999984	0.86092720	-3.78002300
25.59999984	0.86092720	-3.78002300
25.67999984	0.86092720	-3.69212900
25.75999984	0.86092720	-3.69212900
25.83999984	0.86092720	-3.69212900
25.91999984	0.86092720	-3.60454100
25.99999984	0.86092720	-3.60454100
26.07999984	0.86092720	-3.60454100
26.15999984	0.86092720	-3.51664800
26.23999984	0.86092720	-3.51664800
26.31999984	0.86092720	-3.51664800
26.39999984	0.86092720	-3.42875500
26.47999984	0.86092720	-3.34086100
26.55999984	0.86092720	-3.34086100
26.63999984	0.86092720	-3.34086100
26.71999984	0.86092720	-3.25327300
26.79999984	0.86092720	-3.25327300
26.87999984	0.86092720	-3.16538000
26.95999984	0.86092720	-3.16538000
27.03999984	0.86092720	-3.16538000
27.11999984	0.86092720	-3.16538000
27.19999983	0.86092720	-3.07748700
27.27999983	0.86092720	-2.98959300
27.35999983	0.86092720	-3.07748700
27.43999983	0.86092720	-2.98959300
27.51999983	0.86092720	-2.90200500
27.59999983	0.86092720	-2.90200500
27.67999983	0.86092720	-2.81411200
27.75999983	0.86092720	-2.81411200
27.83999983	0.86092720	-2.81411200
27.91999983	0.86092720	-2.72621800
27.99999983	0.86092720	-2.72621800
28.07999983	0.86092720	-2.72621800
28.15999983	0.86092720	-2.63832500
28.23999983	0.77211830	-2.63832500
28.31999983	0.86092720	-2.55043200
28.39999983	0.77211830	-2.46284400
28.47999983	0.77211830	-2.46284400
28.55999983	0.86092720	-2.46284400
28.63999983	0.86092720	-2.37495000
28.71999983	0.86092720	-2.37495000
28.79999982	0.77211830	-2.28705700
28.87999982	0.86092720	-2.19916400
28.95999982	0.77211830	-2.19916400
29.03999982	0.86092720	-2.19916400
29.11999982	0.77211830	-2.19916400
29.19999982	0.86092720	-2.11157600
29.27999982	0.77211830	-2.11157600
29.35999982	0.77211830	-1.93578900
29.43999982	0.77211830	-1.93578900
29.51999982	0.77211830	-1.93578900
29.59999982	0.86092720	-1.84789600
29.67999982	0.77211830	-1.84789600
29.75999982	0.77211830	-1.76030800
29.83999982	0.77211830	-1.76030800
29.91999982	0.77211830	-1.76030800
29.99999982	0.77211830	-1.67241400
30.07999982	0.77211830	-1.67241400
30.15999982	0.77211830	-1.58452100
30.23999982	0.77211830	-1.49662800
30.31999982	0.77211830	-1.49662800
30.39999982	0.77211830	-1.40904000
30.47999981	0.77211830	-1.40904000
30.55999981	0.77211830	-1.40904000
30.63999981	0.77211830	-1.32114600
30.71999981	0.77211830	-1.23325300
30.79999981	0.77211830	-1.23325300
30.87999981	0.77211830	-1.23325300
30.95999981	0.77211830	-1.14536000
31.03999981	0.77211830	-1.05746600
31.11999981	0.68361460	-1.05746600
31.19999981	0.68361460	-0.96987830
31.27999981	0.77211830	-0.88198490
31.35999981	0.68361460	-0.88198490
31.43999981	0.68361460	-0.79409160
31.51999981	0.68361460	-0.79409160
31.59999981	0.77211830	-0.70619830
31.67999981	0.68361460	-0.61861020
31.75999981	0.77211830	-0.61861020
31.83999981	0.77211830	-0.53071690
31.91999981	0.68361460	-0.53071690
31.99999981	0.68361460	-0.44282360
32.07999981	0.77211830	-0.44282360
32.15999980	0.77211830	-0.35493030
32.23999980	0.77211830	-0.35493030
32.31999980	0.68361460	-0.26734220
32.39999980	0.68361460	-0.17944880
32.47999980	0.68361460	-0.17944880
32.55999980	0.68361460	-0.09155553
32.63999980	0.68361460	-0.09155553
32.71999980	0.68361460	-0.00366222
32.79999980	0.68361460	-0.00366222
32.87999980	0.68361460	-0.00366222
32.95999980	0.68361460	0.17151400
33.03999980	0.68361460	0.17151400
33.11999980	0.68361460	0.25940730
33.19999980	0.68361460	0.34730060
33.27999980	0.68361460	0.34730060
33.35999980	0.68361460	0.34730060
33.43999980	0.68361460	0.52278210
33.51999980	0.68361460	0.52278210
33.59999980	0.68361460	0.61067540
33.67999980	0.68361460	0.61067540
33.75999979	0.68361460	0.61067540
33.83999979	0.68361460	0.69856870
33.91999979	0.68361460	0.69856870
33.99999979	0.68361460	0.78646200
34.07999979	0.68361460	0.87405010
34.15999979	0.68361460	0.87405010
34.23999979	0.68361460	0.87405010
34.31999979	0.68361460	1.04983700
34.39999979	0.68361460	1.04983700
34.47999979	0.68361460	1.04983700
34.55999979	0.68361460	1.13773000
34.63999979	0.68361460	1.13773000
34.71999979	0.68361460	1.22531800
34.79999979	0.68361460	1.31321100
34.87999979	0.68361460	1.31321100
34.95999979	0.68361460	1.40110500
35.03999979	0.59480580	1.40110500
35.11999979	0.59480580	1.40110500
35.19999979	0.59480580	1.57689100
35.27999979	0.59480580	1.57689100
35.35999979	0.68361460	1.66447900
35.43999978	0.59480580	1.75237300
35.51999978	0.59480580	1.75237300
35.59999978	0.59480580	1.75237300
35.67999978	0.59480580	1.84026600
35.75999978	0.59480580	1.84026600
35.83999978	0.50630210	1.92815900
35.91999978	0.50630210	1.92815900
35.99999978	0.50630210	2.01574800
36.07999978	0.50630210	2.10364100
36.15999978	0.50630210	2.10364100
36.23999978	0.50630210	2.10364100
36.31999978	0.50630210	2.19153400
36.39999978	0.50630210	2.27942800
36.47999978	0.50630210	2.27942800
36.55999978	0.50630210	2.36701600
36.63999978	0.50630210	2.36701600
36.71999978	0.59480580	2.45490900
36.79999978	0.50630210	2.45490900
36.87999978	0.50630210	2.54280200
36.95999978	0.50630210	2.54280200
37.03999977	0.59480580	2.63069600
37.11999977	0.59480580	2.63069600
37.19999977	0.50630210	2.71828400
37.27999977	0.59480580	2.71828400
37.35999977	0.59480580	2.80617700
37.43999977	0.50630210	2.80617700
37.51999977	0.59480580	2.80617700
37.59999977	0.59480580	2.89407000
37.67999977	0.59480580	2.89407000
37.75999977	0.50630210	2.98196400
37.83999977	0.59480580	2.98196400
37.91999977	0.59480580	2.98196400
37.99999977	0.59480580	3.06985700
38.07999977	0.59480580	3.15744500
38.15999977	0.59480580	3.15744500
38.23999977	0.59480580	3.24533800
38.31999977	0.59480580	3.33323200
38.39999977	0.59480580	3.33323200
38.47999977	0.59480580	3.33323200
38.55999977	0.59480580	3.33323200
38.63999977	0.59480580	3.42112500
38.71999976	0.59480580	3.42112500
38.79999976	0.59480580	3.50871300
38.87999976	0.59480580	3.50871300
38.95999976	0.59480580	3.59660600
39.03999976	0.59480580	3.59660600
39.11999976	0.59480580	3.59660600
39.19999976	0.59480580	3.68450000
39.27999976	0.59480580	3.68450000
39.35999976	0.59480580	3.68450000
39.43999976	0.59480580	3.77239300
39.51999976	0.59480580	3.85998100
39.59999976	0.59480580	3.85998100
39.67999976	0.59480580	3.85998100
39.75999976	0.59480580	3.85998100
39.83999976	0.59480580	3.94787400
39.91999976	0.59480580	3.94787400
39.99999976	0.59480580	3.94787400
40.07999976	0.59480580	4.03576800
40.15999976	0.59480580	4.03576800
40.23999976	0.59480580	4.12366100
40.31999975	0.59480580	4.12366100
40.39999975	0.59480580	4.12366100
40.47999975	0.59480580	4.21124900
40.55999975	0.59480580	4.21124900
40.63999975	0.59480580	4.21124900
40.71999975	0.59480580	4.21124900
40.79999975	0.68361460	4.21124900
40.87999975	0.59480580	4.29914200
40.95999975	0.59480580	4.29914200
41.03999975	0.68361460	4.38703600
41.11999975	0.68361460	4.38703600
41.19999975	0.59480580	4.38703600
41.27999975	0.59480580	4.47492900
41.35999975	0.59480580	4.47492900
41.43999975	0.59480580	4.47492900
41.51999975	0.59480580	4.47492900
41.59999975	0.68361460	4.56282200
41.67999975	0.59480580	4.56282200
41.75999975	0.59480580	4.56282200
41.83999975	0.68361460	4.56282200
41.91999975	0.68361460	4.56282200
41.99999974	0.59480580	4.65041100
42.07999974	0.68361460	4.65041100
42.15999974	0.68361460	4.65041100
42.23999974	0.68361460	4.65041100
42.31999974	0.59480580	4.73830400
42.39999974	0.68361460	4.65041100
42.47999974	0.68361460	4.73830400
42.55999974	0.59480580	4.73830400
42.63999974	0.68361460	4.73830400
42.71999974	0.59480580	4.73830400
42.79999974	0.59480580	4.82619700
42.87999974	0.59480580	4.82619700
42.95999974	0.68361460	4.82619700
43.03999974	0.68361460	4.82619700
43.11999974	0.68361460	4.82619700
43.19999974	0.68361460	4.82619700
43.27999974	0.68361460	4.82619700
43.35999974	0.68361460	4.91409000
43.43999974	0.68361460	4.82619700
43.51999974	0.68361460	4.91409000
43.59999974	0.59480580	4.91409000
43.67999973	0.68361460	4.91409000
43.75999973	0.68361460	4.91409000
43.83999973	0.68361460	4.91409000
43.91999973	0.68361460	4.91409000
43.99999973	0.68361460	4.91409000
44.07999973	0.68361460	4.91409000
44.15999973	0.68361460	4.91409000
44.23999973	0.68361460	4.91409000
44.31999973	0.68361460	4.91409000
44.39999973	0.68361460	4.91409000
44.47999973	0.59480580	4.91409000
44.55999973	0.68361460	4.91409000
44.63999973	0.68361460	4.91409000
44.71999973	0.68361460	4.91409000
44.79999973	0.68361460	4.91409000
44.87999973	0.68361460	4.91409000
44.95999973	0.68361460	4.91409000
45.03999973	0.68361460	4.91409000
45.11999973	0.68361460	4.91409000
45.19999973	0.68361460	4.91409000
45.27999972	0.68361460	4.91409000
45.35999972	0.68361460	4.91409000
45.43999972	0.68361460	4.91409000
45.51999972	0.68361460	4.91409000
45.59999972	0.68361460	4.91409000
45.67999972	0.68361460	4.91409000
45.75999972	0.59480580	4.91409000
45.83999972	0.68361460	4.82619700
45.91999972	0.68361460	4.82619700
45.99999972	0.68361460	4.82619700
46.07999972	0.68361460	4.82619700
46.15999972	0.68361460	4.82619700
46.23999972	0.68361460	4.82619700
46.31999972	0.68361460	4.82619700
46.39999972	0.68361460	4.73830400
46.47999972	0.68361460	4.73830400
46.55999972	0.68361460	4.73830400
46.63999972	0.68361460	4.73830400
46.71999972	0.68361460	4.73830400
46.79999972	0.68361460	4.73830400
46.87999972	0.68361460	4.65041100
46.95999971	0.68361460	4.65041100
47.03999971	0.68361460	4.65041100
47.11999971	0.68361460	4.65041100
47.19999971	0.68361460	4.56282200
47.27999971	0.68361460	4.56282200
47.35999971	0.68361460	4.56282200
47.43999971	0.68361460	4.56282200
47.51999971	0.68361460	4.56282200
47.59999971	0.59480580	4.56282200
47.67999971	0.68361460	4.47492900
47.75999971	0.68361460	4.47492900
47.83999971	0.68361460	4.47492900
47.91999971	0.68361460	4.38703600
47.99999971	0.68361460	4.38703600
48.07999971	0.68361460	4.38703600
48.15999971	0.68361460	4.38703600
48.23999971	0.68361460	4.29914200
48.31999971	0.68361460	4.29914200
48.39999971	0.68361460	4.29914200
48.47999971	0.68361460	4.21124900
48.55999970	0.68361460	4.21124900
48.63999970	0.68361460	4.21124900
48.71999970	0.68361460	4.21124900
48.79999970	0.68361460	4.21124900
48.87999970	0.68361460	4.12366100
48.95999970	0.68361460	4.12366100
49.03999970	0.68361460	4.03576800
49.11999970	0.68361460	4.03576800
49.19999970	0.68361460	4.03576800
49.27999970	0.68361460	3.94787400
49.35999970	0.68361460	3.94787400
49.43999970	0.68361460	3.94787400
49.51999970	0.68361460	3.85998100
49.59999970	0.59480580	3.85998100
49.67999970	0.68361460	3.85998100
49.75999970	0.68361460	3.77239300
49.83999970	0.68361460	3.77239300
49.91999970	0.68361460	3.77239300
49.99999970	0.68361460	3.77239300
50.07999970	0.68361460	3.68450000
50.15999970	0.68361460	3.68450000
50.23999969	0.68361460	3.59660600
50.31999969	0.59480580	3.59660600
50.39999969	0.68361460	3.59660600
50.47999969	0.59480580	3.50871300
50.55999969	0.68361460	3.50871300
50.63999969	0.68361460	3.50871300
50.71999969	0.59480580	3.42112500
50.79999969	0.59480580	3.42112500
50.87999969	0.59480580	3.42112500
50.95999969	0.59480580	3.33323200
51.03999969	0.59480580	3.33323200
51.11999969	0.50630210	3.24533800
51.19999969	0.59480580	3.24533800
51.27999969	0.59480580	3.15744500
51.35999969	0.50630210	3.15744500
51.43999969	0.50630210	3.06985700
51.51999969	0.50630210	3.06985700
51.59999969	0.50630210	3.06985700
51.67999969	0.50630210	2.98196400
51.75999969	0.50630210	2.98196400
51.83999968	0.50630210	2.89407000
51.91999968	0.41749320	2.89407000
51.99999968	0.41749320	2.89407000
52.07999968	0.32898950	2.80617700
52.15999968	0.41749320	2.80617700
52.23999968	0.32898950	2.80617700
52.31999968	0.32898950	2.80617700
52.39999968	0.32898950	2.71828400
52.47999968	0.32898950	2.71828400
52.55999968	0.32898950	2.63069600
52.63999968	0.32898950	2.63069600
52.71999968	0.32898950	2.54280200
52.79999968	0.32898950	2.54280200
52.87999968	0.24048580	2.45490900
52.95999968	0.24048580	2.45490900
53.03999968	0.24048580	2.45490900
53.11999968	0.24048580	2.36701600
53.19999968	0.24048580	2.27942800
53.27999968	0.24048580	2.27942800
53.35999968	0.15167700	2.27942800
53.43999968	0.15167700	2.19153400
53.51999967	0.15167700	2.19153400
53.59999967	0.15167700	2.19153400
53.67999967	0.15167700	2.10364100
53.75999967	0.15167700	2.10364100
53.83999967	0.06317332	2.01574800
53.91999967	0.06317332	2.01574800
53.99999967	0.06317332	1.92815900
54.07999967	0.06317332	1.92815900
54.15999967	-0.02563555	1.84026600
54.23999967	-0.02563555	1.84026600
54.31999967	-0.02563555	1.75237300
54.39999967	-0.02563555	1.75237300
54.47999967	-0.02563555	1.75237300
54.55999967	-0.02563555	1.75237300
54.63999967	-0.02563555	1.66447900
54.71999967	-0.11413920	1.57689100
54.79999967	-0.11413920	1.48899800
54.87999967	-0.11413920	1.48899800
54.95999967	-0.11413920	1.48899800
55.03999967	-0.11413920	1.40110500
55.11999967	-0.11413920	1.40110500
55.19999966	-0.20294810	1.40110500
55.27999966	-0.20294810	1.31321100
55.35999966	-0.20294810	1.31321100
55.43999966	-0.20294810	1.22531800
55.51999966	-0.20294810	1.22531800
55.59999966	-0.20294810	1.13773000
55.67999966	-0.29145180	1.13773000
55.75999966	-0.29145180	1.04983700
55.83999966	-0.29145180	1.04983700
55.91999966	-0.29145180	1.04983700
55.99999966	-0.38026060	0.96194340
56.07999966	-0.38026060	0.87405010
56.15999966	-0.38026060	0.96194340
56.23999966	-0.38026060	0.87405010
56.31999966	-0.38026060	0.78646200
56.39999966	-0.38026060	0.78646200
56.47999966	-0.38026060	0.69856870
56.55999966	-0.38026060	0.69856870
56.63999966	-0.46876430	0.61067540
56.71999966	-0.38026060	0.61067540
56.79999965	-0.46876430	0.61067540
56.87999965	-0.46876430	0.52278210
56.95999965	-0.46876430	0.52278210
57.03999965	-0.46876430	0.43519400
57.11999965	-0.46876430	0.43519400
57.19999965	-0.46876430	0.34730060
57.27999965	-0.46876430	0.34730060
57.35999965	-0.46876430	0.25940730
57.43999965	-0.46876430	0.17151400
57.51999965	-0.46876430	0.17151400
57.59999965	-0.46876430	0.17151400
57.67999965	-0.46876430	0.08392590
57.75999965	-0.46876430	0.08392590
57.83999965	-0.46876430	-0.00366222
57.91999965	-0.55757310	-0.00366222
57.99999965	-0.55757310	-0.00366222
58.07999965	-0.55757310	-0.09155553
58.15999965	-0.55757310	-0.09155553
58.23999965	-0.55757310	-0.17944880
58.31999965	-0.55757310	-0.17944880
58.39999965	-0.55757310	-0.26734220
58.47999964	-0.55757310	-0.26734220
58.55999964	-0.55757310	-0.35493030
58.63999964	-0.55757310	-0.35493030
58.71999964	-0.55757310	-0.44282360
58.79999964	-0.55757310	-0.44282360
58.87999964	-0.55757310	-0.53071690
58.95999964	-0.55757310	-0.53071690
59.03999964	-0.55757310	-0.53071690
59.11999964	-0.55757310	-0.61861020
59.19999964	-0.64607690	-0.70619830
59.27999964	-0.55757310	-0.70619830
59.35999964	-0.55757310	-0.70619830
59.43999964	-0.55757310	-0.79409160
59.51999964	-0.64607690	-0.79409160
59.59999964	-0.64607690	-0.88198490
59.67999964	-0.64607690	-0.88198490
59.75999964	-0.55757310	-0.88198490
59.83999964	-0.64607690	-0.96987830
59.91999964	-0.64607690	-1.05746600
59.99999964	-0.64607690	-1.05746600
60.07999963	-0.64607690	-1.05746600
60.15999963	-0.64607690	-1.14536000
60.23999963	-0.64607690	-1.14536000
60.31999963	-0.64607690	-1.23325300
60.39999963	-0.64607690	-1.23325300
60.47999963	-0.64607690	-1.23325300
60.55999963	-0.64607690	-1.32114600
60.63999963	-0.64607690	-1.32114600
60.71999963	-0.64607690	-1.40904000
60.79999963	-0.73488570	-1.40904000
60.87999963	-0.73488570	-1.40904000
60.95999963	-0.64607690	-1.49662800
61.03999963	-0.64607690	-1.49662800
61.11999963	-0.64607690	-1.49662800
61.19999963	-0.73488570	-1.58452100
61.27999963	-0.73488570	-1.58452100
61.35999963	-0.73488570	-1.67241400
61.43999963	-0.73488570	-1.67241400
61.51999963	-0.73488570	-1.76030800
61.59999963	-0.73488570	-1.76030800
61.67999963	-0.73488570	-1.76030800
61.75999962	-0.73488570	-1.76030800
61.83999962	-0.73488570	-1.84789600
61.91999962	-0.73488570	-1.93578900
61.99999962	-0.73488570	-1.93578900
62.07999962	-0.73488570	-1.93578900
62.15999962	-0.73488570	-2.02368200
62.23999962	-0.73488570	-2.02368200
62.31999962	-0.73488570	-2.02368200
62.39999962	-0.73488570	-2.02368200
62.47999962	-0.73488570	-2.11157600
62.55999962	-0.73488570	-2.11157600
62.63999962	-0.73488570	-2.11157600
62.71999962	-0.73488570	-2.19916400
62.79999962	-0.73488570	-2.19916400
62.87999962	-0.73488570	-2.19916400
62.95999962	-0.73488570	-2.28705700
63.03999962	-0.73488570	-2.28705700
63.11999962	-0.73488570	-2.28705700
63.19999962	-0.73488570	-2.37495000
63.27999962	-0.73488570	-2.37495000
63.35999961	-0.73488570	-2.37495000
63.43999961	-0.73488570	-2.46284400
63.51999961	-0.73488570	-2.46284400
63.59999961	-0.73488570	-2.46284400
63.67999961	-0.73488570	-2.46284400
63.75999961	-0.73488570	-2.55043200
63.83999961	-0.73488570	-2.55043200
63.91999961	-0.73488570	-2.63832500
63.99999961	-0.73488570	-2.63832500
64.07999961	-0.73488570	-2.63832500
64.15999961	-0.73488570	-2.63832500
64.23999961	-0.73488570	-2.72621800
64.31999961	-0.73488570	-2.72621800
64.39999961	-0.73488570	-2.72621800
64.47999961	-0.73488570	-2.81411200
64.55999961	-0.73488570	-2.81411200
64.63999961	-0.73488570	-2.81411200
64.71999961	-0.73488570	-2.81411200
64.79999961	-0.82338940	-2.81411200
64.87999961	-0.73488570	-2.81411200
64.95999961	-0.82338940	-2.81411200
65.03999960	-0.82338940	-2.90200500
65.11999960	-0.73488570	-2.90200500
65.19999960	-0.73488570	-2.98959300
65.27999960	-0.82338940	-2.98959300
65.35999960	-0.73488570	-2.98959300
65.43999960	-0.82338940	-2.98959300
65.51999960	-0.73488570	-2.98959300
65.59999960	-0.82338940	-3.07748700
65.67999960	-0.73488570	-3.07748700
65.75999960	-0.82338940	-3.07748700
65.83999960	-0.82338940	-3.07748700
65.91999960	-0.82338940	-3.16538000
65.99999960	-0.82338940	-3.16538000
66.07999960	-0.73488570	-3.16538000
66.15999960	-0.82338940	-3.16538000
66.23999960	-0.82338940	-3.16538000
66.31999960	-0.73488570	-3.16538000
66.39999960	-0.82338940	-3.16538000
66.47999960	-0.82338940	-3.16538000
66.55999960	-0.82338940	-3.16538000
66.63999959	-0.82338940	-3.25327300
66.71999959	-0.73488570	-3.25327300
66.79999959	-0.82338940	-3.25327300
66.87999959	-0.82338940	-3.25327300
66.95999959	-0.82338940	-3.25327300
67.03999959	-0.82338940	-3.25327300
67.11999959	-0.82338940	-3.25327300
67.19999959	-0.82338940	-3.34086100
67.27999959	-0.73488570	-3.34086100
67.35999959	-0.82338940	-3.34086100
67.43999959	-0.82338940	-3.34086100
67.51999959	-0.82338940	-3.34086100
67.59999959	-0.82338940	-3.34086100
67.67999959	-0.82338940	-3.34086100
67.75999959	-0.82338940	-3.34086100
67.83999959	-0.82338940	-3.34086100
67.91999959	-0.82338940	-3.34086100
67.99999959	-0.82338940	-3.34086100
68.07999959	-0.82338940	-3.34086100
68.15999959	-0.82338940	-3.34086100
68.23999959	-0.73488570	-3.42875500
68.31999958	-0.82338940	-3.42875500
68.39999958	-0.82338940	-3.42875500
68.47999958	-0.82338940	-3.34086100
68.55999958	-0.82338940	-3.42875500
68.63999958	-0.82338940	-3.42875500
68.71999958	-0.82338940	-3.42875500
68.79999958	-0.82338940	-3.42875500
68.87999958	-0.82338940	-3.42875500
68.95999958	-0.82338940	-3.42875500
69.03999958	-0.82338940	-3.42875500
69.11999958	-0.82338940	-3.42875500
69.19999958	-0.82338940	-3.42875500
69.27999958	-0.82338940	-3.42875500
69.35999958	-0.82338940	-3.42875500
69.43999958	-0.82338940	-3.34086100
69.51999958	-0.82338940	-3.42875500
69.59999958	-0.82338940	-3.42875500
69.67999958	-0.82338940	-3.42875500
69.75999958	-0.82338940	-3.34086100
69.83999958	-0.82338940	-3.42875500
69.91999958	-0.73488570	-3.42875500
69.99999957	-0.82338940	-3.42875500
70.07999957	-0.82338940	-3.34086100
70.15999957	-0.82338940	-3.42875500
70.23999957	-0.82338940	-3.34086100
70.31999957	-0.82338940	-3.42875500
70.39999957	-0.82338940	-3.34086100
70.47999957	-0.82338940	-3.34086100
70.55999957	-0.82338940	-3.34086100
70.63999957	-0.82338940	-3.34086100
70.71999957	-0.82338940	-3.34086100
70.79999957	-0.82338940	-3.34086100
70.87999957	-0.82338940	-3.34086100
70.95999957	-0.82338940	-3.34086100
71.03999957	-0.82338940	-3.34086100
71.11999957	-0.82338940	-3.34086100
71.19999957	-0.82338940	-3.25327300
71.27999957	-0.82338940	-3.34086100
71.35999957	-0.82338940	-3.34086100
71.43999957	-0.82338940	-3.25327300
71.51999957	-0.82338940	-3.25327300
71.59999956	-0.82338940	-3.25327300
71.67999956	-0.82338940	-3.25327300
71.75999956	-0.82338940	-3.16538000
71.83999956	-0.82338940	-3.16538000
71.91999956	-0.82338940	-3.16538000
71.99999956	-0.82338940	-3.16538000
72.07999956	-0.82338940	-3.16538000
72.15999956	-0.82338940	-3.16538000
72.23999956	-0.82338940	-3.16538000
72.31999956	-0.82338940	-3.16538000
72.39999956	-0.82338940	-3.16538000
72.47999956	-0.82338940	-3.16538000
72.55999956	-0.82338940	-3.07748700
72.63999956	-0.82338940	-3.07748700
72.71999956	-0.82338940	-3.07748700
72.79999956	-0.82338940	-3.07748700
72.87999956	-0.82338940	-2.98959300
72.95999956	-0.82338940	-2.98959300
73.03999956	-0.82338940	-2.98959300
73.11999956	-0.82338940	-2.98959300
73.19999956	-0.82338940	-2.90200500
73.27999955	-0.73488570	-2.98959300
73.35999955	-0.82338940	-2.90200500
73.43999955	-0.82338940	-2.90200500
73.51999955	-0.82338940	-2.90200500
73.59999955	-0.82338940	-2.90200500
73.67999955	-0.82338940	-2.81411200
73.75999955	-0.82338940	-2.90200500
73.83999955	-0.82338940	-2.81411200
73.91999955	-0.82338940	-2.81411200
73.99999955	-0.82338940	-2.81411200
74.07999955	-0.82338940	-2.81411200
74.15999955	-0.73488570	-2.81411200
74.23999955	-0.73488570	-2.72621800
74.31999955	-0.82338940	-2.72621800
74.39999955	-0.82338940	-2.63832500
74.47999955	-0.82338940	-2.72621800
74.55999955	-0.82338940	-2.72621800
74.63999955	-0.82338940	-2.63832500
74.71999955	-0.82338940	-2.55043200
74.79999955	-0.73488570	-2.63832500
74.87999954	-0.73488570	-2.55043200
74.95999954	-0.73488570	-2.63832500
75.03999954	-0.73488570	-2.55043200
75.11999954	-0.73488570	-2.46284400
75.19999954	-0.82338940	-2.46284400
75.27999954	-0.82338940	-2.46284400
75.35999954	-0.82338940	-2.46284400
75.43999954	-0.82338940	-2.46284400
75.51999954	-0.73488570	-2.37495000
75.59999954	-0.73488570	-2.37495000
75.67999954	-0.73488570	-2.37495000
75.75999954	-0.73488570	-2.28705700
75.83999954	-0.73488570	-2.28705700
75.91999954	-0.73488570	-2.28705700
75.99999954	-0.73488570	-2.28705700
76.07999954	-0.73488570	-2.28705700
76.15999954	-0.73488570	-2.19916400
76.23999954	-0.73488570	-2.19916400
76.31999954	-0.73488570	-2.19916400
76.39999954	-0.73488570	-2.11157600
76.47999954	-0.73488570	-2.11157600
76.55999953	-0.73488570	-2.11157600
76.63999953	-0.73488570	-2.11157600
76.71999953	-0.73488570	-2.11157600
76.79999953	-0.73488570	-2.02368200
76.87999953	-0.73488570	-2.02368200
76.95999953	-0.73488570	-1.93578900
77.03999953	-0.73488570	-1.93578900
77.11999953	-0.73488570	-1.93578900
77.19999953	-0.73488570	-1.93578900
77.27999953	-0.73488570	-1.84789600
77.35999953	-0.64607690	-1.84789600
77.43999953	-0.73488570	-1.84789600
77.51999953	-0.73488570	-1.84789600
77.59999953	-0.73488570	-1.76030800
77.67999953	-0.73488570	-1.76030800
77.75999953	-0.73488570	-1.76030800
77.83999953	-0.64607690	-1.76030800
77.91999953	-0.73488570	-1.76030800
77.99999953	-0.73488570	-1.76030800
78.07999953	-0.64607690	-1.67241400
78.15999952	-0.64607690	-1.58452100
78.23999952	-0.64607690	-1.58452100
78.31999952	-0.64607690	-1.58452100
78.39999952	-0.64607690	-1.49662800
78.47999952	-0.64607690	-1.58452100
78.55999952	-0.64607690	-1.49662800
78.63999952	-0.64607690	-1.49662800
78.71999952	-0.64607690	-1.40904000
78.79999952	-0.64607690	-1.40904000
78.87999952	-0.64607690	-1.40904000
78.95999952	-0.64607690	-1.40904000
79.03999952	-0.55757310	-1.40904000
79.11999952	-0.55757310	-1.32114600
79.19999952	-0.55757310	-1.32114600
79.27999952	-0.55757310	-1.32114600
79.35999952	-0.55757310	-1.32114600
79.43999952	-0.55757310	-1.23325300
79.51999952	-0.55757310	-1.23325300
79.59999952	-0.55757310	-1.14536000
79.67999952	-0.55757310	-1.14536000
79.75999952	-0.55757310	-1.14536000
79.83999951	-0.55757310	-1.05746600
79.91999951	-0.55757310	-1.05746600
79.99999951	-0.55757310	-1.05746600
80.07999951	-0.55757310	-1.05746600
80.15999951	-0.55757310	-1.05746600
80.23999951	-0.55757310	-1.05746600
80.31999951	-0.55757310	-0.96987830
80.39999951	-0.55757310	-0.96987830
80.47999951	-0.55757310	-0.88198490
80.55999951	-0.55757310	-0.79409160
80.63999951	-0.55757310	-0.79409160
80.71999951	-0.55757310	-0.79409160
80.79999951	-0.55757310	-0.79409160
80.87999951	-0.55757310	-0.70619830
80.95999951	-0.55757310	-0.70619830
81.03999951	-0.55757310	-0.70619830
81.11999951	-0.46876430	-0.70619830
81.19999951	-0.46876430	-0.61861020
81.27999951	-0.46876430	-0.61861020
81.35999951	-0.46876430	-0.53071690
81.43999951	-0.46876430	-0.53071690
81.51999950	-0.46876430	-0.53071690
81.59999950	-0.46876430	-0.53071690
81.67999950	-0.46876430	-0.53071690
81.75999950	-0.46876430	-0.44282360
81.83999950	-0.46876430	-0.44282360
81.91999950	-0.46876430	-0.35493030
81.99999950	-0.38026060	-0.35493030
82.07999950	-0.38026060	-0.35493030
82.15999950	-0.38026060	-0.35493030
82.23999950	-0.38026060	-0.35493030
82.31999950	-0.38026060	-0.26734220
82.39999950	-0.38026060	-0.26734220
82.47999950	-0.38026060	-0.17944880
82.55999950	-0.38026060	-0.17944880
82.63999950	-0.29145180	-0.17944880
82.71999950	-0.29145180	-0.17944880
82.79999950	-0.29145180	-0.09155553
82.87999950	-0.20294810	-0.09155553
82.95999950	-0.20294810	-0.09155553
83.03999950	-0.20294810	-0.00366222
83.11999949	-0.20294810	-0.00366222
83.19999949	-0.11413920	-0.00366222
83.27999949	-0.11413920	-0.00366222
83.35999949	-0.11413920	-0.00366222
83.43999949	-0.02563555	0.08392590
83.51999949	-0.02563555	0.17151400
83.59999949	-0.02563555	0.17151400
83.67999949	0.06317332	0.17151400
83.75999949	0.06317332	0.17151400
83.83999949	0.15167700	0.17151400
83.91999949	0.15167700	0.25940730
83.99999949	0.15167700	0.34730060
84.07999949	0.24048580	0.25940730
84.15999949	0.24048580	0.34730060
84.23999949	0.32898950	0.34730060
84.31999949	0.59480580	0.34730060
84.39999949	0.59480580	0.34730060
84.47999949	0.59480580	0.43519400
84.55999949	0.59480580	0.52278210
84.63999949	0.59480580	0.52278210
84.71999949	0.59480580	0.52278210
84.79999948	0.41749320	0.52278210
84.87999948	0.77211830	0.61067540
84.95999948	1.65868100	0.61067540
85.03999948	2.10211500	0.61067540
85.11999948	1.74749000	0.61067540
85.19999948	0.86092720	0.61067540
85.27999948	0.41749320	0.69856870
85.35999948	4.67329900	0.69856870
85.43999948	4.05255300	0.69856870
85.51999948	4.22986600	0.78646200
85.59999948	4.05255300	0.78646200
85.67999948	4.14136200	0.78646200
85.75999948	4.05255300	0.87405010
85.83999948	4.14136200	0.87405010
85.91999948	4.05255300	0.87405010
85.99999948	4.05255300	0.96194340
86.07999948	4.05255300	0.96194340
86.15999948	4.05255300	1.04983700
86.23999948	4.05255300	1.04983700
86.31999948	4.05255300	1.04983700
86.39999947	3.96404900	1.04983700
86.47999947	3.96404900	1.04983700
86.55999947	3.96404900	1.13773000
86.63999947	3.96404900	1.22531800
86.71999947	3.96404900	1.22531800
86.79999947	3.96404900	1.22531800
86.87999947	3.96404900	1.31321100
86.95999947	3.87524000	1.22531800
87.03999947	3.87524000	1.31321100
87.11999947	3.87524000	1.31321100
87.19999947	3.87524000	1.40110500
87.27999947	3.87524000	1.40110500
87.35999947	3.87524000	1.40110500
87.43999947	3.87524000	1.48899800
87.51999947	3.87524000	1.48899800
87.59999947	3.87524000	1.57689100
87.67999947	3.78673700	1.57689100
87.75999947	3.87524000	1.57689100
87.83999947	3.87524000	1.57689100
87.91999947	3.87524000	1.66447900
87.99999947	3.78673700	1.66447900
88.07999946	3.78673700	1.75237300
88.15999946	3.78673700	1.75237300
88.23999946	3.78673700	1.75237300
88.31999946	3.78673700	1.75237300
88.39999946	3.87524000	1.92815900
88.47999946	3.78673700	1.92815900
88.55999946	3.78673700	1.92815900
88.63999946	3.78673700	1.92815900
88.71999946	3.78673700	2.01574800
88.79999946	3.78673700	2.01574800
88.87999946	3.69792800	2.10364100
88.95999946	3.69792800	2.10364100
89.03999946	3.69792800	2.10364100
89.11999946	3.69792800	2.19153400
89.19999946	3.69792800	2.19153400
89.27999946	3.69792800	2.19153400
89.35999946	3.69792800	2.27942800
89.43999946	3.69792800	2.27942800
89.51999946	3.69792800	2.27942800
89.59999946	3.69792800	2.36701600
89.67999945	3.69792800	2.45490900
89.75999945	3.69792800	2.45490900
89.83999945	3.69792800	2.45490900
89.91999945	3.69792800	2.45490900
89.99999945	3.69792800	2.54280200
90.07999945	3.69792800	2.54280200
90.15999945	3.69792800	2.63069600
90.23999945	3.60942400	2.63069600
90.31999945	3.60942400	2.63069600
90.39999945	3.69792800	2.71828400
90.47999945	3.69792800	2.71828400
90.55999945	3.69792800	2.80617700
90.63999945	3.69792800	2.80617700
90.71999945	3.60942400	2.80617700
90.79999945	3.60942400	2.80617700
90.87999945	3.60942400	2.89407000
90.95999945	3.60942400	2.89407000
91.03999945	3.60942400	2.89407000
91.11999945	3.60942400	2.98196400
91.19999945	3.60942400	2.98196400
91.27999945	3.60942400	2.98196400
91.35999944	3.60942400	3.06985700
91.43999944	3.60942400	3.06985700
91.51999944	3.60942400	3.15744500
91.59999944	3.60942400	3.15744500
91.67999944	3.52061500	3.15744500
91.75999944	3.60942400	3.24533800
91.83999944	3.60942400	3.24533800
91.91999944	3.60942400	3.24533800
91.99999944	3.60942400	3.33323200
92.07999944	3.52061500	3.33323200
92.15999944	3.60942400	3.42112500
92.23999944	3.52061500	3.42112500
92.31999944	3.60942400	3.42112500
92.39999944	3.60942400	3.50871300
92.47999944	3.60942400	3.50871300
92.55999944	3.60942400	3.50871300
92.63999944	3.60942400	3.50871300
92.71999944	3.60942400	3.50871300
92.79999944	3.52061500	3.59660600
92.87999944	3.52061500	3.59660600
92.95999944	3.60942400	3.68450000
93.03999943	3.60942400	3.68450000
93.11999943	3.52061500	3.68450000
93.19999943	3.60942400	3.68450000
93.27999943	3.60942400	3.77239300
93.35999943	3.60942400	3.77239300
93.43999943	3.52061500	3.77239300
93.51999943	3.60942400	3.85998100
93.59999943	3.52061500	3.85998100
93.67999943	3.52061500	3.85998100
93.75999943	3.60942400	3.85998100
93.83999943	3.60942400	3.85998100
93.91999943	3.60942400	3.94787400
93.99999943	3.60942400	3.85998100
94.07999943	3.60942400	3.94787400
94.15999943	3.52061500	3.94787400
94.23999943	3.52061500	4.03576800
94.31999943	3.60942400	4.03576800
94.39999943	3.52061500	4.03576800
94.47999943	3.60942400	4.12366100
94.55999943	3.60942400	4.12366100
94.63999942	3.52061500	4.12366100
94.71999942	3.60942400	4.12366100
94.79999942	3.60942400	4.12366100
94.87999942	3.52061500	4.21124900
94.95999942	3.60942400	4.21124900
95.03999942	3.60942400	4.21124900
95.11999942	3.60942400	4.21124900
95.19999942	3.60942400	4.21124900
95.27999942	3.60942400	4.21124900
95.35999942	3.60942400	4.21124900
95.43999942	3.60942400	4.21124900
95.51999942	3.60942400	4.29914200
95.59999942	3.60942400	4.29914200
95.67999942	3.60942400	4.29914200
95.75999942	3.52061500	4.29914200
95.83999942	3.60942400	4.38703600
95.91999942	3.60942400	4.29914200
95.99999942	3.60942400	4.38703600
96.07999942	3.60942400	4.38703600
96.15999942	3.60942400	4.38703600
96.23999942	3.69792800	4.38703600
96.31999941	3.60942400	4.38703600
96.39999941	3.60942400	4.38703600
96.47999941	3.60942400	4.38703600
96.55999941	3.69792800	4.38703600
96.63999941	3.69792800	4.38703600
96.71999941	3.60942400	4.38703600
96.79999941	3.60942400	4.38703600
96.87999941	3.60942400	4.38703600
96.95999941	3.60942400	4.38703600
97.03999941	3.69792800	4.38703600
97.11999941	3.69792800	4.38703600
97.19999941	3.69792800	4.38703600
97.27999941	3.69792800	4.38703600
97.35999941	3.69792800	4.47492900
97.43999941	3.69792800	4.38703600
97.51999941	3.69792800	4.38703600
97.59999941	3.69792800	4.38703600
97.67999941	3.69792800	4.38703600
97.75999941	3.69792800	4.47492900
97.83999941	3.69792800	4.38703600
97.91999940	3.69792800	4.38703600
97.99999940	3.69792800	4.38703600
98.07999940	3.69792800	4.38703600
98.15999940	3.69792800	4.38703600
98.23999940	3.69792800	4.38703600
98.31999940	3.69792800	4.38703600
98.39999940	3.69792800	4.38703600
98.47999940	3.69792800	4.38703600
98.55999940	3.69792800	4.38703600
98.63999940	3.69792800	4.38703600
98.71999940	3.69792800	4.38703600
98.79999940	3.69792800	4.29914200
98.87999940	3.69792800	4.29914200
98.95999940	3.69792800	4.29914200
99.03999940	3.69792800	4.29914200
99.11999940	3.78673700	4.29914200
99.19999940	3.69792800	4.21124900
99.27999940	3.69792800	4.21124900
99.35999940	3.69792800	4.21124900
99.43999940	3.78673700	4.21124900
99.51999940	3.78673700	4.21124900
99.59999939	3.78673700	4.21124900
99.67999939	3.69792800	4.21124900
99.75999939	3.78673700	4.21124900
99.83999939	3.78673700	4.12366100
99.91999939	3.78673700	4.12366100
99.99999939	3.78673700	4.03576800
100.07999939	3.78673700	4.12366100
100.15999939	3.78673700	4.12366100
100.23999939	3.78673700	4.03576800
100.31999939	3.78673700	4.03576800
100.39999939	3.78673700	3.94787400
100.47999939	3.78673700	3.94787400
100.55999939	3.78673700	3.94787400
100.63999939	3.87524000	3.85998100
100.71999939	3.78673700	3.85998100
100.79999939	3.87524000	3.85998100
100.87999939	3.87524000	3.85998100
100.95999939	3.78673700	3.85998100
101.03999939	3.78673700	3.77239300
101.11999939	3.87524000	3.77239300
101.19999938	3.87524000	3.77239300
101.27999938	3.87524000	3.77239300
101.35999938	3.87524000	3.68450000
101.43999938	3.87524000	3.68450000
101.51999938	3.87524000	3.68450000
101.59999938	3.87524000	3.59660600
101.67999938	3.87524000	3.59660600
101.75999938	3.87524000	3.59660600
101.83999938	3.87524000	3.50871300
101.91999938	3.87524000	3.50871300
101.99999938	3.87524000	3.50871300
102.07999938	3.87524000	3.42112500
102.15999938	3.87524000	3.42112500
102.23999938	3.87524000	3.42112500
102.31999938	3.87524000	3.33323200
102.39999938	3.87524000	3.24533800
102.47999938	3.87524000	3.24533800
102.55999938	3.96404900	3.24533800
102.63999938	3.87524000	3.15744500
102.71999938	3.96404900	3.15744500
102.79999938	3.87524000	3.06985700
102.87999937	3.96404900	3.06985700
102.95999937	3.96404900	3.06985700
103.03999937	3.96404900	2.98196400
103.11999937	3.87524000	2.98196400
103.19999937	3.96404900	2.89407000
103.27999937	3.96404900	2.80617700
103.35999937	3.96404900	2.80617700
103.43999937	3.96404900	2.80617700
103.51999937	3.96404900	2.80617700
103.59999937	3.96404900	2.71828400
103.67999937	3.96404900	2.63069600
103.75999937	4.05255300	2.63069600
103.83999937	4.05255300	2.63069600
103.91999937	3.96404900	2.54280200
103.99999937	3.96404900	2.54280200
104.07999937	4.05255300	2.45490900
104.15999937	3.96404900	2.45490900
104.23999937	4.05255300	2.36701600
104.31999937	4.05255300	2.36701600
104.39999937	4.05255300	2.27942800
104.47999937	4.05255300	2.27942800
104.55999936	4.05255300	2.19153400
104.63999936	4.05255300	2.19153400
104.71999936	4.05255300	2.10364100
104.79999936	4.05255300	2.10364100
104.87999936	4.05255300	2.01574800
104.95999936	4.05255300	2.01574800
105.03999936	4.05255300	1.92815900
105.11999936	4.05255300	1.92815900
105.19999936	4.05255300	1.84026600
105.27999936	4.05255300	1.84026600
105.35999936	4.05255300	1.75237300
105.43999936	4.05255300	1.75237300
105.51999936	4.05255300	1.75237300
105.59999936	4.05255300	1.66447900
105.67999936	4.05255300	1.57689100
105.75999936	4.05255300	1.48899800
105.83999936	4.05255300	1.48899800
105.91999936	4.05255300	1.40110500
105.99999936	4.14136200	1.40110500
106.07999936	4.14136200	1.40110500
106.15999935	4.14136200	1.31321100
106.23999935	4.05255300	1.31321100
106.31999935	4.14136200	1.22531800
106.39999935	4.14136200	1.13773000
106.47999935	4.14136200	1.04983700
106.55999935	4.14136200	1.04983700
106.63999935	4.14136200	1.04983700
106.71999935	4.14136200	0.96194340
106.79999935	4.14136200	0.87405010
106.87999935	4.14136200	0.87405010
106.95999935	4.14136200	0.78646200
107.03999935	4.14136200	0.78646200
107.11999935	4.14136200	0.69856870
107.19999935	4.14136200	0.69856870
107.27999935	4.14136200	0.69856870
107.35999935	4.14136200	0.61067540
107.43999935	4.14136200	0.52278210
107.51999935	4.14136200	0.52278210
107.59999935	4.14136200	0.43519400
107.67999935	4.14136200	0.34730060
107.75999935	4.14136200	0.34730060
107.83999934	4.14136200	0.34730060
107.91999934	4.14136200	0.25940730
107.99999934	4.14136200	0.17151400
108.07999934	4.14136200	0.08392590
108.15999934	4.22986600	0.08392590
108.23999934	4.22986600	-0.00366222
108.31999934	4.14136200	-0.00366222
108.39999934	4.22986600	-0.09155553
108.47999934	4.22986600	-0.09155553
108.55999934	4.14136200	-0.17944880
108.63999934	4.22986600	-0.26734220
108.71999934	4.22986600	-0.35493030
108.79999934	4.22986600	-0.35493030
108.87999934	4.22986600	-0.35493030
108.95999934	4.22986600	-0.44282360
109.03999934	4.22986600	-0.44282360
109.11999934	4.22986600	-0.53071690
109.19999934	4.22986600	-0.61861020
109.27999934	4.22986600	-0.61861020
109.35999934	4.22986600	-0.70619830
109.43999933	4.22986600	-0.70619830
109.51999933	4.22986600	-0.79409160
109.59999933	4.22986600	-0.88198490
109.67999933	4.22986600	-0.88198490
109.75999933	4.22986600	-0.96987830
109.83999933	4.22986600	-1.05746600
109.91999933	4.22986600	-1.05746600
109.99999933	4.22986600	-1.14536000
110.07999933	4.22986600	-1.14536000
110.15999933	4.22986600	-1.23325300
110.23999933	4.22986600	-1.32114600
110.31999933	4.22986600	-1.32114600
110.39999933	4.22986600	-1.40904000
110.47999933	4.22986600	-1.40904000
110.55999933	4.22986600	-1.49662800
110.63999933	4.22986600	-1.49662800
110.71999933	4.31867400	-1.58452100
110.79999933	4.31867400	-1.58452100
110.87999933	4.31867400	-1.67241400
110.95999933	4.31867400	-1.76030800
111.03999933	4.31867400	-1.76030800
111.11999932	4.31867400	-1.76030800
111.19999932	4.40717800	-1.84789600
111.27999932	4.40717800	-1.93578900
111.35999932	4.67329900	-1.93578900
111.43999932	4.93911600	-2.02368200
111.51999932	5.11642800	-2.11157600
111.59999932	5.11642800	-2.11157600
111.67999932	5.02792500	-2.11157600
111.75999932	5.02792500	-2.11157600
111.83999932	5.02792500	-2.19916400
111.91999932	5.02792500	-2.28705700
111.99999932	5.02792500	-2.37495000
112.07999932	5.02792500	-2.37495000
112.15999932	5.02792500	-2.46284400
112.23999932	5.02792500	-2.46284400
112.31999932	5.02792500	-2.55043200
112.39999932	4.93911600	-2.55043200
112.47999932	4.93911600	-2.63832500
112.55999932	4.93911600	-2.63832500
112.63999932	4.93911600	-2.72621800
112.71999931	4.93911600	-2.72621800
112.79999931	4.85061200	-2.81411200
112.87999931	4.93911600	-2.81411200
112.95999931	4.85061200	-2.90200500
113.03999931	4.85061200	-2.90200500
113.11999931	4.85061200	-2.90200500
113.19999931	4.85061200	-2.98959300
113.27999931	4.76180300	-3.07748700
113.35999931	4.76180300	-3.07748700
113.43999931	4.76180300	-3.16538000
113.51999931	4.76180300	-3.16538000
113.59999931	4.67329900	-3.16538000
113.67999931	4.67329900	-3.25327300
113.75999931	4.67329900	-3.34086100
113.83999931	4.67329900	-3.34086100
113.91999931	4.58449000	-3.34086100
113.99999931	4.58449000	-3.34086100
114.07999931	4.58449000	-3.42875500
114.15999931	4.58449000	-3.42875500
114.23999931	4.58449000	-3.51664800
114.31999931	4.58449000	-3.51664800
114.39999930	4.58449000	-3.60454100
114.47999930	4.49598700	-3.60454100
114.55999930	4.49598700	-3.69212900
114.63999930	4.49598700	-3.69212900
114.71999930	4.49598700	-3.69212900
114.79999930	4.49598700	-3.78002300
114.87999930	4.40717800	-3.78002300
114.95999930	4.49598700	-3.86791600
115.03999930	4.40717800	-3.86791600
115.11999930	4.40717800	-3.86791600
115.19999930	4.40717800	-3.95580900
115.27999930	4.40717800	-3.95580900
115.35999930	4.40717800	-3.95580900
115.43999930	4.40717800	-4.04339700
115.51999930	4.40717800	-4.04339700
115.59999930	4.40717800	-4.13129000
115.67999930	4.31867400	-4.13129000
115.75999930	4.40717800	-4.13129000
115.83999930	4.40717800	-4.21918400
115.91999930	4.31867400	-4.21918400
115.99999930	4.40717800	-4.21918400
116.07999929	4.40717800	-4.21918400
116.15999929	4.31867400	-4.30707700
116.23999929	4.40717800	-4.30707700
116.31999929	4.40717800	-4.39497000
116.39999929	4.31867400	-4.39497000
116.47999929	4.31867400	-4.39497000
116.55999929	4.31867400	-4.48255900
116.63999929	4.31867400	-4.48255900
116.71999929	4.31867400	-4.48255900
116.79999929	4.31867400	-4.57045200
116.87999929	4.31867400	-4.57045200
116.95999929	4.31867400	-4.57045200
117.03999929	4.22986600	-4.57045200
117.11999929	4.22986600	-4.65834500
117.19999929	4.22986600	-4.65834500
117.27999929	4.31867400	-4.65834500
117.35999929	4.31867400	-4.65834500
117.43999929	4.22986600	-4.65834500
117.51999929	4.31867400	-4.65834500
117.59999929	4.31867400	-4.74623900
117.67999928	4.31867400	-4.74623900
117.75999928	4.31867400	-4.65834500
117.83999928	4.22986600	-4.74623900
117.91999928	4.22986600	-4.74623900
117.99999928	4.22986600	-4.83382700
118.07999928	4.31867400	-4.83382700
118.15999928	4.22986600	-4.83382700
118.23999928	4.22986600	-4.83382700
118.31999928	4.22986600	-4.92172000
118.39999928	4.31867400	-4.92172000
118.47999928	4.22986600	-4.83382700
118.55999928	4.22986600	-4.92172000
118.63999928	4.22986600	-4.92172000
118.71999928	4.22986600	-4.92172000
118.79999928	4.22986600	-4.92172000
118.87999928	4.22986600	-4.92172000
118.95999928	4.22986600	-4.92172000
119.03999928	4.22986600	-4.92172000
119.11999928	4.22986600	-4.92172000
119.19999928	4.22986600	-4.92172000
119.27999928	4.22986600	-4.92172000
119.35999927	4.22986600	-4.92172000
119.43999927	4.22986600	-4.92172000
119.51999927	4.22986600	-5.00961400
119.59999927	4.22986600	-5.00961400
119.67999927	4.22986600	-4.92172000
119.75999927	4.31867400	-4.92172000
119.83999927	4.22986600	-5.00961400
119.91999927	4.22986600	-5.00961400
119.99999927	4.22986600	-5.00961400
120.07999927	4.22986600	-5.00961400
120.15999927	4.22986600	-5.00961400
120.23999927	4.22986600	-5.00961400
120.31999927	4.22986600	-5.00961400
120.39999927	4.22986600	-5.00961400
120.47999927	4.22986600	-5.00961400
120.55999927	4.22986600	-5.00961400
120.63999927	4.22986600	-4.92172000
120.71999927	4.22986600	-4.92172000
120.79999927	4.22986600	-4.92172000
120.87999927	4.22986600	-5.00961400
120.95999926	4.22986600	-4.92172000
121.03999926	4.22986600	-4.92172000
121.11999926	4.22986600	-4.92172000
121.19999926	4.22986600	-4.92172000
121.27999926	4.22986600	-4.92172000
121.35999926	4.22986600	-4.92172000
121.43999926	4.22986600	-4.92172000
121.51999926	4.22986600	-4.92172000
121.59999926	4.22986600	-4.92172000
121.67999926	4.22986600	-4.92172000
121.75999926	4.22986600	-4.83382700
121.83999926	4.22986600	-4.83382700
121.91999926	4.22986600	-4.83382700
121.99999926	4.22986600	-4.83382700
122.07999926	4.22986600	-4.83382700
122.15999926	4.22986600	-4.83382700
122.23999926	4.22986600	-4.74623900
122.31999926	4.22986600	-4.74623900
122.39999926	4.22986600	-4.74623900
122.47999926	4.22986600	-4.74623900
122.55999926	4.22986600	-4.74623900
122.63999925	4.22986600	-4.74623900
122.71999925	4.22986600	-4.65834500
122.79999925	4.22986600	-4.57045200
122.87999925	4.22986600	-4.65834500
122.95999925	4.22986600	-4.57045200
123.03999925	4.22986600	-4.57045200
123.11999925	4.22986600	-4.57045200
123.19999925	4.22986600	-4.57045200
123.27999925	4.22986600	-4.48255900
123.35999925	4.22986600	-4.48255900
123.43999925	4.22986600	-4.48255900
123.51999925	4.22986600	-4.48255900
123.59999925	4.22986600	-4.39497000
123.67999925	4.22986600	-4.39497000
123.75999925	4.22986600	-4.39497000
123.83999925	4.22986600	-4.30707700
123.91999925	4.22986600	-4.30707700
123.99999925	4.22986600	-4.30707700
124.07999925	4.22986600	-4.30707700
124.15999925	4.22986600	-4.21918400
124.23999924	4.22986600	-4.21918400
124.31999924	4.22986600	-4.21918400
124.39999924	4.22986600	-4.21918400
124.47999924	4.22986600	-4.13129000
124.55999924	4.22986600	-4.13129000
124.63999924	4.22986600	-4.04339700
124.71999924	4.31867400	-4.04339700
124.79999924	4.22986600	-4.04339700
124.87999924	4.22986600	-3.95580900
124.95999924	4.22986600	-3.95580900
125.03999924	4.31867400	-3.95580900
125.11999924	4.31867400	-3.86791600
125.19999924	4.22986600	-3.86791600
125.27999924	4.31867400	-3.86791600
125.35999924	4.31867400	-3.86791600
125.43999924	4.31867400	-3.78002300
125.51999924	4.40717800	-3.78002300
125.59999924	4.49598700	-3.69212900
125.67999924	4.58449000	-3.69212900
125.75999924	4.76180300	-3.60454100
125.83999924	4.85061200	-3.60454100
125.91999923	4.93911600	-3.60454100
125.99999923	4.93911600	-3.51664800
126.07999923	4.93911600	-3.51664800
126.15999923	4.93911600	-3.51664800
126.23999923	4.93911600	-3.42875500
126.31999923	4.93911600	-3.42875500
126.39999923	4.93911600	-3.34086100
126.47999923	4.93911600	-3.34086100
126.55999923	5.02792500	-3.25327300
126.63999923	4.93911600	-3.25327300
126.71999923	5.02792500	-3.16538000
126.79999923	5.02792500	-3.16538000
126.87999923	5.02792500	-3.16538000
126.95999923	5.02792500	-3.16538000
127.03999923	5.11642800	-3.07748700
127.11999923	5.11642800	-3.07748700
127.19999923	5.11642800	-2.98959300
127.27999923	5.11642800	-2.98959300
127.35999923	5.11642800	-2.90200500
127.43999923	5.11642800	-2.90200500
127.51999923	5.11642800	-2.81411200
127.59999922	5.11642800	-2.81411200
127.67999922	5.11642800	-2.81411200
127.75999922	5.11642800	-2.72621800
127.83999922	5.11642800	-2.72621800
127.91999922	5.11642800	-2.72621800
127.99999922	5.11642800	-2.63832500
128.07999922	5.11642800	-2.63832500
128.15999922	5.11642800	-2.63832500
128.23999922	5.20523700	-2.55043200
128.31999922	5.11642800	-2.46284400
128.39999922	5.20523700	-2.46284400
128.47999922	5.20523700	-2.46284400
128.55999922	5.20523700	-2.37495000
128.63999922	5.20523700	-2.28705700
128.71999922	5.20523700	-2.28705700
128.79999922	5.20523700	-2.19916400
128.87999922	5.20523700	-2.19916400
128.95999922	5.20523700	-2.11157600
129.03999922	5.20523700	-2.11157600
129.11999922	5.20523700	-2.11157600
129.19999921	5.20523700	-2.11157600
129.27999921	5.20523700	-2.02368200
129.35999921	5.29374100	-1.93578900
129.43999921	5.20523700	-1.93578900
129.51999921	5.20523700	-1.93578900
129.59999921	5.20523700	-1.84789600
129.67999921	5.29374100	-1.84789600
129.75999921	5.29374100	-1.76030800
129.83999921	5.29374100	-1.76030800
129.91999921	5.29374100	-1.67241400
129.99999921	5.29374100	-1.67241400
130.07999921	5.20523700	-1.58452100
130.15999921	5.29374100	-1.58452100
130.23999921	5.29374100	-1.49662800
130.31999921	5.29374100	-1.49662800
130.39999921	5.29374100	-1.40904000
130.47999921	5.29374100	-1.40904000
130.55999921	5.29374100	-1.40904000
130.63999921	5.29374100	-1.32114600
130.71999921	5.29374100	-1.32114600
130.79999921	5.29374100	-1.23325300
130.87999920	5.29374100	-1.23325300
130.95999920	5.29374100	-1.14536000
131.03999920	5.29374100	-1.14536000
131.11999920	5.38254900	-1.05746600
131.19999920	5.29374100	-1.05746600
131.27999920	5.38254900	-1.05746600
131.35999920	5.38254900	-0.96987830
131.43999920	5.38254900	-0.88198490
131.51999920	5.38254900	-0.88198490
131.59999920	5.38254900	-0.79409160
131.67999920	5.47105300	-0.79409160
131.75999920	5.47105300	-0.79409160
131.83999920	5.47105300	-0.70619830
131.91999920	5.47105300	-0.70619830
131.99999920	5.47105300	-0.61861020
132.07999920	5.47105300	-0.61861020
132.15999920	5.47105300	-0.53071690
132.23999920	5.55986200	-0.44282360
132.31999920	5.55986200	-0.44282360
132.39999920	5.55986200	-0.44282360
132.47999919	5.55986200	-0.35493030
132.55999919	5.55986200	-0.35493030
132.63999919	5.55986200	-0.35493030
132.71999919	5.55986200	-0.26734220
132.79999919	5.55986200	-0.26734220
132.87999919	5.55986200	-0.17944880
132.95999919	5.55986200	-0.17944880
133.03999919	5.55986200	-0.17944880
133.11999919	5.55986200	-0.00366222
133.19999919	5.55986200	-0.00366222
133.27999919	5.55986200	-0.00366222
133.35999919	5.55986200	0.08392590
133.43999919	5.55986200	0.08392590
133.51999919	5.55986200	0.08392590
133.59999919	5.64836500	0.17151400
133.67999919	5.55986200	0.25940730
133.75999919	5.64836500	0.25940730
133.83999919	5.55986200	0.25940730
133.91999919	5.64836500	0.34730060
133.99999919	5.55986200	0.43519400
134.07999919	5.64836500	0.43519400
134.15999918	5.55986200	0.52278210
134.23999918	5.64836500	0.52278210
134.31999918	5.64836500	0.61067540
134.39999918	5.64836500	0.61067540
134.47999918	5.55986200	0.69856870
134.55999918	5.55986200	0.69856870
134.63999918	5.64836500	0.69856870
134.71999918	5.64836500	0.78646200
134.79999918	5.64836500	0.78646200
134.87999918	5.64836500	0.87405010
134.95999918	5.64836500	0.87405010
135.03999918	5.64836500	0.87405010
135.11999918	5.64836500	0.96194340
135.19999918	5.64836500	1.04983700
135.27999918	5.64836500	1.04983700
135.35999918	5.64836500	1.04983700
135.43999918	5.64836500	1.04983700
135.51999918	5.64836500	1.13773000
135.59999918	5.64836500	1.13773000
135.67999918	5.64836500	1.22531800
135.75999917	5.64836500	1.22531800
135.83999917	5.64836500	1.31321100
135.91999917	5.73717500	1.31321100
135.99999917	5.64836500	1.40110500
136.07999917	5.64836500	1.40110500
136.15999917	5.64836500	1.40110500
136.23999917	5.64836500	1.48899800
136.31999917	5.73717500	1.48899800
136.39999917	5.64836500	1.48899800
136.47999917	5.73717500	1.57689100
136.55999917	5.64836500	1.57689100
136.63999917	5.73717500	1.66447900
136.71999917	5.73717500	1.75237300
136.79999917	5.73717500	1.75237300
136.87999917	5.73717500	1.75237300
136.95999917	5.73717500	1.75237300
137.03999917	5.73717500	1.84026600
137.11999917	5.73717500	1.84026600
137.19999917	5.73717500	1.84026600
137.27999917	5.73717500	1.84026600
137.35999917	5.73717500	1.92815900
137.43999916	5.73717500	1.92815900
137.51999916	5.73717500	2.01574800
137.59999916	5.73717500	2.10364100
137.67999916	5.73717500	2.10364100
137.75999916	5.73717500	2.10364100
137.83999916	5.73717500	2.10364100
137.91999916	5.73717500	2.19153400
137.99999916	5.82567800	2.19153400
138.07999916	5.82567800	2.27942800
138.15999916	5.73717500	2.27942800
138.23999916	5.73717500	2.27942800
138.31999916	5.82567800	2.36701600
138.39999916	5.82567800	2.36701600
138.47999916	5.73717500	2.45490900
138.55999916	5.82567800	2.45490900
138.63999916	5.82567800	2.45490900
138.71999916	5.82567800	2.45490900
138.79999916	5.82567800	2.54280200
138.87999916	5.82567800	2.45490900
138.95999916	5.82567800	2.54280200
139.03999915	5.82567800	2.54280200
139.11999915	5.82567800	2.63069600
139.19999915	5.82567800	2.63069600
139.27999915	5.82567800	2.63069600
139.35999915	5.82567800	2.71828400
139.43999915	5.82567800	2.71828400
139.51999915	5.82567800	2.71828400
139.59999915	5.82567800	2.71828400
139.67999915	5.73717500	2.80617700
139.75999915	5.82567800	2.80617700
139.83999915	5.82567800	2.80617700
139.91999915	5.82567800	2.80617700
139.99999915	5.82567800	2.80617700
140.07999915	5.82567800	2.89407000
140.15999915	5.82567800	2.89407000
140.23999915	5.82567800	2.89407000
140.31999915	5.82567800	2.89407000
140.39999915	5.82567800	2.98196400
140.47999915	5.82567800	2.98196400
140.55999915	5.82567800	2.98196400
140.63999915	5.82567800	3.06985700
140.71999914	5.82567800	3.06985700
140.79999914	5.82567800	3.06985700
140.87999914	5.82567800	3.06985700
140.95999914	5.82567800	3.15744500
141.03999914	5.82567800	3.15744500
141.11999914	5.82567800	3.15744500
141.19999914	5.82567800	3.15744500
141.27999914	5.82567800	3.15744500
141.35999914	5.82567800	3.15744500
141.43999914	5.82567800	3.24533800
141.51999914	5.82567800	3.24533800
141.59999914	5.82567800	3.24533800
141.67999914	5.82567800	3.24533800
141.75999914	5.82567800	3.24533800
141.83999914	5.82567800	3.24533800
141.91999914	5.91448700	3.33323200
141.99999914	5.82567800	3.33323200
142.07999914	5.91448700	3.33323200
142.15999914	5.82567800	3.33323200
142.23999914	5.91448700	3.42112500
142.31999914	5.82567800	3.42112500
142.39999913	5.82567800	3.42112500
142.47999913	5.91448700	3.42112500
142.55999913	5.91448700	3.42112500
142.63999913	5.91448700	3.42112500
142.71999913	5.91448700	3.42112500
142.79999913	5.91448700	3.42112500
142.87999913	5.91448700	3.42112500
142.95999913	5.91448700	3.50871300
143.03999913	5.91448700	3.42112500
143.11999913	5.82567800	3.50871300
143.19999913	5.82567800	3.50871300
143.27999913	5.91448700	3.50871300
143.35999913	5.91448700	3.50871300
143.43999913	5.82567800	3.50871300
143.51999913	5.91448700	3.50871300
143.59999913	5.82567800	3.50871300
143.67999913	5.91448700	3.50871300
143.75999913	5.91448700	3.50871300
143.83999913	5.91448700	3.50871300
143.91999913	5.82567800	3.50871300
143.99999912	5.91448700	3.50871300
144.07999912	5.91448700	3.50871300
144.15999912	5.91448700	3.50871300
144.23999912	5.91448700	3.50871300
144.31999912	5.91448700	3.50871300
144.39999912	5.91448700	3.50871300
144.47999912	5.91448700	3.50871300
144.55999912	5.82567800	3.50871300
144.63999912	5.91448700	3.50871300
144.71999912	5.91448700	3.50871300
144.79999912	5.91448700	3.50871300
144.87999912	5.91448700	3.50871300
144.95999912	5.91448700	3.50871300
145.03999912	5.91448700	3.50871300
145.11999912	5.91448700	3.50871300
145.19999912	5.91448700	3.50871300
145.27999912	5.91448700	3.50871300
145.35999912	5.91448700	3.50871300
145.43999912	5.91448700	3.50871300
145.51999912	5.91448700	3.50871300
145.59999912	5.91448700	3.50871300
145.67999911	5.91448700	3.50871300
145.75999911	5.91448700	3.50871300
145.83999911	5.91448700	3.50871300
145.91999911	5.91448700	3.50871300
145.99999911	5.82567800	3.50871300
146.07999911	5.82567800	3.42112500
146.15999911	5.91448700	3.50871300
146.23999911	5.91448700	3.50871300
146.31999911	5.91448700	3.42112500
146.39999911	5.91448700	3.42112500
146.47999911	5.91448700	3.42112500
146.55999911	5.91448700	3.42112500
146.63999911	5.82567800	3.42112500
146.71999911	5.82567800	3.42112500
146.79999911	5.91448700	3.42112500
146.87999911	5.91448700	3.42112500
146.95999911	5.91448700	3.42112500
147.03999911	5.91448700	3.33323200
147.11999911	5.91448700	3.33323200
147.19999911	5.91448700	3.33323200
147.27999910	5.91448700	3.33323200
147.35999910	5.91448700	3.33323200
147.43999910	5.82567800	3.33323200
147.51999910	5.82567800	3.33323200
147.59999910	5.82567800	3.33323200
147.67999910	5.82567800	3.24533800
147.75999910	5.91448700	3.24533800
147.83999910	5.91448700	3.24533800
147.91999910	5.91448700	3.24533800
147.99999910	5.82567800	3.24533800
148.07999910	5.82567800	3.15744500
148.15999910	5.91448700	3.15744500
148.23999910	5.91448700	3.15744500
148.31999910	5.82567800	3.15744500
148.39999910	5.82567800	3.06985700
148.47999910	5.82567800	3.06985700
148.55999910	5.82567800	3.06985700
148.63999910	5.82567800	3.06985700
148.71999910	5.82567800	3.06985700
148.79999910	5.82567800	2.98196400
148.87999910	5.91448700	2.98196400
148.95999909	5.82567800	2.98196400
149.03999909	5.82567800	2.98196400
149.11999909	5.82567800	2.89407000
149.19999909	5.82567800	2.98196400
149.27999909	5.82567800	2.89407000
149.35999909	5.82567800	2.89407000
149.43999909	5.82567800	2.89407000
149.51999909	5.82567800	2.89407000
149.59999909	5.82567800	2.89407000
149.67999909	5.82567800	2.80617700
149.75999909	5.82567800	2.80617700
149.83999909	5.82567800	2.80617700
149.91999909	5.82567800	2.80617700
149.99999909	5.82567800	2.71828400
150.07999909	5.82567800	2.80617700
150.15999909	5.82567800	2.71828400
150.23999909	5.82567800	2.71828400
150.31999909	5.82567800	2.71828400
150.39999909	5.82567800	2.71828400
150.47999909	5.82567800	2.63069600
150.55999908	5.82567800	2.63069600
150.63999908	5.82567800	2.54280200
150.71999908	5.82567800	2.54280200
150.79999908	5.82567800	2.54280200
150.87999908	5.82567800	2.54280200
150.95999908	5.82567800	2.45490900
151.03999908	5.73717500	2.45490900
151.11999908	5.82567800	2.45490900
151.19999908	5.82567800	2.45490900
151.27999908	5.82567800	2.36701600
151.35999908	5.82567800	2.36701600
151.43999908	5.73717500	2.36701600
151.51999908	5.73717500	2.27942800
151.59999908	5.73717500	2.36701600
151.67999908	5.73717500	2.27942800
151.75999908	5.73717500	2.27942800
151.83999908	5.73717500	2.27942800
151.91999908	5.73717500	2.19153400
151.99999908	5.73717500	2.19153400
152.07999908	5.73717500	2.19153400
152.15999908	5.73717500	2.19153400
152.23999907	5.73717500	2.10364100
152.31999907	5.73717500	2.10364100
152.39999907	5.73717500	2.01574800
152.47999907	5.73717500	2.10364100
152.55999907	5.64836500	2.01574800
152.63999907	5.64836500	2.01574800
152.71999907	5.73717500	2.01574800
152.79999907	5.64836500	2.01574800
152.87999907	5.73717500	1.92815900
152.95999907	5.64836500	1.92815900
153.03999907	5.64836500	1.92815900
153.11999907	5.64836500	1.84026600
153.19999907	5.64836500	1.84026600
153.27999907	5.64836500	1.75237300
153.35999907	5.64836500	1.75237300
153.43999907	5.64836500	1.75237300
153.51999907	5.64836500	1.75237300
153.59999907	5.64836500	1.75237300
153.67999907	5.64836500	1.66447900
153.75999907	5.64836500	1.66447900
153.83999907	5.64836500	1.66447900
153.91999906	5.55986200	1.57689100
153.99999906	5.55986200	1.57689100
154.07999906	5.55986200	1.57689100
154.15999906	5.55986200	1.48899800
154.23999906	5.55986200	1.48899800
154.31999906	5.55986200	1.40110500
154.39999906	5.38254900	1.40110500
154.47999906	5.02792500	1.40110500
154.55999906	4.58449000	1.40110500
154.63999906	4.31867400	1.40110500
154.71999906	4.31867400	1.31321100
154.79999906	4.31867400	1.31321100
154.87999906	4.31867400	1.31321100
154.95999906	4.31867400	1.31321100
155.03999906	4.22986600	1.22531800
155.11999906	4.31867400	1.22531800
155.19999906	4.31867400	1.22531800
155.27999906	4.31867400	1.13773000
155.35999906	4.22986600	1.13773000
155.43999906	4.22986600	1.13773000
155.51999905	4.31867400	1.04983700
155.59999905	4.31867400	1.04983700
155.67999905	4.22986600	1.04983700
155.75999905	4.31867400	1.04983700
155.83999905	4.31867400	0.96194340
155.91999905	4.22986600	0.96194340
155.99999905	4.22986600	0.96194340
156.07999905	4.31867400	0.87405010
156.15999905	4.31867400	0.87405010
156.23999905	4.31867400	0.87405010
156.31999905	4.31867400	0.87405010
156.39999905	4.22986600	0.87405010
156.47999905	4.22986600	0.78646200
156.55999905	4.31867400	0.78646200
156.63999905	4.31867400	0.69856870
156.71999905	4.22986600	0.69856870
156.79999905	4.31867400	0.69856870
156.87999905	4.22986600	0.69856870
156.95999905	4.22986600	0.61067540
157.03999905	4.22986600	0.61067540
157.11999905	4.22986600	0.61067540
157.19999904	4.22986600	0.61067540
157.27999904	4.22986600	0.43519400
157.35999904	4.22986600	0.52278210
157.43999904	4.22986600	0.43519400
157.51999904	4.22986600	0.43519400
157.59999904	4.22986600	0.43519400
157.67999904	4.22986600	0.34730060
157.75999904	4.22986600	0.34730060
157.83999904	4.22986600	0.34730060
157.91999904	4.22986600	0.25940730
157.99999904	4.22986600	0.25940730
158.07999904	4.22986600	0.25940730
158.15999904	4.22986600	0.25940730
158.23999904	4.22986600	0.17151400
158.31999904	4.22986600	0.17151400
158.39999904	4.22986600	0.17151400
158.47999904	4.22986600	0.17151400
158.55999904	4.22986600	0.08392590
158.63999904	4.22986600	0.08392590
158.71999904	4.22986600	0.08392590
158.79999903	4.22986600	-0.00366222
158.87999903	4.22986600	-0.00366222
158.95999903	4.22986600	-0.00366222
159.03999903	4.22986600	-0.09155553
159.11999903	4.22986600	-0.09155553
159.19999903	4.22986600	-0.09155553
159.27999903	4.22986600	-0.09155553
159.35999903	4.22986600	-0.17944880
159.43999903	4.22986600	-0.17944880
159.51999903	4.22986600	-0.17944880
159.59999903	4.22986600	-0.26734220
159.67999903	4.22986600	-0.26734220
159.75999903	4.31867400	-0.35493030
159.83999903	4.31867400	-0.35493030
159.91999903	3.69792800	-0.35493030
159.99999903	2.10211500	-0.35493030
160.07999903	1.03824000	-0.35493030
160.15999903	0.68361460	-0.44282360
160.23999903	0.68361460	-0.44282360
160.31999903	0.68361460	-0.44282360
160.39999903	0.68361460	-0.53071690
160.47999902	0.68361460	-0.53071690
160.55999902	0.68361460	-0.61861020
160.63999902	0.68361460	-0.61861020
160.71999902	0.68361460	-0.61861020
160.79999902	0.68361460	-0.70619830
160.87999902	0.68361460	-0.70619830
160.95999902	0.68361460	-0.70619830
161.03999902	0.68361460	-0.79409160
161.11999902	0.68361460	-0.79409160
161.19999902	0.68361460	-0.88198490
161.27999902	0.68361460	-0.79409160
161.35999902	0.68361460	-0.88198490
161.43999902	0.77211830	-0.88198490
161.51999902	0.77211830	-0.96987830
161.59999902	0.77211830	-0.96987830
161.67999902	0.77211830	-1.05746600
161.75999902	0.68361460	-1.05746600
161.83999902	0.77211830	-1.05746600
161.91999902	0.77211830	-1.05746600
161.99999902	0.77211830	-1.14536000
162.07999901	0.77211830	-1.14536000
162.15999901	0.86092720	-1.23325300
162.23999901	0.86092720	-1.23325300
162.31999901	0.77211830	-1.32114600
162.39999901	0.86092720	-1.32114600
162.47999901	0.77211830	-1.40904000
162.55999901	0.86092720	-1.40904000
162.63999901	0.77211830	-1.40904000
162.71999901	0.86092720	-1.40904000
162.79999901	0.86092720	-1.49662800
162.87999901	0.86092720	-1.49662800
162.95999901	0.86092720	-1.49662800
163.03999901	0.86092720	-1.58452100
163.11999901	0.86092720	-1.58452100
163.19999901	0.86092720	-1.67241400
163.27999901	0.86092720	-1.67241400
163.35999901	0.86092720	-1.76030800
163.43999901	0.86092720	-1.76030800
163.51999901	0.86092720	-1.76030800
163.59999901	0.86092720	-1.84789600
163.67999901	0.86092720	-1.84789600
163.75999900	0.86092720	-1.93578900
163.83999900	0.86092720	-1.93578900
163.91999900	0.86092720	-1.93578900
163.99999900	0.86092720	-2.02368200
164.07999900	0.86092720	-2.02368200
164.15999900	0.86092720	-2.11157600
164.23999900	0.86092720	-2.11157600
164.31999900	0.94943080	-2.11157600
164.39999900	0.94943080	-2.11157600
164.47999900	0.86092720	-2.19916400
164.55999900	0.86092720	-2.19916400
164.63999900	0.86092720	-2.28705700
164.71999900	0.86092720	-2.28705700
164.79999900	0.86092720	-2.28705700
164.87999900	0.94943080	-2.37495000
164.95999900	0.94943080	-2.46284400
165.03999900	0.86092720	-2.46284400
165.11999900	0.86092720	-2.46284400
165.19999900	0.86092720	-2.55043200
165.27999900	0.86092720	-2.55043200
165.35999900	0.86092720	-2.55043200
165.43999899	0.86092720	-2.63832500
165.51999899	0.86092720	-2.63832500
165.59999899	0.94943080	-2.63832500
165.67999899	0.94943080	-2.72621800
165.75999899	0.86092720	-2.72621800
165.83999899	0.94943080	-2.81411200
165.91999899	0.94943080	-2.81411200
165.99999899	0.94943080	-2.90200500
166.07999899	0.94943080	-2.81411200
166.15999899	1.03824000	-2.90200500
166.23999899	0.94943080	-2.90200500
166.31999899	0.94943080	-2.98959300
166.39999899	0.94943080	-3.07748700
166.47999899	0.94943080	-2.98959300
166.55999899	0.94943080	-3.07748700
166.63999899	0.94943080	-3.07748700
166.71999899	0.94943080	-3.16538000
166.79999899	0.94943080	-3.16538000
166.87999899	0.94943080	-3.16538000
166.95999899	0.94943080	-3.25327300
167.03999898	0.94943080	-3.25327300
167.11999898	0.94943080	-3.34086100
167.19999898	0.94943080	-3.34086100
167.27999898	0.94943080	-3.34086100
167.35999898	0.94943080	-3.34086100
167.43999898	0.94943080	-3.42875500
167.51999898	0.94943080	-3.42875500
167.59999898	0.94943080	-3.51664800
167.67999898	0.94943080	-3.51664800
167.75999898	0.94943080	-3.51664800
167.83999898	0.94943080	-3.51664800
167.91999898	0.94943080	-3.60454100
167.99999898	0.94943080	-3.60454100
168.07999898	0.94943080	-3.60454100
168.15999898	0.94943080	-3.60454100
168.23999898	0.94943080	-3.69212900
168.31999898	0.94943080	-3.69212900
168.39999898	0.94943080	-3.69212900
168.47999898	0.94943080	-3.78002300
168.55999898	0.94943080	-3.78002300
168.63999898	0.94943080	-3.78002300
168.71999897	0.94943080	-3.86791600
168.79999897	0.94943080	-3.86791600
168.87999897	0.94943080	-3.86791600
168.95999897	0.94943080	-3.86791600
169.03999897	0.94943080	-3.86791600
169.11999897	0.94943080	-3.95580900
169.19999897	1.03824000	-3.95580900
169.27999897	0.94943080	-4.04339700
169.35999897	0.94943080	-4.04339700
169.43999897	0.94943080	-4.04339700
169.51999897	0.94943080	-4.04339700
169.59999897	0.94943080	-4.04339700
169.67999897	0.94943080	-4.13129000
169.75999897	0.94943080	-4.04339700
169.83999897	1.03824000	-4.13129000
169.91999897	0.94943080	-4.13129000
169.99999897	0.94943080	-4.21918400
170.07999897	0.94943080	-4.21918400
170.15999897	0.94943080	-4.21918400
170.23999897	0.94943080	-4.21918400
170.31999896	0.94943080	-4.21918400
170.39999896	0.94943080	-4.21918400
170.47999896	0.94943080	-4.21918400
170.55999896	0.94943080	-4.30707700
170.63999896	0.94943080	-4.21918400
170.71999896	0.94943080	-4.30707700
170.79999896	1.03824000	-4.30707700
170.87999896	0.94943080	-4.30707700
170.95999896	0.94943080	-4.30707700
171.03999896	0.94943080	-4.30707700
171.11999896	0.94943080	-4.30707700
171.19999896	0.94943080	-4.39497000
171.27999896	0.94943080	-4.39497000
171.35999896	0.94943080	-4.30707700
171.43999896	0.94943080	-4.39497000
171.51999896	0.94943080	-4.39497000
171.59999896	0.94943080	-4.39497000
171.67999896	0.94943080	-4.39497000
171.75999896	0.94943080	-4.39497000
171.83999896	0.94943080	-4.39497000
171.91999896	0.94943080	-4.39497000
171.99999895	0.94943080	-4.39497000
172.07999895	0.94943080	-4.39497000
172.15999895	0.94943080	-4.39497000
172.23999895	0.94943080	-4.39497000
172.31999895	0.94943080	-4.48255900
172.39999895	0.94943080	-4.39497000
172.47999895	0.94943080	-4.39497000
172.55999895	0.94943080	-4.39497000
172.63999895	0.94943080	-4.39497000
172.71999895	0.94943080	-4.39497000
172.79999895	0.94943080	-4.39497000
172.87999895	0.94943080	-4.39497000
172.95999895	0.86092720	-4.39497000
173.03999895	0.94943080	-4.39497000
173.11999895	0.94943080	-4.39497000
173.19999895	0.94943080	-4.39497000
173.27999895	0.86092720	-4.30707700
173.35999895	0.94943080	-4.39497000
173.43999895	0.94943080	-4.39497000
173.51999895	0.94943080	-4.39497000
173.59999894	0.94943080	-4.30707700
173.67999894	0.94943080	-4.30707700
173.75999894	0.94943080	-4.30707700
173.83999894	0.94943080	-4.30707700
173.91999894	0.94943080	-4.30707700
173.99999894	0.94943080	-4.30707700
174.07999894	0.86092720	-4.21918400
174.15999894	0.94943080	-4.21918400
174.23999894	0.86092720	-4.21918400
174.31999894	0.86092720	-4.21918400
174.39999894	0.86092720	-4.21918400
174.47999894	0.86092720	-4.21918400
174.55999894	0.94943080	-4.21918400
174.63999894	0.86092720	-4.21918400
174.71999894	0.94943080	-4.21918400
174.79999894	0.86092720	-4.13129000
174.87999894	0.86092720	-4.13129000
174.95999894	0.94943080	-4.04339700
175.03999894	0.86092720	-4.04339700
175.11999894	0.86092720	-4.04339700
175.19999894	0.86092720	-4.04339700
175.27999893	0.94943080	-3.95580900
175.35999893	0.86092720	-3.95580900
175.43999893	0.86092720	-3.95580900
175.51999893	0.86092720	-3.95580900
175.59999893	0.86092720	-3.86791600
175.67999893	0.86092720	-3.86791600
175.75999893	0.86092720	-3.86791600
175.83999893	0.86092720	-3.86791600
175.91999893	0.86092720	-3.86791600
175.99999893	0.86092720	-3.78002300
176.07999893	0.86092720	-3.78002300
176.15999893	0.86092720	-3.78002300
176.23999893	0.94943080	-3.69212900
176.31999893	0.86092720	-3.60454100
176.39999893	0.86092720	-3.60454100
176.47999893	0.86092720	-3.60454100
176.55999893	0.86092720	-3.60454100
176.63999893	0.86092720	-3.51664800
176.71999893	0.86092720	-3.51664800
176.79999893	0.86092720	-3.51664800
176.87999893	0.86092720	-3.42875500
176.95999892	0.86092720	-3.42875500
177.03999892	0.86092720	-3.34086100
177.11999892	0.86092720	-3.34086100
177.19999892	0.86092720	-3.34086100
177.27999892	0.86092720	-3.25327300
177.35999892	0.86092720	-3.25327300
177.43999892	0.86092720	-3.16538000
177.51999892	0.86092720	-3.16538000
177.59999892	0.86092720	-3.16538000
177.67999892	0.86092720	-3.07748700
177.75999892	0.86092720	-3.07748700
177.83999892	0.77211830	-2.98959300
177.91999892	0.86092720	-2.98959300
177.99999892	0.86092720	-2.98959300
178.07999892	0.86092720	-2.90200500
178.15999892	0.86092720	-2.90200500
178.23999892	0.86092720	-2.81411200
178.31999892	0.86092720	-2.81411200
178.39999892	0.86092720	-2.81411200
178.47999892	0.86092720	-2.72621800
178.55999891	0.86092720	-2.63832500
178.63999891	0.86092720	-2.63832500
178.71999891	0.77211830	-2.63832500
178.79999891	0.86092720	-2.55043200
178.87999891	0.77211830	-2.55043200
178.95999891	0.77211830	-2.46284400
179.03999891	0.77211830	-2.46284400
179.11999891	0.77211830	-2.37495000
179.19999891	0.86092720	-2.37495000
179.27999891	0.86092720	-2.28705700
179.35999891	0.77211830	-2.19916400
179.43999891	0.77211830	-2.19916400
179.51999891	0.77211830	-2.11157600
179.59999891	0.77211830	-2.11157600
179.67999891	0.77211830	-2.11157600
179.75999891	0.77211830	-2.02368200
179.83999891	0.77211830	-2.02368200
179.91999891	0.77211830	-1.93578900
179.99999891	0.77211830	-1.93578900
180.07999891	0.77211830	-1.93578900
180.15999891	0.77211830	-1.76030800
180.23999890	0.86092720	-1.76030800
180.31999890	0.77211830	-1.76030800
180.39999890	0.77211830	-1.67241400
180.47999890	0.77211830	-1.67241400
180.55999890	0.77211830	-1.58452100
180.63999890	0.77211830	-1.58452100
180.71999890	0.77211830	-1.49662800
180.79999890	0.68361460	-1.49662800
180.87999890	0.77211830	-1.40904000
180.95999890	0.68361460	-1.40904000
181.03999890	0.77211830	-1.32114600
181.11999890	0.77211830	-1.32114600
181.19999890	0.77211830	-1.23325300
181.27999890	0.77211830	-1.23325300
181.35999890	0.68361460	-1.14536000
181.43999890	0.77211830	-1.05746600
181.51999890	0.77211830	-1.05746600
181.59999890	0.77211830	-1.05746600
181.67999890	0.77211830	-0.96987830
181.75999890	0.77211830	-0.88198490
181.83999889	0.68361460	-0.88198490
181.91999889	0.68361460	-0.79409160
181.99999889	0.77211830	-0.79409160
182.07999889	0.77211830	-0.70619830
182.15999889	0.68361460	-0.61861020
182.23999889	0.77211830	-0.61861020
182.31999889	0.68361460	-0.53071690
182.39999889	0.68361460	-0.44282360
182.47999889	0.68361460	-0.53071690
182.55999889	0.68361460	-0.35493030
182.63999889	0.68361460	-0.35493030
182.71999889	0.77211830	-0.35493030
182.79999889	0.68361460	-0.35493030
182.87999889	0.68361460	-0.17944880
182.95999889	0.68361460	-0.17944880
183.03999889	0.68361460	-0.09155553
183.11999889	0.68361460	-0.09155553
183.19999889	0.68361460	-0.00366222
183.27999889	0.68361460	-0.00366222
183.35999889	0.68361460	0.08392590
183.43999889	0.68361460	0.08392590
183.51999888	0.68361460	0.17151400
183.59999888	0.68361460	0.25940730
183.67999888	0.68361460	0.25940730
183.75999888	0.68361460	0.34730060
183.83999888	0.68361460	0.43519400
183.91999888	0.68361460	0.52278210
183.99999888	0.68361460	0.52278210
184.07999888	0.68361460	0.52278210
184.15999888	0.68361460	0.61067540
184.23999888	0.68361460	0.69856870
184.31999888	0.68361460	0.69856870
184.39999888	0.68361460	0.69856870
184.47999888	0.68361460	0.78646200
184.55999888	0.68361460	0.87405010
184.63999888	0.68361460	0.87405010
184.71999888	0.68361460	0.96194340
184.79999888	0.59480580	0.96194340
184.87999888	0.68361460	1.04983700
184.95999888	0.68361460	1.13773000
185.03999888	0.68361460	1.13773000
185.11999887	0.68361460	1.22531800
185.19999887	0.68361460	1.22531800
185.27999887	0.68361460	1.31321100
185.35999887	0.68361460	1.31321100
185.43999887	0.68361460	1.40110500
185.51999887	0.59480580	1.40110500
185.59999887	0.59480580	1.48899800
185.67999887	0.59480580	1.57689100
185.75999887	0.59480580	1.57689100
185.83999887	0.59480580	1.57689100
185.91999887	0.59480580	1.75237300
185.99999887	0.68361460	1.75237300
186.07999887	0.59480580	1.75237300
186.15999887	0.59480580	1.75237300
186.23999887	0.50630210	1.92815900
186.31999887	0.50630210	1.92815900
186.39999887	0.50630210	2.01574800
186.47999887	0.50630210	2.01574800
186.55999887	0.50630210	2.10364100
186.63999887	0.59480580	2.10364100
186.71999887	0.50630210	2.19153400
186.79999886	0.59480580	2.19153400
186.87999886	0.50630210	2.27942800
186.95999886	0.59480580	2.27942800
187.03999886	0.50630210	2.27942800
187.11999886	0.59480580	2.36701600
187.19999886	0.59480580	2.36701600
187.27999886	0.50630210	2.45490900
187.35999886	0.59480580	2.45490900
187.43999886	0.59480580	2.54280200
187.51999886	0.59480580	2.63069600
187.59999886	0.59480580	2.63069600
187.67999886	0.59480580	2.71828400
187.75999886	0.59480580	2.71828400
187.83999886	0.59480580	2.80617700
187.91999886	0.59480580	2.80617700
187.99999886	0.50630210	2.89407000
188.07999886	0.59480580	2.89407000
188.15999886	0.50630210	2.98196400
188.23999886	0.59480580	2.98196400
188.31999886	0.59480580	2.98196400
188.39999886	0.59480580	2.98196400
188.47999885	0.59480580	3.15744500
188.55999885	0.59480580	3.15744500
188.63999885	0.59480580	3.15744500
188.71999885	0.59480580	3.24533800
188.79999885	0.59480580	3.24533800
188.87999885	0.59480580	3.33323200
188.95999885	0.59480580	3.33323200
189.03999885	0.59480580	3.42112500
189.11999885	0.59480580	3.42112500
189.19999885	0.59480580	3.50871300
189.27999885	0.59480580	3.50871300
189.35999885	0.59480580	3.50871300
189.43999885	0.59480580	3.59660600
189.51999885	0.59480580	3.59660600
189.59999885	0.59480580	3.59660600
189.67999885	0.59480580	3.59660600
189.75999885	0.59480580	3.68450000
189.83999885	0.59480580	3.77239300
189.91999885	0.59480580	3.77239300
189.99999885	0.59480580	3.85998100
190.07999884	0.59480580	3.85998100
190.15999884	0.59480580	3.85998100
190.23999884	0.59480580	3.85998100
190.31999884	0.59480580	3.85998100
190.39999884	0.59480580	3.94787400
190.47999884	0.59480580	4.03576800
190.55999884	0.59480580	4.03576800
190.63999884	0.59480580	4.03576800
190.71999884	0.59480580	4.12366100
190.79999884	0.59480580	4.12366100
190.87999884	0.59480580	4.12366100
190.95999884	0.59480580	4.12366100
191.03999884	0.68361460	4.21124900
191.11999884	0.59480580	4.21124900
191.19999884	0.59480580	4.21124900
191.27999884	0.68361460	4.29914200
191.35999884	0.68361460	4.29914200
191.43999884	0.68361460	4.29914200
191.51999884	0.68361460	4.38703600
191.59999884	0.59480580	4.38703600
191.67999884	0.59480580	4.38703600
191.75999883	0.68361460	4.38703600
191.83999883	0.68361460	4.47492900
191.91999883	0.68361460	4.47492900
191.99999883	0.59480580	4.47492900
192.07999883	0.59480580	4.56282200
192.15999883	0.68361460	4.56282200
192.23999883	0.59480580	4.56282200
192.31999883	0.68361460	4.56282200
192.39999883	0.68361460	4.56282200
192.47999883	0.68361460	4.56282200
192.55999883	0.59480580	4.65041100
192.63999883	0.68361460	4.65041100
192.71999883	0.68361460	4.65041100
192.79999883	0.68361460	4.65041100
192.87999883	0.68361460	4.73830400
192.95999883	0.68361460	4.73830400
193.03999883	0.68361460	4.73830400
193.11999883	0.68361460	4.73830400
193.19999883	0.68361460	4.73830400
193.27999883	0.68361460	4.82619700
193.35999882	0.68361460	4.82619700
193.43999882	0.68361460	4.82619700
193.51999882	0.68361460	4.82619700
193.59999882	0.68361460	4.82619700
193.67999882	0.68361460	4.91409000
193.75999882	0.68361460	4.82619700
193.83999882	0.59480580	4.91409000
193.91999882	0.68361460	4.91409000
193.99999882	0.59480580	4.91409000
194.07999882	0.68361460	4.91409000
194.15999882	0.68361460	4.91409000
194.23999882	0.68361460	4.91409000
194.31999882	0.68361460	4.91409000
194.39999882	0.68361460	4.91409000
194.47999882	0.68361460	4.91409000
194.55999882	0.68361460	4.91409000
194.63999882	0.68361460	4.91409000
194.71999882	0.68361460	4.91409000
194.79999882	0.68361460	4.91409000
194.87999882	0.68361460	4.91409000
194.95999882	0.68361460	4.91409000
195.03999881	0.68361460	4.91409000
195.11999881	0.68361460	4.91409000
195.19999881	0.68361460	4.91409000
195.27999881	0.68361460	4.91409000
195.35999881	0.68361460	4.91409000
195.43999881	0.68361460	4.91409000
195.51999881	0.68361460	4.91409000
195.59999881	0.68361460	4.91409000
195.67999881	0.68361460	4.91409000
195.75999881	0.68361460	4.91409000
195.83999881	0.68361460	4.91409000
195.91999881	0.68361460	4.91409000
195.99999881	0.68361460	4.91409000
196.07999881	0.68361460	4.91409000
196.15999881	0.68361460	4.82619700
196.23999881	0.68361460	4.82619700
196.31999881	0.68361460	4.82619700
196.39999881	0.68361460	4.91409000
196.47999881	0.68361460	4.82619700
196.55999881	0.68361460	4.82619700
196.63999880	0.68361460	4.82619700
196.71999880	0.68361460	4.82619700
196.79999880	0.68361460	4.82619700
196.87999880	0.68361460	4.82619700
196.95999880	0.68361460	4.73830400
197.03999880	0.68361460	4.73830400
197.11999880	0.68361460	4.73830400
197.19999880	0.68361460	4.73830400
197.27999880	0.68361460	4.65041100
197.35999880	0.68361460	4.65041100
197.43999880	0.68361460	4.65041100
197.51999880	0.68361460	4.65041100
197.59999880	0.68361460	4.56282200
197.67999880	0.68361460	4.56282200
197.75999880	0.68361460	4.56282200
197.83999880	0.68361460	4.56282200
197.91999880	0.68361460	4.56282200
197.99999880	0.68361460	4.56282200
198.07999880	0.68361460	4.47492900
198.15999880	0.68361460	4.47492900
198.23999880	0.68361460	4.47492900
198.31999879	0.68361460	4.38703600
198.39999879	0.68361460	4.38703600
198.47999879	0.68361460	4.38703600
198.55999879	0.68361460	4.38703600
198.63999879	0.68361460	4.38703600
198.71999879	0.68361460	4.29914200
198.79999879	0.68361460	4.29914200
198.87999879	0.68361460	4.29914200
198.95999879	0.68361460	4.29914200
199.03999879	0.68361460	4.21124900
199.11999879	0.68361460	4.21124900
199.19999879	0.68361460	4.21124900
199.27999879	0.68361460	4.21124900
199.35999879	0.68361460	4.12366100
199.43999879	0.68361460	4.12366100
199.51999879	0.68361460	4.03576800
199.59999879	0.68361460	4.03576800
199.67999879	0.68361460	4.03576800
199.75999879	0.68361460	3.94787400
199.83999879	0.68361460	3.94787400
199.91999878	0.68361460	3.94787400
199.99999878	0.68361460	3.85998100
200.07999878	0.68361460	3.85998100
200.15999878	0.59480580	3.85998100
200.23999878	0.68361460	3.85998100
