Time	Channel A	Channel B
(us)	(V)	(V)

0.00000000	5.82567800	2.54280200
0.08000000	5.82567800	2.54280200
0.16000000	5.82567800	2.54280200
0.24000000	5.82567800	2.45490900
0.32000000	5.82567800	2.45490900
0.40000000	5.82567800	2.45490900
0.48000000	5.82567800	2.45490900
0.56000000	5.82567800	2.45490900
0.64000000	5.73717500	2.36701600
0.72000000	5.82567800	2.36701600
0.80000000	5.82567800	2.27942800
0.87999999	5.73717500	2.27942800
0.95999999	5.73717500	2.27942800
1.03999999	5.82567800	2.27942800
1.11999999	5.82567800	2.27942800
1.19999999	5.73717500	2.19153400
1.27999999	5.73717500	2.19153400
1.35999999	5.73717500	2.10364100
1.43999999	5.73717500	2.10364100
1.51999999	5.73717500	2.10364100
1.59999999	5.73717500	2.10364100
1.67999999	5.73717500	2.01574800
1.75999999	5.64836500	2.01574800
1.83999999	5.73717500	2.01574800
1.91999999	5.64836500	2.01574800
1.99999999	5.64836500	2.01574800
2.07999999	5.64836500	1.92815900
2.15999999	5.64836500	1.92815900
2.23999999	5.73717500	1.84026600
2.31999999	5.64836500	1.84026600
2.39999999	5.64836500	1.84026600
2.47999998	5.73717500	1.84026600
2.55999998	5.64836500	1.75237300
2.63999998	5.64836500	1.75237300
2.71999998	5.64836500	1.75237300
2.79999998	5.64836500	1.75237300
2.87999998	5.64836500	1.75237300
2.95999998	5.64836500	1.66447900
3.03999998	5.64836500	1.66447900
3.11999998	5.55986200	1.66447900
3.19999998	5.64836500	1.66447900
3.27999998	5.55986200	1.57689100
3.35999998	5.55986200	1.57689100
3.43999998	5.55986200	1.48899800
3.51999998	5.55986200	1.48899800
3.59999998	5.47105300	1.48899800
3.67999998	5.29374100	1.48899800
3.75999998	4.85061200	1.40110500
3.83999998	4.40717800	1.40110500
3.91999998	4.31867400	1.40110500
3.99999998	4.31867400	1.40110500
4.07999998	4.31867400	1.31321100
4.15999997	4.31867400	1.31321100
4.23999997	4.31867400	1.31321100
4.31999997	4.31867400	1.22531800
4.39999997	4.31867400	1.22531800
4.47999997	4.31867400	1.22531800
4.55999997	4.31867400	1.13773000
4.63999997	4.31867400	1.13773000
4.71999997	4.31867400	1.04983700
4.79999997	4.22986600	1.04983700
4.87999997	4.22986600	1.04983700
4.95999997	4.31867400	1.04983700
5.03999997	4.22986600	1.04983700
5.11999997	4.22986600	1.04983700
5.19999997	4.31867400	0.96194340
5.27999997	4.22986600	0.87405010
5.35999997	4.22986600	0.87405010
5.43999997	4.22986600	0.87405010
5.51999997	4.22986600	0.87405010
5.59999997	4.22986600	0.78646200
5.67999997	4.22986600	0.78646200
5.75999996	4.22986600	0.78646200
5.83999996	4.22986600	0.69856870
5.91999996	4.22986600	0.69856870
5.99999996	4.22986600	0.69856870
6.07999996	4.22986600	0.69856870
6.15999996	4.22986600	0.69856870
6.23999996	4.22986600	0.61067540
6.31999996	4.22986600	0.61067540
6.39999996	4.22986600	0.61067540
6.47999996	4.22986600	0.52278210
6.55999996	4.22986600	0.52278210
6.63999996	4.22986600	0.52278210
6.71999996	4.22986600	0.43519400
6.79999996	4.22986600	0.43519400
6.87999996	4.22986600	0.34730060
6.95999996	4.22986600	0.34730060
7.03999996	4.22986600	0.34730060
7.11999996	4.22986600	0.34730060
7.19999996	4.22986600	0.34730060
7.27999996	4.22986600	0.34730060
7.35999996	4.22986600	0.25940730
7.43999995	4.22986600	0.25940730
7.51999995	4.22986600	0.17151400
7.59999995	4.22986600	0.17151400
7.67999995	4.22986600	0.17151400
7.75999995	4.22986600	0.08392590
7.83999995	4.22986600	0.08392590
7.91999995	4.22986600	-0.00366222
7.99999995	4.22986600	-0.00366222
8.07999995	4.22986600	-0.00366222
8.15999995	4.22986600	-0.00366222
8.23999995	4.22986600	-0.00366222
8.31999995	4.22986600	-0.09155553
8.39999995	4.22986600	-0.09155553
8.47999995	4.22986600	-0.09155553
8.55999995	4.22986600	-0.17944880
8.63999995	4.22986600	-0.17944880
8.71999995	4.22986600	-0.26734220
8.79999995	4.22986600	-0.26734220
8.87999995	4.14136200	-0.26734220
8.95999995	3.69792800	-0.35493030
9.03999995	0.86092720	-0.35493030
9.11999994	0.59480580	-0.35493030
9.19999994	0.68361460	-0.35493030
9.27999994	0.68361460	-0.35493030
9.35999994	0.68361460	-0.44282360
9.43999994	0.68361460	-0.44282360
9.51999994	0.68361460	-0.53071690
9.59999994	0.68361460	-0.53071690
9.67999994	0.68361460	-0.53071690
9.75999994	0.68361460	-0.61861020
9.83999994	0.68361460	-0.61861020
9.91999994	0.68361460	-0.61861020
9.99999994	0.68361460	-0.70619830
10.07999994	0.68361460	-0.70619830
10.15999994	0.68361460	-0.70619830
10.23999994	0.68361460	-0.70619830
10.31999994	0.77211830	-0.79409160
10.39999994	0.77211830	-0.79409160
10.47999994	0.77211830	-0.79409160
10.55999994	0.77211830	-0.88198490
10.63999994	0.77211830	-0.96987830
10.71999993	0.77211830	-0.96987830
10.79999993	0.77211830	-0.96987830
10.87999993	0.77211830	-1.05746600
10.95999993	0.77211830	-1.05746600
11.03999993	0.77211830	-1.05746600
11.11999993	0.77211830	-1.14536000
11.19999993	0.86092720	-1.23325300
11.27999993	0.77211830	-1.23325300
11.35999993	0.86092720	-1.23325300
11.43999993	0.86092720	-1.23325300
11.51999993	0.77211830	-1.32114600
11.59999993	0.86092720	-1.32114600
11.67999993	0.86092720	-1.40904000
11.75999993	0.77211830	-1.40904000
11.83999993	0.77211830	-1.40904000
11.91999993	0.86092720	-1.40904000
11.99999993	0.86092720	-1.49662800
12.07999993	0.86092720	-1.49662800
12.15999993	0.86092720	-1.58452100
12.23999993	0.86092720	-1.58452100
12.31999993	0.86092720	-1.67241400
12.39999992	0.86092720	-1.67241400
12.47999992	0.86092720	-1.76030800
12.55999992	0.86092720	-1.76030800
12.63999992	0.86092720	-1.76030800
12.71999992	0.86092720	-1.76030800
12.79999992	0.86092720	-1.84789600
12.87999992	0.86092720	-1.93578900
12.95999992	0.86092720	-1.93578900
13.03999992	0.86092720	-1.93578900
13.11999992	0.86092720	-2.02368200
13.19999992	0.86092720	-2.02368200
13.27999992	0.86092720	-2.11157600
13.35999992	0.86092720	-2.11157600
13.43999992	0.86092720	-2.11157600
13.51999992	0.86092720	-2.11157600
13.59999992	0.86092720	-2.19916400
13.67999992	0.86092720	-2.19916400
13.75999992	0.86092720	-2.28705700
13.83999992	0.86092720	-2.28705700
13.91999992	0.86092720	-2.28705700
13.99999991	0.86092720	-2.37495000
14.07999991	0.86092720	-2.46284400
14.15999991	0.94943080	-2.46284400
14.23999991	0.86092720	-2.46284400
14.31999991	0.86092720	-2.55043200
14.39999991	0.94943080	-2.55043200
14.47999991	0.94943080	-2.63832500
14.55999991	0.94943080	-2.63832500
14.63999991	0.94943080	-2.63832500
14.71999991	0.94943080	-2.72621800
14.79999991	0.94943080	-2.72621800
14.87999991	0.86092720	-2.81411200
14.95999991	0.94943080	-2.81411200
15.03999991	0.86092720	-2.81411200
15.11999991	0.86092720	-2.90200500
15.19999991	0.94943080	-2.90200500
15.27999991	0.94943080	-2.90200500
15.35999991	0.94943080	-2.98959300
15.43999991	0.86092720	-2.98959300
15.51999991	0.86092720	-2.98959300
15.59999991	0.94943080	-3.07748700
15.67999990	0.94943080	-3.07748700
15.75999990	0.94943080	-3.16538000
15.83999990	0.94943080	-3.16538000
15.91999990	0.94943080	-3.16538000
15.99999990	0.94943080	-3.25327300
16.07999990	0.94943080	-3.25327300
16.15999990	0.94943080	-3.25327300
16.23999990	0.94943080	-3.34086100
16.31999990	0.94943080	-3.34086100
16.39999990	0.94943080	-3.42875500
16.47999990	0.94943080	-3.34086100
16.55999990	1.03824000	-3.42875500
16.63999990	0.94943080	-3.42875500
16.71999990	0.94943080	-3.51664800
16.79999990	0.94943080	-3.51664800
16.87999990	0.94943080	-3.51664800
16.95999990	0.94943080	-3.51664800
17.03999990	0.94943080	-3.60454100
17.11999990	0.94943080	-3.60454100
17.19999990	0.94943080	-3.69212900
17.27999989	0.94943080	-3.69212900
17.35999989	0.94943080	-3.69212900
17.43999989	0.94943080	-3.78002300
17.51999989	0.94943080	-3.78002300
17.59999989	0.94943080	-3.78002300
17.67999989	0.94943080	-3.78002300
17.75999989	0.94943080	-3.86791600
17.83999989	0.94943080	-3.86791600
17.91999989	0.94943080	-3.86791600
17.99999989	0.94943080	-3.86791600
18.07999989	0.94943080	-3.86791600
18.15999989	0.94943080	-3.95580900
18.23999989	0.94943080	-3.95580900
18.31999989	0.94943080	-4.04339700
18.39999989	0.94943080	-4.04339700
18.47999989	0.94943080	-4.04339700
18.55999989	0.94943080	-4.04339700
18.63999989	0.94943080	-4.04339700
18.71999989	0.94943080	-4.13129000
18.79999989	0.94943080	-4.13129000
18.87999989	0.94943080	-4.13129000
18.95999988	0.94943080	-4.13129000
19.03999988	0.94943080	-4.13129000
19.11999988	1.03824000	-4.21918400
19.19999988	0.94943080	-4.21918400
19.27999988	0.94943080	-4.21918400
19.35999988	0.94943080	-4.21918400
19.43999988	0.94943080	-4.21918400
19.51999988	0.94943080	-4.21918400
19.59999988	0.94943080	-4.30707700
19.67999988	0.94943080	-4.30707700
19.75999988	0.94943080	-4.30707700
19.83999988	0.94943080	-4.30707700
19.91999988	0.94943080	-4.30707700
19.99999988	0.94943080	-4.30707700
20.07999988	0.94943080	-4.30707700
20.15999988	0.94943080	-4.30707700
20.23999988	0.94943080	-4.39497000
20.31999988	0.94943080	-4.39497000
20.39999988	1.03824000	-4.39497000
20.47999988	0.94943080	-4.39497000
20.55999988	0.94943080	-4.39497000
20.63999987	0.94943080	-4.39497000
20.71999987	0.94943080	-4.39497000
20.79999987	0.94943080	-4.39497000
20.87999987	0.94943080	-4.39497000
20.95999987	0.94943080	-4.39497000
21.03999987	0.94943080	-4.39497000
21.11999987	0.94943080	-4.48255900
21.19999987	0.94943080	-4.48255900
21.27999987	0.94943080	-4.39497000
21.35999987	0.94943080	-4.48255900
21.43999987	0.94943080	-4.48255900
21.51999987	0.94943080	-4.39497000
21.59999987	0.94943080	-4.48255900
21.67999987	0.94943080	-4.48255900
21.75999987	0.86092720	-4.48255900
21.83999987	0.94943080	-4.48255900
21.91999987	0.94943080	-4.39497000
21.99999987	0.94943080	-4.48255900
22.07999987	0.94943080	-4.39497000
22.15999987	0.94943080	-4.39497000
22.23999986	0.94943080	-4.39497000
22.31999986	0.86092720	-4.39497000
22.39999986	0.94943080	-4.39497000
22.47999986	0.94943080	-4.39497000
22.55999986	0.94943080	-4.39497000
22.63999986	0.86092720	-4.39497000
22.71999986	0.86092720	-4.39497000
22.79999986	0.94943080	-4.39497000
22.87999986	0.94943080	-4.39497000
22.95999986	0.94943080	-4.30707700
23.03999986	0.86092720	-4.30707700
23.11999986	0.94943080	-4.30707700
23.19999986	0.86092720	-4.30707700
23.27999986	0.86092720	-4.30707700
23.35999986	0.94943080	-4.21918400
23.43999986	0.86092720	-4.21918400
23.51999986	0.94943080	-4.21918400
23.59999986	0.86092720	-4.21918400
23.67999986	0.86092720	-4.21918400
23.75999986	0.94943080	-4.21918400
23.83999986	0.94943080	-4.13129000
23.91999985	0.94943080	-4.13129000
23.99999985	0.94943080	-4.13129000
24.07999985	0.86092720	-4.13129000
24.15999985	0.86092720	-4.13129000
24.23999985	0.94943080	-4.04339700
24.31999985	0.86092720	-4.04339700
24.39999985	0.86092720	-4.04339700
24.47999985	0.86092720	-4.04339700
24.55999985	0.86092720	-3.95580900
24.63999985	0.86092720	-3.95580900
24.71999985	0.86092720	-3.95580900
24.79999985	0.86092720	-3.86791600
24.87999985	0.86092720	-3.86791600
24.95999985	0.86092720	-3.86791600
25.03999985	0.86092720	-3.86791600
25.11999985	0.86092720	-3.78002300
25.19999985	0.86092720	-3.78002300
25.27999985	0.86092720	-3.78002300
25.35999985	0.86092720	-3.69212900
25.43999985	0.86092720	-3.69212900
25.51999984	0.86092720	-3.69212900
25.59999984	0.86092720	-3.60454100
25.67999984	0.86092720	-3.51664800
25.75999984	0.86092720	-3.51664800
25.83999984	0.86092720	-3.51664800
25.91999984	0.86092720	-3.51664800
25.99999984	0.86092720	-3.42875500
26.07999984	0.86092720	-3.42875500
26.15999984	0.86092720	-3.42875500
26.23999984	0.86092720	-3.34086100
26.31999984	0.86092720	-3.25327300
26.39999984	0.86092720	-3.34086100
26.47999984	0.86092720	-3.25327300
26.55999984	0.86092720	-3.16538000
26.63999984	0.86092720	-3.16538000
26.71999984	0.86092720	-3.16538000
26.79999984	0.77211830	-3.16538000
26.87999984	0.86092720	-3.07748700
26.95999984	0.86092720	-2.98959300
27.03999984	0.86092720	-2.98959300
27.11999984	0.77211830	-2.98959300
27.19999983	0.86092720	-2.90200500
27.27999983	0.77211830	-2.90200500
27.35999983	0.86092720	-2.81411200
27.43999983	0.86092720	-2.81411200
27.51999983	0.77211830	-2.81411200
27.59999983	0.86092720	-2.72621800
27.67999983	0.86092720	-2.63832500
27.75999983	0.86092720	-2.63832500
27.83999983	0.86092720	-2.63832500
27.91999983	0.86092720	-2.55043200
27.99999983	0.86092720	-2.55043200
28.07999983	0.86092720	-2.46284400
28.15999983	0.77211830	-2.46284400
28.23999983	0.77211830	-2.37495000
28.31999983	0.86092720	-2.37495000
28.39999983	0.77211830	-2.28705700
28.47999983	0.77211830	-2.28705700
28.55999983	0.86092720	-2.19916400
28.63999983	0.77211830	-2.11157600
28.71999983	0.86092720	-2.11157600
28.79999982	0.77211830	-2.11157600
28.87999982	0.77211830	-2.02368200
28.95999982	0.77211830	-2.02368200
29.03999982	0.77211830	-1.93578900
29.11999982	0.77211830	-1.93578900
29.19999982	0.77211830	-1.84789600
29.27999982	0.86092720	-1.84789600
29.35999982	0.68361460	-1.76030800
29.43999982	0.77211830	-1.76030800
29.51999982	0.77211830	-1.76030800
29.59999982	0.77211830	-1.67241400
29.67999982	0.77211830	-1.58452100
29.75999982	0.77211830	-1.58452100
29.83999982	0.77211830	-1.49662800
29.91999982	0.77211830	-1.40904000
29.99999982	0.77211830	-1.40904000
30.07999982	0.68361460	-1.40904000
30.15999982	0.77211830	-1.32114600
30.23999982	0.77211830	-1.32114600
30.31999982	0.77211830	-1.23325300
30.39999982	0.77211830	-1.23325300
30.47999981	0.77211830	-1.23325300
30.55999981	0.77211830	-1.05746600
30.63999981	0.77211830	-1.05746600
30.71999981	0.68361460	-1.05746600
30.79999981	0.68361460	-0.88198490
30.87999981	0.68361460	-0.96987830
30.95999981	0.68361460	-0.88198490
31.03999981	0.68361460	-0.79409160
31.11999981	0.68361460	-0.79409160
31.19999981	0.77211830	-0.70619830
31.27999981	0.68361460	-0.61861020
31.35999981	0.68361460	-0.61861020
31.43999981	0.68361460	-0.53071690
31.51999981	0.68361460	-0.53071690
31.59999981	0.68361460	-0.44282360
31.67999981	0.68361460	-0.35493030
31.75999981	0.68361460	-0.35493030
31.83999981	0.68361460	-0.26734220
31.91999981	0.68361460	-0.17944880
31.99999981	0.68361460	-0.17944880
32.07999981	0.68361460	-0.09155553
32.15999980	0.68361460	-0.09155553
32.23999980	0.68361460	-0.00366222
32.31999980	0.68361460	-0.00366222
32.39999980	0.68361460	0.08392590
32.47999980	0.68361460	0.08392590
32.55999980	0.68361460	0.17151400
32.63999980	0.68361460	0.17151400
32.71999980	0.68361460	0.25940730
32.79999980	0.68361460	0.34730060
32.87999980	0.68361460	0.43519400
32.95999980	0.68361460	0.34730060
33.03999980	0.68361460	0.43519400
33.11999980	0.68361460	0.52278210
33.19999980	0.68361460	0.61067540
33.27999980	0.68361460	0.61067540
33.35999980	0.68361460	0.69856870
33.43999980	0.68361460	0.69856870
33.51999980	0.68361460	0.78646200
33.59999980	0.68361460	0.78646200
33.67999980	0.68361460	0.87405010
33.75999979	0.59480580	0.96194340
33.83999979	0.68361460	0.96194340
33.91999979	0.68361460	1.04983700
33.99999979	0.59480580	1.04983700
34.07999979	0.59480580	1.13773000
34.15999979	0.68361460	1.13773000
34.23999979	0.59480580	1.22531800
34.31999979	0.59480580	1.22531800
34.39999979	0.59480580	1.31321100
34.47999979	0.59480580	1.40110500
34.55999979	0.59480580	1.40110500
34.63999979	0.59480580	1.48899800
34.71999979	0.59480580	1.48899800
34.79999979	0.59480580	1.57689100
34.87999979	0.59480580	1.57689100
34.95999979	0.50630210	1.66447900
35.03999979	0.50630210	1.75237300
35.11999979	0.41749320	1.75237300
35.19999979	0.50630210	1.84026600
35.27999979	0.50630210	1.84026600
35.35999979	0.50630210	1.92815900
35.43999978	0.50630210	1.92815900
35.51999978	0.50630210	2.01574800
35.59999978	0.50630210	2.01574800
35.67999978	0.50630210	2.10364100
35.75999978	0.50630210	2.10364100
35.83999978	0.59480580	2.19153400
35.91999978	0.50630210	2.27942800
35.99999978	0.50630210	2.27942800
36.07999978	0.59480580	2.36701600
36.15999978	0.50630210	2.36701600
36.23999978	0.50630210	2.45490900
36.31999978	0.59480580	2.45490900
36.39999978	0.50630210	2.45490900
36.47999978	0.50630210	2.54280200
36.55999978	0.59480580	2.54280200
36.63999978	0.59480580	2.63069600
36.71999978	0.50630210	2.63069600
36.79999978	0.59480580	2.71828400
36.87999978	0.50630210	2.80617700
36.95999978	0.59480580	2.80617700
37.03999977	0.59480580	2.80617700
37.11999977	0.50630210	2.89407000
37.19999977	0.59480580	2.89407000
37.27999977	0.59480580	2.98196400
37.35999977	0.59480580	2.98196400
37.43999977	0.50630210	3.06985700
37.51999977	0.59480580	3.15744500
37.59999977	0.59480580	3.15744500
37.67999977	0.59480580	3.15744500
37.75999977	0.59480580	3.24533800
37.83999977	0.59480580	3.24533800
37.91999977	0.59480580	3.24533800
37.99999977	0.59480580	3.33323200
38.07999977	0.59480580	3.33323200
38.15999977	0.59480580	3.42112500
38.23999977	0.59480580	3.50871300
38.31999977	0.59480580	3.50871300
38.39999977	0.50630210	3.50871300
38.47999977	0.59480580	3.50871300
38.55999977	0.59480580	3.50871300
38.63999977	0.59480580	3.59660600
38.71999976	0.59480580	3.68450000
38.79999976	0.59480580	3.68450000
38.87999976	0.59480580	3.68450000
38.95999976	0.59480580	3.77239300
39.03999976	0.59480580	3.77239300
39.11999976	0.59480580	3.85998100
39.19999976	0.59480580	3.85998100
39.27999976	0.59480580	3.85998100
39.35999976	0.59480580	3.94787400
39.43999976	0.59480580	3.94787400
39.51999976	0.59480580	3.94787400
39.59999976	0.59480580	3.94787400
39.67999976	0.59480580	4.03576800
39.75999976	0.59480580	4.03576800
39.83999976	0.59480580	4.03576800
39.91999976	0.59480580	4.12366100
39.99999976	0.59480580	4.21124900
40.07999976	0.59480580	4.21124900
40.15999976	0.59480580	4.21124900
40.23999976	0.59480580	4.21124900
40.31999975	0.59480580	4.21124900
40.39999975	0.59480580	4.29914200
40.47999975	0.59480580	4.29914200
40.55999975	0.68361460	4.38703600
40.63999975	0.59480580	4.38703600
40.71999975	0.59480580	4.38703600
40.79999975	0.59480580	4.38703600
40.87999975	0.59480580	4.47492900
40.95999975	0.59480580	4.47492900
41.03999975	0.59480580	4.47492900
41.11999975	0.68361460	4.56282200
41.19999975	0.68361460	4.56282200
41.27999975	0.59480580	4.56282200
41.35999975	0.68361460	4.56282200
41.43999975	0.59480580	4.56282200
41.51999975	0.68361460	4.56282200
41.59999975	0.68361460	4.56282200
41.67999975	0.68361460	4.65041100
41.75999975	0.68361460	4.65041100
41.83999975	0.68361460	4.65041100
41.91999975	0.68361460	4.65041100
41.99999974	0.59480580	4.73830400
42.07999974	0.68361460	4.73830400
42.15999974	0.68361460	4.73830400
42.23999974	0.68361460	4.82619700
42.31999974	0.68361460	4.82619700
42.39999974	0.68361460	4.82619700
42.47999974	0.68361460	4.82619700
42.55999974	0.59480580	4.91409000
42.63999974	0.68361460	4.82619700
42.71999974	0.68361460	4.82619700
42.79999974	0.68361460	4.82619700
42.87999974	0.68361460	4.91409000
42.95999974	0.68361460	4.82619700
43.03999974	0.68361460	4.91409000
43.11999974	0.68361460	4.91409000
43.19999974	0.68361460	4.91409000
43.27999974	0.68361460	4.91409000
43.35999974	0.68361460	4.91409000
43.43999974	0.68361460	4.91409000
43.51999974	0.68361460	4.91409000
43.59999974	0.68361460	4.91409000
43.67999973	0.68361460	4.91409000
43.75999973	0.68361460	4.91409000
43.83999973	0.68361460	4.91409000
43.91999973	0.68361460	4.91409000
43.99999973	0.68361460	4.91409000
44.07999973	0.68361460	4.91409000
44.15999973	0.68361460	4.91409000
44.23999973	0.68361460	4.91409000
44.31999973	0.68361460	4.91409000
44.39999973	0.68361460	5.00167800
44.47999973	0.68361460	4.91409000
44.55999973	0.68361460	4.91409000
44.63999973	0.68361460	4.91409000
44.71999973	0.68361460	4.91409000
44.79999973	0.68361460	4.91409000
44.87999973	0.68361460	4.91409000
44.95999973	0.68361460	4.91409000
45.03999973	0.68361460	4.91409000
45.11999973	0.68361460	4.91409000
45.19999973	0.68361460	4.91409000
45.27999972	0.68361460	4.82619700
45.35999972	0.68361460	4.82619700
45.43999972	0.68361460	4.91409000
45.51999972	0.68361460	4.82619700
45.59999972	0.68361460	4.82619700
45.67999972	0.68361460	4.82619700
45.75999972	0.68361460	4.82619700
45.83999972	0.68361460	4.82619700
45.91999972	0.68361460	4.82619700
45.99999972	0.68361460	4.73830400
46.07999972	0.68361460	4.73830400
46.15999972	0.68361460	4.73830400
46.23999972	0.68361460	4.73830400
46.31999972	0.68361460	4.73830400
46.39999972	0.68361460	4.65041100
46.47999972	0.68361460	4.65041100
46.55999972	0.68361460	4.65041100
46.63999972	0.68361460	4.65041100
46.71999972	0.68361460	4.56282200
46.79999972	0.68361460	4.56282200
46.87999972	0.68361460	4.56282200
46.95999971	0.68361460	4.56282200
47.03999971	0.68361460	4.56282200
47.11999971	0.68361460	4.56282200
47.19999971	0.68361460	4.47492900
47.27999971	0.68361460	4.47492900
47.35999971	0.68361460	4.47492900
47.43999971	0.68361460	4.38703600
47.51999971	0.68361460	4.38703600
47.59999971	0.68361460	4.38703600
47.67999971	0.68361460	4.38703600
47.75999971	0.68361460	4.29914200
47.83999971	0.68361460	4.29914200
47.91999971	0.68361460	4.21124900
47.99999971	0.68361460	4.21124900
48.07999971	0.68361460	4.21124900
48.15999971	0.68361460	4.21124900
48.23999971	0.68361460	4.21124900
48.31999971	0.68361460	4.21124900
48.39999971	0.68361460	4.12366100
48.47999971	0.68361460	4.12366100
48.55999970	0.68361460	4.12366100
48.63999970	0.68361460	4.03576800
48.71999970	0.59480580	4.03576800
48.79999970	0.68361460	4.03576800
48.87999970	0.68361460	3.94787400
48.95999970	0.68361460	3.94787400
49.03999970	0.68361460	3.85998100
49.11999970	0.68361460	3.85998100
49.19999970	0.68361460	3.85998100
49.27999970	0.59480580	3.85998100
49.35999970	0.68361460	3.77239300
49.43999970	0.68361460	3.77239300
49.51999970	0.68361460	3.77239300
49.59999970	0.68361460	3.68450000
49.67999970	0.59480580	3.68450000
49.75999970	0.59480580	3.68450000
49.83999970	0.68361460	3.59660600
49.91999970	0.59480580	3.59660600
49.99999970	0.59480580	3.50871300
50.07999970	0.59480580	3.50871300
50.15999970	0.59480580	3.50871300
50.23999969	0.68361460	3.50871300
50.31999969	0.68361460	3.42112500
50.39999969	0.59480580	3.42112500
50.47999969	0.59480580	3.33323200
50.55999969	0.59480580	3.33323200
50.63999969	0.59480580	3.33323200
50.71999969	0.59480580	3.33323200
50.79999969	0.59480580	3.24533800
50.87999969	0.50630210	3.15744500
50.95999969	0.50630210	3.15744500
51.03999969	0.50630210	3.06985700
51.11999969	0.50630210	3.06985700
51.19999969	0.50630210	3.06985700
51.27999969	0.41749320	2.98196400
51.35999969	0.41749320	2.98196400
51.43999969	0.41749320	2.89407000
51.51999969	0.41749320	2.89407000
51.59999969	0.41749320	2.80617700
51.67999969	0.41749320	2.80617700
51.75999969	0.41749320	2.80617700
51.83999968	0.32898950	2.80617700
51.91999968	0.32898950	2.71828400
51.99999968	0.32898950	2.71828400
52.07999968	0.32898950	2.63069600
52.15999968	0.32898950	2.63069600
52.23999968	0.32898950	2.63069600
52.31999968	0.32898950	2.54280200
52.39999968	0.32898950	2.45490900
52.47999968	0.24048580	2.45490900
52.55999968	0.24048580	2.45490900
52.63999968	0.24048580	2.45490900
52.71999968	0.24048580	2.36701600
52.79999968	0.24048580	2.27942800
52.87999968	0.15167700	2.27942800
52.95999968	0.15167700	2.19153400
53.03999968	0.15167700	2.19153400
53.11999968	0.15167700	2.19153400
53.19999968	0.15167700	2.10364100
53.27999968	0.15167700	2.10364100
53.35999968	0.06317332	2.01574800
53.43999968	0.06317332	2.01574800
53.51999967	0.06317332	2.01574800
53.59999967	-0.02563555	1.92815900
53.67999967	0.06317332	1.84026600
53.75999967	0.06317332	1.84026600
53.83999967	-0.02563555	1.84026600
53.91999967	-0.02563555	1.75237300
53.99999967	-0.02563555	1.75237300
54.07999967	-0.02563555	1.75237300
54.15999967	-0.02563555	1.66447900
54.23999967	-0.11413920	1.57689100
54.31999967	-0.11413920	1.57689100
54.39999967	-0.11413920	1.48899800
54.47999967	-0.11413920	1.48899800
54.55999967	-0.11413920	1.48899800
54.63999967	-0.11413920	1.40110500
54.71999967	-0.11413920	1.40110500
54.79999967	-0.20294810	1.40110500
54.87999967	-0.20294810	1.31321100
54.95999967	-0.20294810	1.22531800
55.03999967	-0.29145180	1.22531800
55.11999967	-0.20294810	1.13773000
55.19999966	-0.29145180	1.13773000
55.27999966	-0.20294810	1.04983700
55.35999966	-0.29145180	1.04983700
55.43999966	-0.38026060	1.04983700
55.51999966	-0.29145180	0.96194340
55.59999966	-0.38026060	0.96194340
55.67999966	-0.38026060	0.87405010
55.75999966	-0.38026060	0.87405010
55.83999966	-0.38026060	0.87405010
55.91999966	-0.38026060	0.78646200
55.99999966	-0.38026060	0.78646200
56.07999966	-0.38026060	0.69856870
56.15999966	-0.38026060	0.69856870
56.23999966	-0.38026060	0.69856870
56.31999966	-0.38026060	0.61067540
56.39999966	-0.46876430	0.61067540
56.47999966	-0.38026060	0.52278210
56.55999966	-0.46876430	0.43519400
56.63999966	-0.46876430	0.43519400
56.71999966	-0.46876430	0.34730060
56.79999965	-0.46876430	0.34730060
56.87999965	-0.46876430	0.34730060
56.95999965	-0.46876430	0.25940730
57.03999965	-0.46876430	0.17151400
57.11999965	-0.46876430	0.17151400
57.19999965	-0.55757310	0.17151400
57.27999965	-0.46876430	0.08392590
57.35999965	-0.55757310	-0.00366222
57.43999965	-0.46876430	-0.00366222
57.51999965	-0.55757310	-0.00366222
57.59999965	-0.46876430	-0.00366222
57.67999965	-0.55757310	-0.09155553
57.75999965	-0.55757310	-0.17944880
57.83999965	-0.55757310	-0.17944880
57.91999965	-0.55757310	-0.26734220
57.99999965	-0.55757310	-0.26734220
58.07999965	-0.55757310	-0.35493030
58.15999965	-0.55757310	-0.35493030
58.23999965	-0.55757310	-0.35493030
58.31999965	-0.55757310	-0.44282360
58.39999965	-0.55757310	-0.44282360
58.47999964	-0.55757310	-0.53071690
58.55999964	-0.55757310	-0.53071690
58.63999964	-0.55757310	-0.61861020
58.71999964	-0.55757310	-0.61861020
58.79999964	-0.64607690	-0.70619830
58.87999964	-0.64607690	-0.70619830
58.95999964	-0.55757310	-0.79409160
59.03999964	-0.55757310	-0.79409160
59.11999964	-0.55757310	-0.88198490
59.19999964	-0.64607690	-0.88198490
59.27999964	-0.55757310	-0.96987830
59.35999964	-0.55757310	-0.96987830
59.43999964	-0.64607690	-1.05746600
59.51999964	-0.55757310	-1.05746600
59.59999964	-0.64607690	-1.05746600
59.67999964	-0.64607690	-1.05746600
59.75999964	-0.55757310	-1.14536000
59.83999964	-0.64607690	-1.14536000
59.91999964	-0.64607690	-1.23325300
59.99999964	-0.64607690	-1.23325300
60.07999963	-0.64607690	-1.32114600
60.15999963	-0.64607690	-1.32114600
60.23999963	-0.64607690	-1.32114600
60.31999963	-0.64607690	-1.40904000
60.39999963	-0.64607690	-1.40904000
60.47999963	-0.64607690	-1.40904000
60.55999963	-0.64607690	-1.49662800
60.63999963	-0.64607690	-1.49662800
60.71999963	-0.64607690	-1.58452100
60.79999963	-0.64607690	-1.67241400
60.87999963	-0.64607690	-1.58452100
60.95999963	-0.73488570	-1.67241400
61.03999963	-0.64607690	-1.76030800
61.11999963	-0.73488570	-1.76030800
61.19999963	-0.73488570	-1.76030800
61.27999963	-0.73488570	-1.76030800
61.35999963	-0.73488570	-1.84789600
61.43999963	-0.64607690	-1.84789600
61.51999963	-0.73488570	-1.93578900
61.59999963	-0.73488570	-1.93578900
61.67999963	-0.73488570	-1.93578900
61.75999962	-0.73488570	-2.02368200
61.83999962	-0.73488570	-2.02368200
61.91999962	-0.73488570	-2.02368200
61.99999962	-0.73488570	-2.11157600
62.07999962	-0.73488570	-2.11157600
62.15999962	-0.73488570	-2.11157600
62.23999962	-0.73488570	-2.11157600
62.31999962	-0.73488570	-2.19916400
62.39999962	-0.73488570	-2.19916400
62.47999962	-0.73488570	-2.28705700
62.55999962	-0.73488570	-2.28705700
62.63999962	-0.73488570	-2.28705700
62.71999962	-0.73488570	-2.37495000
62.79999962	-0.73488570	-2.37495000
62.87999962	-0.73488570	-2.37495000
62.95999962	-0.73488570	-2.46284400
63.03999962	-0.73488570	-2.46284400
63.11999962	-0.73488570	-2.46284400
63.19999962	-0.73488570	-2.46284400
63.27999962	-0.73488570	-2.55043200
63.35999961	-0.73488570	-2.55043200
63.43999961	-0.73488570	-2.55043200
63.51999961	-0.73488570	-2.63832500
63.59999961	-0.73488570	-2.63832500
63.67999961	-0.73488570	-2.63832500
63.75999961	-0.73488570	-2.63832500
63.83999961	-0.73488570	-2.72621800
63.91999961	-0.73488570	-2.72621800
63.99999961	-0.73488570	-2.72621800
64.07999961	-0.73488570	-2.72621800
64.15999961	-0.73488570	-2.81411200
64.23999961	-0.73488570	-2.81411200
64.31999961	-0.73488570	-2.81411200
64.39999961	-0.82338940	-2.81411200
64.47999961	-0.82338940	-2.81411200
64.55999961	-0.73488570	-2.90200500
64.63999961	-0.73488570	-2.90200500
64.71999961	-0.73488570	-2.98959300
64.79999961	-0.82338940	-2.90200500
64.87999961	-0.82338940	-2.98959300
64.95999961	-0.73488570	-2.98959300
65.03999960	-0.73488570	-2.98959300
65.11999960	-0.73488570	-2.98959300
65.19999960	-0.73488570	-2.98959300
65.27999960	-0.82338940	-2.98959300
65.35999960	-0.82338940	-3.07748700
65.43999960	-0.73488570	-3.07748700
65.51999960	-0.73488570	-3.16538000
65.59999960	-0.73488570	-3.16538000
65.67999960	-0.82338940	-3.16538000
65.75999960	-0.73488570	-3.16538000
65.83999960	-0.82338940	-3.16538000
65.91999960	-0.82338940	-3.16538000
65.99999960	-0.82338940	-3.16538000
66.07999960	-0.82338940	-3.16538000
66.15999960	-0.73488570	-3.16538000
66.23999960	-0.82338940	-3.16538000
66.31999960	-0.82338940	-3.25327300
66.39999960	-0.73488570	-3.25327300
66.47999960	-0.82338940	-3.25327300
66.55999960	-0.82338940	-3.25327300
66.63999959	-0.82338940	-3.25327300
66.71999959	-0.82338940	-3.25327300
66.79999959	-0.82338940	-3.34086100
66.87999959	-0.82338940	-3.34086100
66.95999959	-0.82338940	-3.34086100
67.03999959	-0.82338940	-3.34086100
67.11999959	-0.82338940	-3.34086100
67.19999959	-0.82338940	-3.34086100
67.27999959	-0.82338940	-3.34086100
67.35999959	-0.82338940	-3.34086100
67.43999959	-0.82338940	-3.34086100
67.51999959	-0.82338940	-3.34086100
67.59999959	-0.82338940	-3.42875500
67.67999959	-0.82338940	-3.34086100
67.75999959	-0.82338940	-3.34086100
67.83999959	-0.82338940	-3.42875500
67.91999959	-0.82338940	-3.34086100
67.99999959	-0.82338940	-3.42875500
68.07999959	-0.82338940	-3.42875500
68.15999959	-0.82338940	-3.42875500
68.23999959	-0.82338940	-3.34086100
68.31999958	-0.82338940	-3.42875500
68.39999958	-0.82338940	-3.42875500
68.47999958	-0.82338940	-3.34086100
68.55999958	-0.82338940	-3.42875500
68.63999958	-0.73488570	-3.42875500
68.71999958	-0.82338940	-3.42875500
68.79999958	-0.82338940	-3.42875500
68.87999958	-0.82338940	-3.42875500
68.95999958	-0.82338940	-3.42875500
69.03999958	-0.82338940	-3.42875500
69.11999958	-0.82338940	-3.42875500
69.19999958	-0.82338940	-3.42875500
69.27999958	-0.82338940	-3.42875500
69.35999958	-0.82338940	-3.42875500
69.43999958	-0.82338940	-3.34086100
69.51999958	-0.82338940	-3.34086100
69.59999958	-0.82338940	-3.42875500
69.67999958	-0.82338940	-3.42875500
69.75999958	-0.82338940	-3.42875500
69.83999958	-0.82338940	-3.42875500
69.91999958	-0.82338940	-3.34086100
69.99999957	-0.82338940	-3.34086100
70.07999957	-0.82338940	-3.34086100
70.15999957	-0.82338940	-3.34086100
70.23999957	-0.82338940	-3.34086100
70.31999957	-0.82338940	-3.34086100
70.39999957	-0.82338940	-3.34086100
70.47999957	-0.82338940	-3.34086100
70.55999957	-0.82338940	-3.34086100
70.63999957	-0.82338940	-3.34086100
70.71999957	-0.82338940	-3.34086100
70.79999957	-0.82338940	-3.34086100
70.87999957	-0.82338940	-3.34086100
70.95999957	-0.82338940	-3.25327300
71.03999957	-0.82338940	-3.25327300
71.11999957	-0.82338940	-3.25327300
71.19999957	-0.82338940	-3.25327300
71.27999957	-0.82338940	-3.16538000
71.35999957	-0.82338940	-3.25327300
71.43999957	-0.82338940	-3.16538000
71.51999957	-0.82338940	-3.16538000
71.59999956	-0.82338940	-3.16538000
71.67999956	-0.82338940	-3.16538000
71.75999956	-0.82338940	-3.16538000
71.83999956	-0.82338940	-3.16538000
71.91999956	-0.82338940	-3.16538000
71.99999956	-0.82338940	-3.16538000
72.07999956	-0.82338940	-3.07748700
72.15999956	-0.82338940	-3.07748700
72.23999956	-0.82338940	-3.07748700
72.31999956	-0.82338940	-3.07748700
72.39999956	-0.82338940	-3.07748700
72.47999956	-0.82338940	-2.98959300
72.55999956	-0.73488570	-2.98959300
72.63999956	-0.82338940	-2.98959300
72.71999956	-0.73488570	-2.98959300
72.79999956	-0.82338940	-2.98959300
72.87999956	-0.82338940	-2.90200500
72.95999956	-0.82338940	-2.90200500
73.03999956	-0.82338940	-2.90200500
73.11999956	-0.82338940	-2.90200500
73.19999956	-0.73488570	-2.90200500
73.27999955	-0.82338940	-2.90200500
73.35999955	-0.82338940	-2.81411200
73.43999955	-0.82338940	-2.81411200
73.51999955	-0.82338940	-2.81411200
73.59999955	-0.82338940	-2.81411200
73.67999955	-0.82338940	-2.81411200
73.75999955	-0.73488570	-2.81411200
73.83999955	-0.82338940	-2.72621800
73.91999955	-0.82338940	-2.72621800
73.99999955	-0.82338940	-2.72621800
74.07999955	-0.82338940	-2.63832500
74.15999955	-0.73488570	-2.63832500
74.23999955	-0.82338940	-2.63832500
74.31999955	-0.82338940	-2.63832500
74.39999955	-0.82338940	-2.63832500
74.47999955	-0.82338940	-2.63832500
74.55999955	-0.82338940	-2.63832500
74.63999955	-0.82338940	-2.55043200
74.71999955	-0.73488570	-2.55043200
74.79999955	-0.82338940	-2.46284400
74.87999954	-0.73488570	-2.46284400
74.95999954	-0.73488570	-2.46284400
75.03999954	-0.73488570	-2.46284400
75.11999954	-0.73488570	-2.37495000
75.19999954	-0.82338940	-2.37495000
75.27999954	-0.73488570	-2.37495000
75.35999954	-0.73488570	-2.28705700
75.43999954	-0.73488570	-2.28705700
75.51999954	-0.73488570	-2.28705700
75.59999954	-0.73488570	-2.28705700
75.67999954	-0.73488570	-2.19916400
75.75999954	-0.73488570	-2.19916400
75.83999954	-0.73488570	-2.19916400
75.91999954	-0.73488570	-2.11157600
75.99999954	-0.73488570	-2.11157600
76.07999954	-0.73488570	-2.11157600
76.15999954	-0.73488570	-2.11157600
76.23999954	-0.73488570	-2.02368200
76.31999954	-0.73488570	-2.02368200
76.39999954	-0.73488570	-2.02368200
76.47999954	-0.73488570	-2.02368200
76.55999953	-0.73488570	-1.93578900
76.63999953	-0.73488570	-1.93578900
76.71999953	-0.73488570	-1.93578900
76.79999953	-0.73488570	-1.93578900
76.87999953	-0.73488570	-1.93578900
76.95999953	-0.73488570	-1.84789600
77.03999953	-0.73488570	-1.84789600
77.11999953	-0.73488570	-1.84789600
77.19999953	-0.73488570	-1.76030800
77.27999953	-0.73488570	-1.76030800
77.35999953	-0.73488570	-1.76030800
77.43999953	-0.73488570	-1.76030800
77.51999953	-0.73488570	-1.76030800
77.59999953	-0.73488570	-1.67241400
77.67999953	-0.73488570	-1.67241400
77.75999953	-0.73488570	-1.67241400
77.83999953	-0.64607690	-1.58452100
77.91999953	-0.64607690	-1.58452100
77.99999953	-0.64607690	-1.49662800
78.07999953	-0.64607690	-1.58452100
78.15999952	-0.64607690	-1.49662800
78.23999952	-0.64607690	-1.49662800
78.31999952	-0.64607690	-1.40904000
78.39999952	-0.64607690	-1.40904000
78.47999952	-0.64607690	-1.40904000
78.55999952	-0.55757310	-1.40904000
78.63999952	-0.55757310	-1.32114600
78.71999952	-0.64607690	-1.32114600
78.79999952	-0.55757310	-1.32114600
78.87999952	-0.55757310	-1.32114600
78.95999952	-0.55757310	-1.23325300
79.03999952	-0.55757310	-1.23325300
79.11999952	-0.55757310	-1.23325300
79.19999952	-0.55757310	-1.14536000
79.27999952	-0.55757310	-1.14536000
79.35999952	-0.55757310	-1.14536000
79.43999952	-0.55757310	-1.05746600
79.51999952	-0.55757310	-1.05746600
79.59999952	-0.55757310	-1.05746600
79.67999952	-0.55757310	-1.05746600
79.75999952	-0.55757310	-0.96987830
79.83999951	-0.55757310	-0.88198490
79.91999951	-0.55757310	-0.96987830
79.99999951	-0.55757310	-0.96987830
80.07999951	-0.55757310	-0.88198490
80.15999951	-0.55757310	-0.79409160
80.23999951	-0.55757310	-0.88198490
80.31999951	-0.55757310	-0.79409160
80.39999951	-0.55757310	-0.70619830
80.47999951	-0.55757310	-0.70619830
80.55999951	-0.46876430	-0.70619830
80.63999951	-0.46876430	-0.70619830
80.71999951	-0.55757310	-0.70619830
80.79999951	-0.55757310	-0.61861020
80.87999951	-0.46876430	-0.61861020
80.95999951	-0.46876430	-0.61861020
81.03999951	-0.55757310	-0.53071690
81.11999951	-0.46876430	-0.53071690
81.19999951	-0.46876430	-0.53071690
81.27999951	-0.46876430	-0.53071690
81.35999951	-0.46876430	-0.44282360
81.43999951	-0.46876430	-0.35493030
81.51999950	-0.46876430	-0.35493030
81.59999950	-0.38026060	-0.35493030
81.67999950	-0.38026060	-0.35493030
81.75999950	-0.38026060	-0.35493030
81.83999950	-0.38026060	-0.35493030
81.91999950	-0.38026060	-0.26734220
81.99999950	-0.38026060	-0.17944880
82.07999950	-0.38026060	-0.17944880
82.15999950	-0.29145180	-0.17944880
82.23999950	-0.38026060	-0.17944880
82.31999950	-0.29145180	-0.17944880
82.39999950	-0.29145180	-0.09155553
82.47999950	-0.20294810	-0.09155553
82.55999950	-0.20294810	-0.09155553
82.63999950	-0.20294810	-0.00366222
82.71999950	-0.11413920	-0.00366222
82.79999950	-0.20294810	-0.00366222
82.87999950	-0.11413920	-0.00366222
82.95999950	-0.11413920	0.08392590
83.03999950	-0.11413920	0.08392590
83.11999949	-0.02563555	0.17151400
83.19999949	-0.02563555	0.17151400
83.27999949	-0.02563555	0.17151400
83.35999949	0.06317332	0.17151400
83.43999949	0.15167700	0.17151400
83.51999949	0.15167700	0.25940730
83.59999949	0.15167700	0.34730060
83.67999949	0.24048580	0.25940730
83.75999949	0.24048580	0.34730060
83.83999949	0.41749320	0.34730060
83.91999949	0.59480580	0.34730060
83.99999949	0.59480580	0.34730060
84.07999949	0.59480580	0.43519400
84.15999949	0.59480580	0.43519400
84.23999949	0.59480580	0.43519400
84.31999949	0.41749320	0.52278210
84.39999949	0.77211830	0.61067540
84.47999949	1.74749000	0.61067540
84.55999949	2.10211500	0.61067540
84.63999949	1.74749000	0.61067540
84.71999949	0.86092720	0.69856870
84.79999948	0.32898950	0.69856870
84.87999948	4.67329900	0.69856870
84.95999948	4.05255300	0.69856870
85.03999948	4.22986600	0.69856870
85.11999948	3.96404900	0.78646200
85.19999948	4.14136200	0.78646200
85.27999948	4.05255300	0.78646200
85.35999948	4.05255300	0.87405010
85.43999948	4.05255300	0.87405010
85.51999948	4.05255300	0.87405010
85.59999948	4.05255300	0.96194340
85.67999948	4.05255300	0.96194340
85.75999948	4.05255300	1.04983700
85.83999948	3.96404900	1.04983700
85.91999948	3.96404900	1.04983700
85.99999948	3.96404900	1.04983700
86.07999948	3.96404900	1.13773000
86.15999948	3.96404900	1.13773000
86.23999948	3.96404900	1.13773000
86.31999948	3.96404900	1.22531800
86.39999947	3.87524000	1.22531800
86.47999947	3.87524000	1.31321100
86.55999947	3.96404900	1.31321100
86.63999947	3.87524000	1.31321100
86.71999947	3.87524000	1.40110500
86.79999947	3.87524000	1.40110500
86.87999947	3.87524000	1.40110500
86.95999947	3.87524000	1.40110500
87.03999947	3.87524000	1.48899800
87.11999947	3.87524000	1.57689100
87.19999947	3.87524000	1.57689100
87.27999947	3.87524000	1.57689100
87.35999947	3.87524000	1.57689100
87.43999947	3.87524000	1.66447900
87.51999947	3.87524000	1.66447900
87.59999947	3.87524000	1.75237300
87.67999947	3.78673700	1.75237300
87.75999947	3.78673700	1.75237300
87.83999947	3.78673700	1.84026600
87.91999947	3.78673700	1.84026600
87.99999947	3.78673700	1.84026600
88.07999946	3.78673700	1.92815900
88.15999946	3.78673700	1.92815900
88.23999946	3.78673700	2.01574800
88.31999946	3.69792800	2.01574800
88.39999946	3.78673700	2.01574800
88.47999946	3.78673700	2.10364100
88.55999946	3.78673700	2.10364100
88.63999946	3.69792800	2.19153400
88.71999946	3.69792800	2.19153400
88.79999946	3.69792800	2.19153400
88.87999946	3.69792800	2.27942800
88.95999946	3.69792800	2.27942800
89.03999946	3.69792800	2.27942800
89.11999946	3.69792800	2.36701600
89.19999946	3.69792800	2.36701600
89.27999946	3.69792800	2.45490900
89.35999946	3.69792800	2.45490900
89.43999946	3.69792800	2.45490900
89.51999946	3.69792800	2.45490900
89.59999946	3.69792800	2.54280200
89.67999945	3.69792800	2.54280200
89.75999945	3.69792800	2.63069600
89.83999945	3.69792800	2.63069600
89.91999945	3.69792800	2.71828400
89.99999945	3.69792800	2.71828400
90.07999945	3.69792800	2.80617700
90.15999945	3.69792800	2.80617700
90.23999945	3.69792800	2.80617700
90.31999945	3.60942400	2.80617700
90.39999945	3.60942400	2.80617700
90.47999945	3.69792800	2.89407000
90.55999945	3.69792800	2.98196400
90.63999945	3.60942400	2.98196400
90.71999945	3.60942400	2.98196400
90.79999945	3.60942400	3.06985700
90.87999945	3.60942400	3.06985700
90.95999945	3.60942400	3.06985700
91.03999945	3.60942400	3.15744500
91.11999945	3.60942400	3.15744500
91.19999945	3.60942400	3.15744500
91.27999945	3.60942400	3.24533800
91.35999944	3.60942400	3.24533800
91.43999944	3.60942400	3.24533800
91.51999944	3.60942400	3.33323200
91.59999944	3.60942400	3.33323200
91.67999944	3.60942400	3.42112500
91.75999944	3.60942400	3.42112500
91.83999944	3.52061500	3.42112500
91.91999944	3.60942400	3.50871300
91.99999944	3.60942400	3.50871300
92.07999944	3.52061500	3.50871300
92.15999944	3.60942400	3.50871300
92.23999944	3.60942400	3.50871300
92.31999944	3.60942400	3.59660600
92.39999944	3.60942400	3.59660600
92.47999944	3.60942400	3.59660600
92.55999944	3.52061500	3.68450000
92.63999944	3.60942400	3.68450000
92.71999944	3.52061500	3.68450000
92.79999944	3.52061500	3.77239300
92.87999944	3.60942400	3.77239300
92.95999944	3.52061500	3.77239300
93.03999943	3.60942400	3.85998100
93.11999943	3.52061500	3.85998100
93.19999943	3.60942400	3.85998100
93.27999943	3.52061500	3.85998100
93.35999943	3.52061500	3.85998100
93.43999943	3.60942400	3.94787400
93.51999943	3.60942400	3.94787400
93.59999943	3.60942400	3.94787400
93.67999943	3.60942400	4.03576800
93.75999943	3.60942400	4.03576800
93.83999943	3.60942400	4.03576800
93.91999943	3.60942400	4.12366100
93.99999943	3.52061500	4.12366100
94.07999943	3.60942400	4.12366100
94.15999943	3.52061500	4.12366100
94.23999943	3.60942400	4.21124900
94.31999943	3.60942400	4.21124900
94.39999943	3.60942400	4.21124900
94.47999943	3.60942400	4.21124900
94.55999943	3.60942400	4.21124900
94.63999942	3.60942400	4.21124900
94.71999942	3.60942400	4.21124900
94.79999942	3.60942400	4.21124900
94.87999942	3.60942400	4.21124900
94.95999942	3.60942400	4.21124900
95.03999942	3.60942400	4.29914200
95.11999942	3.60942400	4.29914200
95.19999942	3.60942400	4.29914200
95.27999942	3.60942400	4.29914200
95.35999942	3.60942400	4.29914200
95.43999942	3.60942400	4.38703600
95.51999942	3.69792800	4.38703600
95.59999942	3.60942400	4.38703600
95.67999942	3.60942400	4.38703600
95.75999942	3.60942400	4.38703600
95.83999942	3.60942400	4.38703600
95.91999942	3.60942400	4.38703600
95.99999942	3.60942400	4.38703600
96.07999942	3.60942400	4.38703600
96.15999942	3.60942400	4.38703600
96.23999942	3.60942400	4.38703600
96.31999941	3.69792800	4.38703600
96.39999941	3.69792800	4.47492900
96.47999941	3.69792800	4.47492900
96.55999941	3.60942400	4.38703600
96.63999941	3.69792800	4.47492900
96.71999941	3.69792800	4.38703600
96.79999941	3.69792800	4.47492900
96.87999941	3.69792800	4.47492900
96.95999941	3.69792800	4.47492900
97.03999941	3.69792800	4.47492900
97.11999941	3.69792800	4.47492900
97.19999941	3.69792800	4.47492900
97.27999941	3.69792800	4.47492900
97.35999941	3.69792800	4.47492900
97.43999941	3.69792800	4.47492900
97.51999941	3.69792800	4.38703600
97.59999941	3.69792800	4.38703600
97.67999941	3.69792800	4.38703600
97.75999941	3.69792800	4.38703600
97.83999941	3.69792800	4.38703600
97.91999940	3.69792800	4.38703600
97.99999940	3.69792800	4.38703600
98.07999940	3.69792800	4.38703600
98.15999940	3.69792800	4.38703600
98.23999940	3.78673700	4.38703600
98.31999940	3.69792800	4.38703600
98.39999940	3.69792800	4.29914200
98.47999940	3.69792800	4.29914200
98.55999940	3.69792800	4.29914200
98.63999940	3.69792800	4.29914200
98.71999940	3.78673700	4.29914200
98.79999940	3.78673700	4.29914200
98.87999940	3.78673700	4.29914200
98.95999940	3.69792800	4.29914200
99.03999940	3.78673700	4.21124900
99.11999940	3.78673700	4.21124900
99.19999940	3.78673700	4.21124900
99.27999940	3.78673700	4.12366100
99.35999940	3.78673700	4.12366100
99.43999940	3.78673700	4.12366100
99.51999940	3.78673700	4.12366100
99.59999939	3.78673700	4.12366100
99.67999939	3.78673700	4.12366100
99.75999939	3.78673700	4.03576800
99.83999939	3.78673700	4.03576800
99.91999939	3.78673700	4.03576800
99.99999939	3.78673700	3.94787400
100.07999939	3.78673700	3.94787400
100.15999939	3.78673700	3.94787400
100.23999939	3.87524000	3.94787400
100.31999939	3.87524000	3.85998100
100.39999939	3.87524000	3.85998100
100.47999939	3.87524000	3.85998100
100.55999939	3.87524000	3.85998100
100.63999939	3.87524000	3.77239300
100.71999939	3.87524000	3.77239300
100.79999939	3.87524000	3.68450000
100.87999939	3.87524000	3.68450000
100.95999939	3.87524000	3.68450000
101.03999939	3.87524000	3.68450000
101.11999939	3.87524000	3.59660600
101.19999938	3.87524000	3.59660600
101.27999938	3.87524000	3.50871300
101.35999938	3.87524000	3.50871300
101.43999938	3.87524000	3.50871300
101.51999938	3.87524000	3.50871300
101.59999938	3.87524000	3.42112500
101.67999938	3.87524000	3.42112500
101.75999938	3.87524000	3.42112500
101.83999938	3.87524000	3.33323200
101.91999938	3.96404900	3.24533800
101.99999938	3.87524000	3.24533800
102.07999938	3.87524000	3.24533800
102.15999938	3.96404900	3.15744500
102.23999938	3.96404900	3.15744500
102.31999938	3.96404900	3.15744500
102.39999938	3.96404900	3.06985700
102.47999938	3.96404900	2.98196400
102.55999938	3.96404900	2.98196400
102.63999938	3.96404900	2.98196400
102.71999938	3.96404900	2.98196400
102.79999938	3.96404900	2.89407000
102.87999937	3.96404900	2.80617700
102.95999937	3.96404900	2.80617700
103.03999937	3.96404900	2.80617700
103.11999937	3.96404900	2.80617700
103.19999937	3.96404900	2.71828400
103.27999937	4.05255300	2.63069600
103.35999937	4.05255300	2.63069600
103.43999937	4.05255300	2.63069600
103.51999937	4.05255300	2.54280200
103.59999937	4.05255300	2.45490900
103.67999937	3.96404900	2.45490900
103.75999937	4.05255300	2.45490900
103.83999937	4.05255300	2.27942800
103.91999937	4.05255300	2.36701600
103.99999937	4.05255300	2.27942800
104.07999937	4.05255300	2.27942800
104.15999937	4.05255300	2.19153400
104.23999937	4.05255300	2.19153400
104.31999937	4.05255300	2.10364100
104.39999937	4.05255300	2.01574800
104.47999937	4.05255300	2.01574800
104.55999936	4.05255300	2.01574800
104.63999936	4.05255300	1.92815900
104.71999936	4.14136200	1.84026600
104.79999936	4.05255300	1.84026600
104.87999936	4.05255300	1.75237300
104.95999936	4.05255300	1.75237300
105.03999936	4.05255300	1.75237300
105.11999936	4.14136200	1.66447900
105.19999936	4.14136200	1.66447900
105.27999936	4.05255300	1.57689100
105.35999936	4.05255300	1.48899800
105.43999936	4.14136200	1.48899800
105.51999936	4.05255300	1.40110500
105.59999936	4.14136200	1.40110500
105.67999936	4.14136200	1.31321100
105.75999936	4.14136200	1.31321100
105.83999936	4.14136200	1.22531800
105.91999936	4.14136200	1.22531800
105.99999936	4.14136200	1.13773000
106.07999936	4.14136200	1.04983700
106.15999935	4.14136200	1.04983700
106.23999935	4.14136200	1.04983700
106.31999935	4.14136200	0.96194340
106.39999935	4.14136200	0.87405010
106.47999935	4.14136200	0.87405010
106.55999935	4.14136200	0.78646200
106.63999935	4.14136200	0.78646200
106.71999935	4.14136200	0.69856870
106.79999935	4.14136200	0.69856870
106.87999935	4.14136200	0.61067540
106.95999935	4.14136200	0.61067540
107.03999935	4.14136200	0.52278210
107.11999935	4.14136200	0.52278210
107.19999935	4.14136200	0.43519400
107.27999935	4.22986600	0.34730060
107.35999935	4.14136200	0.34730060
107.43999935	4.22986600	0.25940730
107.51999935	4.14136200	0.17151400
107.59999935	4.14136200	0.17151400
107.67999935	4.22986600	0.08392590
107.75999935	4.22986600	-0.00366222
107.83999934	4.14136200	-0.00366222
107.91999934	4.22986600	-0.09155553
107.99999934	4.22986600	-0.09155553
108.07999934	4.22986600	-0.09155553
108.15999934	4.22986600	-0.26734220
108.23999934	4.22986600	-0.26734220
108.31999934	4.22986600	-0.26734220
108.39999934	4.22986600	-0.35493030
108.47999934	4.22986600	-0.35493030
108.55999934	4.22986600	-0.44282360
108.63999934	4.22986600	-0.53071690
108.71999934	4.22986600	-0.53071690
108.79999934	4.22986600	-0.61861020
108.87999934	4.22986600	-0.70619830
108.95999934	4.22986600	-0.70619830
109.03999934	4.22986600	-0.79409160
109.11999934	4.22986600	-0.79409160
109.19999934	4.22986600	-0.88198490
109.27999934	4.22986600	-0.96987830
109.35999934	4.22986600	-0.96987830
109.43999933	4.22986600	-1.05746600
109.51999933	4.22986600	-1.05746600
109.59999933	4.22986600	-1.14536000
109.67999933	4.22986600	-1.23325300
109.75999933	4.22986600	-1.23325300
109.83999933	4.31867400	-1.32114600
109.91999933	4.31867400	-1.32114600
109.99999933	4.22986600	-1.40904000
110.07999933	4.31867400	-1.49662800
110.15999933	4.31867400	-1.49662800
110.23999933	4.31867400	-1.49662800
110.31999933	4.31867400	-1.58452100
110.39999933	4.40717800	-1.67241400
110.47999933	4.40717800	-1.76030800
110.55999933	4.40717800	-1.76030800
110.63999933	4.40717800	-1.76030800
110.71999933	4.40717800	-1.84789600
110.79999933	4.67329900	-1.93578900
110.87999933	4.93911600	-1.93578900
110.95999933	5.11642800	-2.02368200
111.03999933	5.20523700	-2.02368200
111.11999932	5.11642800	-2.02368200
111.19999932	5.02792500	-2.11157600
111.27999932	5.02792500	-2.11157600
111.35999932	5.02792500	-2.19916400
111.43999932	5.11642800	-2.28705700
111.51999932	5.11642800	-2.28705700
111.59999932	5.11642800	-2.37495000
111.67999932	5.02792500	-2.46284400
111.75999932	5.02792500	-2.46284400
111.83999932	5.02792500	-2.46284400
111.91999932	5.02792500	-2.55043200
111.99999932	5.02792500	-2.55043200
112.07999932	5.02792500	-2.63832500
112.15999932	4.93911600	-2.72621800
112.23999932	4.93911600	-2.72621800
112.31999932	4.93911600	-2.81411200
112.39999932	4.93911600	-2.81411200
112.47999932	4.85061200	-2.81411200
112.55999932	4.85061200	-2.81411200
112.63999932	4.85061200	-2.90200500
112.71999931	4.85061200	-2.98959300
112.79999931	4.85061200	-2.98959300
112.87999931	4.85061200	-3.07748700
112.95999931	4.76180300	-3.16538000
113.03999931	4.76180300	-3.16538000
113.11999931	4.76180300	-3.16538000
113.19999931	4.76180300	-3.16538000
113.27999931	4.76180300	-3.25327300
113.35999931	4.67329900	-3.34086100
113.43999931	4.67329900	-3.34086100
113.51999931	4.58449000	-3.34086100
113.59999931	4.67329900	-3.42875500
113.67999931	4.58449000	-3.42875500
113.75999931	4.58449000	-3.51664800
113.83999931	4.58449000	-3.51664800
113.91999931	4.58449000	-3.60454100
113.99999931	4.58449000	-3.60454100
114.07999931	4.58449000	-3.69212900
114.15999931	4.49598700	-3.69212900
114.23999931	4.49598700	-3.78002300
114.31999931	4.49598700	-3.78002300
114.39999930	4.49598700	-3.78002300
114.47999930	4.40717800	-3.86791600
114.55999930	4.49598700	-3.86791600
114.63999930	4.40717800	-3.86791600
114.71999930	4.40717800	-3.86791600
114.79999930	4.40717800	-3.95580900
114.87999930	4.40717800	-4.04339700
114.95999930	4.40717800	-4.04339700
115.03999930	4.40717800	-4.04339700
115.11999930	4.40717800	-4.13129000
115.19999930	4.40717800	-4.04339700
115.27999930	4.40717800	-4.13129000
115.35999930	4.40717800	-4.21918400
115.43999930	4.31867400	-4.21918400
115.51999930	4.40717800	-4.21918400
115.59999930	4.40717800	-4.21918400
115.67999930	4.40717800	-4.30707700
115.75999930	4.31867400	-4.30707700
115.83999930	4.31867400	-4.30707700
115.91999930	4.31867400	-4.30707700
115.99999930	4.31867400	-4.39497000
116.07999929	4.31867400	-4.48255900
116.15999929	4.31867400	-4.48255900
116.23999929	4.22986600	-4.48255900
116.31999929	4.31867400	-4.48255900
116.39999929	4.31867400	-4.57045200
116.47999929	4.40717800	-4.57045200
116.55999929	4.22986600	-4.57045200
116.63999929	4.31867400	-4.57045200
116.71999929	4.31867400	-4.65834500
116.79999929	4.31867400	-4.65834500
116.87999929	4.31867400	-4.65834500
116.95999929	4.31867400	-4.65834500
117.03999929	4.31867400	-4.65834500
117.11999929	4.22986600	-4.74623900
117.19999929	4.31867400	-4.74623900
117.27999929	4.31867400	-4.74623900
117.35999929	4.22986600	-4.74623900
117.43999929	4.22986600	-4.74623900
117.51999929	4.22986600	-4.74623900
117.59999929	4.31867400	-4.83382700
117.67999928	4.31867400	-4.83382700
117.75999928	4.22986600	-4.83382700
117.83999928	4.31867400	-4.83382700
117.91999928	4.31867400	-4.83382700
117.99999928	4.22986600	-4.92172000
118.07999928	4.22986600	-4.92172000
118.15999928	4.22986600	-4.92172000
118.23999928	4.22986600	-4.92172000
118.31999928	4.22986600	-4.92172000
118.39999928	4.22986600	-4.92172000
118.47999928	4.22986600	-4.92172000
118.55999928	4.22986600	-5.00961400
118.63999928	4.22986600	-4.92172000
118.71999928	4.22986600	-4.92172000
118.79999928	4.22986600	-5.00961400
118.87999928	4.22986600	-4.92172000
118.95999928	4.22986600	-4.92172000
119.03999928	4.22986600	-5.00961400
119.11999928	4.22986600	-5.00961400
119.19999928	4.22986600	-5.00961400
119.27999928	4.22986600	-5.00961400
119.35999927	4.22986600	-5.00961400
119.43999927	4.22986600	-5.00961400
119.51999927	4.22986600	-5.00961400
119.59999927	4.22986600	-5.00961400
119.67999927	4.22986600	-5.00961400
119.75999927	4.22986600	-5.00961400
119.83999927	4.22986600	-5.00961400
119.91999927	4.22986600	-4.92172000
119.99999927	4.22986600	-5.00961400
120.07999927	4.22986600	-4.92172000
120.15999927	4.22986600	-4.92172000
120.23999927	4.22986600	-4.92172000
120.31999927	4.22986600	-4.92172000
120.39999927	4.22986600	-4.92172000
120.47999927	4.22986600	-4.92172000
120.55999927	4.22986600	-4.92172000
120.63999927	4.22986600	-4.92172000
120.71999927	4.22986600	-4.92172000
120.79999927	4.22986600	-4.92172000
120.87999927	4.22986600	-4.92172000
120.95999926	4.22986600	-4.92172000
121.03999926	4.22986600	-4.92172000
121.11999926	4.22986600	-4.92172000
121.19999926	4.22986600	-4.92172000
121.27999926	4.22986600	-4.92172000
121.35999926	4.22986600	-4.83382700
121.43999926	4.22986600	-4.92172000
121.51999926	4.22986600	-4.83382700
121.59999926	4.22986600	-4.83382700
121.67999926	4.22986600	-4.83382700
121.75999926	4.22986600	-4.83382700
121.83999926	4.22986600	-4.83382700
121.91999926	4.22986600	-4.74623900
121.99999926	4.22986600	-4.74623900
122.07999926	4.22986600	-4.74623900
122.15999926	4.22986600	-4.74623900
122.23999926	4.22986600	-4.65834500
122.31999926	4.22986600	-4.65834500
122.39999926	4.22986600	-4.65834500
122.47999926	4.22986600	-4.65834500
122.55999926	4.22986600	-4.57045200
122.63999925	4.22986600	-4.57045200
122.71999925	4.22986600	-4.57045200
122.79999925	4.22986600	-4.57045200
122.87999925	4.31867400	-4.57045200
122.95999925	4.22986600	-4.48255900
123.03999925	4.22986600	-4.48255900
123.11999925	4.31867400	-4.39497000
123.19999925	4.22986600	-4.39497000
123.27999925	4.22986600	-4.39497000
123.35999925	4.22986600	-4.39497000
123.43999925	4.31867400	-4.39497000
123.51999925	4.31867400	-4.30707700
123.59999925	4.22986600	-4.30707700
123.67999925	4.22986600	-4.30707700
123.75999925	4.22986600	-4.21918400
123.83999925	4.22986600	-4.21918400
123.91999925	4.22986600	-4.21918400
123.99999925	4.22986600	-4.21918400
124.07999925	4.22986600	-4.13129000
124.15999925	4.31867400	-4.13129000
124.23999924	4.31867400	-4.04339700
124.31999924	4.31867400	-4.04339700
124.39999924	4.31867400	-4.04339700
124.47999924	4.31867400	-4.04339700
124.55999924	4.31867400	-3.95580900
124.63999924	4.31867400	-3.86791600
124.71999924	4.31867400	-3.86791600
124.79999924	4.31867400	-3.86791600
124.87999924	4.40717800	-3.86791600
124.95999924	4.40717800	-3.86791600
125.03999924	4.40717800	-3.78002300
125.11999924	4.49598700	-3.78002300
125.19999924	4.58449000	-3.78002300
125.27999924	4.76180300	-3.69212900
125.35999924	4.85061200	-3.69212900
125.43999924	4.93911600	-3.60454100
125.51999924	4.93911600	-3.60454100
125.59999924	4.93911600	-3.51664800
125.67999924	4.93911600	-3.51664800
125.75999924	4.93911600	-3.51664800
125.83999924	4.93911600	-3.42875500
125.91999923	4.93911600	-3.42875500
125.99999923	4.93911600	-3.34086100
126.07999923	5.02792500	-3.34086100
126.15999923	5.02792500	-3.25327300
126.23999923	5.02792500	-3.25327300
126.31999923	5.02792500	-3.25327300
126.39999923	5.11642800	-3.16538000
126.47999923	5.02792500	-3.16538000
126.55999923	5.11642800	-3.16538000
126.63999923	5.11642800	-3.07748700
126.71999923	5.11642800	-2.98959300
126.79999923	5.11642800	-3.07748700
126.87999923	5.11642800	-2.98959300
126.95999923	5.11642800	-2.98959300
127.03999923	5.11642800	-2.90200500
127.11999923	5.11642800	-2.81411200
127.19999923	5.11642800	-2.81411200
127.27999923	5.11642800	-2.81411200
127.35999923	5.11642800	-2.81411200
127.43999923	5.11642800	-2.72621800
127.51999923	5.11642800	-2.63832500
127.59999922	5.11642800	-2.63832500
127.67999922	5.11642800	-2.63832500
127.75999922	5.20523700	-2.55043200
127.83999922	5.20523700	-2.55043200
127.91999922	5.20523700	-2.46284400
127.99999922	5.20523700	-2.46284400
128.07999922	5.20523700	-2.37495000
128.15999922	5.20523700	-2.37495000
128.23999922	5.20523700	-2.37495000
128.31999922	5.20523700	-2.28705700
128.39999922	5.20523700	-2.28705700
128.47999922	5.20523700	-2.19916400
128.55999922	5.20523700	-2.11157600
128.63999922	5.20523700	-2.11157600
128.71999922	5.20523700	-2.11157600
128.79999922	5.20523700	-2.02368200
128.87999922	5.20523700	-2.02368200
128.95999922	5.20523700	-1.93578900
129.03999922	5.29374100	-1.93578900
129.11999922	5.20523700	-1.84789600
129.19999921	5.29374100	-1.84789600
129.27999921	5.29374100	-1.76030800
129.35999921	5.29374100	-1.76030800
129.43999921	5.29374100	-1.76030800
129.51999921	5.29374100	-1.76030800
129.59999921	5.29374100	-1.67241400
129.67999921	5.29374100	-1.58452100
129.75999921	5.29374100	-1.58452100
129.83999921	5.29374100	-1.49662800
129.91999921	5.29374100	-1.40904000
129.99999921	5.29374100	-1.40904000
130.07999921	5.29374100	-1.40904000
130.15999921	5.29374100	-1.40904000
130.23999921	5.29374100	-1.32114600
130.31999921	5.29374100	-1.32114600
130.39999921	5.38254900	-1.23325300
130.47999921	5.29374100	-1.23325300
130.55999921	5.29374100	-1.23325300
130.63999921	5.38254900	-1.14536000
130.71999921	5.38254900	-1.05746600
130.79999921	5.38254900	-1.05746600
130.87999920	5.38254900	-1.05746600
130.95999920	5.38254900	-0.96987830
131.03999920	5.38254900	-0.88198490
131.11999920	5.47105300	-0.88198490
131.19999920	5.47105300	-0.88198490
131.27999920	5.47105300	-0.79409160
131.35999920	5.47105300	-0.79409160
131.43999920	5.47105300	-0.70619830
131.51999920	5.47105300	-0.70619830
131.59999920	5.55986200	-0.61861020
131.67999920	5.47105300	-0.53071690
131.75999920	5.47105300	-0.53071690
131.83999920	5.55986200	-0.53071690
131.91999920	5.55986200	-0.44282360
131.99999920	5.55986200	-0.44282360
132.07999920	5.55986200	-0.35493030
132.15999920	5.55986200	-0.35493030
132.23999920	5.55986200	-0.35493030
132.31999920	5.55986200	-0.17944880
132.39999920	5.55986200	-0.17944880
132.47999919	5.55986200	-0.17944880
132.55999919	5.55986200	-0.09155553
132.63999919	5.55986200	-0.09155553
132.71999919	5.55986200	-0.00366222
132.79999919	5.55986200	-0.00366222
132.87999919	5.55986200	-0.00366222
132.95999919	5.55986200	0.08392590
133.03999919	5.55986200	0.08392590
133.11999919	5.55986200	0.17151400
133.19999919	5.55986200	0.17151400
133.27999919	5.55986200	0.25940730
133.35999919	5.55986200	0.34730060
133.43999919	5.64836500	0.34730060
133.51999919	5.64836500	0.34730060
133.59999919	5.64836500	0.43519400
133.67999919	5.64836500	0.43519400
133.75999919	5.64836500	0.52278210
133.83999919	5.64836500	0.52278210
133.91999919	5.64836500	0.61067540
133.99999919	5.64836500	0.69856870
134.07999919	5.64836500	0.69856870
134.15999918	5.64836500	0.69856870
134.23999918	5.64836500	0.69856870
134.31999918	5.64836500	0.78646200
134.39999918	5.64836500	0.78646200
134.47999918	5.64836500	0.87405010
134.55999918	5.64836500	0.87405010
134.63999918	5.64836500	0.96194340
134.71999918	5.64836500	0.96194340
134.79999918	5.64836500	1.04983700
134.87999918	5.64836500	1.04983700
134.95999918	5.64836500	1.04983700
135.03999918	5.64836500	1.13773000
135.11999918	5.64836500	1.13773000
135.19999918	5.64836500	1.22531800
135.27999918	5.64836500	1.22531800
135.35999918	5.64836500	1.22531800
135.43999918	5.64836500	1.31321100
135.51999918	5.64836500	1.40110500
135.59999918	5.73717500	1.40110500
135.67999918	5.73717500	1.40110500
135.75999917	5.64836500	1.40110500
135.83999917	5.73717500	1.48899800
135.91999917	5.73717500	1.48899800
135.99999917	5.73717500	1.57689100
136.07999917	5.73717500	1.57689100
136.15999917	5.73717500	1.66447900
136.23999917	5.73717500	1.66447900
136.31999917	5.73717500	1.66447900
136.39999917	5.73717500	1.75237300
136.47999917	5.73717500	1.75237300
136.55999917	5.73717500	1.75237300
136.63999917	5.73717500	1.84026600
136.71999917	5.73717500	1.92815900
136.79999917	5.73717500	1.92815900
136.87999917	5.82567800	1.92815900
136.95999917	5.73717500	1.92815900
137.03999917	5.73717500	2.01574800
137.11999917	5.73717500	2.01574800
137.19999917	5.73717500	2.10364100
137.27999917	5.73717500	2.10364100
137.35999917	5.73717500	2.10364100
137.43999916	5.82567800	2.19153400
137.51999916	5.82567800	2.19153400
137.59999916	5.73717500	2.19153400
137.67999916	5.82567800	2.27942800
137.75999916	5.73717500	2.27942800
137.83999916	5.82567800	2.36701600
137.91999916	5.82567800	2.36701600
137.99999916	5.82567800	2.36701600
138.07999916	5.82567800	2.45490900
138.15999916	5.82567800	2.45490900
138.23999916	5.82567800	2.45490900
138.31999916	5.82567800	2.45490900
138.39999916	5.82567800	2.45490900
138.47999916	5.82567800	2.54280200
138.55999916	5.82567800	2.54280200
138.63999916	5.82567800	2.54280200
138.71999916	5.82567800	2.63069600
138.79999916	5.82567800	2.71828400
138.87999916	5.82567800	2.71828400
138.95999916	5.82567800	2.71828400
139.03999915	5.82567800	2.71828400
139.11999915	5.82567800	2.71828400
139.19999915	5.82567800	2.80617700
139.27999915	5.82567800	2.80617700
139.35999915	5.82567800	2.80617700
139.43999915	5.82567800	2.80617700
139.51999915	5.82567800	2.89407000
139.59999915	5.82567800	2.80617700
139.67999915	5.82567800	2.89407000
139.75999915	5.82567800	2.89407000
139.83999915	5.82567800	2.98196400
139.91999915	5.82567800	2.98196400
139.99999915	5.82567800	2.98196400
140.07999915	5.82567800	2.98196400
140.15999915	5.82567800	2.98196400
140.23999915	5.82567800	3.06985700
140.31999915	5.82567800	3.06985700
140.39999915	5.82567800	3.15744500
140.47999915	5.82567800	3.15744500
140.55999915	5.82567800	3.15744500
140.63999915	5.91448700	3.15744500
140.71999914	5.82567800	3.15744500
140.79999914	5.82567800	3.24533800
140.87999914	5.82567800	3.24533800
140.95999914	5.82567800	3.24533800
141.03999914	5.91448700	3.24533800
141.11999914	5.82567800	3.24533800
141.19999914	5.82567800	3.24533800
141.27999914	5.91448700	3.33323200
141.35999914	5.82567800	3.33323200
141.43999914	5.91448700	3.33323200
141.51999914	5.82567800	3.33323200
141.59999914	5.82567800	3.33323200
141.67999914	5.91448700	3.33323200
141.75999914	5.82567800	3.33323200
141.83999914	5.82567800	3.42112500
141.91999914	5.91448700	3.42112500
141.99999914	5.91448700	3.42112500
142.07999914	5.91448700	3.42112500
142.15999914	5.91448700	3.42112500
142.23999914	5.91448700	3.42112500
142.31999914	5.91448700	3.42112500
142.39999913	5.91448700	3.42112500
142.47999913	5.91448700	3.50871300
142.55999913	5.91448700	3.50871300
142.63999913	5.82567800	3.50871300
142.71999913	5.91448700	3.50871300
142.79999913	5.91448700	3.50871300
142.87999913	5.91448700	3.50871300
142.95999913	5.91448700	3.50871300
143.03999913	5.91448700	3.50871300
143.11999913	5.91448700	3.50871300
143.19999913	5.91448700	3.50871300
143.27999913	5.91448700	3.50871300
143.35999913	5.91448700	3.50871300
143.43999913	5.91448700	3.50871300
143.51999913	5.91448700	3.50871300
143.59999913	5.91448700	3.50871300
143.67999913	5.91448700	3.50871300
143.75999913	5.91448700	3.59660600
143.83999913	5.91448700	3.50871300
143.91999913	5.91448700	3.50871300
143.99999912	5.91448700	3.50871300
144.07999912	5.91448700	3.50871300
144.15999912	5.91448700	3.50871300
144.23999912	5.91448700	3.50871300
144.31999912	5.91448700	3.50871300
144.39999912	5.91448700	3.50871300
144.47999912	5.91448700	3.50871300
144.55999912	5.91448700	3.50871300
144.63999912	5.91448700	3.50871300
144.71999912	5.91448700	3.50871300
144.79999912	5.91448700	3.50871300
144.87999912	5.91448700	3.50871300
144.95999912	5.91448700	3.50871300
145.03999912	5.91448700	3.50871300
145.11999912	5.91448700	3.50871300
145.19999912	5.91448700	3.50871300
145.27999912	5.91448700	3.50871300
145.35999912	5.91448700	3.50871300
145.43999912	5.91448700	3.50871300
145.51999912	5.91448700	3.50871300
145.59999912	5.91448700	3.50871300
145.67999911	5.82567800	3.50871300
145.75999911	5.91448700	3.50871300
145.83999911	5.91448700	3.50871300
145.91999911	5.91448700	3.50871300
145.99999911	5.91448700	3.50871300
146.07999911	5.91448700	3.50871300
146.15999911	5.91448700	3.42112500
146.23999911	5.91448700	3.50871300
146.31999911	5.91448700	3.42112500
146.39999911	5.91448700	3.42112500
146.47999911	5.91448700	3.42112500
146.55999911	5.91448700	3.33323200
146.63999911	5.91448700	3.42112500
146.71999911	5.91448700	3.42112500
146.79999911	5.82567800	3.33323200
146.87999911	5.82567800	3.33323200
146.95999911	5.91448700	3.33323200
147.03999911	5.82567800	3.33323200
147.11999911	5.91448700	3.33323200
147.19999911	5.91448700	3.33323200
147.27999910	5.91448700	3.24533800
147.35999910	5.82567800	3.24533800
147.43999910	5.91448700	3.24533800
147.51999910	5.91448700	3.24533800
147.59999910	5.91448700	3.24533800
147.67999910	5.91448700	3.15744500
147.75999910	5.91448700	3.24533800
147.83999910	5.82567800	3.15744500
147.91999910	5.82567800	3.15744500
147.99999910	5.82567800	3.15744500
148.07999910	5.91448700	3.15744500
148.15999910	5.91448700	3.06985700
148.23999910	5.82567800	3.06985700
148.31999910	5.91448700	3.06985700
148.39999910	5.82567800	2.98196400
148.47999910	5.82567800	3.06985700
148.55999910	5.82567800	2.98196400
148.63999910	5.91448700	2.98196400
148.71999910	5.82567800	2.98196400
148.79999910	5.91448700	2.89407000
148.87999910	5.82567800	2.89407000
148.95999909	5.82567800	2.89407000
149.03999909	5.82567800	2.89407000
149.11999909	5.91448700	2.80617700
149.19999909	5.82567800	2.89407000
149.27999909	5.82567800	2.80617700
149.35999909	5.82567800	2.80617700
149.43999909	5.82567800	2.80617700
149.51999909	5.82567800	2.80617700
149.59999909	5.82567800	2.80617700
149.67999909	5.91448700	2.71828400
149.75999909	5.82567800	2.71828400
149.83999909	5.82567800	2.71828400
149.91999909	5.82567800	2.71828400
149.99999909	5.82567800	2.63069600
150.07999909	5.82567800	2.63069600
150.15999909	5.82567800	2.63069600
150.23999909	5.82567800	2.63069600
150.31999909	5.82567800	2.54280200
150.39999909	5.82567800	2.54280200
150.47999909	5.82567800	2.45490900
150.55999908	5.82567800	2.45490900
150.63999908	5.73717500	2.45490900
150.71999908	5.82567800	2.45490900
150.79999908	5.82567800	2.45490900
150.87999908	5.73717500	2.45490900
150.95999908	5.82567800	2.36701600
151.03999908	5.82567800	2.36701600
151.11999908	5.82567800	2.27942800
151.19999908	5.73717500	2.36701600
151.27999908	5.73717500	2.27942800
151.35999908	5.82567800	2.27942800
151.43999908	5.82567800	2.27942800
151.51999908	5.73717500	2.27942800
151.59999908	5.73717500	2.19153400
151.67999908	5.73717500	2.19153400
151.75999908	5.73717500	2.19153400
151.83999908	5.73717500	2.10364100
151.91999908	5.73717500	2.10364100
151.99999908	5.73717500	2.10364100
152.07999908	5.73717500	2.01574800
152.15999908	5.73717500	2.01574800
152.23999907	5.73717500	2.01574800
152.31999907	5.73717500	1.92815900
152.39999907	5.73717500	1.92815900
152.47999907	5.73717500	1.92815900
152.55999907	5.73717500	1.92815900
152.63999907	5.64836500	1.92815900
152.71999907	5.73717500	1.84026600
152.79999907	5.64836500	1.84026600
152.87999907	5.64836500	1.75237300
152.95999907	5.64836500	1.75237300
153.03999907	5.64836500	1.75237300
153.11999907	5.64836500	1.75237300
153.19999907	5.64836500	1.75237300
153.27999907	5.64836500	1.66447900
153.35999907	5.64836500	1.66447900
153.43999907	5.64836500	1.66447900
153.51999907	5.64836500	1.57689100
153.59999907	5.55986200	1.57689100
153.67999907	5.55986200	1.57689100
153.75999907	5.55986200	1.57689100
153.83999907	5.55986200	1.48899800
153.91999906	5.55986200	1.48899800
153.99999906	5.38254900	1.40110500
154.07999906	4.93911600	1.40110500
154.15999906	4.49598700	1.40110500
154.23999906	4.31867400	1.40110500
154.31999906	4.31867400	1.31321100
154.39999906	4.40717800	1.31321100
154.47999906	4.31867400	1.31321100
154.55999906	4.31867400	1.31321100
154.63999906	4.31867400	1.22531800
154.71999906	4.31867400	1.22531800
154.79999906	4.31867400	1.22531800
154.87999906	4.31867400	1.13773000
154.95999906	4.31867400	1.13773000
155.03999906	4.31867400	1.13773000
155.11999906	4.22986600	1.04983700
155.19999906	4.31867400	1.04983700
155.27999906	4.31867400	1.04983700
155.35999906	4.31867400	1.04983700
155.43999906	4.31867400	0.96194340
155.51999905	4.31867400	0.96194340
155.59999905	4.22986600	0.96194340
155.67999905	4.22986600	0.87405010
155.75999905	4.31867400	0.87405010
155.83999905	4.22986600	0.87405010
155.91999905	4.31867400	0.87405010
155.99999905	4.22986600	0.78646200
156.07999905	4.22986600	0.78646200
156.15999905	4.22986600	0.78646200
156.23999905	4.22986600	0.69856870
156.31999905	4.22986600	0.69856870
156.39999905	4.22986600	0.69856870
156.47999905	4.22986600	0.69856870
156.55999905	4.22986600	0.61067540
156.63999905	4.22986600	0.61067540
156.71999905	4.22986600	0.61067540
156.79999905	4.22986600	0.61067540
156.87999905	4.22986600	0.52278210
156.95999905	4.22986600	0.52278210
157.03999905	4.22986600	0.43519400
157.11999905	4.22986600	0.43519400
157.19999904	4.22986600	0.43519400
157.27999904	4.22986600	0.43519400
157.35999904	4.22986600	0.34730060
157.43999904	4.22986600	0.34730060
157.51999904	4.22986600	0.34730060
157.59999904	4.22986600	0.25940730
157.67999904	4.22986600	0.25940730
157.75999904	4.22986600	0.25940730
157.83999904	4.22986600	0.17151400
157.91999904	4.22986600	0.17151400
157.99999904	4.22986600	0.17151400
158.07999904	4.22986600	0.08392590
158.15999904	4.22986600	0.08392590
158.23999904	4.22986600	0.08392590
158.31999904	4.22986600	-0.00366222
158.39999904	4.22986600	-0.00366222
158.47999904	4.22986600	-0.00366222
158.55999904	4.22986600	-0.00366222
158.63999904	4.22986600	-0.00366222
158.71999904	4.22986600	-0.09155553
158.79999903	4.31867400	-0.09155553
158.87999903	4.22986600	-0.17944880
158.95999903	4.22986600	-0.17944880
159.03999903	4.22986600	-0.17944880
159.11999903	4.22986600	-0.26734220
159.19999903	4.22986600	-0.26734220
159.27999903	3.96404900	-0.26734220
159.35999903	2.98867800	-0.35493030
159.43999903	0.94943080	-0.35493030
159.51999903	0.59480580	-0.35493030
159.59999903	0.68361460	-0.44282360
159.67999903	0.68361460	-0.44282360
159.75999903	0.68361460	-0.53071690
159.83999903	0.68361460	-0.53071690
159.91999903	0.68361460	-0.53071690
159.99999903	0.68361460	-0.53071690
160.07999903	0.68361460	-0.53071690
160.15999903	0.68361460	-0.61861020
160.23999903	0.68361460	-0.61861020
160.31999903	0.77211830	-0.61861020
160.39999903	0.68361460	-0.70619830
160.47999902	0.68361460	-0.70619830
160.55999902	0.77211830	-0.70619830
160.63999902	0.77211830	-0.79409160
160.71999902	0.68361460	-0.79409160
160.79999902	0.68361460	-0.88198490
160.87999902	0.77211830	-0.88198490
160.95999902	0.77211830	-0.96987830
161.03999902	0.77211830	-0.96987830
161.11999902	0.77211830	-0.96987830
161.19999902	0.77211830	-1.05746600
161.27999902	0.77211830	-1.05746600
161.35999902	0.77211830	-1.05746600
161.43999902	0.86092720	-1.14536000
161.51999902	0.77211830	-1.23325300
161.59999902	0.77211830	-1.23325300
161.67999902	0.77211830	-1.23325300
161.75999902	0.77211830	-1.23325300
161.83999902	0.77211830	-1.23325300
161.91999902	0.86092720	-1.32114600
161.99999902	0.86092720	-1.32114600
162.07999901	0.86092720	-1.40904000
162.15999901	0.86092720	-1.40904000
162.23999901	0.86092720	-1.40904000
162.31999901	0.86092720	-1.49662800
162.39999901	0.86092720	-1.49662800
162.47999901	0.77211830	-1.58452100
162.55999901	0.86092720	-1.58452100
162.63999901	0.86092720	-1.58452100
162.71999901	0.86092720	-1.67241400
162.79999901	0.86092720	-1.76030800
162.87999901	0.86092720	-1.76030800
162.95999901	0.86092720	-1.76030800
163.03999901	0.86092720	-1.76030800
163.11999901	0.86092720	-1.84789600
163.19999901	0.86092720	-1.84789600
163.27999901	0.86092720	-1.93578900
163.35999901	0.86092720	-1.93578900
163.43999901	0.86092720	-1.93578900
163.51999901	0.86092720	-2.02368200
163.59999901	0.86092720	-2.02368200
163.67999901	0.86092720	-2.11157600
163.75999900	0.86092720	-2.11157600
163.83999900	0.86092720	-2.11157600
163.91999900	0.86092720	-2.19916400
163.99999900	0.86092720	-2.19916400
164.07999900	0.86092720	-2.19916400
164.15999900	0.86092720	-2.28705700
164.23999900	0.86092720	-2.28705700
164.31999900	0.86092720	-2.37495000
164.39999900	0.86092720	-2.37495000
164.47999900	0.94943080	-2.46284400
164.55999900	0.86092720	-2.46284400
164.63999900	0.86092720	-2.46284400
164.71999900	0.94943080	-2.55043200
164.79999900	0.94943080	-2.55043200
164.87999900	0.86092720	-2.63832500
164.95999900	0.94943080	-2.63832500
165.03999900	0.94943080	-2.63832500
165.11999900	0.94943080	-2.72621800
165.19999900	0.94943080	-2.72621800
165.27999900	0.94943080	-2.81411200
165.35999900	0.94943080	-2.81411200
165.43999899	0.94943080	-2.81411200
165.51999899	0.94943080	-2.90200500
165.59999899	0.94943080	-2.90200500
165.67999899	0.94943080	-2.90200500
165.75999899	0.94943080	-2.98959300
165.83999899	0.94943080	-2.98959300
165.91999899	0.94943080	-3.07748700
165.99999899	0.94943080	-3.07748700
166.07999899	0.94943080	-3.07748700
166.15999899	0.94943080	-3.16538000
166.23999899	0.94943080	-3.16538000
166.31999899	0.94943080	-3.16538000
166.39999899	0.94943080	-3.25327300
166.47999899	0.94943080	-3.25327300
166.55999899	0.94943080	-3.25327300
166.63999899	0.94943080	-3.34086100
166.71999899	0.94943080	-3.34086100
166.79999899	0.94943080	-3.34086100
166.87999899	0.94943080	-3.42875500
166.95999899	0.94943080	-3.42875500
167.03999898	0.94943080	-3.51664800
167.11999898	0.94943080	-3.51664800
167.19999898	0.94943080	-3.51664800
167.27999898	0.94943080	-3.60454100
167.35999898	0.94943080	-3.60454100
167.43999898	0.94943080	-3.60454100
167.51999898	1.03824000	-3.60454100
167.59999898	0.94943080	-3.69212900
167.67999898	0.94943080	-3.69212900
167.75999898	0.94943080	-3.78002300
167.83999898	0.94943080	-3.78002300
167.91999898	0.94943080	-3.78002300
167.99999898	0.94943080	-3.78002300
168.07999898	0.94943080	-3.86791600
168.15999898	0.94943080	-3.86791600
168.23999898	0.94943080	-3.86791600
168.31999898	0.94943080	-3.86791600
168.39999898	0.94943080	-3.86791600
168.47999898	0.94943080	-3.86791600
168.55999898	0.94943080	-3.95580900
168.63999898	0.94943080	-4.04339700
168.71999897	0.94943080	-4.04339700
168.79999897	0.94943080	-4.04339700
168.87999897	1.03824000	-4.04339700
168.95999897	1.03824000	-4.04339700
169.03999897	0.94943080	-4.13129000
169.11999897	0.94943080	-4.13129000
169.19999897	0.94943080	-4.13129000
169.27999897	0.94943080	-4.13129000
169.35999897	0.94943080	-4.21918400
169.43999897	0.94943080	-4.21918400
169.51999897	0.94943080	-4.21918400
169.59999897	0.94943080	-4.21918400
169.67999897	0.94943080	-4.21918400
169.75999897	0.94943080	-4.21918400
169.83999897	0.94943080	-4.21918400
169.91999897	0.94943080	-4.30707700
169.99999897	0.94943080	-4.30707700
170.07999897	0.94943080	-4.30707700
170.15999897	0.94943080	-4.30707700
170.23999897	0.94943080	-4.30707700
170.31999896	0.94943080	-4.30707700
170.39999896	0.94943080	-4.39497000
170.47999896	1.03824000	-4.39497000
170.55999896	0.94943080	-4.39497000
170.63999896	0.94943080	-4.39497000
170.71999896	0.94943080	-4.39497000
170.79999896	0.94943080	-4.39497000
170.87999896	0.94943080	-4.39497000
170.95999896	0.94943080	-4.39497000
171.03999896	0.94943080	-4.39497000
171.11999896	0.94943080	-4.39497000
171.19999896	0.94943080	-4.39497000
171.27999896	0.94943080	-4.39497000
171.35999896	0.94943080	-4.39497000
171.43999896	0.94943080	-4.48255900
171.51999896	0.94943080	-4.48255900
171.59999896	0.94943080	-4.48255900
171.67999896	0.94943080	-4.48255900
171.75999896	0.94943080	-4.48255900
171.83999896	0.94943080	-4.39497000
171.91999896	0.94943080	-4.48255900
171.99999895	0.94943080	-4.39497000
172.07999895	0.94943080	-4.48255900
172.15999895	0.94943080	-4.48255900
172.23999895	0.94943080	-4.48255900
172.31999895	0.94943080	-4.48255900
172.39999895	0.94943080	-4.39497000
172.47999895	0.94943080	-4.39497000
172.55999895	0.94943080	-4.39497000
172.63999895	0.94943080	-4.39497000
172.71999895	0.94943080	-4.39497000
172.79999895	0.86092720	-4.39497000
172.87999895	0.94943080	-4.39497000
172.95999895	0.86092720	-4.39497000
173.03999895	0.86092720	-4.39497000
173.11999895	0.94943080	-4.39497000
173.19999895	0.94943080	-4.39497000
173.27999895	0.94943080	-4.39497000
173.35999895	0.94943080	-4.39497000
173.43999895	0.94943080	-4.30707700
173.51999895	0.86092720	-4.30707700
173.59999894	0.94943080	-4.30707700
173.67999894	0.86092720	-4.21918400
173.75999894	0.94943080	-4.21918400
173.83999894	0.86092720	-4.21918400
173.91999894	0.86092720	-4.21918400
173.99999894	0.86092720	-4.21918400
174.07999894	0.94943080	-4.21918400
174.15999894	0.86092720	-4.21918400
174.23999894	0.86092720	-4.21918400
174.31999894	0.86092720	-4.21918400
174.39999894	0.94943080	-4.13129000
174.47999894	0.86092720	-4.13129000
174.55999894	0.86092720	-4.04339700
174.63999894	0.86092720	-4.04339700
174.71999894	0.94943080	-4.04339700
174.79999894	0.86092720	-4.04339700
174.87999894	0.86092720	-3.95580900
174.95999894	0.86092720	-3.95580900
175.03999894	0.86092720	-3.95580900
175.11999894	0.94943080	-3.86791600
175.19999894	0.86092720	-3.86791600
175.27999893	0.94943080	-3.86791600
175.35999893	0.86092720	-3.86791600
175.43999893	0.86092720	-3.86791600
175.51999893	0.86092720	-3.78002300
175.59999893	0.86092720	-3.78002300
175.67999893	0.86092720	-3.78002300
175.75999893	0.86092720	-3.69212900
175.83999893	0.86092720	-3.69212900
175.91999893	0.86092720	-3.60454100
175.99999893	0.86092720	-3.60454100
176.07999893	0.86092720	-3.60454100
176.15999893	0.86092720	-3.51664800
176.23999893	0.86092720	-3.51664800
176.31999893	0.86092720	-3.51664800
176.39999893	0.86092720	-3.42875500
176.47999893	0.86092720	-3.42875500
176.55999893	0.86092720	-3.34086100
176.63999893	0.86092720	-3.34086100
176.71999893	0.86092720	-3.25327300
176.79999893	0.86092720	-3.25327300
176.87999893	0.86092720	-3.25327300
176.95999892	0.86092720	-3.16538000
177.03999892	0.86092720	-3.16538000
177.11999892	0.86092720	-3.16538000
177.19999892	0.86092720	-3.16538000
177.27999892	0.77211830	-3.07748700
177.35999892	0.77211830	-3.07748700
177.43999892	0.86092720	-2.98959300
177.51999892	0.86092720	-2.90200500
177.59999892	0.86092720	-2.90200500
177.67999892	0.86092720	-2.81411200
177.75999892	0.77211830	-2.81411200
177.83999892	0.86092720	-2.81411200
177.91999892	0.77211830	-2.81411200
177.99999892	0.86092720	-2.72621800
178.07999892	0.86092720	-2.63832500
178.15999892	0.86092720	-2.63832500
178.23999892	0.86092720	-2.63832500
178.31999892	0.86092720	-2.55043200
178.39999892	0.86092720	-2.46284400
178.47999892	0.77211830	-2.46284400
178.55999891	0.86092720	-2.46284400
178.63999891	0.86092720	-2.37495000
178.71999891	0.77211830	-2.28705700
178.79999891	0.77211830	-2.28705700
178.87999891	0.86092720	-2.19916400
178.95999891	0.77211830	-2.19916400
179.03999891	0.86092720	-2.11157600
179.11999891	0.77211830	-2.11157600
179.19999891	0.77211830	-2.11157600
179.27999891	0.77211830	-2.02368200
179.35999891	0.77211830	-1.93578900
179.43999891	0.77211830	-1.93578900
179.51999891	0.77211830	-1.93578900
179.59999891	0.77211830	-1.84789600
179.67999891	0.77211830	-1.76030800
179.75999891	0.77211830	-1.76030800
179.83999891	0.77211830	-1.76030800
179.91999891	0.77211830	-1.67241400
179.99999891	0.77211830	-1.58452100
180.07999891	0.77211830	-1.58452100
180.15999891	0.77211830	-1.49662800
180.23999890	0.77211830	-1.49662800
180.31999890	0.77211830	-1.40904000
180.39999890	0.77211830	-1.40904000
180.47999890	0.77211830	-1.40904000
180.55999890	0.77211830	-1.32114600
180.63999890	0.86092720	-1.23325300
180.71999890	0.77211830	-1.23325300
180.79999890	0.77211830	-1.14536000
180.87999890	0.77211830	-1.05746600
180.95999890	0.77211830	-1.05746600
181.03999890	0.77211830	-1.05746600
181.11999890	0.77211830	-0.96987830
181.19999890	0.77211830	-0.96987830
181.27999890	0.68361460	-0.88198490
181.35999890	0.68361460	-0.79409160
181.43999890	0.77211830	-0.79409160
181.51999890	0.68361460	-0.70619830
181.59999890	0.77211830	-0.70619830
181.67999890	0.68361460	-0.61861020
181.75999890	0.68361460	-0.53071690
181.83999889	0.68361460	-0.53071690
181.91999889	0.77211830	-0.53071690
181.99999889	0.68361460	-0.35493030
182.07999889	0.68361460	-0.35493030
182.15999889	0.68361460	-0.35493030
182.23999889	0.68361460	-0.26734220
182.31999889	0.68361460	-0.17944880
182.39999889	0.68361460	-0.17944880
182.47999889	0.77211830	-0.17944880
182.55999889	0.68361460	-0.09155553
182.63999889	0.68361460	-0.00366222
182.71999889	0.68361460	-0.00366222
182.79999889	0.68361460	0.08392590
182.87999889	0.68361460	0.08392590
182.95999889	0.68361460	0.17151400
183.03999889	0.68361460	0.25940730
183.11999889	0.68361460	0.25940730
183.19999889	0.68361460	0.34730060
183.27999889	0.68361460	0.43519400
183.35999889	0.68361460	0.43519400
183.43999889	0.68361460	0.52278210
183.51999888	0.68361460	0.52278210
183.59999888	0.68361460	0.61067540
183.67999888	0.68361460	0.69856870
183.75999888	0.68361460	0.69856870
183.83999888	0.68361460	0.69856870
183.91999888	0.68361460	0.78646200
183.99999888	0.68361460	0.87405010
184.07999888	0.68361460	0.87405010
184.15999888	0.68361460	0.96194340
184.23999888	0.68361460	0.96194340
184.31999888	0.68361460	1.04983700
184.39999888	0.68361460	1.04983700
184.47999888	0.68361460	1.13773000
184.55999888	0.59480580	1.22531800
184.63999888	0.68361460	1.22531800
184.71999888	0.68361460	1.31321100
184.79999888	0.59480580	1.31321100
184.87999888	0.68361460	1.40110500
184.95999888	0.59480580	1.40110500
185.03999888	0.59480580	1.48899800
185.11999887	0.59480580	1.57689100
185.19999887	0.59480580	1.57689100
185.27999887	0.59480580	1.66447900
185.35999887	0.59480580	1.66447900
185.43999887	0.50630210	1.75237300
185.51999887	0.50630210	1.75237300
185.59999887	0.41749320	1.84026600
185.67999887	0.50630210	1.84026600
185.75999887	0.50630210	1.92815900
185.83999887	0.50630210	2.01574800
185.91999887	0.50630210	2.01574800
185.99999887	0.50630210	2.01574800
186.07999887	0.50630210	2.10364100
186.15999887	0.50630210	2.10364100
186.23999887	0.50630210	2.19153400
186.31999887	0.50630210	2.27942800
186.39999887	0.50630210	2.27942800
186.47999887	0.50630210	2.36701600
186.55999887	0.50630210	2.45490900
186.63999887	0.50630210	2.45490900
186.71999887	0.50630210	2.45490900
186.79999886	0.50630210	2.54280200
186.87999886	0.59480580	2.54280200
186.95999886	0.59480580	2.63069600
187.03999886	0.50630210	2.63069600
187.11999886	0.50630210	2.71828400
187.19999886	0.59480580	2.71828400
187.27999886	0.50630210	2.80617700
187.35999886	0.59480580	2.80617700
187.43999886	0.59480580	2.80617700
187.51999886	0.59480580	2.89407000
187.59999886	0.59480580	2.89407000
187.67999886	0.50630210	2.98196400
187.75999886	0.59480580	2.98196400
187.83999886	0.59480580	2.98196400
187.91999886	0.59480580	3.15744500
187.99999886	0.59480580	3.15744500
188.07999886	0.50630210	3.15744500
188.15999886	0.59480580	3.24533800
188.23999886	0.59480580	3.24533800
188.31999886	0.59480580	3.33323200
188.39999886	0.59480580	3.33323200
188.47999885	0.50630210	3.42112500
188.55999885	0.59480580	3.42112500
188.63999885	0.59480580	3.42112500
188.71999885	0.59480580	3.50871300
188.79999885	0.59480580	3.50871300
188.87999885	0.59480580	3.59660600
188.95999885	0.59480580	3.59660600
189.03999885	0.59480580	3.68450000
189.11999885	0.59480580	3.68450000
189.19999885	0.59480580	3.68450000
189.27999885	0.59480580	3.68450000
189.35999885	0.59480580	3.77239300
189.43999885	0.59480580	3.85998100
189.51999885	0.59480580	3.85998100
189.59999885	0.59480580	3.85998100
189.67999885	0.59480580	3.85998100
189.75999885	0.59480580	3.94787400
189.83999885	0.59480580	3.94787400
189.91999885	0.59480580	3.94787400
189.99999885	0.59480580	4.03576800
190.07999884	0.59480580	4.03576800
190.15999884	0.59480580	4.12366100
190.23999884	0.59480580	4.12366100
190.31999884	0.59480580	4.12366100
190.39999884	0.59480580	4.21124900
190.47999884	0.59480580	4.21124900
190.55999884	0.59480580	4.21124900
190.63999884	0.59480580	4.21124900
190.71999884	0.59480580	4.21124900
190.79999884	0.59480580	4.29914200
190.87999884	0.59480580	4.29914200
190.95999884	0.59480580	4.38703600
191.03999884	0.68361460	4.38703600
191.11999884	0.59480580	4.38703600
191.19999884	0.68361460	4.38703600
191.27999884	0.59480580	4.47492900
191.35999884	0.68361460	4.47492900
191.43999884	0.68361460	4.47492900
191.51999884	0.59480580	4.56282200
191.59999884	0.68361460	4.56282200
191.67999884	0.59480580	4.56282200
191.75999883	0.68361460	4.56282200
191.83999883	0.59480580	4.56282200
191.91999883	0.68361460	4.56282200
191.99999883	0.59480580	4.65041100
192.07999883	0.68361460	4.65041100
192.15999883	0.68361460	4.65041100
192.23999883	0.68361460	4.65041100
192.31999883	0.68361460	4.65041100
192.39999883	0.68361460	4.73830400
192.47999883	0.68361460	4.73830400
192.55999883	0.59480580	4.73830400
192.63999883	0.68361460	4.73830400
192.71999883	0.68361460	4.73830400
192.79999883	0.68361460	4.82619700
192.87999883	0.68361460	4.82619700
192.95999883	0.68361460	4.82619700
193.03999883	0.68361460	4.82619700
193.11999883	0.68361460	4.82619700
193.19999883	0.68361460	4.91409000
193.27999883	0.68361460	4.82619700
193.35999882	0.68361460	4.82619700
193.43999882	0.68361460	4.91409000
193.51999882	0.68361460	4.91409000
193.59999882	0.68361460	4.91409000
193.67999882	0.68361460	4.91409000
193.75999882	0.68361460	4.91409000
193.83999882	0.68361460	4.91409000
193.91999882	0.68361460	4.91409000
193.99999882	0.68361460	4.91409000
194.07999882	0.68361460	4.91409000
194.15999882	0.68361460	4.91409000
194.23999882	0.68361460	4.91409000
194.31999882	0.68361460	4.91409000
194.39999882	0.68361460	4.91409000
194.47999882	0.68361460	4.91409000
194.55999882	0.68361460	4.91409000
194.63999882	0.68361460	4.91409000
194.71999882	0.68361460	4.91409000
194.79999882	0.68361460	4.91409000
194.87999882	0.68361460	4.91409000
194.95999882	0.68361460	4.91409000
195.03999881	0.68361460	4.91409000
195.11999881	0.68361460	4.91409000
195.19999881	0.68361460	4.91409000
195.27999881	0.68361460	4.91409000
195.35999881	0.68361460	4.91409000
195.43999881	0.68361460	4.91409000
195.51999881	0.68361460	4.91409000
195.59999881	0.68361460	4.91409000
195.67999881	0.68361460	4.91409000
195.75999881	0.68361460	4.82619700
195.83999881	0.68361460	4.82619700
195.91999881	0.68361460	4.91409000
195.99999881	0.68361460	4.82619700
196.07999881	0.68361460	4.82619700
196.15999881	0.68361460	4.82619700
196.23999881	0.68361460	4.82619700
196.31999881	0.68361460	4.82619700
196.39999881	0.68361460	4.82619700
196.47999881	0.68361460	4.73830400
196.55999881	0.68361460	4.73830400
196.63999880	0.68361460	4.73830400
196.71999880	0.68361460	4.65041100
196.79999880	0.68361460	4.65041100
196.87999880	0.68361460	4.65041100
196.95999880	0.68361460	4.65041100
197.03999880	0.68361460	4.65041100
197.11999880	0.68361460	4.56282200
197.19999880	0.68361460	4.56282200
197.27999880	0.68361460	4.56282200
197.35999880	0.68361460	4.56282200
197.43999880	0.68361460	4.56282200
197.51999880	0.68361460	4.56282200
197.59999880	0.68361460	4.47492900
197.67999880	0.68361460	4.47492900
197.75999880	0.68361460	4.47492900
197.83999880	0.68361460	4.38703600
197.91999880	0.68361460	4.38703600
197.99999880	0.68361460	4.38703600
198.07999880	0.68361460	4.38703600
198.15999880	0.68361460	4.29914200
198.23999880	0.68361460	4.29914200
198.31999879	0.68361460	4.29914200
198.39999879	0.68361460	4.29914200
198.47999879	0.68361460	4.21124900
198.55999879	0.68361460	4.21124900
198.63999879	0.68361460	4.21124900
198.71999879	0.68361460	4.21124900
198.79999879	0.68361460	4.12366100
198.87999879	0.68361460	4.12366100
198.95999879	0.68361460	4.12366100
199.03999879	0.68361460	4.03576800
199.11999879	0.68361460	4.03576800
199.19999879	0.68361460	4.03576800
199.27999879	0.68361460	3.94787400
199.35999879	0.68361460	3.94787400
199.43999879	0.68361460	3.85998100
199.51999879	0.68361460	3.85998100
199.59999879	0.68361460	3.85998100
199.67999879	0.68361460	3.85998100
199.75999879	0.68361460	3.77239300
199.83999879	0.68361460	3.77239300
199.91999878	0.68361460	3.68450000
199.99999878	0.68361460	3.77239300
200.07999878	0.68361460	3.68450000
200.15999878	0.59480580	3.68450000
200.23999878	0.68361460	3.59660600
