Time	Channel A	Channel B
(us)	(V)	(V)

0.00000000	0.59480580	1.57689100
0.08000000	0.59480580	1.66447900
0.16000000	0.50630210	1.75237300
0.24000000	0.41749320	1.75237300
0.32000000	0.41749320	1.75237300
0.40000000	0.41749320	1.84026600
0.48000000	0.50630210	1.92815900
0.56000000	0.50630210	1.92815900
0.64000000	0.50630210	2.01574800
0.72000000	0.50630210	2.10364100
0.80000000	0.50630210	2.10364100
0.87999999	0.50630210	2.19153400
0.95999999	0.50630210	2.19153400
1.03999999	0.50630210	2.27942800
1.11999999	0.50630210	2.27942800
1.19999999	0.50630210	2.36701600
1.27999999	0.59480580	2.36701600
1.35999999	0.50630210	2.45490900
1.43999999	0.59480580	2.45490900
1.51999999	0.50630210	2.45490900
1.59999999	0.50630210	2.54280200
1.67999999	0.59480580	2.54280200
1.75999999	0.59480580	2.63069600
1.83999999	0.50630210	2.71828400
1.91999999	0.59480580	2.71828400
1.99999999	0.59480580	2.80617700
2.07999999	0.59480580	2.80617700
2.15999999	0.59480580	2.80617700
2.23999999	0.50630210	2.89407000
2.31999999	0.59480580	2.89407000
2.39999999	0.59480580	2.98196400
2.47999998	0.59480580	2.98196400
2.55999998	0.59480580	3.06985700
2.63999998	0.59480580	3.15744500
2.71999998	0.59480580	3.15744500
2.79999998	0.50630210	3.15744500
2.87999998	0.59480580	3.24533800
2.95999998	0.59480580	3.24533800
3.03999998	0.59480580	3.33323200
3.11999998	0.59480580	3.33323200
3.19999998	0.59480580	3.42112500
3.27999998	0.59480580	3.42112500
3.35999998	0.59480580	3.50871300
3.43999998	0.59480580	3.50871300
3.51999998	0.59480580	3.50871300
3.59999998	0.59480580	3.50871300
3.67999998	0.59480580	3.59660600
3.75999998	0.59480580	3.59660600
3.83999998	0.59480580	3.68450000
3.91999998	0.59480580	3.68450000
3.99999998	0.59480580	3.68450000
4.07999998	0.59480580	3.77239300
4.15999997	0.59480580	3.85998100
4.23999997	0.59480580	3.85998100
4.31999997	0.59480580	3.85998100
4.39999997	0.59480580	3.85998100
4.47999997	0.59480580	3.85998100
4.55999997	0.59480580	3.85998100
4.63999997	0.59480580	4.03576800
4.71999997	0.59480580	4.03576800
4.79999997	0.59480580	4.03576800
4.87999997	0.59480580	4.12366100
4.95999997	0.59480580	4.12366100
5.03999997	0.59480580	4.12366100
5.11999997	0.59480580	4.21124900
5.19999997	0.59480580	4.21124900
5.27999997	0.59480580	4.21124900
5.35999997	0.59480580	4.21124900
5.43999997	0.59480580	4.21124900
5.51999997	0.59480580	4.29914200
5.59999997	0.59480580	4.29914200
5.67999997	0.59480580	4.29914200
5.75999996	0.68361460	4.38703600
5.83999996	0.68361460	4.38703600
5.91999996	0.59480580	4.38703600
5.99999996	0.68361460	4.38703600
6.07999996	0.68361460	4.38703600
6.15999996	0.59480580	4.47492900
6.23999996	0.68361460	4.47492900
6.31999996	0.68361460	4.56282200
6.39999996	0.59480580	4.56282200
6.47999996	0.59480580	4.56282200
6.55999996	0.59480580	4.56282200
6.63999996	0.68361460	4.56282200
6.71999996	0.59480580	4.56282200
6.79999996	0.59480580	4.65041100
6.87999996	0.68361460	4.65041100
6.95999996	0.68361460	4.65041100
7.03999996	0.59480580	4.65041100
7.11999996	0.68361460	4.73830400
7.19999996	0.59480580	4.73830400
7.27999996	0.68361460	4.73830400
7.35999996	0.68361460	4.73830400
7.43999995	0.68361460	4.73830400
7.51999995	0.59480580	4.73830400
7.59999995	0.68361460	4.82619700
7.67999995	0.68361460	4.82619700
7.75999995	0.68361460	4.82619700
7.83999995	0.68361460	4.82619700
7.91999995	0.68361460	4.82619700
7.99999995	0.68361460	4.82619700
8.07999995	0.68361460	4.82619700
8.15999995	0.68361460	4.91409000
8.23999995	0.59480580	4.91409000
8.31999995	0.68361460	4.91409000
8.39999995	0.68361460	4.91409000
8.47999995	0.68361460	4.91409000
8.55999995	0.68361460	4.91409000
8.63999995	0.59480580	4.91409000
8.71999995	0.68361460	4.91409000
8.79999995	0.68361460	4.91409000
8.87999995	0.68361460	4.91409000
8.95999995	0.68361460	4.91409000
9.03999995	0.68361460	4.91409000
9.11999994	0.68361460	4.91409000
9.19999994	0.68361460	4.91409000
9.27999994	0.68361460	4.91409000
9.35999994	0.68361460	4.91409000
9.43999994	0.68361460	4.91409000
9.51999994	0.68361460	4.91409000
9.59999994	0.68361460	4.91409000
9.67999994	0.68361460	4.91409000
9.75999994	0.68361460	4.91409000
9.83999994	0.68361460	4.91409000
9.91999994	0.68361460	4.91409000
9.99999994	0.68361460	4.82619700
10.07999994	0.68361460	4.91409000
10.15999994	0.68361460	4.91409000
10.23999994	0.68361460	4.82619700
10.31999994	0.68361460	4.82619700
10.39999994	0.68361460	4.82619700
10.47999994	0.59480580	4.82619700
10.55999994	0.68361460	4.82619700
10.63999994	0.68361460	4.82619700
10.71999993	0.68361460	4.82619700
10.79999993	0.68361460	4.82619700
10.87999993	0.68361460	4.82619700
10.95999993	0.68361460	4.82619700
11.03999993	0.68361460	4.82619700
11.11999993	0.68361460	4.73830400
11.19999993	0.68361460	4.73830400
11.27999993	0.68361460	4.65041100
11.35999993	0.68361460	4.73830400
11.43999993	0.68361460	4.65041100
11.51999993	0.68361460	4.65041100
11.59999993	0.68361460	4.65041100
11.67999993	0.68361460	4.65041100
11.75999993	0.68361460	4.56282200
11.83999993	0.68361460	4.56282200
11.91999993	0.68361460	4.56282200
11.99999993	0.68361460	4.56282200
12.07999993	0.68361460	4.56282200
12.15999993	0.68361460	4.47492900
12.23999993	0.68361460	4.56282200
12.31999993	0.68361460	4.47492900
12.39999992	0.68361460	4.47492900
12.47999992	0.68361460	4.38703600
12.55999992	0.68361460	4.38703600
12.63999992	0.68361460	4.38703600
12.71999992	0.68361460	4.38703600
12.79999992	0.68361460	4.29914200
12.87999992	0.68361460	4.29914200
12.95999992	0.68361460	4.29914200
13.03999992	0.68361460	4.29914200
13.11999992	0.68361460	4.21124900
13.19999992	0.68361460	4.21124900
13.27999992	0.68361460	4.21124900
13.35999992	0.68361460	4.21124900
13.43999992	0.68361460	4.12366100
13.51999992	0.68361460	4.12366100
13.59999992	0.68361460	4.12366100
13.67999992	0.68361460	4.12366100
13.75999992	0.68361460	4.03576800
13.83999992	0.68361460	4.03576800
13.91999992	0.68361460	4.03576800
13.99999991	0.68361460	3.94787400
14.07999991	0.68361460	3.85998100
14.15999991	0.68361460	3.85998100
14.23999991	0.68361460	3.85998100
14.31999991	0.68361460	3.85998100
14.39999991	0.68361460	3.85998100
14.47999991	0.68361460	3.85998100
14.55999991	0.59480580	3.77239300
14.63999991	0.68361460	3.77239300
14.71999991	0.68361460	3.68450000
14.79999991	0.68361460	3.68450000
14.87999991	0.68361460	3.59660600
14.95999991	0.59480580	3.59660600
15.03999991	0.68361460	3.59660600
15.11999991	0.68361460	3.50871300
15.19999991	0.68361460	3.50871300
15.27999991	0.59480580	3.50871300
15.35999991	0.59480580	3.42112500
15.43999991	0.59480580	3.42112500
15.51999991	0.59480580	3.33323200
15.59999991	0.59480580	3.33323200
15.67999990	0.59480580	3.33323200
15.75999990	0.59480580	3.33323200
15.83999990	0.59480580	3.24533800
15.91999990	0.50630210	3.24533800
15.99999990	0.50630210	3.15744500
16.07999990	0.50630210	3.15744500
16.15999990	0.50630210	3.06985700
16.23999990	0.50630210	3.06985700
16.31999990	0.50630210	3.06985700
16.39999990	0.50630210	2.98196400
16.47999990	0.50630210	2.98196400
16.55999990	0.41749320	2.89407000
16.63999990	0.50630210	2.89407000
16.71999990	0.41749320	2.89407000
16.79999990	0.41749320	2.80617700
16.87999990	0.41749320	2.80617700
16.95999990	0.32898950	2.71828400
17.03999990	0.32898950	2.71828400
17.11999990	0.32898950	2.71828400
17.19999990	0.32898950	2.63069600
17.27999989	0.32898950	2.63069600
17.35999989	0.32898950	2.54280200
17.43999989	0.32898950	2.45490900
17.51999989	0.24048580	2.54280200
17.59999989	0.24048580	2.45490900
17.67999989	0.24048580	2.45490900
17.75999989	0.24048580	2.36701600
17.83999989	0.24048580	2.36701600
17.91999989	0.15167700	2.27942800
17.99999989	0.15167700	2.27942800
18.07999989	0.24048580	2.19153400
18.15999989	0.15167700	2.19153400
18.23999989	0.15167700	2.19153400
18.31999989	0.15167700	2.10364100
18.39999989	0.15167700	2.10364100
18.47999989	0.15167700	2.10364100
18.55999989	0.15167700	2.01574800
18.63999989	0.06317332	2.01574800
18.71999989	-0.02563555	1.92815900
18.79999989	0.06317332	1.92815900
18.87999989	0.06317332	1.84026600
18.95999988	-0.02563555	1.84026600
19.03999988	-0.02563555	1.75237300
19.11999988	-0.02563555	1.75237300
19.19999988	-0.02563555	1.75237300
19.27999988	-0.02563555	1.66447900
19.35999988	-0.02563555	1.57689100
19.43999988	-0.11413920	1.57689100
19.51999988	-0.11413920	1.48899800
19.59999988	-0.11413920	1.48899800
19.67999988	-0.11413920	1.40110500
19.75999988	-0.20294810	1.40110500
19.83999988	-0.11413920	1.40110500
19.91999988	-0.20294810	1.31321100
19.99999988	-0.20294810	1.31321100
20.07999988	-0.20294810	1.31321100
20.15999988	-0.20294810	1.22531800
20.23999988	-0.20294810	1.13773000
20.31999988	-0.29145180	1.13773000
20.39999988	-0.29145180	1.04983700
20.47999988	-0.29145180	1.04983700
20.55999988	-0.29145180	1.04983700
20.63999987	-0.29145180	0.96194340
20.71999987	-0.38026060	0.96194340
20.79999987	-0.38026060	0.87405010
20.87999987	-0.38026060	0.87405010
20.95999987	-0.38026060	0.87405010
21.03999987	-0.38026060	0.78646200
21.11999987	-0.38026060	0.69856870
21.19999987	-0.38026060	0.69856870
21.27999987	-0.38026060	0.69856870
21.35999987	-0.38026060	0.61067540
21.43999987	-0.46876430	0.61067540
21.51999987	-0.38026060	0.52278210
21.59999987	-0.46876430	0.52278210
21.67999987	-0.46876430	0.43519400
21.75999987	-0.46876430	0.43519400
21.83999987	-0.46876430	0.34730060
21.91999987	-0.46876430	0.34730060
21.99999987	-0.46876430	0.25940730
22.07999987	-0.46876430	0.25940730
22.15999987	-0.46876430	0.17151400
22.23999986	-0.46876430	0.17151400
22.31999986	-0.46876430	0.17151400
22.39999986	-0.46876430	0.08392590
22.47999986	-0.46876430	-0.00366222
22.55999986	-0.46876430	-0.00366222
22.63999986	-0.46876430	-0.00366222
22.71999986	-0.55757310	-0.09155553
22.79999986	-0.55757310	-0.09155553
22.87999986	-0.55757310	-0.17944880
22.95999986	-0.55757310	-0.17944880
23.03999986	-0.55757310	-0.17944880
23.11999986	-0.55757310	-0.26734220
23.19999986	-0.55757310	-0.35493030
23.27999986	-0.55757310	-0.35493030
23.35999986	-0.55757310	-0.35493030
23.43999986	-0.55757310	-0.44282360
23.51999986	-0.55757310	-0.44282360
23.59999986	-0.55757310	-0.53071690
23.67999986	-0.55757310	-0.53071690
23.75999986	-0.55757310	-0.61861020
23.83999986	-0.55757310	-0.70619830
23.91999985	-0.55757310	-0.70619830
23.99999985	-0.55757310	-0.70619830
24.07999985	-0.55757310	-0.79409160
24.15999985	-0.55757310	-0.79409160
24.23999985	-0.55757310	-0.79409160
24.31999985	-0.64607690	-0.88198490
24.39999985	-0.64607690	-0.88198490
24.47999985	-0.64607690	-0.96987830
24.55999985	-0.55757310	-0.96987830
24.63999985	-0.64607690	-0.96987830
24.71999985	-0.64607690	-1.05746600
24.79999985	-0.64607690	-1.14536000
24.87999985	-0.64607690	-1.14536000
24.95999985	-0.64607690	-1.23325300
25.03999985	-0.64607690	-1.23325300
25.11999985	-0.64607690	-1.23325300
25.19999985	-0.64607690	-1.32114600
25.27999985	-0.64607690	-1.40904000
25.35999985	-0.64607690	-1.40904000
25.43999985	-0.64607690	-1.40904000
25.51999984	-0.64607690	-1.40904000
25.59999984	-0.64607690	-1.40904000
25.67999984	-0.64607690	-1.49662800
25.75999984	-0.64607690	-1.49662800
25.83999984	-0.73488570	-1.58452100
25.91999984	-0.64607690	-1.58452100
25.99999984	-0.73488570	-1.67241400
26.07999984	-0.73488570	-1.67241400
26.15999984	-0.73488570	-1.76030800
26.23999984	-0.73488570	-1.76030800
26.31999984	-0.73488570	-1.76030800
26.39999984	-0.73488570	-1.76030800
26.47999984	-0.73488570	-1.84789600
26.55999984	-0.73488570	-1.84789600
26.63999984	-0.73488570	-1.84789600
26.71999984	-0.73488570	-1.93578900
26.79999984	-0.73488570	-1.93578900
26.87999984	-0.73488570	-2.02368200
26.95999984	-0.73488570	-2.02368200
27.03999984	-0.73488570	-2.02368200
27.11999984	-0.73488570	-2.02368200
27.19999983	-0.73488570	-2.11157600
27.27999983	-0.73488570	-2.11157600
27.35999983	-0.73488570	-2.19916400
27.43999983	-0.73488570	-2.19916400
27.51999983	-0.73488570	-2.19916400
27.59999983	-0.73488570	-2.19916400
27.67999983	-0.73488570	-2.19916400
27.75999983	-0.73488570	-2.28705700
27.83999983	-0.73488570	-2.28705700
27.91999983	-0.73488570	-2.37495000
27.99999983	-0.73488570	-2.37495000
28.07999983	-0.73488570	-2.46284400
28.15999983	-0.73488570	-2.46284400
28.23999983	-0.73488570	-2.46284400
28.31999983	-0.73488570	-2.46284400
28.39999983	-0.73488570	-2.46284400
28.47999983	-0.73488570	-2.55043200
28.55999983	-0.73488570	-2.55043200
28.63999983	-0.73488570	-2.63832500
28.71999983	-0.73488570	-2.63832500
28.79999982	-0.73488570	-2.63832500
28.87999982	-0.73488570	-2.63832500
28.95999982	-0.73488570	-2.63832500
29.03999982	-0.73488570	-2.72621800
29.11999982	-0.73488570	-2.72621800
29.19999982	-0.73488570	-2.81411200
29.27999982	-0.73488570	-2.81411200
29.35999982	-0.73488570	-2.81411200
29.43999982	-0.73488570	-2.81411200
29.51999982	-0.73488570	-2.90200500
29.59999982	-0.82338940	-2.90200500
29.67999982	-0.82338940	-2.90200500
29.75999982	-0.73488570	-2.90200500
29.83999982	-0.73488570	-2.90200500
29.91999982	-0.73488570	-2.90200500
29.99999982	-0.73488570	-2.98959300
30.07999982	-0.73488570	-2.98959300
30.15999982	-0.73488570	-2.98959300
30.23999982	-0.73488570	-2.98959300
30.31999982	-0.73488570	-2.98959300
30.39999982	-0.82338940	-3.07748700
30.47999981	-0.73488570	-3.07748700
30.55999981	-0.73488570	-3.07748700
30.63999981	-0.82338940	-3.16538000
30.71999981	-0.82338940	-3.16538000
30.79999981	-0.73488570	-3.16538000
30.87999981	-0.82338940	-3.16538000
30.95999981	-0.82338940	-3.16538000
31.03999981	-0.82338940	-3.16538000
31.11999981	-0.82338940	-3.16538000
31.19999981	-0.73488570	-3.16538000
31.27999981	-0.82338940	-3.25327300
31.35999981	-0.82338940	-3.16538000
31.43999981	-0.82338940	-3.25327300
31.51999981	-0.82338940	-3.25327300
31.59999981	-0.82338940	-3.25327300
31.67999981	-0.82338940	-3.25327300
31.75999981	-0.82338940	-3.34086100
31.83999981	-0.82338940	-3.34086100
31.91999981	-0.82338940	-3.34086100
31.99999981	-0.82338940	-3.25327300
32.07999981	-0.82338940	-3.34086100
32.15999980	-0.73488570	-3.34086100
32.23999980	-0.73488570	-3.34086100
32.31999980	-0.82338940	-3.34086100
32.39999980	-0.82338940	-3.34086100
32.47999980	-0.82338940	-3.34086100
32.55999980	-0.82338940	-3.34086100
32.63999980	-0.82338940	-3.34086100
32.71999980	-0.82338940	-3.34086100
32.79999980	-0.82338940	-3.34086100
32.87999980	-0.82338940	-3.42875500
32.95999980	-0.82338940	-3.42875500
33.03999980	-0.82338940	-3.42875500
33.11999980	-0.82338940	-3.42875500
33.19999980	-0.73488570	-3.42875500
33.27999980	-0.82338940	-3.42875500
33.35999980	-0.82338940	-3.42875500
33.43999980	-0.82338940	-3.42875500
33.51999980	-0.82338940	-3.34086100
33.59999980	-0.82338940	-3.42875500
33.67999980	-0.82338940	-3.34086100
33.75999979	-0.82338940	-3.42875500
33.83999979	-0.73488570	-3.42875500
33.91999979	-0.82338940	-3.42875500
33.99999979	-0.73488570	-3.42875500
34.07999979	-0.82338940	-3.42875500
34.15999979	-0.82338940	-3.42875500
34.23999979	-0.82338940	-3.42875500
34.31999979	-0.82338940	-3.34086100
34.39999979	-0.82338940	-3.42875500
34.47999979	-0.82338940	-3.42875500
34.55999979	-0.82338940	-3.42875500
34.63999979	-0.82338940	-3.42875500
34.71999979	-0.82338940	-3.42875500
34.79999979	-0.82338940	-3.34086100
34.87999979	-0.82338940	-3.34086100
34.95999979	-0.82338940	-3.42875500
35.03999979	-0.82338940	-3.34086100
35.11999979	-0.82338940	-3.34086100
35.19999979	-0.82338940	-3.34086100
35.27999979	-0.82338940	-3.34086100
35.35999979	-0.82338940	-3.34086100
35.43999978	-0.82338940	-3.34086100
35.51999978	-0.82338940	-3.34086100
35.59999978	-0.82338940	-3.34086100
35.67999978	-0.82338940	-3.34086100
35.75999978	-0.82338940	-3.34086100
35.83999978	-0.82338940	-3.25327300
35.91999978	-0.82338940	-3.34086100
35.99999978	-0.82338940	-3.25327300
36.07999978	-0.82338940	-3.25327300
36.15999978	-0.82338940	-3.25327300
36.23999978	-0.82338940	-3.25327300
36.31999978	-0.82338940	-3.25327300
36.39999978	-0.82338940	-3.25327300
36.47999978	-0.82338940	-3.16538000
36.55999978	-0.82338940	-3.25327300
36.63999978	-0.82338940	-3.16538000
36.71999978	-0.82338940	-3.16538000
36.79999978	-0.82338940	-3.16538000
36.87999978	-0.82338940	-3.16538000
36.95999978	-0.82338940	-3.16538000
37.03999977	-0.82338940	-3.16538000
37.11999977	-0.82338940	-3.16538000
37.19999977	-0.82338940	-3.07748700
37.27999977	-0.82338940	-3.07748700
37.35999977	-0.82338940	-3.07748700
37.43999977	-0.82338940	-3.07748700
37.51999977	-0.82338940	-2.98959300
37.59999977	-0.82338940	-3.07748700
37.67999977	-0.82338940	-2.98959300
37.75999977	-0.82338940	-2.98959300
37.83999977	-0.82338940	-2.98959300
37.91999977	-0.82338940	-2.98959300
37.99999977	-0.82338940	-2.90200500
38.07999977	-0.82338940	-2.98959300
38.15999977	-0.82338940	-2.90200500
38.23999977	-0.82338940	-2.90200500
38.31999977	-0.82338940	-2.90200500
38.39999977	-0.82338940	-2.81411200
38.47999977	-0.82338940	-2.81411200
38.55999977	-0.82338940	-2.81411200
38.63999977	-0.82338940	-2.81411200
38.71999976	-0.73488570	-2.81411200
38.79999976	-0.82338940	-2.81411200
38.87999976	-0.82338940	-2.72621800
38.95999976	-0.82338940	-2.72621800
39.03999976	-0.82338940	-2.72621800
39.11999976	-0.82338940	-2.63832500
39.19999976	-0.73488570	-2.72621800
39.27999976	-0.73488570	-2.72621800
39.35999976	-0.73488570	-2.63832500
39.43999976	-0.82338940	-2.63832500
39.51999976	-0.82338940	-2.63832500
39.59999976	-0.73488570	-2.63832500
39.67999976	-0.82338940	-2.55043200
39.75999976	-0.73488570	-2.55043200
39.83999976	-0.73488570	-2.55043200
39.91999976	-0.73488570	-2.46284400
39.99999976	-0.73488570	-2.46284400
40.07999976	-0.73488570	-2.46284400
40.15999976	-0.73488570	-2.46284400
40.23999976	-0.73488570	-2.46284400
40.31999975	-0.73488570	-2.37495000
40.39999975	-0.73488570	-2.37495000
40.47999975	-0.73488570	-2.28705700
40.55999975	-0.73488570	-2.28705700
40.63999975	-0.73488570	-2.28705700
40.71999975	-0.73488570	-2.28705700
40.79999975	-0.73488570	-2.19916400
40.87999975	-0.73488570	-2.19916400
40.95999975	-0.73488570	-2.19916400
41.03999975	-0.73488570	-2.19916400
41.11999975	-0.73488570	-2.11157600
41.19999975	-0.73488570	-2.11157600
41.27999975	-0.73488570	-2.11157600
41.35999975	-0.73488570	-2.11157600
41.43999975	-0.73488570	-2.02368200
41.51999975	-0.73488570	-2.11157600
41.59999975	-0.73488570	-2.02368200
41.67999975	-0.73488570	-2.02368200
41.75999975	-0.73488570	-1.93578900
41.83999975	-0.73488570	-1.93578900
41.91999975	-0.73488570	-1.84789600
41.99999974	-0.73488570	-1.84789600
42.07999974	-0.73488570	-1.84789600
42.15999974	-0.73488570	-1.84789600
42.23999974	-0.73488570	-1.76030800
42.31999974	-0.73488570	-1.76030800
42.39999974	-0.73488570	-1.76030800
42.47999974	-0.64607690	-1.76030800
42.55999974	-0.73488570	-1.76030800
42.63999974	-0.73488570	-1.76030800
42.71999974	-0.73488570	-1.67241400
42.79999974	-0.64607690	-1.67241400
42.87999974	-0.64607690	-1.58452100
42.95999974	-0.73488570	-1.58452100
43.03999974	-0.73488570	-1.58452100
43.11999974	-0.64607690	-1.49662800
43.19999974	-0.73488570	-1.58452100
43.27999974	-0.64607690	-1.49662800
43.35999974	-0.64607690	-1.49662800
43.43999974	-0.64607690	-1.49662800
43.51999974	-0.64607690	-1.40904000
43.59999974	-0.64607690	-1.40904000
43.67999973	-0.55757310	-1.40904000
43.75999973	-0.55757310	-1.40904000
43.83999973	-0.64607690	-1.32114600
43.91999973	-0.55757310	-1.32114600
43.99999973	-0.64607690	-1.32114600
44.07999973	-0.55757310	-1.23325300
44.15999973	-0.55757310	-1.23325300
44.23999973	-0.55757310	-1.23325300
44.31999973	-0.55757310	-1.23325300
44.39999973	-0.55757310	-1.14536000
44.47999973	-0.55757310	-1.14536000
44.55999973	-0.55757310	-1.05746600
44.63999973	-0.55757310	-1.05746600
44.71999973	-0.55757310	-1.05746600
44.79999973	-0.55757310	-1.05746600
44.87999973	-0.55757310	-1.05746600
44.95999973	-0.55757310	-1.05746600
45.03999973	-0.55757310	-1.05746600
45.11999973	-0.55757310	-0.88198490
45.19999973	-0.55757310	-0.88198490
45.27999972	-0.55757310	-0.88198490
45.35999972	-0.55757310	-0.88198490
45.43999972	-0.55757310	-0.79409160
45.51999972	-0.55757310	-0.79409160
45.59999972	-0.55757310	-0.79409160
45.67999972	-0.55757310	-0.70619830
45.75999972	-0.55757310	-0.70619830
45.83999972	-0.46876430	-0.70619830
45.91999972	-0.46876430	-0.70619830
45.99999972	-0.46876430	-0.61861020
46.07999972	-0.46876430	-0.61861020
46.15999972	-0.46876430	-0.53071690
46.23999972	-0.46876430	-0.53071690
46.31999972	-0.46876430	-0.53071690
46.39999972	-0.55757310	-0.53071690
46.47999972	-0.46876430	-0.53071690
46.55999972	-0.46876430	-0.44282360
46.63999972	-0.46876430	-0.35493030
46.71999972	-0.46876430	-0.35493030
46.79999972	-0.38026060	-0.35493030
46.87999972	-0.46876430	-0.35493030
46.95999971	-0.38026060	-0.35493030
47.03999971	-0.38026060	-0.26734220
47.11999971	-0.38026060	-0.26734220
47.19999971	-0.38026060	-0.26734220
47.27999971	-0.29145180	-0.17944880
47.35999971	-0.29145180	-0.17944880
47.43999971	-0.29145180	-0.17944880
47.51999971	-0.29145180	-0.09155553
47.59999971	-0.20294810	-0.09155553
47.67999971	-0.20294810	-0.09155553
47.75999971	-0.20294810	-0.00366222
47.83999971	-0.11413920	-0.00366222
47.91999971	-0.11413920	-0.00366222
47.99999971	-0.11413920	-0.00366222
48.07999971	-0.11413920	0.08392590
48.15999971	-0.11413920	0.08392590
48.23999971	-0.02563555	0.08392590
48.31999971	-0.02563555	0.08392590
48.39999971	-0.02563555	0.17151400
48.47999971	0.06317332	0.17151400
48.55999970	0.06317332	0.17151400
48.63999970	0.15167700	0.25940730
48.71999970	0.15167700	0.25940730
48.79999970	0.24048580	0.34730060
48.87999970	0.24048580	0.34730060
48.95999970	0.32898950	0.34730060
49.03999970	0.68361460	0.34730060
49.11999970	0.59480580	0.43519400
49.19999970	0.59480580	0.43519400
49.27999970	0.59480580	0.43519400
49.35999970	0.59480580	0.52278210
49.43999970	0.59480580	0.52278210
49.51999970	0.59480580	0.52278210
49.59999970	0.15167700	0.61067540
49.67999970	1.12674300	0.61067540
49.75999970	1.92480200	0.69856870
49.83999970	2.01330600	0.61067540
49.91999970	1.30405600	0.69856870
49.99999970	0.24048580	0.69856870
50.07999970	2.63405300	0.69856870
50.15999970	4.49598700	0.69856870
50.23999969	4.14136200	0.78646200
50.31999969	4.14136200	0.78646200
50.39999969	4.14136200	0.78646200
50.47999969	4.05255300	0.87405010
50.55999969	4.05255300	0.87405010
50.63999969	4.05255300	0.87405010
50.71999969	4.05255300	0.96194340
50.79999969	4.05255300	0.96194340
50.87999969	4.05255300	1.04983700
50.95999969	4.05255300	1.04983700
51.03999969	4.05255300	1.04983700
51.11999969	4.05255300	1.04983700
51.19999969	3.96404900	1.04983700
51.27999969	3.96404900	1.13773000
51.35999969	3.96404900	1.13773000
51.43999969	3.96404900	1.13773000
51.51999969	3.96404900	1.22531800
51.59999969	3.96404900	1.22531800
51.67999969	3.96404900	1.31321100
51.75999969	3.96404900	1.31321100
51.83999968	3.87524000	1.31321100
51.91999968	3.87524000	1.40110500
51.99999968	3.87524000	1.40110500
52.07999968	3.87524000	1.40110500
52.15999968	3.87524000	1.40110500
52.23999968	3.87524000	1.48899800
52.31999968	3.87524000	1.48899800
52.39999968	3.87524000	1.57689100
52.47999968	3.87524000	1.57689100
52.55999968	3.87524000	1.66447900
52.63999968	3.87524000	1.57689100
52.71999968	3.78673700	1.66447900
52.79999968	3.78673700	1.75237300
52.87999968	3.78673700	1.75237300
52.95999968	3.78673700	1.75237300
53.03999968	3.78673700	1.84026600
53.11999968	3.78673700	1.84026600
53.19999968	3.78673700	1.92815900
53.27999968	3.78673700	1.92815900
53.35999968	3.78673700	1.92815900
53.43999968	3.78673700	1.92815900
53.51999967	3.78673700	2.01574800
53.59999967	3.69792800	2.10364100
53.67999967	3.69792800	2.01574800
53.75999967	3.69792800	2.10364100
53.83999967	3.69792800	2.10364100
53.91999967	3.69792800	2.19153400
53.99999967	3.69792800	2.19153400
54.07999967	3.69792800	2.27942800
54.15999967	3.69792800	2.27942800
54.23999967	3.69792800	2.27942800
54.31999967	3.69792800	2.36701600
54.39999967	3.69792800	2.36701600
54.47999967	3.69792800	2.36701600
54.55999967	3.69792800	2.45490900
54.63999967	3.69792800	2.45490900
54.71999967	3.69792800	2.54280200
54.79999967	3.69792800	2.54280200
54.87999967	3.69792800	2.63069600
54.95999967	3.69792800	2.63069600
55.03999967	3.69792800	2.63069600
55.11999967	3.60942400	2.71828400
55.19999966	3.69792800	2.71828400
55.27999966	3.60942400	2.71828400
55.35999966	3.69792800	2.80617700
55.43999966	3.69792800	2.80617700
55.51999966	3.60942400	2.80617700
55.59999966	3.60942400	2.80617700
55.67999966	3.60942400	2.89407000
55.75999966	3.69792800	2.98196400
55.83999966	3.60942400	2.98196400
55.91999966	3.60942400	2.98196400
55.99999966	3.60942400	2.98196400
56.07999966	3.60942400	2.98196400
56.15999966	3.60942400	3.06985700
56.23999966	3.60942400	3.15744500
56.31999966	3.60942400	3.15744500
56.39999966	3.60942400	3.15744500
56.47999966	3.60942400	3.15744500
56.55999966	3.60942400	3.24533800
56.63999966	3.60942400	3.24533800
56.71999966	3.60942400	3.33323200
56.79999965	3.60942400	3.33323200
56.87999965	3.60942400	3.33323200
56.95999965	3.60942400	3.42112500
57.03999965	3.60942400	3.42112500
57.11999965	3.52061500	3.42112500
57.19999965	3.60942400	3.50871300
57.27999965	3.60942400	3.50871300
57.35999965	3.60942400	3.50871300
57.43999965	3.52061500	3.50871300
57.51999965	3.60942400	3.59660600
57.59999965	3.60942400	3.59660600
57.67999965	3.60942400	3.59660600
57.75999965	3.52061500	3.68450000
57.83999965	3.60942400	3.68450000
57.91999965	3.60942400	3.68450000
57.99999965	3.52061500	3.68450000
58.07999965	3.52061500	3.77239300
58.15999965	3.52061500	3.77239300
58.23999965	3.52061500	3.77239300
58.31999965	3.60942400	3.85998100
58.39999965	3.60942400	3.85998100
58.47999964	3.60942400	3.85998100
58.55999964	3.60942400	3.85998100
58.63999964	3.60942400	3.85998100
58.71999964	3.60942400	3.94787400
58.79999964	3.52061500	3.94787400
58.87999964	3.52061500	3.94787400
58.95999964	3.52061500	3.94787400
59.03999964	3.60942400	4.03576800
59.11999964	3.60942400	4.03576800
59.19999964	3.52061500	4.03576800
59.27999964	3.60942400	4.03576800
59.35999964	3.60942400	4.12366100
59.43999964	3.60942400	4.12366100
59.51999964	3.52061500	4.12366100
59.59999964	3.60942400	4.12366100
59.67999964	3.60942400	4.12366100
59.75999964	3.60942400	4.21124900
59.83999964	3.52061500	4.21124900
59.91999964	3.52061500	4.21124900
59.99999964	3.52061500	4.21124900
60.07999963	3.60942400	4.21124900
60.15999963	3.60942400	4.21124900
60.23999963	3.60942400	4.29914200
60.31999963	3.60942400	4.21124900
60.39999963	3.60942400	4.29914200
60.47999963	3.60942400	4.29914200
60.55999963	3.60942400	4.29914200
60.63999963	3.60942400	4.29914200
60.71999963	3.60942400	4.29914200
60.79999963	3.69792800	4.38703600
60.87999963	3.69792800	4.38703600
60.95999963	3.60942400	4.38703600
61.03999963	3.60942400	4.38703600
61.11999963	3.60942400	4.38703600
61.19999963	3.60942400	4.38703600
61.27999963	3.60942400	4.38703600
61.35999963	3.69792800	4.38703600
61.43999963	3.60942400	4.38703600
61.51999963	3.60942400	4.38703600
61.59999963	3.60942400	4.38703600
61.67999963	3.60942400	4.38703600
61.75999962	3.69792800	4.38703600
61.83999962	3.69792800	4.38703600
61.91999962	3.69792800	4.38703600
61.99999962	3.60942400	4.38703600
62.07999962	3.69792800	4.38703600
62.15999962	3.69792800	4.38703600
62.23999962	3.69792800	4.38703600
62.31999962	3.69792800	4.38703600
62.39999962	3.69792800	4.38703600
62.47999962	3.69792800	4.38703600
62.55999962	3.69792800	4.38703600
62.63999962	3.69792800	4.38703600
62.71999962	3.69792800	4.38703600
62.79999962	3.69792800	4.38703600
62.87999962	3.69792800	4.38703600
62.95999962	3.69792800	4.38703600
63.03999962	3.69792800	4.38703600
63.11999962	3.69792800	4.38703600
63.19999962	3.69792800	4.38703600
63.27999962	3.69792800	4.38703600
63.35999961	3.69792800	4.29914200
63.43999961	3.69792800	4.38703600
63.51999961	3.69792800	4.29914200
63.59999961	3.78673700	4.29914200
63.67999961	3.69792800	4.29914200
63.75999961	3.78673700	4.29914200
63.83999961	3.69792800	4.29914200
63.91999961	3.69792800	4.29914200
63.99999961	3.69792800	4.21124900
64.07999961	3.69792800	4.21124900
64.15999961	3.78673700	4.21124900
64.23999961	3.78673700	4.21124900
64.31999961	3.78673700	4.21124900
64.39999961	3.78673700	4.21124900
64.47999961	3.78673700	4.21124900
64.55999961	3.78673700	4.12366100
64.63999961	3.78673700	4.12366100
64.71999961	3.78673700	4.12366100
64.79999961	3.78673700	4.03576800
64.87999961	3.78673700	4.03576800
64.95999961	3.78673700	4.03576800
65.03999960	3.78673700	4.03576800
65.11999960	3.78673700	3.94787400
65.19999960	3.78673700	4.03576800
65.27999960	3.78673700	3.94787400
65.35999960	3.78673700	3.94787400
65.43999960	3.78673700	3.85998100
65.51999960	3.87524000	3.85998100
65.59999960	3.78673700	3.85998100
65.67999960	3.78673700	3.85998100
65.75999960	3.87524000	3.85998100
65.83999960	3.87524000	3.77239300
65.91999960	3.87524000	3.77239300
65.99999960	3.87524000	3.68450000
66.07999960	3.87524000	3.68450000
66.15999960	3.87524000	3.68450000
66.23999960	3.87524000	3.68450000
66.31999960	3.87524000	3.59660600
66.39999960	3.87524000	3.59660600
66.47999960	3.87524000	3.50871300
66.55999960	3.87524000	3.50871300
66.63999959	3.87524000	3.50871300
66.71999959	3.87524000	3.50871300
66.79999959	3.87524000	3.42112500
66.87999959	3.87524000	3.42112500
66.95999959	3.87524000	3.33323200
67.03999959	3.87524000	3.33323200
67.11999959	3.87524000	3.33323200
67.19999959	3.87524000	3.24533800
67.27999959	3.87524000	3.24533800
67.35999959	3.87524000	3.15744500
67.43999959	3.87524000	3.15744500
67.51999959	3.96404900	3.15744500
67.59999959	3.87524000	3.06985700
67.67999959	3.96404900	2.98196400
67.75999959	3.96404900	2.98196400
67.83999959	3.96404900	2.98196400
67.91999959	3.96404900	2.89407000
67.99999959	3.96404900	2.89407000
68.07999959	3.96404900	2.80617700
68.15999959	3.96404900	2.80617700
68.23999959	3.96404900	2.80617700
68.31999958	3.96404900	2.71828400
68.39999958	3.96404900	2.71828400
68.47999958	3.96404900	2.71828400
68.55999958	3.96404900	2.63069600
68.63999958	4.05255300	2.54280200
68.71999958	4.05255300	2.54280200
68.79999958	4.05255300	2.54280200
68.87999958	3.96404900	2.45490900
68.95999958	4.05255300	2.36701600
69.03999958	4.05255300	2.36701600
69.11999958	4.05255300	2.36701600
69.19999958	4.05255300	2.27942800
69.27999958	4.05255300	2.27942800
69.35999958	4.05255300	2.19153400
69.43999958	4.05255300	2.19153400
69.51999958	4.05255300	2.10364100
69.59999958	4.05255300	2.10364100
69.67999958	4.05255300	2.01574800
69.75999958	4.05255300	2.01574800
69.83999958	4.05255300	1.92815900
69.91999958	4.05255300	1.92815900
69.99999957	4.05255300	1.84026600
70.07999957	4.05255300	1.84026600
70.15999957	4.05255300	1.75237300
70.23999957	4.05255300	1.75237300
70.31999957	4.05255300	1.66447900
70.39999957	4.05255300	1.66447900
70.47999957	4.14136200	1.57689100
70.55999957	4.05255300	1.57689100
70.63999957	4.05255300	1.48899800
70.71999957	4.05255300	1.40110500
70.79999957	4.14136200	1.40110500
70.87999957	4.05255300	1.31321100
70.95999957	4.14136200	1.31321100
71.03999957	4.14136200	1.22531800
71.11999957	4.14136200	1.22531800
71.19999957	4.14136200	1.13773000
71.27999957	4.14136200	1.04983700
71.35999957	4.14136200	1.04983700
71.43999957	4.14136200	1.04983700
71.51999957	4.14136200	0.96194340
71.59999956	4.14136200	0.87405010
71.67999956	4.14136200	0.87405010
71.75999956	4.14136200	0.87405010
71.83999956	4.14136200	0.78646200
71.91999956	4.14136200	0.69856870
71.99999956	4.14136200	0.69856870
72.07999956	4.14136200	0.61067540
72.15999956	4.14136200	0.61067540
72.23999956	4.14136200	0.52278210
72.31999956	4.14136200	0.52278210
72.39999956	4.14136200	0.43519400
72.47999956	4.14136200	0.43519400
72.55999956	4.14136200	0.34730060
72.63999956	4.14136200	0.34730060
72.71999956	4.22986600	0.25940730
72.79999956	4.14136200	0.17151400
72.87999956	4.22986600	0.08392590
72.95999956	4.14136200	0.08392590
73.03999956	4.22986600	-0.00366222
73.11999956	4.22986600	-0.00366222
73.19999956	4.14136200	-0.09155553
73.27999955	4.14136200	-0.17944880
73.35999955	4.14136200	-0.17944880
73.43999955	4.14136200	-0.17944880
73.51999955	4.22986600	-0.26734220
73.59999955	4.22986600	-0.35493030
73.67999955	4.22986600	-0.35493030
73.75999955	4.22986600	-0.44282360
73.83999955	4.22986600	-0.53071690
73.91999955	4.22986600	-0.53071690
73.99999955	4.22986600	-0.61861020
74.07999955	4.22986600	-0.61861020
74.15999955	4.22986600	-0.70619830
74.23999955	4.22986600	-0.70619830
74.31999955	4.22986600	-0.79409160
74.39999955	4.22986600	-0.88198490
74.47999955	4.22986600	-0.88198490
74.55999955	4.22986600	-1.05746600
74.63999955	4.22986600	-1.05746600
74.71999955	4.22986600	-1.05746600
74.79999955	4.22986600	-1.05746600
74.87999954	4.22986600	-1.23325300
74.95999954	4.31867400	-1.23325300
75.03999954	4.31867400	-1.23325300
75.11999954	4.22986600	-1.32114600
75.19999954	4.31867400	-1.40904000
75.27999954	4.31867400	-1.40904000
75.35999954	4.31867400	-1.40904000
75.43999954	4.31867400	-1.49662800
75.51999954	4.31867400	-1.58452100
75.59999954	4.31867400	-1.58452100
75.67999954	4.31867400	-1.67241400
75.75999954	4.40717800	-1.76030800
75.83999954	4.40717800	-1.76030800
75.91999954	4.40717800	-1.76030800
75.99999954	4.58449000	-1.84789600
76.07999954	4.93911600	-1.93578900
76.15999954	5.11642800	-1.93578900
76.23999954	5.20523700	-2.02368200
76.31999954	5.11642800	-2.02368200
76.39999954	5.02792500	-2.11157600
76.47999954	5.02792500	-2.19916400
76.55999953	5.02792500	-2.19916400
76.63999953	5.11642800	-2.19916400
76.71999953	5.11642800	-2.19916400
76.79999953	5.11642800	-2.37495000
76.87999953	5.11642800	-2.37495000
76.95999953	5.02792500	-2.37495000
77.03999953	5.02792500	-2.46284400
77.11999953	5.02792500	-2.46284400
77.19999953	5.02792500	-2.55043200
77.27999953	4.93911600	-2.63832500
77.35999953	4.93911600	-2.63832500
77.43999953	4.93911600	-2.72621800
77.51999953	4.93911600	-2.72621800
77.59999953	4.93911600	-2.81411200
77.67999953	4.93911600	-2.81411200
77.75999953	4.93911600	-2.81411200
77.83999953	4.85061200	-2.90200500
77.91999953	4.85061200	-2.90200500
77.99999953	4.85061200	-2.98959300
78.07999953	4.85061200	-3.07748700
78.15999952	4.85061200	-3.07748700
78.23999952	4.76180300	-3.07748700
78.31999952	4.76180300	-3.16538000
78.39999952	4.76180300	-3.16538000
78.47999952	4.76180300	-3.25327300
78.55999952	4.76180300	-3.25327300
78.63999952	4.76180300	-3.34086100
78.71999952	4.67329900	-3.34086100
78.79999952	4.67329900	-3.42875500
78.87999952	4.67329900	-3.42875500
78.95999952	4.58449000	-3.42875500
79.03999952	4.58449000	-3.51664800
79.11999952	4.58449000	-3.51664800
79.19999952	4.58449000	-3.60454100
79.27999952	4.58449000	-3.60454100
79.35999952	4.58449000	-3.60454100
79.43999952	4.49598700	-3.69212900
79.51999952	4.49598700	-3.78002300
79.59999952	4.49598700	-3.78002300
79.67999952	4.49598700	-3.86791600
79.75999952	4.49598700	-3.86791600
79.83999951	4.49598700	-3.86791600
79.91999951	4.49598700	-3.86791600
79.99999951	4.40717800	-3.86791600
80.07999951	4.40717800	-3.95580900
80.15999951	4.40717800	-3.95580900
80.23999951	4.40717800	-4.04339700
80.31999951	4.40717800	-4.04339700
80.39999951	4.40717800	-4.13129000
80.47999951	4.40717800	-4.13129000
80.55999951	4.40717800	-4.13129000
80.63999951	4.40717800	-4.21918400
80.71999951	4.40717800	-4.21918400
80.79999951	4.40717800	-4.21918400
80.87999951	4.40717800	-4.21918400
80.95999951	4.40717800	-4.30707700
81.03999951	4.40717800	-4.30707700
81.11999951	4.40717800	-4.30707700
81.19999951	4.31867400	-4.39497000
81.27999951	4.31867400	-4.39497000
81.35999951	4.31867400	-4.48255900
81.43999951	4.40717800	-4.39497000
81.51999950	4.31867400	-4.48255900
81.59999950	4.31867400	-4.48255900
81.67999950	4.31867400	-4.57045200
81.75999950	4.31867400	-4.57045200
81.83999950	4.31867400	-4.57045200
81.91999950	4.22986600	-4.57045200
81.99999950	4.22986600	-4.57045200
82.07999950	4.31867400	-4.65834500
82.15999950	4.31867400	-4.65834500
82.23999950	4.31867400	-4.65834500
82.31999950	4.22986600	-4.65834500
82.39999950	4.22986600	-4.74623900
82.47999950	4.31867400	-4.74623900
82.55999950	4.31867400	-4.74623900
82.63999950	4.22986600	-4.74623900
82.71999950	4.31867400	-4.74623900
82.79999950	4.22986600	-4.74623900
82.87999950	4.31867400	-4.83382700
82.95999950	4.22986600	-4.83382700
83.03999950	4.22986600	-4.83382700
83.11999949	4.22986600	-4.83382700
83.19999949	4.31867400	-4.92172000
83.27999949	4.22986600	-4.83382700
83.35999949	4.31867400	-4.92172000
83.43999949	4.22986600	-4.92172000
83.51999949	4.22986600	-4.92172000
83.59999949	4.31867400	-4.92172000
83.67999949	4.22986600	-4.92172000
83.75999949	4.22986600	-4.92172000
83.83999949	4.22986600	-4.92172000
83.91999949	4.22986600	-4.92172000
83.99999949	4.22986600	-5.00961400
84.07999949	4.22986600	-4.92172000
84.15999949	4.22986600	-4.92172000
84.23999949	4.22986600	-4.92172000
84.31999949	4.22986600	-4.92172000
84.39999949	4.22986600	-5.00961400
84.47999949	4.22986600	-4.92172000
84.55999949	4.22986600	-4.92172000
84.63999949	4.22986600	-4.92172000
84.71999949	4.22986600	-5.00961400
84.79999948	4.22986600	-5.00961400
84.87999948	4.22986600	-5.00961400
84.95999948	4.22986600	-5.00961400
85.03999948	4.22986600	-5.00961400
85.11999948	4.22986600	-5.00961400
85.19999948	4.22986600	-5.00961400
85.27999948	4.22986600	-4.92172000
85.35999948	4.22986600	-4.92172000
85.43999948	4.22986600	-4.92172000
85.51999948	4.22986600	-4.92172000
85.59999948	4.22986600	-4.92172000
85.67999948	4.22986600	-4.92172000
85.75999948	4.22986600	-4.92172000
85.83999948	4.22986600	-4.92172000
85.91999948	4.22986600	-4.92172000
85.99999948	4.22986600	-4.92172000
86.07999948	4.22986600	-4.92172000
86.15999948	4.22986600	-4.92172000
86.23999948	4.22986600	-4.92172000
86.31999948	4.22986600	-4.92172000
86.39999947	4.22986600	-4.92172000
86.47999947	4.22986600	-4.83382700
86.55999947	4.22986600	-4.92172000
86.63999947	4.22986600	-4.83382700
86.71999947	4.22986600	-4.83382700
86.79999947	4.22986600	-4.83382700
86.87999947	4.22986600	-4.83382700
86.95999947	4.22986600	-4.83382700
87.03999947	4.22986600	-4.74623900
87.11999947	4.22986600	-4.74623900
87.19999947	4.22986600	-4.74623900
87.27999947	4.22986600	-4.74623900
87.35999947	4.22986600	-4.74623900
87.43999947	4.22986600	-4.65834500
87.51999947	4.22986600	-4.65834500
87.59999947	4.22986600	-4.65834500
87.67999947	4.22986600	-4.57045200
87.75999947	4.22986600	-4.57045200
87.83999947	4.22986600	-4.57045200
87.91999947	4.22986600	-4.57045200
87.99999947	4.22986600	-4.57045200
88.07999946	4.22986600	-4.57045200
88.15999946	4.22986600	-4.48255900
88.23999946	4.22986600	-4.48255900
88.31999946	4.22986600	-4.48255900
88.39999946	4.22986600	-4.39497000
88.47999946	4.22986600	-4.39497000
88.55999946	4.22986600	-4.39497000
88.63999946	4.31867400	-4.30707700
88.71999946	4.22986600	-4.39497000
88.79999946	4.31867400	-4.30707700
88.87999946	4.22986600	-4.21918400
88.95999946	4.22986600	-4.21918400
89.03999946	4.31867400	-4.21918400
89.11999946	4.22986600	-4.21918400
89.19999946	4.31867400	-4.21918400
89.27999946	4.31867400	-4.21918400
89.35999946	4.22986600	-4.13129000
89.43999946	4.31867400	-4.04339700
89.51999946	4.31867400	-4.04339700
89.59999946	4.22986600	-4.04339700
89.67999945	4.31867400	-4.04339700
89.75999945	4.40717800	-3.95580900
89.83999945	4.31867400	-3.95580900
89.91999945	4.31867400	-3.86791600
89.99999945	4.40717800	-3.86791600
90.07999945	4.40717800	-3.86791600
90.15999945	4.40717800	-3.86791600
90.23999945	4.49598700	-3.78002300
90.31999945	4.67329900	-3.78002300
90.39999945	4.76180300	-3.69212900
90.47999945	4.85061200	-3.78002300
90.55999945	4.93911600	-3.69212900
90.63999945	4.93911600	-3.60454100
90.71999945	4.93911600	-3.60454100
90.79999945	4.93911600	-3.51664800
90.87999945	4.93911600	-3.51664800
90.95999945	4.93911600	-3.51664800
91.03999945	4.93911600	-3.51664800
91.11999945	5.02792500	-3.42875500
91.19999945	4.93911600	-3.34086100
91.27999945	5.02792500	-3.34086100
91.35999944	5.02792500	-3.34086100
91.43999944	5.02792500	-3.25327300
91.51999944	5.02792500	-3.25327300
91.59999944	5.02792500	-3.16538000
91.67999944	5.11642800	-3.16538000
91.75999944	5.02792500	-3.16538000
91.83999944	5.11642800	-3.07748700
91.91999944	5.11642800	-3.07748700
91.99999944	5.11642800	-2.98959300
92.07999944	5.11642800	-2.98959300
92.15999944	5.11642800	-2.98959300
92.23999944	5.11642800	-2.90200500
92.31999944	5.11642800	-2.81411200
92.39999944	5.11642800	-2.81411200
92.47999944	5.11642800	-2.81411200
92.55999944	5.11642800	-2.81411200
92.63999944	5.11642800	-2.81411200
92.71999944	5.11642800	-2.72621800
92.79999944	5.11642800	-2.63832500
92.87999944	5.20523700	-2.63832500
92.95999944	5.11642800	-2.63832500
93.03999943	5.20523700	-2.55043200
93.11999943	5.11642800	-2.46284400
93.19999943	5.20523700	-2.46284400
93.27999943	5.20523700	-2.46284400
93.35999943	5.20523700	-2.46284400
93.43999943	5.20523700	-2.37495000
93.51999943	5.20523700	-2.28705700
93.59999943	5.20523700	-2.28705700
93.67999943	5.20523700	-2.19916400
93.75999943	5.20523700	-2.19916400
93.83999943	5.20523700	-2.11157600
93.91999943	5.20523700	-2.11157600
93.99999943	5.20523700	-2.11157600
94.07999943	5.20523700	-2.02368200
94.15999943	5.20523700	-2.02368200
94.23999943	5.20523700	-1.93578900
94.31999943	5.20523700	-1.84789600
94.39999943	5.29374100	-1.93578900
94.47999943	5.29374100	-1.84789600
94.55999943	5.29374100	-1.76030800
94.63999942	5.29374100	-1.76030800
94.71999942	5.29374100	-1.76030800
94.79999942	5.29374100	-1.67241400
94.87999942	5.29374100	-1.67241400
94.95999942	5.29374100	-1.58452100
95.03999942	5.29374100	-1.49662800
95.11999942	5.29374100	-1.49662800
95.19999942	5.29374100	-1.49662800
95.27999942	5.29374100	-1.40904000
95.35999942	5.29374100	-1.40904000
95.43999942	5.29374100	-1.40904000
95.51999942	5.29374100	-1.32114600
95.59999942	5.29374100	-1.23325300
95.67999942	5.29374100	-1.23325300
95.75999942	5.29374100	-1.23325300
95.83999942	5.38254900	-1.14536000
95.91999942	5.38254900	-1.14536000
95.99999942	5.38254900	-1.05746600
96.07999942	5.38254900	-1.05746600
96.15999942	5.29374100	-1.05746600
96.23999942	5.38254900	-0.96987830
96.31999941	5.38254900	-0.88198490
96.39999941	5.38254900	-0.88198490
96.47999941	5.47105300	-0.88198490
96.55999941	5.47105300	-0.79409160
96.63999941	5.47105300	-0.70619830
96.71999941	5.47105300	-0.70619830
96.79999941	5.47105300	-0.70619830
96.87999941	5.47105300	-0.61861020
96.95999941	5.47105300	-0.53071690
97.03999941	5.47105300	-0.53071690
97.11999941	5.55986200	-0.53071690
97.19999941	5.55986200	-0.44282360
97.27999941	5.55986200	-0.44282360
97.35999941	5.55986200	-0.35493030
97.43999941	5.55986200	-0.35493030
97.51999941	5.55986200	-0.26734220
97.59999941	5.55986200	-0.26734220
97.67999941	5.55986200	-0.17944880
97.75999941	5.55986200	-0.17944880
97.83999941	5.55986200	-0.17944880
97.91999940	5.55986200	-0.09155553
97.99999940	5.55986200	-0.00366222
98.07999940	5.55986200	-0.00366222
98.15999940	5.55986200	-0.00366222
98.23999940	5.55986200	0.08392590
98.31999940	5.64836500	0.08392590
98.39999940	5.55986200	0.17151400
98.47999940	5.55986200	0.17151400
98.55999940	5.64836500	0.25940730
98.63999940	5.55986200	0.34730060
98.71999940	5.64836500	0.34730060
98.79999940	5.64836500	0.34730060
98.87999940	5.64836500	0.43519400
98.95999940	5.64836500	0.52278210
99.03999940	5.64836500	0.43519400
99.11999940	5.64836500	0.52278210
99.19999940	5.64836500	0.61067540
99.27999940	5.64836500	0.61067540
99.35999940	5.64836500	0.69856870
99.43999940	5.64836500	0.69856870
99.51999940	5.64836500	0.78646200
99.59999939	5.64836500	0.78646200
99.67999939	5.64836500	0.78646200
99.75999939	5.64836500	0.87405010
99.83999939	5.64836500	0.87405010
99.91999939	5.64836500	0.96194340
99.99999939	5.64836500	0.96194340
100.07999939	5.64836500	0.96194340
100.15999939	5.64836500	1.04983700
100.23999939	5.64836500	1.04983700
100.31999939	5.64836500	1.13773000
100.39999939	5.64836500	1.13773000
100.47999939	5.64836500	1.22531800
100.55999939	5.64836500	1.22531800
100.63999939	5.64836500	1.22531800
100.71999939	5.73717500	1.31321100
100.79999939	5.64836500	1.31321100
100.87999939	5.64836500	1.40110500
100.95999939	5.73717500	1.40110500
101.03999939	5.64836500	1.40110500
101.11999939	5.64836500	1.48899800
101.19999938	5.73717500	1.48899800
101.27999938	5.64836500	1.57689100
101.35999938	5.64836500	1.57689100
101.43999938	5.73717500	1.66447900
101.51999938	5.73717500	1.66447900
101.59999938	5.73717500	1.75237300
101.67999938	5.73717500	1.75237300
101.75999938	5.73717500	1.75237300
101.83999938	5.73717500	1.75237300
101.91999938	5.73717500	1.84026600
101.99999938	5.73717500	1.84026600
102.07999938	5.73717500	1.92815900
102.15999938	5.73717500	2.01574800
102.23999938	5.73717500	1.92815900
102.31999938	5.73717500	2.01574800
102.39999938	5.73717500	2.01574800
102.47999938	5.73717500	2.10364100
102.55999938	5.73717500	2.10364100
102.63999938	5.82567800	2.10364100
102.71999938	5.73717500	2.10364100
102.79999938	5.73717500	2.19153400
102.87999937	5.73717500	2.19153400
102.95999937	5.73717500	2.19153400
103.03999937	5.82567800	2.27942800
103.11999937	5.73717500	2.36701600
103.19999937	5.73717500	2.36701600
103.27999937	5.73717500	2.36701600
103.35999937	5.82567800	2.36701600
103.43999937	5.82567800	2.45490900
103.51999937	5.82567800	2.45490900
103.59999937	5.82567800	2.45490900
103.67999937	5.82567800	2.45490900
103.75999937	5.73717500	2.54280200
103.83999937	5.82567800	2.54280200
103.91999937	5.82567800	2.63069600
103.99999937	5.82567800	2.63069600
104.07999937	5.82567800	2.63069600
104.15999937	5.82567800	2.63069600
104.23999937	5.82567800	2.71828400
104.31999937	5.82567800	2.71828400
104.39999937	5.82567800	2.71828400
104.47999937	5.82567800	2.80617700
104.55999936	5.82567800	2.80617700
104.63999936	5.82567800	2.80617700
104.71999936	5.82567800	2.80617700
104.79999936	5.82567800	2.80617700
104.87999936	5.82567800	2.89407000
104.95999936	5.82567800	2.89407000
105.03999936	5.82567800	2.98196400
105.11999936	5.82567800	2.89407000
105.19999936	5.82567800	2.98196400
105.27999936	5.82567800	2.98196400
105.35999936	5.82567800	2.98196400
105.43999936	5.82567800	3.06985700
105.51999936	5.82567800	2.98196400
105.59999936	5.82567800	3.06985700
105.67999936	5.82567800	3.06985700
105.75999936	5.82567800	3.15744500
105.83999936	5.82567800	3.15744500
105.91999936	5.82567800	3.15744500
105.99999936	5.82567800	3.15744500
106.07999936	5.82567800	3.15744500
106.15999935	5.82567800	3.15744500
106.23999935	5.82567800	3.15744500
106.31999935	5.82567800	3.15744500
106.39999935	5.91448700	3.24533800
106.47999935	5.82567800	3.24533800
106.55999935	5.82567800	3.24533800
106.63999935	5.82567800	3.33323200
106.71999935	5.82567800	3.33323200
106.79999935	5.82567800	3.24533800
106.87999935	5.82567800	3.33323200
106.95999935	5.82567800	3.33323200
107.03999935	5.82567800	3.42112500
107.11999935	5.82567800	3.42112500
107.19999935	5.82567800	3.42112500
107.27999935	5.91448700	3.42112500
107.35999935	5.82567800	3.42112500
107.43999935	5.91448700	3.42112500
107.51999935	5.82567800	3.42112500
107.59999935	5.82567800	3.42112500
107.67999935	5.91448700	3.42112500
107.75999935	5.91448700	3.42112500
107.83999934	5.91448700	3.50871300
107.91999934	5.82567800	3.42112500
107.99999934	5.91448700	3.50871300
108.07999934	5.91448700	3.50871300
108.15999934	5.82567800	3.50871300
108.23999934	5.91448700	3.50871300
108.31999934	5.82567800	3.50871300
108.39999934	5.91448700	3.50871300
108.47999934	5.82567800	3.50871300
108.55999934	5.91448700	3.50871300
108.63999934	5.91448700	3.50871300
108.71999934	5.91448700	3.50871300
108.79999934	5.91448700	3.50871300
108.87999934	5.91448700	3.50871300
108.95999934	5.91448700	3.50871300
109.03999934	5.91448700	3.50871300
109.11999934	5.91448700	3.50871300
109.19999934	5.91448700	3.50871300
109.27999934	5.91448700	3.50871300
109.35999934	5.91448700	3.50871300
109.43999933	5.91448700	3.50871300
109.51999933	5.91448700	3.50871300
109.59999933	5.91448700	3.50871300
109.67999933	5.91448700	3.59660600
109.75999933	5.91448700	3.50871300
109.83999933	5.91448700	3.50871300
109.91999933	5.82567800	3.50871300
109.99999933	5.91448700	3.50871300
110.07999933	5.82567800	3.50871300
110.15999933	5.91448700	3.50871300
110.23999933	5.91448700	3.50871300
110.31999933	5.91448700	3.50871300
110.39999933	5.82567800	3.50871300
110.47999933	5.82567800	3.50871300
110.55999933	5.91448700	3.50871300
110.63999933	5.91448700	3.50871300
110.71999933	5.91448700	3.50871300
110.79999933	5.91448700	3.50871300
110.87999933	5.82567800	3.50871300
110.95999933	5.91448700	3.42112500
111.03999933	5.91448700	3.50871300
111.11999932	5.91448700	3.50871300
111.19999932	5.91448700	3.50871300
111.27999932	5.91448700	3.50871300
111.35999932	5.91448700	3.42112500
111.43999932	5.91448700	3.42112500
111.51999932	5.82567800	3.42112500
111.59999932	5.91448700	3.42112500
111.67999932	5.82567800	3.42112500
111.75999932	5.91448700	3.42112500
111.83999932	5.91448700	3.42112500
111.91999932	5.91448700	3.33323200
111.99999932	5.91448700	3.33323200
112.07999932	5.91448700	3.33323200
112.15999932	5.82567800	3.33323200
112.23999932	5.91448700	3.33323200
112.31999932	5.82567800	3.33323200
112.39999932	5.91448700	3.24533800
112.47999932	5.82567800	3.24533800
112.55999932	5.91448700	3.24533800
112.63999932	5.91448700	3.24533800
112.71999931	5.82567800	3.15744500
112.79999931	5.91448700	3.24533800
112.87999931	5.91448700	3.15744500
112.95999931	5.91448700	3.24533800
113.03999931	5.91448700	3.15744500
113.11999931	5.82567800	3.15744500
113.19999931	5.82567800	3.15744500
113.27999931	5.82567800	3.15744500
113.35999931	5.91448700	3.06985700
113.43999931	5.82567800	3.06985700
113.51999931	5.91448700	3.06985700
113.59999931	5.82567800	3.06985700
113.67999931	5.82567800	3.06985700
113.75999931	5.82567800	2.98196400
113.83999931	5.82567800	2.98196400
113.91999931	5.82567800	2.98196400
113.99999931	5.82567800	2.98196400
114.07999931	5.82567800	2.98196400
114.15999931	5.82567800	2.89407000
114.23999931	5.82567800	2.89407000
114.31999931	5.82567800	2.89407000
114.39999930	5.82567800	2.80617700
114.47999930	5.82567800	2.80617700
114.55999930	5.82567800	2.80617700
114.63999930	5.82567800	2.80617700
114.71999930	5.82567800	2.80617700
114.79999930	5.82567800	2.80617700
114.87999930	5.82567800	2.80617700
114.95999930	5.82567800	2.71828400
115.03999930	5.82567800	2.71828400
115.11999930	5.82567800	2.71828400
115.19999930	5.82567800	2.63069600
115.27999930	5.82567800	2.63069600
115.35999930	5.82567800	2.63069600
115.43999930	5.82567800	2.63069600
115.51999930	5.82567800	2.63069600
115.59999930	5.82567800	2.54280200
115.67999930	5.82567800	2.54280200
115.75999930	5.82567800	2.45490900
115.83999930	5.82567800	2.54280200
115.91999930	5.82567800	2.45490900
115.99999930	5.82567800	2.45490900
116.07999929	5.82567800	2.45490900
116.15999929	5.73717500	2.45490900
116.23999929	5.82567800	2.45490900
116.31999929	5.82567800	2.36701600
116.39999929	5.82567800	2.27942800
116.47999929	5.82567800	2.36701600
116.55999929	5.73717500	2.36701600
116.63999929	5.73717500	2.27942800
116.71999929	5.73717500	2.27942800
116.79999929	5.73717500	2.19153400
116.87999929	5.73717500	2.27942800
116.95999929	5.73717500	2.19153400
117.03999929	5.73717500	2.19153400
117.11999929	5.73717500	2.10364100
117.19999929	5.64836500	2.10364100
117.27999929	5.73717500	2.10364100
117.35999929	5.73717500	2.10364100
117.43999929	5.73717500	2.01574800
117.51999929	5.73717500	2.01574800
117.59999929	5.73717500	1.92815900
117.67999928	5.73717500	1.92815900
117.75999928	5.64836500	1.92815900
117.83999928	5.64836500	1.92815900
117.91999928	5.64836500	1.92815900
117.99999928	5.73717500	1.84026600
118.07999928	5.64836500	1.84026600
118.15999928	5.64836500	1.75237300
118.23999928	5.64836500	1.75237300
118.31999928	5.64836500	1.75237300
118.39999928	5.64836500	1.75237300
118.47999928	5.64836500	1.75237300
118.55999928	5.64836500	1.66447900
118.63999928	5.64836500	1.66447900
118.71999928	5.64836500	1.66447900
118.79999928	5.64836500	1.57689100
118.87999928	5.55986200	1.57689100
118.95999928	5.55986200	1.57689100
119.03999928	5.55986200	1.48899800
119.11999928	5.55986200	1.48899800
119.19999928	5.55986200	1.48899800
119.27999928	5.47105300	1.48899800
119.35999927	5.20523700	1.40110500
119.43999927	4.67329900	1.40110500
119.51999927	4.40717800	1.40110500
119.59999927	4.31867400	1.40110500
119.67999927	4.31867400	1.31321100
119.75999927	4.31867400	1.31321100
119.83999927	4.31867400	1.22531800
119.91999927	4.31867400	1.31321100
119.99999927	4.22986600	1.22531800
120.07999927	4.31867400	1.22531800
120.15999927	4.31867400	1.13773000
120.23999927	4.31867400	1.13773000
120.31999927	4.31867400	1.13773000
120.39999927	4.31867400	1.04983700
120.47999927	4.31867400	1.04983700
120.55999927	4.31867400	1.04983700
120.63999927	4.31867400	1.04983700
120.71999927	4.31867400	0.96194340
120.79999927	4.22986600	1.04983700
120.87999927	4.22986600	0.96194340
120.95999926	4.22986600	0.96194340
121.03999926	4.22986600	0.87405010
121.11999926	4.22986600	0.87405010
121.19999926	4.22986600	0.87405010
121.27999926	4.31867400	0.87405010
121.35999926	4.22986600	0.78646200
121.43999926	4.22986600	0.78646200
121.51999926	4.22986600	0.69856870
121.59999926	4.22986600	0.69856870
121.67999926	4.31867400	0.69856870
121.75999926	4.22986600	0.69856870
121.83999926	4.22986600	0.61067540
121.91999926	4.31867400	0.61067540
121.99999926	4.22986600	0.61067540
122.07999926	4.22986600	0.61067540
122.15999926	4.22986600	0.52278210
122.23999926	4.22986600	0.52278210
122.31999926	4.22986600	0.52278210
122.39999926	4.22986600	0.52278210
122.47999926	4.22986600	0.43519400
122.55999926	4.22986600	0.43519400
122.63999925	4.22986600	0.34730060
122.71999925	4.22986600	0.34730060
122.79999925	4.22986600	0.34730060
122.87999925	4.22986600	0.25940730
122.95999925	4.22986600	0.25940730
123.03999925	4.22986600	0.25940730
123.11999925	4.22986600	0.17151400
123.19999925	4.22986600	0.25940730
123.27999925	4.22986600	0.17151400
123.35999925	4.22986600	0.08392590
123.43999925	4.22986600	0.17151400
123.51999925	4.22986600	0.08392590
123.59999925	4.22986600	-0.00366222
123.67999925	4.22986600	-0.00366222
123.75999925	4.22986600	-0.00366222
123.83999925	4.22986600	-0.00366222
123.91999925	4.22986600	-0.00366222
123.99999925	4.22986600	-0.09155553
124.07999925	4.31867400	-0.09155553
124.15999925	4.22986600	-0.09155553
124.23999924	4.22986600	-0.17944880
124.31999924	4.22986600	-0.17944880
124.39999924	4.22986600	-0.17944880
124.47999924	4.22986600	-0.26734220
124.55999924	4.22986600	-0.26734220
124.63999924	3.69792800	-0.26734220
124.71999924	1.30405600	-0.35493030
124.79999924	0.68361460	-0.35493030
124.87999924	0.68361460	-0.35493030
124.95999924	0.68361460	-0.35493030
125.03999924	0.68361460	-0.44282360
125.11999924	0.68361460	-0.44282360
125.19999924	0.68361460	-0.53071690
125.27999924	0.68361460	-0.53071690
125.35999924	0.68361460	-0.53071690
125.43999924	0.68361460	-0.53071690
125.51999924	0.77211830	-0.61861020
125.59999924	0.68361460	-0.70619830
125.67999924	0.68361460	-0.70619830
125.75999924	0.77211830	-0.70619830
125.83999924	0.68361460	-0.70619830
125.91999923	0.77211830	-0.70619830
125.99999923	0.77211830	-0.79409160
126.07999923	0.77211830	-0.79409160
126.15999923	0.68361460	-0.88198490
126.23999923	0.77211830	-0.88198490
126.31999923	0.86092720	-0.96987830
126.39999923	0.77211830	-0.96987830
126.47999923	0.77211830	-1.05746600
126.55999923	0.77211830	-1.05746600
126.63999923	0.77211830	-1.05746600
126.71999923	0.77211830	-1.05746600
126.79999923	0.77211830	-1.14536000
126.87999923	0.86092720	-1.23325300
126.95999923	0.77211830	-1.23325300
127.03999923	0.86092720	-1.23325300
127.11999923	0.86092720	-1.32114600
127.19999923	0.86092720	-1.23325300
127.27999923	0.86092720	-1.32114600
127.35999923	0.86092720	-1.40904000
127.43999923	0.86092720	-1.40904000
127.51999923	0.86092720	-1.40904000
127.59999922	0.77211830	-1.49662800
127.67999922	0.86092720	-1.49662800
127.75999922	0.86092720	-1.49662800
127.83999922	0.86092720	-1.58452100
127.91999922	0.86092720	-1.58452100
127.99999922	0.86092720	-1.67241400
128.07999922	0.86092720	-1.67241400
128.15999922	0.86092720	-1.67241400
128.23999922	0.86092720	-1.76030800
128.31999922	0.86092720	-1.76030800
128.39999922	0.86092720	-1.84789600
128.47999922	0.86092720	-1.84789600
128.55999922	0.86092720	-1.93578900
128.63999922	0.86092720	-1.93578900
128.71999922	0.86092720	-1.93578900
128.79999922	0.86092720	-2.02368200
128.87999922	0.86092720	-2.02368200
128.95999922	0.86092720	-2.11157600
129.03999922	0.86092720	-2.11157600
129.11999922	0.86092720	-2.11157600
129.19999921	0.86092720	-2.11157600
129.27999921	0.86092720	-2.19916400
129.35999921	0.86092720	-2.19916400
129.43999921	0.94943080	-2.28705700
129.51999921	0.86092720	-2.28705700
129.59999921	0.86092720	-2.37495000
129.67999921	0.86092720	-2.37495000
129.75999921	0.86092720	-2.46284400
129.83999921	0.86092720	-2.46284400
129.91999921	0.86092720	-2.46284400
129.99999921	0.86092720	-2.55043200
130.07999921	0.94943080	-2.55043200
130.15999921	0.86092720	-2.55043200
130.23999921	0.86092720	-2.63832500
130.31999921	0.94943080	-2.63832500
130.39999921	0.94943080	-2.72621800
130.47999921	0.94943080	-2.72621800
130.55999921	0.86092720	-2.72621800
130.63999921	0.94943080	-2.81411200
130.71999921	0.94943080	-2.81411200
130.79999921	0.94943080	-2.81411200
130.87999920	0.94943080	-2.90200500
130.95999920	0.94943080	-2.90200500
131.03999920	0.94943080	-2.90200500
131.11999920	0.94943080	-2.98959300
131.19999920	0.94943080	-3.07748700
131.27999920	0.94943080	-3.07748700
131.35999920	0.94943080	-3.07748700
131.43999920	0.94943080	-3.16538000
131.51999920	0.94943080	-3.16538000
131.59999920	0.94943080	-3.16538000
131.67999920	0.94943080	-3.16538000
131.75999920	0.94943080	-3.25327300
131.83999920	0.94943080	-3.16538000
131.91999920	0.94943080	-3.25327300
131.99999920	0.94943080	-3.34086100
132.07999920	0.94943080	-3.34086100
132.15999920	0.94943080	-3.42875500
132.23999920	0.94943080	-3.42875500
132.31999920	0.94943080	-3.51664800
132.39999920	0.94943080	-3.42875500
132.47999919	0.94943080	-3.51664800
132.55999919	0.94943080	-3.51664800
132.63999919	0.94943080	-3.51664800
132.71999919	0.94943080	-3.60454100
132.79999919	0.94943080	-3.60454100
132.87999919	0.94943080	-3.60454100
132.95999919	0.94943080	-3.69212900
133.03999919	0.94943080	-3.69212900
133.11999919	0.94943080	-3.69212900
133.19999919	0.94943080	-3.78002300
133.27999919	0.94943080	-3.78002300
133.35999919	0.94943080	-3.78002300
133.43999919	0.94943080	-3.86791600
133.51999919	0.94943080	-3.86791600
133.59999919	0.94943080	-3.86791600
133.67999919	0.94943080	-3.86791600
133.75999919	0.94943080	-3.86791600
133.83999919	0.94943080	-3.86791600
133.91999919	0.94943080	-3.95580900
133.99999919	0.94943080	-3.95580900
134.07999919	0.94943080	-3.95580900
134.15999918	0.94943080	-4.04339700
134.23999918	0.94943080	-4.04339700
134.31999918	0.94943080	-4.13129000
134.39999918	0.94943080	-4.04339700
134.47999918	0.94943080	-4.13129000
134.55999918	0.94943080	-4.13129000
134.63999918	0.94943080	-4.13129000
134.71999918	0.94943080	-4.13129000
134.79999918	0.94943080	-4.21918400
134.87999918	0.94943080	-4.21918400
134.95999918	0.94943080	-4.21918400
135.03999918	0.94943080	-4.21918400
135.11999918	0.94943080	-4.21918400
135.19999918	0.94943080	-4.30707700
135.27999918	0.94943080	-4.30707700
135.35999918	0.94943080	-4.30707700
135.43999918	0.94943080	-4.30707700
135.51999918	0.94943080	-4.30707700
135.59999918	0.94943080	-4.30707700
135.67999918	0.94943080	-4.30707700
135.75999917	0.94943080	-4.30707700
135.83999917	0.94943080	-4.39497000
135.91999917	0.94943080	-4.39497000
135.99999917	0.94943080	-4.39497000
136.07999917	0.94943080	-4.39497000
136.15999917	0.94943080	-4.39497000
136.23999917	0.94943080	-4.30707700
136.31999917	0.94943080	-4.39497000
136.39999917	0.94943080	-4.39497000
136.47999917	0.94943080	-4.39497000
136.55999917	0.94943080	-4.39497000
136.63999917	0.94943080	-4.39497000
136.71999917	0.94943080	-4.48255900
136.79999917	0.94943080	-4.48255900
136.87999917	0.94943080	-4.48255900
136.95999917	0.94943080	-4.39497000
137.03999917	1.03824000	-4.48255900
137.11999917	0.94943080	-4.39497000
137.19999917	0.94943080	-4.48255900
137.27999917	0.94943080	-4.39497000
137.35999917	0.94943080	-4.39497000
137.43999916	0.94943080	-4.48255900
137.51999916	0.94943080	-4.48255900
137.59999916	0.94943080	-4.39497000
137.67999916	0.94943080	-4.39497000
137.75999916	0.94943080	-4.39497000
137.83999916	0.94943080	-4.39497000
137.91999916	0.94943080	-4.39497000
137.99999916	0.94943080	-4.39497000
138.07999916	0.86092720	-4.39497000
138.15999916	0.86092720	-4.39497000
138.23999916	0.94943080	-4.39497000
138.31999916	0.94943080	-4.39497000
138.39999916	0.86092720	-4.30707700
138.47999916	0.94943080	-4.30707700
138.55999916	0.86092720	-4.39497000
138.63999916	0.86092720	-4.30707700
138.71999916	0.86092720	-4.30707700
138.79999916	0.94943080	-4.30707700
138.87999916	0.86092720	-4.30707700
138.95999916	0.94943080	-4.30707700
139.03999915	0.86092720	-4.21918400
139.11999915	0.94943080	-4.21918400
139.19999915	0.86092720	-4.21918400
139.27999915	0.86092720	-4.21918400
139.35999915	0.86092720	-4.21918400
139.43999915	0.86092720	-4.21918400
139.51999915	0.94943080	-4.21918400
139.59999915	0.86092720	-4.13129000
139.67999915	0.86092720	-4.13129000
139.75999915	0.94943080	-4.13129000
139.83999915	0.86092720	-4.04339700
139.91999915	0.94943080	-4.04339700
139.99999915	0.86092720	-4.04339700
140.07999915	0.86092720	-4.04339700
140.15999915	0.86092720	-3.95580900
140.23999915	0.94943080	-3.95580900
140.31999915	0.86092720	-3.95580900
140.39999915	0.86092720	-3.86791600
140.47999915	0.86092720	-3.86791600
140.55999915	0.86092720	-3.86791600
140.63999915	0.86092720	-3.86791600
140.71999914	0.86092720	-3.86791600
140.79999914	0.86092720	-3.78002300
140.87999914	0.86092720	-3.78002300
140.95999914	0.86092720	-3.69212900
141.03999914	0.86092720	-3.69212900
141.11999914	0.86092720	-3.69212900
141.19999914	0.86092720	-3.60454100
141.27999914	0.86092720	-3.60454100
141.35999914	0.86092720	-3.60454100
141.43999914	0.86092720	-3.51664800
141.51999914	0.86092720	-3.51664800
141.59999914	0.86092720	-3.51664800
141.67999914	0.86092720	-3.42875500
141.75999914	0.86092720	-3.42875500
141.83999914	0.86092720	-3.34086100
141.91999914	0.86092720	-3.34086100
141.99999914	0.86092720	-3.34086100
142.07999914	0.86092720	-3.34086100
142.15999914	0.86092720	-3.25327300
142.23999914	0.86092720	-3.25327300
142.31999914	0.86092720	-3.16538000
142.39999913	0.86092720	-3.16538000
142.47999913	0.86092720	-3.07748700
142.55999913	0.86092720	-3.07748700
142.63999913	0.86092720	-2.98959300
142.71999913	0.86092720	-2.98959300
142.79999913	0.86092720	-2.98959300
142.87999913	0.77211830	-2.90200500
142.95999913	0.86092720	-2.90200500
143.03999913	0.86092720	-2.81411200
143.11999913	0.86092720	-2.81411200
143.19999913	0.77211830	-2.81411200
143.27999913	0.86092720	-2.72621800
143.35999913	0.86092720	-2.72621800
143.43999913	0.77211830	-2.63832500
143.51999913	0.86092720	-2.63832500
143.59999913	0.86092720	-2.55043200
143.67999913	0.86092720	-2.55043200
143.75999913	0.77211830	-2.46284400
143.83999913	0.77211830	-2.46284400
143.91999913	0.77211830	-2.37495000
143.99999912	0.86092720	-2.37495000
144.07999912	0.77211830	-2.28705700
144.15999912	0.86092720	-2.28705700
144.23999912	0.77211830	-2.19916400
144.31999912	0.77211830	-2.19916400
144.39999912	0.77211830	-2.11157600
144.47999912	0.77211830	-2.11157600
144.55999912	0.77211830	-2.02368200
144.63999912	0.77211830	-2.02368200
144.71999912	0.77211830	-1.93578900
144.79999912	0.77211830	-1.93578900
144.87999912	0.77211830	-1.84789600
144.95999912	0.77211830	-1.84789600
145.03999912	0.77211830	-1.76030800
145.11999912	0.77211830	-1.76030800
145.19999912	0.77211830	-1.76030800
145.27999912	0.77211830	-1.67241400
145.35999912	0.77211830	-1.58452100
145.43999912	0.77211830	-1.49662800
145.51999912	0.77211830	-1.58452100
145.59999912	0.77211830	-1.40904000
145.67999911	0.68361460	-1.40904000
145.75999911	0.77211830	-1.40904000
145.83999911	0.68361460	-1.32114600
145.91999911	0.77211830	-1.23325300
145.99999911	0.77211830	-1.23325300
146.07999911	0.68361460	-1.23325300
146.15999911	0.77211830	-1.14536000
146.23999911	0.77211830	-1.14536000
146.31999911	0.77211830	-1.05746600
146.39999911	0.68361460	-1.05746600
146.47999911	0.68361460	-0.96987830
146.55999911	0.68361460	-0.96987830
146.63999911	0.68361460	-0.88198490
146.71999911	0.68361460	-0.79409160
146.79999911	0.68361460	-0.70619830
146.87999911	0.68361460	-0.70619830
146.95999911	0.68361460	-0.70619830
147.03999911	0.68361460	-0.61861020
147.11999911	0.77211830	-0.53071690
147.19999911	0.68361460	-0.53071690
147.27999910	0.68361460	-0.44282360
147.35999910	0.68361460	-0.35493030
147.43999910	0.68361460	-0.35493030
147.51999910	0.68361460	-0.35493030
147.59999910	0.68361460	-0.26734220
147.67999910	0.68361460	-0.17944880
147.75999910	0.68361460	-0.17944880
147.83999910	0.68361460	-0.09155553
147.91999910	0.68361460	-0.09155553
147.99999910	0.68361460	-0.00366222
148.07999910	0.68361460	-0.00366222
148.15999910	0.68361460	0.08392590
148.23999910	0.68361460	0.17151400
148.31999910	0.68361460	0.17151400
148.39999910	0.68361460	0.25940730
148.47999910	0.68361460	0.25940730
148.55999910	0.68361460	0.34730060
148.63999910	0.68361460	0.43519400
148.71999910	0.68361460	0.43519400
148.79999910	0.68361460	0.43519400
148.87999910	0.68361460	0.52278210
148.95999909	0.68361460	0.61067540
149.03999909	0.68361460	0.69856870
149.11999909	0.59480580	0.69856870
149.19999909	0.68361460	0.69856870
149.27999909	0.68361460	0.78646200
149.35999909	0.68361460	0.78646200
149.43999909	0.68361460	0.87405010
149.51999909	0.68361460	0.87405010
149.59999909	0.68361460	1.04983700
149.67999909	0.68361460	1.04983700
149.75999909	0.68361460	1.04983700
149.83999909	0.59480580	1.13773000
149.91999909	0.68361460	1.22531800
149.99999909	0.59480580	1.22531800
150.07999909	0.68361460	1.31321100
150.15999909	0.68361460	1.31321100
150.23999909	0.59480580	1.40110500
150.31999909	0.59480580	1.40110500
150.39999909	0.59480580	1.48899800
150.47999909	0.59480580	1.57689100
150.55999908	0.59480580	1.57689100
150.63999908	0.50630210	1.66447900
150.71999908	0.41749320	1.66447900
150.79999908	0.41749320	1.75237300
150.87999908	0.41749320	1.75237300
150.95999908	0.41749320	1.84026600
151.03999908	0.50630210	1.92815900
151.11999908	0.50630210	1.92815900
151.19999908	0.50630210	1.92815900
151.27999908	0.50630210	2.01574800
151.35999908	0.50630210	2.10364100
151.43999908	0.50630210	2.10364100
151.51999908	0.50630210	2.10364100
151.59999908	0.50630210	2.19153400
151.67999908	0.50630210	2.27942800
151.75999908	0.59480580	2.27942800
151.83999908	0.59480580	2.27942800
151.91999908	0.50630210	2.36701600
151.99999908	0.59480580	2.45490900
152.07999908	0.59480580	2.45490900
152.15999908	0.50630210	2.45490900
152.23999907	0.59480580	2.54280200
152.31999907	0.59480580	2.63069600
152.39999907	0.59480580	2.63069600
152.47999907	0.59480580	2.71828400
152.55999907	0.50630210	2.71828400
152.63999907	0.59480580	2.80617700
152.71999907	0.59480580	2.80617700
152.79999907	0.59480580	2.80617700
152.87999907	0.59480580	2.89407000
152.95999907	0.59480580	2.98196400
153.03999907	0.50630210	2.98196400
153.11999907	0.59480580	2.98196400
153.19999907	0.50630210	3.06985700
153.27999907	0.59480580	3.06985700
153.35999907	0.59480580	3.15744500
153.43999907	0.59480580	3.15744500
153.51999907	0.59480580	3.24533800
153.59999907	0.59480580	3.24533800
153.67999907	0.59480580	3.24533800
153.75999907	0.59480580	3.33323200
153.83999907	0.59480580	3.42112500
153.91999906	0.59480580	3.42112500
153.99999906	0.59480580	3.50871300
154.07999906	0.59480580	3.50871300
154.15999906	0.59480580	3.50871300
154.23999906	0.59480580	3.50871300
154.31999906	0.59480580	3.59660600
154.39999906	0.59480580	3.59660600
154.47999906	0.59480580	3.68450000
154.55999906	0.59480580	3.68450000
154.63999906	0.59480580	3.68450000
154.71999906	0.59480580	3.77239300
154.79999906	0.59480580	3.77239300
154.87999906	0.59480580	3.85998100
154.95999906	0.59480580	3.85998100
155.03999906	0.59480580	3.85998100
155.11999906	0.59480580	3.85998100
155.19999906	0.59480580	3.94787400
155.27999906	0.59480580	4.03576800
155.35999906	0.59480580	4.03576800
155.43999906	0.59480580	4.03576800
155.51999905	0.59480580	4.03576800
155.59999905	0.59480580	4.12366100
155.67999905	0.68361460	4.12366100
155.75999905	0.59480580	4.12366100
155.83999905	0.59480580	4.21124900
155.91999905	0.59480580	4.21124900
155.99999905	0.59480580	4.21124900
156.07999905	0.59480580	4.21124900
156.15999905	0.59480580	4.29914200
156.23999905	0.68361460	4.29914200
156.31999905	0.59480580	4.29914200
156.39999905	0.59480580	4.38703600
156.47999905	0.59480580	4.38703600
156.55999905	0.68361460	4.38703600
156.63999905	0.59480580	4.38703600
156.71999905	0.68361460	4.47492900
156.79999905	0.68361460	4.47492900
156.87999905	0.59480580	4.56282200
156.95999905	0.59480580	4.47492900
157.03999905	0.68361460	4.56282200
157.11999905	0.68361460	4.56282200
157.19999904	0.59480580	4.56282200
157.27999904	0.59480580	4.56282200
157.35999904	0.59480580	4.56282200
157.43999904	0.59480580	4.56282200
157.51999904	0.68361460	4.65041100
157.59999904	0.68361460	4.65041100
157.67999904	0.59480580	4.73830400
157.75999904	0.68361460	4.73830400
157.83999904	0.68361460	4.73830400
157.91999904	0.68361460	4.73830400
157.99999904	0.59480580	4.73830400
158.07999904	0.59480580	4.82619700
158.15999904	0.68361460	4.73830400
158.23999904	0.68361460	4.82619700
158.31999904	0.68361460	4.82619700
158.39999904	0.68361460	4.82619700
158.47999904	0.68361460	4.82619700
158.55999904	0.68361460	4.82619700
158.63999904	0.68361460	4.91409000
158.71999904	0.68361460	4.91409000
158.79999903	0.68361460	4.91409000
158.87999903	0.59480580	4.82619700
158.95999903	0.68361460	4.82619700
159.03999903	0.68361460	4.91409000
159.11999903	0.68361460	4.91409000
159.19999903	0.68361460	4.91409000
159.27999903	0.68361460	4.91409000
159.35999903	0.68361460	4.91409000
159.43999903	0.68361460	4.91409000
159.51999903	0.68361460	4.91409000
159.59999903	0.68361460	4.91409000
159.67999903	0.68361460	4.91409000
159.75999903	0.59480580	4.91409000
159.83999903	0.68361460	4.91409000
159.91999903	0.59480580	4.91409000
159.99999903	0.68361460	4.91409000
160.07999903	0.68361460	4.91409000
160.15999903	0.68361460	4.91409000
160.23999903	0.68361460	4.91409000
160.31999903	0.68361460	4.91409000
160.39999903	0.68361460	4.91409000
160.47999902	0.68361460	4.91409000
160.55999902	0.68361460	4.91409000
160.63999902	0.68361460	4.91409000
160.71999902	0.68361460	4.91409000
160.79999902	0.68361460	4.91409000
160.87999902	0.68361460	4.82619700
160.95999902	0.68361460	4.82619700
161.03999902	0.68361460	4.91409000
161.11999902	0.68361460	4.82619700
161.19999902	0.68361460	4.82619700
161.27999902	0.68361460	4.82619700
161.35999902	0.68361460	4.82619700
161.43999902	0.68361460	4.82619700
161.51999902	0.68361460	4.73830400
161.59999902	0.68361460	4.82619700
161.67999902	0.68361460	4.82619700
161.75999902	0.68361460	4.73830400
161.83999902	0.68361460	4.73830400
161.91999902	0.68361460	4.73830400
161.99999902	0.68361460	4.65041100
162.07999901	0.68361460	4.65041100
162.15999901	0.68361460	4.65041100
162.23999901	0.68361460	4.73830400
162.31999901	0.68361460	4.56282200
162.39999901	0.68361460	4.56282200
162.47999901	0.68361460	4.56282200
162.55999901	0.68361460	4.56282200
162.63999901	0.68361460	4.56282200
162.71999901	0.68361460	4.56282200
162.79999901	0.68361460	4.56282200
162.87999901	0.68361460	4.56282200
162.95999901	0.68361460	4.47492900
163.03999901	0.68361460	4.47492900
163.11999901	0.68361460	4.47492900
163.19999901	0.68361460	4.38703600
163.27999901	0.68361460	4.38703600
163.35999901	0.68361460	4.38703600
163.43999901	0.68361460	4.29914200
163.51999901	0.68361460	4.29914200
163.59999901	0.68361460	4.29914200
163.67999901	0.68361460	4.21124900
163.75999900	0.68361460	4.21124900
163.83999900	0.68361460	4.21124900
163.91999900	0.68361460	4.21124900
163.99999900	0.68361460	4.21124900
164.07999900	0.68361460	4.21124900
164.15999900	0.68361460	4.12366100
164.23999900	0.68361460	4.12366100
164.31999900	0.68361460	4.12366100
164.39999900	0.68361460	4.12366100
164.47999900	0.68361460	4.03576800
164.55999900	0.68361460	4.03576800
164.63999900	0.68361460	3.94787400
164.71999900	0.68361460	3.94787400
164.79999900	0.68361460	3.85998100
164.87999900	0.68361460	3.85998100
164.95999900	0.68361460	3.85998100
165.03999900	0.68361460	3.85998100
165.11999900	0.68361460	3.85998100
165.19999900	0.68361460	3.77239300
165.27999900	0.68361460	3.68450000
165.35999900	0.68361460	3.68450000
165.43999899	0.68361460	3.68450000
165.51999899	0.59480580	3.59660600
165.59999899	0.59480580	3.59660600
165.67999899	0.59480580	3.59660600
165.75999899	0.68361460	3.50871300
165.83999899	0.59480580	3.50871300
165.91999899	0.59480580	3.50871300
165.99999899	0.68361460	3.50871300
166.07999899	0.68361460	3.42112500
166.15999899	0.59480580	3.42112500
166.23999899	0.59480580	3.33323200
166.31999899	0.59480580	3.33323200
166.39999899	0.59480580	3.24533800
166.47999899	0.59480580	3.24533800
166.55999899	0.59480580	3.15744500
166.63999899	0.59480580	3.15744500
166.71999899	0.50630210	3.15744500
166.79999899	0.50630210	3.06985700
166.87999899	0.50630210	3.06985700
166.95999899	0.50630210	2.98196400
167.03999898	0.50630210	2.98196400
167.11999898	0.50630210	2.89407000
167.19999898	0.50630210	2.89407000
167.27999898	0.41749320	2.89407000
167.35999898	0.41749320	2.80617700
167.43999898	0.41749320	2.80617700
167.51999898	0.41749320	2.80617700
167.59999898	0.41749320	2.71828400
167.67999898	0.32898950	2.71828400
167.75999898	0.32898950	2.71828400
167.83999898	0.32898950	2.63069600
167.91999898	0.32898950	2.63069600
167.99999898	0.32898950	2.54280200
168.07999898	0.32898950	2.54280200
168.15999898	0.32898950	2.45490900
168.23999898	0.24048580	2.45490900
168.31999898	0.24048580	2.45490900
168.39999898	0.24048580	2.36701600
168.47999898	0.24048580	2.36701600
168.55999898	0.24048580	2.36701600
168.63999898	0.24048580	2.27942800
168.71999897	0.24048580	2.27942800
168.79999897	0.15167700	2.19153400
168.87999897	0.15167700	2.10364100
168.95999897	0.15167700	2.10364100
169.03999897	0.15167700	2.10364100
169.11999897	0.06317332	2.01574800
169.19999897	0.06317332	2.01574800
169.27999897	0.06317332	1.92815900
169.35999897	0.06317332	1.92815900
169.43999897	-0.02563555	1.84026600
169.51999897	0.06317332	1.84026600
169.59999897	-0.02563555	1.75237300
169.67999897	-0.02563555	1.75237300
169.75999897	-0.02563555	1.75237300
169.83999897	-0.02563555	1.66447900
169.91999897	-0.02563555	1.66447900
169.99999897	-0.02563555	1.57689100
170.07999897	-0.11413920	1.57689100
170.15999897	-0.11413920	1.48899800
170.23999897	-0.11413920	1.48899800
170.31999896	-0.11413920	1.40110500
170.39999896	-0.11413920	1.40110500
170.47999896	-0.20294810	1.40110500
170.55999896	-0.11413920	1.31321100
170.63999896	-0.20294810	1.31321100
170.71999896	-0.20294810	1.22531800
170.79999896	-0.20294810	1.22531800
170.87999896	-0.29145180	1.22531800
170.95999896	-0.20294810	1.13773000
171.03999896	-0.29145180	1.04983700
171.11999896	-0.29145180	1.04983700
171.19999896	-0.29145180	1.04983700
171.27999896	-0.38026060	0.96194340
171.35999896	-0.38026060	0.87405010
171.43999896	-0.38026060	0.87405010
171.51999896	-0.38026060	0.87405010
171.59999896	-0.38026060	0.78646200
171.67999896	-0.38026060	0.78646200
171.75999896	-0.38026060	0.69856870
171.83999896	-0.38026060	0.69856870
171.91999896	-0.38026060	0.69856870
171.99999895	-0.46876430	0.61067540
172.07999895	-0.38026060	0.61067540
172.15999895	-0.46876430	0.52278210
172.23999895	-0.46876430	0.52278210
172.31999895	-0.46876430	0.43519400
172.39999895	-0.46876430	0.43519400
172.47999895	-0.46876430	0.34730060
172.55999895	-0.46876430	0.34730060
172.63999895	-0.46876430	0.34730060
172.71999895	-0.46876430	0.25940730
172.79999895	-0.46876430	0.17151400
172.87999895	-0.46876430	0.17151400
172.95999895	-0.46876430	0.17151400
173.03999895	-0.55757310	0.08392590
173.11999895	-0.46876430	-0.00366222
173.19999895	-0.55757310	-0.00366222
173.27999895	-0.46876430	-0.00366222
173.35999895	-0.55757310	-0.09155553
173.43999895	-0.46876430	-0.09155553
173.51999895	-0.55757310	-0.09155553
173.59999894	-0.55757310	-0.17944880
173.67999894	-0.55757310	-0.26734220
173.75999894	-0.55757310	-0.26734220
173.83999894	-0.55757310	-0.35493030
173.91999894	-0.55757310	-0.35493030
173.99999894	-0.55757310	-0.35493030
174.07999894	-0.55757310	-0.44282360
174.15999894	-0.55757310	-0.53071690
174.23999894	-0.55757310	-0.53071690
174.31999894	-0.55757310	-0.53071690
174.39999894	-0.55757310	-0.61861020
174.47999894	-0.55757310	-0.61861020
174.55999894	-0.55757310	-0.70619830
174.63999894	-0.55757310	-0.70619830
174.71999894	-0.55757310	-0.70619830
174.79999894	-0.55757310	-0.79409160
174.87999894	-0.55757310	-0.79409160
174.95999894	-0.64607690	-0.88198490
175.03999894	-0.55757310	-0.96987830
175.11999894	-0.55757310	-0.96987830
175.19999894	-0.64607690	-1.05746600
175.27999893	-0.55757310	-1.05746600
175.35999893	-0.64607690	-1.05746600
175.43999893	-0.64607690	-1.14536000
175.51999893	-0.64607690	-1.14536000
175.59999893	-0.64607690	-1.23325300
175.67999893	-0.64607690	-1.23325300
175.75999893	-0.64607690	-1.23325300
175.83999893	-0.64607690	-1.32114600
175.91999893	-0.64607690	-1.32114600
175.99999893	-0.64607690	-1.40904000
176.07999893	-0.73488570	-1.40904000
176.15999893	-0.64607690	-1.40904000
176.23999893	-0.64607690	-1.49662800
176.31999893	-0.64607690	-1.49662800
176.39999893	-0.73488570	-1.49662800
176.47999893	-0.73488570	-1.58452100
176.55999893	-0.64607690	-1.58452100
176.63999893	-0.73488570	-1.67241400
176.71999893	-0.73488570	-1.67241400
176.79999893	-0.73488570	-1.76030800
176.87999893	-0.64607690	-1.76030800
176.95999892	-0.73488570	-1.76030800
177.03999892	-0.73488570	-1.84789600
177.11999892	-0.73488570	-1.84789600
177.19999892	-0.73488570	-1.84789600
177.27999892	-0.64607690	-1.84789600
177.35999892	-0.73488570	-1.93578900
177.43999892	-0.64607690	-1.93578900
177.51999892	-0.64607690	-1.93578900
177.59999892	-0.73488570	-2.02368200
177.67999892	-0.73488570	-2.02368200
177.75999892	-0.73488570	-2.11157600
177.83999892	-0.73488570	-2.11157600
177.91999892	-0.73488570	-2.11157600
177.99999892	-0.73488570	-2.11157600
178.07999892	-0.73488570	-2.19916400
178.15999892	-0.73488570	-2.19916400
178.23999892	-0.73488570	-2.19916400
178.31999892	-0.73488570	-2.28705700
178.39999892	-0.73488570	-2.28705700
178.47999892	-0.73488570	-2.37495000
178.55999891	-0.73488570	-2.37495000
178.63999891	-0.73488570	-2.37495000
178.71999891	-0.73488570	-2.46284400
178.79999891	-0.73488570	-2.46284400
178.87999891	-0.73488570	-2.46284400
178.95999891	-0.73488570	-2.55043200
179.03999891	-0.73488570	-2.55043200
179.11999891	-0.73488570	-2.55043200
179.19999891	-0.73488570	-2.55043200
179.27999891	-0.73488570	-2.63832500
179.35999891	-0.73488570	-2.63832500
179.43999891	-0.73488570	-2.63832500
179.51999891	-0.73488570	-2.63832500
179.59999891	-0.73488570	-2.72621800
179.67999891	-0.73488570	-2.72621800
179.75999891	-0.73488570	-2.72621800
179.83999891	-0.73488570	-2.81411200
179.91999891	-0.73488570	-2.81411200
179.99999891	-0.73488570	-2.81411200
180.07999891	-0.73488570	-2.81411200
180.15999891	-0.73488570	-2.81411200
180.23999890	-0.73488570	-2.90200500
180.31999890	-0.73488570	-2.90200500
180.39999890	-0.73488570	-2.90200500
180.47999890	-0.73488570	-2.90200500
180.55999890	-0.73488570	-2.90200500
180.63999890	-0.73488570	-2.98959300
180.71999890	-0.82338940	-2.98959300
180.79999890	-0.82338940	-2.98959300
180.87999890	-0.73488570	-2.98959300
180.95999890	-0.73488570	-3.07748700
181.03999890	-0.82338940	-3.07748700
181.11999890	-0.73488570	-3.07748700
181.19999890	-0.73488570	-3.07748700
181.27999890	-0.82338940	-3.16538000
181.35999890	-0.82338940	-3.16538000
181.43999890	-0.82338940	-3.16538000
181.51999890	-0.73488570	-3.16538000
181.59999890	-0.73488570	-3.16538000
181.67999890	-0.73488570	-3.16538000
181.75999890	-0.82338940	-3.16538000
181.83999889	-0.82338940	-3.16538000
181.91999889	-0.73488570	-3.16538000
181.99999889	-0.73488570	-3.25327300
182.07999889	-0.82338940	-3.25327300
182.15999889	-0.82338940	-3.25327300
182.23999889	-0.73488570	-3.25327300
182.31999889	-0.82338940	-3.25327300
182.39999889	-0.82338940	-3.34086100
182.47999889	-0.82338940	-3.25327300
182.55999889	-0.82338940	-3.34086100
182.63999889	-0.82338940	-3.34086100
182.71999889	-0.82338940	-3.34086100
182.79999889	-0.82338940	-3.34086100
182.87999889	-0.82338940	-3.34086100
182.95999889	-0.73488570	-3.34086100
183.03999889	-0.82338940	-3.34086100
183.11999889	-0.82338940	-3.34086100
183.19999889	-0.82338940	-3.42875500
183.27999889	-0.82338940	-3.34086100
183.35999889	-0.82338940	-3.34086100
183.43999889	-0.82338940	-3.34086100
183.51999888	-0.82338940	-3.42875500
183.59999888	-0.82338940	-3.42875500
183.67999888	-0.82338940	-3.42875500
183.75999888	-0.82338940	-3.42875500
183.83999888	-0.82338940	-3.42875500
183.91999888	-0.82338940	-3.42875500
183.99999888	-0.82338940	-3.42875500
184.07999888	-0.82338940	-3.42875500
184.15999888	-0.82338940	-3.42875500
184.23999888	-0.82338940	-3.42875500
184.31999888	-0.82338940	-3.34086100
184.39999888	-0.82338940	-3.42875500
184.47999888	-0.82338940	-3.42875500
184.55999888	-0.82338940	-3.42875500
184.63999888	-0.82338940	-3.42875500
184.71999888	-0.82338940	-3.42875500
184.79999888	-0.82338940	-3.42875500
184.87999888	-0.82338940	-3.42875500
184.95999888	-0.82338940	-3.42875500
185.03999888	-0.82338940	-3.42875500
185.11999887	-0.82338940	-3.42875500
185.19999887	-0.82338940	-3.42875500
185.27999887	-0.82338940	-3.34086100
185.35999887	-0.82338940	-3.34086100
185.43999887	-0.82338940	-3.42875500
185.51999887	-0.82338940	-3.34086100
185.59999887	-0.82338940	-3.42875500
185.67999887	-0.82338940	-3.34086100
185.75999887	-0.73488570	-3.42875500
185.83999887	-0.82338940	-3.34086100
185.91999887	-0.73488570	-3.34086100
185.99999887	-0.82338940	-3.34086100
186.07999887	-0.82338940	-3.34086100
186.15999887	-0.82338940	-3.34086100
186.23999887	-0.82338940	-3.34086100
186.31999887	-0.82338940	-3.34086100
186.39999887	-0.82338940	-3.34086100
186.47999887	-0.82338940	-3.34086100
186.55999887	-0.82338940	-3.34086100
186.63999887	-0.82338940	-3.34086100
186.71999887	-0.82338940	-3.25327300
186.79999886	-0.82338940	-3.25327300
186.87999886	-0.82338940	-3.25327300
186.95999886	-0.82338940	-3.25327300
187.03999886	-0.82338940	-3.25327300
187.11999886	-0.73488570	-3.25327300
187.19999886	-0.82338940	-3.16538000
187.27999886	-0.82338940	-3.16538000
187.35999886	-0.82338940	-3.16538000
187.43999886	-0.82338940	-3.16538000
187.51999886	-0.82338940	-3.16538000
187.59999886	-0.82338940	-3.16538000
187.67999886	-0.82338940	-3.16538000
187.75999886	-0.82338940	-3.16538000
187.83999886	-0.82338940	-3.16538000
187.91999886	-0.82338940	-3.16538000
187.99999886	-0.82338940	-3.16538000
188.07999886	-0.82338940	-3.07748700
188.15999886	-0.82338940	-3.07748700
188.23999886	-0.82338940	-2.98959300
188.31999886	-0.82338940	-2.98959300
188.39999886	-0.82338940	-2.98959300
188.47999885	-0.82338940	-2.98959300
188.55999885	-0.82338940	-2.98959300
188.63999885	-0.82338940	-2.90200500
188.71999885	-0.82338940	-2.90200500
188.79999885	-0.73488570	-2.90200500
188.87999885	-0.82338940	-2.90200500
188.95999885	-0.82338940	-2.81411200
189.03999885	-0.82338940	-2.81411200
189.11999885	-0.82338940	-2.81411200
189.19999885	-0.73488570	-2.81411200
189.27999885	-0.82338940	-2.81411200
189.35999885	-0.82338940	-2.81411200
189.43999885	-0.82338940	-2.81411200
189.51999885	-0.82338940	-2.81411200
189.59999885	-0.82338940	-2.81411200
189.67999885	-0.82338940	-2.81411200
189.75999885	-0.82338940	-2.72621800
189.83999885	-0.82338940	-2.72621800
189.91999885	-0.73488570	-2.63832500
189.99999885	-0.73488570	-2.63832500
190.07999884	-0.73488570	-2.63832500
190.15999884	-0.82338940	-2.63832500
190.23999884	-0.73488570	-2.55043200
190.31999884	-0.73488570	-2.55043200
190.39999884	-0.82338940	-2.55043200
190.47999884	-0.73488570	-2.46284400
190.55999884	-0.73488570	-2.46284400
190.63999884	-0.73488570	-2.46284400
190.71999884	-0.73488570	-2.46284400
190.79999884	-0.73488570	-2.46284400
190.87999884	-0.82338940	-2.37495000
190.95999884	-0.73488570	-2.37495000
191.03999884	-0.73488570	-2.37495000
191.11999884	-0.73488570	-2.28705700
191.19999884	-0.73488570	-2.28705700
191.27999884	-0.73488570	-2.28705700
191.35999884	-0.73488570	-2.28705700
191.43999884	-0.73488570	-2.19916400
191.51999884	-0.73488570	-2.19916400
191.59999884	-0.73488570	-2.11157600
191.67999884	-0.73488570	-2.19916400
191.75999883	-0.73488570	-2.11157600
191.83999883	-0.73488570	-2.11157600
191.91999883	-0.73488570	-2.11157600
191.99999883	-0.73488570	-2.11157600
192.07999883	-0.73488570	-2.11157600
192.15999883	-0.73488570	-2.02368200
192.23999883	-0.73488570	-2.02368200
192.31999883	-0.73488570	-2.02368200
192.39999883	-0.73488570	-1.93578900
192.47999883	-0.73488570	-1.93578900
192.55999883	-0.73488570	-1.93578900
192.63999883	-0.73488570	-1.84789600
192.71999883	-0.73488570	-1.93578900
192.79999883	-0.64607690	-1.84789600
192.87999883	-0.73488570	-1.84789600
192.95999883	-0.73488570	-1.84789600
193.03999883	-0.73488570	-1.76030800
193.11999883	-0.73488570	-1.76030800
193.19999883	-0.73488570	-1.76030800
193.27999883	-0.73488570	-1.76030800
193.35999882	-0.64607690	-1.67241400
193.43999882	-0.73488570	-1.67241400
193.51999882	-0.64607690	-1.58452100
193.59999882	-0.64607690	-1.58452100
193.67999882	-0.64607690	-1.58452100
193.75999882	-0.64607690	-1.58452100
193.83999882	-0.64607690	-1.58452100
193.91999882	-0.64607690	-1.49662800
193.99999882	-0.64607690	-1.49662800
194.07999882	-0.64607690	-1.49662800
194.15999882	-0.55757310	-1.40904000
194.23999882	-0.64607690	-1.40904000
194.31999882	-0.55757310	-1.40904000
194.39999882	-0.55757310	-1.40904000
194.47999882	-0.55757310	-1.40904000
194.55999882	-0.55757310	-1.32114600
194.63999882	-0.55757310	-1.32114600
194.71999882	-0.55757310	-1.32114600
194.79999882	-0.55757310	-1.23325300
194.87999882	-0.55757310	-1.23325300
194.95999882	-0.55757310	-1.14536000
195.03999881	-0.55757310	-1.14536000
195.11999881	-0.55757310	-1.14536000
195.19999881	-0.55757310	-1.05746600
195.27999881	-0.55757310	-1.05746600
195.35999881	-0.55757310	-1.05746600
195.43999881	-0.55757310	-1.05746600
195.51999881	-0.55757310	-1.05746600
195.59999881	-0.55757310	-0.96987830
195.67999881	-0.55757310	-0.88198490
195.75999881	-0.55757310	-0.96987830
195.83999881	-0.55757310	-0.88198490
195.91999881	-0.55757310	-0.88198490
195.99999881	-0.55757310	-0.79409160
196.07999881	-0.55757310	-0.79409160
196.15999881	-0.55757310	-0.79409160
196.23999881	-0.46876430	-0.79409160
196.31999881	-0.55757310	-0.70619830
196.39999881	-0.55757310	-0.70619830
196.47999881	-0.55757310	-0.70619830
196.55999881	-0.55757310	-0.61861020
196.63999880	-0.46876430	-0.61861020
196.71999880	-0.46876430	-0.61861020
196.79999880	-0.46876430	-0.53071690
196.87999880	-0.46876430	-0.53071690
196.95999880	-0.46876430	-0.53071690
197.03999880	-0.46876430	-0.53071690
197.11999880	-0.46876430	-0.44282360
197.19999880	-0.46876430	-0.44282360
197.27999880	-0.46876430	-0.35493030
197.35999880	-0.46876430	-0.35493030
197.43999880	-0.46876430	-0.35493030
197.51999880	-0.46876430	-0.35493030
197.59999880	-0.38026060	-0.35493030
197.67999880	-0.38026060	-0.26734220
197.75999880	-0.38026060	-0.26734220
197.83999880	-0.38026060	-0.26734220
197.91999880	-0.38026060	-0.17944880
197.99999880	-0.38026060	-0.17944880
198.07999880	-0.29145180	-0.17944880
198.15999880	-0.29145180	-0.09155553
198.23999880	-0.29145180	-0.09155553
198.31999879	-0.20294810	-0.09155553
198.39999879	-0.20294810	-0.00366222
198.47999879	-0.11413920	-0.00366222
198.55999879	-0.11413920	-0.00366222
198.63999879	-0.11413920	-0.00366222
198.71999879	-0.11413920	-0.00366222
198.79999879	-0.11413920	0.08392590
198.87999879	-0.02563555	0.08392590
198.95999879	-0.02563555	0.08392590
199.03999879	-0.02563555	0.17151400
199.11999879	-0.02563555	0.17151400
199.19999879	0.06317332	0.17151400
199.27999879	0.06317332	0.25940730
199.35999879	0.15167700	0.25940730
199.43999879	0.15167700	0.34730060
199.51999879	0.24048580	0.34730060
199.59999879	0.24048580	0.34730060
199.67999879	0.59480580	0.34730060
199.75999879	0.59480580	0.34730060
199.83999879	0.24048580	0.43519400
199.91999878	0.86092720	0.43519400
199.99999878	1.83599400	0.43519400
200.07999878	2.19061900	0.52278210
200.15999878	1.83599400	0.52278210
200.23999878	0.94943080	0.61067540
