Time	Channel A	Channel B
(us)	(V)	(V)

0.00000000	0.94943080	-2.98959300
0.08000000	0.94943080	-2.98959300
0.16000000	0.94943080	-3.07748700
0.24000000	0.94943080	-3.07748700
0.32000000	0.94943080	-3.07748700
0.40000000	0.94943080	-3.16538000
0.48000000	0.94943080	-3.16538000
0.56000000	0.94943080	-3.16538000
0.64000000	0.94943080	-3.25327300
0.72000000	0.94943080	-3.25327300
0.80000000	0.94943080	-3.34086100
0.87999999	0.94943080	-3.34086100
0.95999999	0.94943080	-3.34086100
1.03999999	0.94943080	-3.34086100
1.11999999	0.94943080	-3.42875500
1.19999999	0.94943080	-3.42875500
1.27999999	0.94943080	-3.51664800
1.35999999	0.94943080	-3.51664800
1.43999999	0.94943080	-3.51664800
1.51999999	0.94943080	-3.51664800
1.59999999	0.94943080	-3.51664800
1.67999999	0.94943080	-3.51664800
1.75999999	0.94943080	-3.60454100
1.83999999	0.94943080	-3.60454100
1.91999999	0.94943080	-3.69212900
1.99999999	0.94943080	-3.69212900
2.07999999	0.94943080	-3.78002300
2.15999999	0.94943080	-3.78002300
2.23999999	0.94943080	-3.78002300
2.31999999	0.94943080	-3.78002300
2.39999999	0.94943080	-3.86791600
2.47999998	0.94943080	-3.86791600
2.55999998	0.94943080	-3.86791600
2.63999998	0.94943080	-3.86791600
2.71999998	0.94943080	-3.86791600
2.79999998	0.94943080	-3.95580900
2.87999998	0.94943080	-3.95580900
2.95999998	0.94943080	-4.04339700
3.03999998	0.94943080	-4.04339700
3.11999998	1.03824000	-4.04339700
3.19999998	0.94943080	-4.04339700
3.27999998	0.94943080	-4.04339700
3.35999998	0.94943080	-4.13129000
3.43999998	0.94943080	-4.04339700
3.51999998	0.94943080	-4.13129000
3.59999998	0.94943080	-4.13129000
3.67999998	0.94943080	-4.13129000
3.75999998	0.94943080	-4.13129000
3.83999998	0.94943080	-4.21918400
3.91999998	0.94943080	-4.21918400
3.99999998	0.94943080	-4.21918400
4.07999998	0.94943080	-4.21918400
4.15999997	0.94943080	-4.21918400
4.23999997	0.94943080	-4.21918400
4.31999997	0.94943080	-4.30707700
4.39999997	0.94943080	-4.30707700
4.47999997	0.94943080	-4.30707700
4.55999997	0.94943080	-4.30707700
4.63999997	0.94943080	-4.30707700
4.71999997	0.94943080	-4.30707700
4.79999997	0.94943080	-4.39497000
4.87999997	0.94943080	-4.30707700
4.95999997	0.94943080	-4.30707700
5.03999997	0.94943080	-4.30707700
5.11999997	0.94943080	-4.39497000
5.19999997	0.94943080	-4.39497000
5.27999997	0.94943080	-4.39497000
5.35999997	0.94943080	-4.39497000
5.43999997	0.94943080	-4.39497000
5.51999997	0.94943080	-4.39497000
5.59999997	0.94943080	-4.39497000
5.67999997	0.94943080	-4.39497000
5.75999996	0.94943080	-4.39497000
5.83999996	0.94943080	-4.39497000
5.91999996	0.94943080	-4.39497000
5.99999996	0.94943080	-4.39497000
6.07999996	0.94943080	-4.39497000
6.15999996	0.94943080	-4.39497000
6.23999996	0.86092720	-4.39497000
6.31999996	0.94943080	-4.39497000
6.39999996	0.94943080	-4.39497000
6.47999996	0.94943080	-4.39497000
6.55999996	0.94943080	-4.39497000
6.63999996	0.94943080	-4.39497000
6.71999996	0.94943080	-4.39497000
6.79999996	0.94943080	-4.39497000
6.87999996	0.94943080	-4.39497000
6.95999996	0.94943080	-4.39497000
7.03999996	0.94943080	-4.39497000
7.11999996	0.94943080	-4.39497000
7.19999996	0.94943080	-4.39497000
7.27999996	0.94943080	-4.30707700
7.35999996	0.86092720	-4.30707700
7.43999995	0.94943080	-4.30707700
7.51999995	0.94943080	-4.30707700
7.59999995	0.94943080	-4.30707700
7.67999995	0.94943080	-4.30707700
7.75999995	0.86092720	-4.21918400
7.83999995	0.94943080	-4.21918400
7.91999995	0.94943080	-4.21918400
7.99999995	0.86092720	-4.21918400
8.07999995	0.86092720	-4.21918400
8.15999995	0.94943080	-4.21918400
8.23999995	0.86092720	-4.21918400
8.31999995	0.86092720	-4.13129000
8.39999995	0.86092720	-4.13129000
8.47999995	0.94943080	-4.13129000
8.55999995	0.86092720	-4.13129000
8.63999995	0.86092720	-4.13129000
8.71999995	0.86092720	-4.04339700
8.79999995	0.94943080	-4.04339700
8.87999995	0.86092720	-4.04339700
8.95999995	0.86092720	-4.04339700
9.03999995	0.86092720	-3.95580900
9.11999994	0.86092720	-3.95580900
9.19999994	0.86092720	-3.95580900
9.27999994	0.86092720	-3.86791600
9.35999994	0.86092720	-3.86791600
9.43999994	0.86092720	-3.86791600
9.51999994	0.86092720	-3.86791600
9.59999994	0.86092720	-3.78002300
9.67999994	0.86092720	-3.78002300
9.75999994	0.86092720	-3.78002300
9.83999994	0.86092720	-3.69212900
9.91999994	0.86092720	-3.69212900
9.99999994	0.86092720	-3.60454100
10.07999994	0.86092720	-3.60454100
10.15999994	0.86092720	-3.60454100
10.23999994	0.86092720	-3.60454100
10.31999994	0.86092720	-3.51664800
10.39999994	0.86092720	-3.51664800
10.47999994	0.86092720	-3.51664800
10.55999994	0.86092720	-3.42875500
10.63999994	0.86092720	-3.42875500
10.71999993	0.86092720	-3.34086100
10.79999993	0.86092720	-3.34086100
10.87999993	0.86092720	-3.34086100
10.95999993	0.86092720	-3.34086100
11.03999993	0.86092720	-3.25327300
11.11999993	0.86092720	-3.16538000
11.19999993	0.86092720	-3.16538000
11.27999993	0.86092720	-3.16538000
11.35999993	0.86092720	-3.16538000
11.43999993	0.86092720	-3.07748700
11.51999993	0.86092720	-3.07748700
11.59999993	0.86092720	-2.98959300
11.67999993	0.86092720	-2.98959300
11.75999993	0.86092720	-2.90200500
11.83999993	0.86092720	-2.90200500
11.91999993	0.86092720	-2.81411200
11.99999993	0.86092720	-2.81411200
12.07999993	0.86092720	-2.81411200
12.15999993	0.86092720	-2.81411200
12.23999993	0.86092720	-2.72621800
12.31999993	0.86092720	-2.63832500
12.39999992	0.86092720	-2.63832500
12.47999992	0.86092720	-2.63832500
12.55999992	0.86092720	-2.55043200
12.63999992	0.77211830	-2.46284400
12.71999992	0.86092720	-2.46284400
12.79999992	0.86092720	-2.46284400
12.87999992	0.86092720	-2.37495000
12.95999992	0.86092720	-2.28705700
13.03999992	0.77211830	-2.28705700
13.11999992	0.77211830	-2.19916400
13.19999992	0.86092720	-2.19916400
13.27999992	0.77211830	-2.11157600
13.35999992	0.86092720	-2.11157600
13.43999992	0.86092720	-2.11157600
13.51999992	0.77211830	-2.02368200
13.59999992	0.86092720	-1.93578900
13.67999992	0.77211830	-1.93578900
13.75999992	0.86092720	-1.93578900
13.83999992	0.77211830	-1.84789600
13.91999992	0.77211830	-1.76030800
13.99999991	0.77211830	-1.76030800
14.07999991	0.77211830	-1.76030800
14.15999991	0.77211830	-1.67241400
14.23999991	0.77211830	-1.58452100
14.31999991	0.77211830	-1.58452100
14.39999991	0.77211830	-1.49662800
14.47999991	0.77211830	-1.49662800
14.55999991	0.77211830	-1.40904000
14.63999991	0.77211830	-1.40904000
14.71999991	0.77211830	-1.32114600
14.79999991	0.77211830	-1.32114600
14.87999991	0.77211830	-1.23325300
14.95999991	0.77211830	-1.23325300
15.03999991	0.77211830	-1.14536000
15.11999991	0.77211830	-1.05746600
15.19999991	0.68361460	-1.05746600
15.27999991	0.68361460	-1.05746600
15.35999991	0.68361460	-0.96987830
15.43999991	0.77211830	-0.88198490
15.51999991	0.77211830	-0.88198490
15.59999991	0.77211830	-0.79409160
15.67999990	0.77211830	-0.70619830
15.75999990	0.68361460	-0.70619830
15.83999990	0.68361460	-0.70619830
15.91999990	0.77211830	-0.70619830
15.99999990	0.68361460	-0.61861020
16.07999990	0.68361460	-0.53071690
16.15999990	0.68361460	-0.53071690
16.23999990	0.68361460	-0.44282360
16.31999990	0.68361460	-0.35493030
16.39999990	0.68361460	-0.35493030
16.47999990	0.68361460	-0.26734220
16.55999990	0.68361460	-0.26734220
16.63999990	0.68361460	-0.17944880
16.71999990	0.68361460	-0.17944880
16.79999990	0.68361460	-0.09155553
16.87999990	0.68361460	-0.00366222
16.95999990	0.68361460	-0.00366222
17.03999990	0.68361460	0.08392590
17.11999990	0.68361460	0.08392590
17.19999990	0.68361460	0.17151400
17.27999989	0.68361460	0.17151400
17.35999989	0.68361460	0.25940730
17.43999989	0.68361460	0.34730060
17.51999989	0.68361460	0.34730060
17.59999989	0.68361460	0.43519400
17.67999989	0.68361460	0.52278210
17.75999989	0.68361460	0.52278210
17.83999989	0.68361460	0.61067540
17.91999989	0.68361460	0.61067540
17.99999989	0.68361460	0.69856870
18.07999989	0.68361460	0.69856870
18.15999989	0.68361460	0.78646200
18.23999989	0.68361460	0.87405010
18.31999989	0.68361460	0.87405010
18.39999989	0.68361460	0.96194340
18.47999989	0.68361460	0.96194340
18.55999989	0.68361460	1.04983700
18.63999989	0.68361460	1.04983700
18.71999989	0.68361460	1.13773000
18.79999989	0.68361460	1.13773000
18.87999989	0.68361460	1.22531800
18.95999988	0.59480580	1.31321100
19.03999988	0.59480580	1.31321100
19.11999988	0.68361460	1.31321100
19.19999988	0.59480580	1.40110500
19.27999988	0.59480580	1.40110500
19.35999988	0.68361460	1.48899800
19.43999988	0.59480580	1.57689100
19.51999988	0.59480580	1.57689100
19.59999988	0.59480580	1.66447900
19.67999988	0.59480580	1.66447900
19.75999988	0.59480580	1.75237300
19.83999988	0.59480580	1.75237300
19.91999988	0.59480580	1.84026600
19.99999988	0.50630210	1.92815900
20.07999988	0.50630210	1.92815900
20.15999988	0.50630210	1.92815900
20.23999988	0.50630210	2.01574800
20.31999988	0.50630210	2.10364100
20.39999988	0.50630210	2.19153400
20.47999988	0.50630210	2.19153400
20.55999988	0.50630210	2.19153400
20.63999987	0.50630210	2.36701600
20.71999987	0.50630210	2.27942800
20.79999987	0.50630210	2.36701600
20.87999987	0.50630210	2.36701600
20.95999987	0.50630210	2.45490900
21.03999987	0.50630210	2.45490900
21.11999987	0.59480580	2.54280200
21.19999987	0.59480580	2.63069600
21.27999987	0.59480580	2.63069600
21.35999987	0.50630210	2.71828400
21.43999987	0.50630210	2.71828400
21.51999987	0.59480580	2.71828400
21.59999987	0.59480580	2.80617700
21.67999987	0.50630210	2.80617700
21.75999987	0.50630210	2.80617700
21.83999987	0.59480580	2.89407000
21.91999987	0.50630210	2.89407000
21.99999987	0.59480580	2.98196400
22.07999987	0.59480580	3.06985700
22.15999987	0.59480580	3.06985700
22.23999986	0.59480580	3.15744500
22.31999986	0.59480580	3.15744500
22.39999986	0.59480580	3.24533800
22.47999986	0.59480580	3.24533800
22.55999986	0.59480580	3.33323200
22.63999986	0.59480580	3.33323200
22.71999986	0.59480580	3.42112500
22.79999986	0.59480580	3.42112500
22.87999986	0.59480580	3.50871300
22.95999986	0.59480580	3.50871300
23.03999986	0.59480580	3.50871300
23.11999986	0.59480580	3.50871300
23.19999986	0.59480580	3.59660600
23.27999986	0.59480580	3.59660600
23.35999986	0.59480580	3.59660600
23.43999986	0.59480580	3.68450000
23.51999986	0.59480580	3.77239300
23.59999986	0.59480580	3.77239300
23.67999986	0.59480580	3.77239300
23.75999986	0.59480580	3.77239300
23.83999986	0.59480580	3.85998100
23.91999985	0.59480580	3.85998100
23.99999985	0.59480580	3.85998100
24.07999985	0.59480580	3.94787400
24.15999985	0.59480580	3.94787400
24.23999985	0.59480580	4.03576800
24.31999985	0.59480580	4.03576800
24.39999985	0.59480580	4.03576800
24.47999985	0.59480580	4.12366100
24.55999985	0.59480580	4.12366100
24.63999985	0.59480580	4.12366100
24.71999985	0.59480580	4.21124900
24.79999985	0.59480580	4.21124900
24.87999985	0.59480580	4.21124900
24.95999985	0.59480580	4.21124900
25.03999985	0.59480580	4.29914200
25.11999985	0.59480580	4.29914200
25.19999985	0.59480580	4.38703600
25.27999985	0.59480580	4.38703600
25.35999985	0.68361460	4.38703600
25.43999985	0.59480580	4.38703600
25.51999984	0.59480580	4.47492900
25.59999984	0.59480580	4.47492900
25.67999984	0.68361460	4.56282200
25.75999984	0.59480580	4.47492900
25.83999984	0.68361460	4.56282200
25.91999984	0.59480580	4.56282200
25.99999984	0.59480580	4.56282200
26.07999984	0.59480580	4.56282200
26.15999984	0.59480580	4.56282200
26.23999984	0.68361460	4.56282200
26.31999984	0.59480580	4.56282200
26.39999984	0.68361460	4.65041100
26.47999984	0.59480580	4.65041100
26.55999984	0.68361460	4.65041100
26.63999984	0.68361460	4.73830400
26.71999984	0.68361460	4.73830400
26.79999984	0.59480580	4.73830400
26.87999984	0.59480580	4.82619700
26.95999984	0.68361460	4.73830400
27.03999984	0.68361460	4.82619700
27.11999984	0.68361460	4.82619700
27.19999983	0.68361460	4.82619700
27.27999983	0.68361460	4.82619700
27.35999983	0.68361460	4.82619700
27.43999983	0.68361460	4.82619700
27.51999983	0.68361460	4.82619700
27.59999983	0.68361460	4.91409000
27.67999983	0.68361460	4.82619700
27.75999983	0.68361460	4.91409000
27.83999983	0.68361460	4.91409000
27.91999983	0.68361460	4.91409000
27.99999983	0.68361460	4.91409000
28.07999983	0.68361460	4.91409000
28.15999983	0.68361460	4.91409000
28.23999983	0.68361460	4.91409000
28.31999983	0.68361460	4.91409000
28.39999983	0.68361460	4.91409000
28.47999983	0.68361460	4.91409000
28.55999983	0.68361460	4.91409000
28.63999983	0.68361460	4.91409000
28.71999983	0.68361460	4.91409000
28.79999982	0.68361460	4.91409000
28.87999982	0.68361460	4.91409000
28.95999982	0.68361460	4.91409000
29.03999982	0.68361460	4.91409000
29.11999982	0.68361460	4.91409000
29.19999982	0.68361460	4.91409000
29.27999982	0.68361460	4.91409000
29.35999982	0.68361460	4.91409000
29.43999982	0.68361460	4.91409000
29.51999982	0.68361460	4.91409000
29.59999982	0.68361460	4.91409000
29.67999982	0.68361460	4.91409000
29.75999982	0.68361460	4.91409000
29.83999982	0.68361460	4.91409000
29.91999982	0.68361460	4.91409000
29.99999982	0.68361460	4.91409000
30.07999982	0.68361460	4.91409000
30.15999982	0.68361460	4.82619700
30.23999982	0.68361460	4.82619700
30.31999982	0.68361460	4.82619700
30.39999982	0.68361460	4.82619700
30.47999981	0.68361460	4.73830400
30.55999981	0.68361460	4.82619700
30.63999981	0.68361460	4.73830400
30.71999981	0.68361460	4.73830400
30.79999981	0.59480580	4.73830400
30.87999981	0.68361460	4.73830400
30.95999981	0.68361460	4.73830400
31.03999981	0.68361460	4.73830400
31.11999981	0.68361460	4.65041100
31.19999981	0.68361460	4.65041100
31.27999981	0.68361460	4.56282200
31.35999981	0.68361460	4.56282200
31.43999981	0.68361460	4.56282200
31.51999981	0.68361460	4.56282200
31.59999981	0.68361460	4.56282200
31.67999981	0.68361460	4.56282200
31.75999981	0.68361460	4.56282200
31.83999981	0.68361460	4.47492900
31.91999981	0.68361460	4.47492900
31.99999981	0.68361460	4.47492900
32.07999981	0.68361460	4.47492900
32.15999980	0.59480580	4.38703600
32.23999980	0.68361460	4.38703600
32.31999980	0.68361460	4.38703600
32.39999980	0.68361460	4.29914200
32.47999980	0.68361460	4.29914200
32.55999980	0.68361460	4.29914200
32.63999980	0.68361460	4.29914200
32.71999980	0.68361460	4.21124900
32.79999980	0.68361460	4.21124900
32.87999980	0.68361460	4.21124900
32.95999980	0.68361460	4.21124900
33.03999980	0.68361460	4.12366100
33.11999980	0.68361460	4.12366100
33.19999980	0.68361460	4.12366100
33.27999980	0.68361460	4.12366100
33.35999980	0.68361460	4.03576800
33.43999980	0.68361460	3.94787400
33.51999980	0.68361460	3.94787400
33.59999980	0.68361460	3.94787400
33.67999980	0.68361460	3.85998100
33.75999979	0.68361460	3.85998100
33.83999979	0.68361460	3.85998100
33.91999979	0.68361460	3.85998100
33.99999979	0.59480580	3.85998100
34.07999979	0.68361460	3.77239300
34.15999979	0.59480580	3.68450000
34.23999979	0.59480580	3.68450000
34.31999979	0.68361460	3.68450000
34.39999979	0.68361460	3.68450000
34.47999979	0.68361460	3.59660600
34.55999979	0.68361460	3.50871300
34.63999979	0.59480580	3.50871300
34.71999979	0.59480580	3.50871300
34.79999979	0.59480580	3.50871300
34.87999979	0.59480580	3.42112500
34.95999979	0.59480580	3.50871300
35.03999979	0.59480580	3.42112500
35.11999979	0.59480580	3.42112500
35.19999979	0.59480580	3.33323200
35.27999979	0.59480580	3.33323200
35.35999979	0.59480580	3.24533800
35.43999978	0.59480580	3.15744500
35.51999978	0.50630210	3.15744500
35.59999978	0.50630210	3.15744500
35.67999978	0.50630210	3.15744500
35.75999978	0.50630210	3.06985700
35.83999978	0.50630210	3.06985700
35.91999978	0.50630210	2.98196400
35.99999978	0.50630210	2.98196400
36.07999978	0.50630210	2.98196400
36.15999978	0.50630210	2.89407000
36.23999978	0.41749320	2.89407000
36.31999978	0.41749320	2.80617700
36.39999978	0.41749320	2.80617700
36.47999978	0.32898950	2.80617700
36.55999978	0.41749320	2.71828400
36.63999978	0.32898950	2.71828400
36.71999978	0.32898950	2.63069600
36.79999978	0.32898950	2.63069600
36.87999978	0.32898950	2.54280200
36.95999978	0.32898950	2.54280200
37.03999977	0.32898950	2.54280200
37.11999977	0.24048580	2.45490900
37.19999977	0.24048580	2.45490900
37.27999977	0.24048580	2.36701600
37.35999977	0.24048580	2.36701600
37.43999977	0.24048580	2.27942800
37.51999977	0.24048580	2.27942800
37.59999977	0.24048580	2.27942800
37.67999977	0.15167700	2.19153400
37.75999977	0.15167700	2.19153400
37.83999977	0.15167700	2.10364100
37.91999977	0.15167700	2.10364100
37.99999977	0.06317332	2.01574800
38.07999977	0.15167700	2.01574800
38.15999977	0.06317332	2.01574800
38.23999977	-0.02563555	1.92815900
38.31999977	0.06317332	1.84026600
38.39999977	0.06317332	1.84026600
38.47999977	-0.02563555	1.84026600
38.55999977	-0.02563555	1.75237300
38.63999977	-0.02563555	1.75237300
38.71999976	-0.02563555	1.66447900
38.79999976	-0.02563555	1.66447900
38.87999976	-0.11413920	1.66447900
38.95999976	-0.11413920	1.57689100
39.03999976	-0.11413920	1.48899800
39.11999976	-0.11413920	1.48899800
39.19999976	-0.11413920	1.48899800
39.27999976	-0.20294810	1.40110500
39.35999976	-0.20294810	1.40110500
39.43999976	-0.20294810	1.31321100
39.51999976	-0.20294810	1.31321100
39.59999976	-0.20294810	1.31321100
39.67999976	-0.20294810	1.22531800
39.75999976	-0.20294810	1.22531800
39.83999976	-0.29145180	1.13773000
39.91999976	-0.20294810	1.04983700
39.99999976	-0.29145180	1.04983700
40.07999976	-0.38026060	1.04983700
40.15999976	-0.29145180	0.96194340
40.23999976	-0.38026060	0.96194340
40.31999975	-0.29145180	0.87405010
40.39999975	-0.38026060	0.87405010
40.47999975	-0.38026060	0.87405010
40.55999975	-0.38026060	0.78646200
40.63999975	-0.38026060	0.69856870
40.71999975	-0.46876430	0.69856870
40.79999975	-0.46876430	0.69856870
40.87999975	-0.46876430	0.61067540
40.95999975	-0.46876430	0.61067540
41.03999975	-0.46876430	0.52278210
41.11999975	-0.46876430	0.52278210
41.19999975	-0.46876430	0.52278210
41.27999975	-0.46876430	0.43519400
41.35999975	-0.46876430	0.34730060
41.43999975	-0.46876430	0.34730060
41.51999975	-0.46876430	0.34730060
41.59999975	-0.46876430	0.25940730
41.67999975	-0.46876430	0.17151400
41.75999975	-0.46876430	0.17151400
41.83999975	-0.46876430	0.17151400
41.91999975	-0.46876430	0.08392590
41.99999974	-0.46876430	-0.00366222
42.07999974	-0.55757310	-0.00366222
42.15999974	-0.55757310	-0.00366222
42.23999974	-0.55757310	-0.09155553
42.31999974	-0.55757310	-0.09155553
42.39999974	-0.55757310	-0.09155553
42.47999974	-0.55757310	-0.17944880
42.55999974	-0.55757310	-0.17944880
42.63999974	-0.55757310	-0.26734220
42.71999974	-0.55757310	-0.35493030
42.79999974	-0.55757310	-0.35493030
42.87999974	-0.55757310	-0.35493030
42.95999974	-0.55757310	-0.44282360
43.03999974	-0.55757310	-0.44282360
43.11999974	-0.55757310	-0.53071690
43.19999974	-0.55757310	-0.53071690
43.27999974	-0.55757310	-0.61861020
43.35999974	-0.55757310	-0.61861020
43.43999974	-0.55757310	-0.70619830
43.51999974	-0.55757310	-0.70619830
43.59999974	-0.64607690	-0.70619830
43.67999973	-0.55757310	-0.79409160
43.75999973	-0.64607690	-0.88198490
43.83999973	-0.55757310	-0.88198490
43.91999973	-0.64607690	-0.96987830
43.99999973	-0.55757310	-0.96987830
44.07999973	-0.55757310	-1.05746600
44.15999973	-0.55757310	-1.05746600
44.23999973	-0.64607690	-1.05746600
44.31999973	-0.64607690	-1.14536000
44.39999973	-0.55757310	-1.14536000
44.47999973	-0.64607690	-1.14536000
44.55999973	-0.64607690	-1.23325300
44.63999973	-0.64607690	-1.23325300
44.71999973	-0.64607690	-1.23325300
44.79999973	-0.64607690	-1.32114600
44.87999973	-0.64607690	-1.40904000
44.95999973	-0.73488570	-1.40904000
45.03999973	-0.64607690	-1.40904000
45.11999973	-0.64607690	-1.49662800
45.19999973	-0.64607690	-1.49662800
45.27999972	-0.73488570	-1.49662800
45.35999972	-0.73488570	-1.58452100
45.43999972	-0.73488570	-1.58452100
45.51999972	-0.73488570	-1.58452100
45.59999972	-0.64607690	-1.58452100
45.67999972	-0.73488570	-1.76030800
45.75999972	-0.73488570	-1.76030800
45.83999972	-0.73488570	-1.76030800
45.91999972	-0.73488570	-1.76030800
45.99999972	-0.73488570	-1.84789600
46.07999972	-0.64607690	-1.84789600
46.15999972	-0.73488570	-1.93578900
46.23999972	-0.73488570	-1.93578900
46.31999972	-0.64607690	-1.93578900
46.39999972	-0.73488570	-2.02368200
46.47999972	-0.73488570	-2.02368200
46.55999972	-0.73488570	-2.02368200
46.63999972	-0.73488570	-2.11157600
46.71999972	-0.73488570	-2.11157600
46.79999972	-0.73488570	-2.11157600
46.87999972	-0.73488570	-2.19916400
46.95999971	-0.73488570	-2.19916400
47.03999971	-0.73488570	-2.19916400
47.11999971	-0.73488570	-2.28705700
47.19999971	-0.73488570	-2.28705700
47.27999971	-0.73488570	-2.37495000
47.35999971	-0.73488570	-2.28705700
47.43999971	-0.73488570	-2.37495000
47.51999971	-0.73488570	-2.37495000
47.59999971	-0.73488570	-2.46284400
47.67999971	-0.73488570	-2.46284400
47.75999971	-0.73488570	-2.46284400
47.83999971	-0.73488570	-2.46284400
47.91999971	-0.73488570	-2.55043200
47.99999971	-0.73488570	-2.55043200
48.07999971	-0.73488570	-2.63832500
48.15999971	-0.73488570	-2.63832500
48.23999971	-0.73488570	-2.63832500
48.31999971	-0.73488570	-2.63832500
48.39999971	-0.73488570	-2.72621800
48.47999971	-0.73488570	-2.72621800
48.55999970	-0.73488570	-2.72621800
48.63999970	-0.73488570	-2.81411200
48.71999970	-0.73488570	-2.81411200
48.79999970	-0.73488570	-2.81411200
48.87999970	-0.73488570	-2.81411200
48.95999970	-0.73488570	-2.81411200
49.03999970	-0.82338940	-2.81411200
49.11999970	-0.73488570	-2.90200500
49.19999970	-0.73488570	-2.90200500
49.27999970	-0.73488570	-2.90200500
49.35999970	-0.73488570	-2.90200500
49.43999970	-0.73488570	-2.98959300
49.51999970	-0.73488570	-2.98959300
49.59999970	-0.73488570	-2.98959300
49.67999970	-0.73488570	-2.98959300
49.75999970	-0.82338940	-2.98959300
49.83999970	-0.82338940	-3.07748700
49.91999970	-0.73488570	-3.07748700
49.99999970	-0.73488570	-3.07748700
50.07999970	-0.82338940	-3.16538000
50.15999970	-0.82338940	-3.16538000
50.23999969	-0.82338940	-3.16538000
50.31999969	-0.82338940	-3.16538000
50.39999969	-0.82338940	-3.16538000
50.47999969	-0.73488570	-3.16538000
50.55999969	-0.82338940	-3.16538000
50.63999969	-0.82338940	-3.25327300
50.71999969	-0.82338940	-3.25327300
50.79999969	-0.82338940	-3.16538000
50.87999969	-0.82338940	-3.25327300
50.95999969	-0.82338940	-3.25327300
51.03999969	-0.82338940	-3.25327300
51.11999969	-0.73488570	-3.25327300
51.19999969	-0.82338940	-3.25327300
51.27999969	-0.82338940	-3.25327300
51.35999969	-0.82338940	-3.25327300
51.43999969	-0.82338940	-3.34086100
51.51999969	-0.73488570	-3.34086100
51.59999969	-0.82338940	-3.34086100
51.67999969	-0.82338940	-3.34086100
51.75999969	-0.82338940	-3.34086100
51.83999968	-0.82338940	-3.34086100
51.91999968	-0.82338940	-3.34086100
51.99999968	-0.82338940	-3.34086100
52.07999968	-0.82338940	-3.34086100
52.15999968	-0.82338940	-3.34086100
52.23999968	-0.82338940	-3.34086100
52.31999968	-0.82338940	-3.34086100
52.39999968	-0.82338940	-3.42875500
52.47999968	-0.82338940	-3.42875500
52.55999968	-0.82338940	-3.34086100
52.63999968	-0.82338940	-3.42875500
52.71999968	-0.73488570	-3.42875500
52.79999968	-0.73488570	-3.34086100
52.87999968	-0.82338940	-3.42875500
52.95999968	-0.82338940	-3.42875500
53.03999968	-0.82338940	-3.42875500
53.11999968	-0.82338940	-3.42875500
53.19999968	-0.82338940	-3.42875500
53.27999968	-0.82338940	-3.42875500
53.35999968	-0.82338940	-3.42875500
53.43999968	-0.82338940	-3.42875500
53.51999967	-0.82338940	-3.42875500
53.59999967	-0.82338940	-3.42875500
53.67999967	-0.82338940	-3.42875500
53.75999967	-0.82338940	-3.42875500
53.83999967	-0.82338940	-3.42875500
53.91999967	-0.82338940	-3.42875500
53.99999967	-0.82338940	-3.42875500
54.07999967	-0.82338940	-3.42875500
54.15999967	-0.82338940	-3.42875500
54.23999967	-0.82338940	-3.42875500
54.31999967	-0.82338940	-3.34086100
54.39999967	-0.82338940	-3.42875500
54.47999967	-0.82338940	-3.42875500
54.55999967	-0.82338940	-3.42875500
54.63999967	-0.82338940	-3.42875500
54.71999967	-0.82338940	-3.34086100
54.79999967	-0.82338940	-3.34086100
54.87999967	-0.82338940	-3.34086100
54.95999967	-0.82338940	-3.34086100
55.03999967	-0.82338940	-3.34086100
55.11999967	-0.82338940	-3.34086100
55.19999966	-0.82338940	-3.34086100
55.27999966	-0.82338940	-3.34086100
55.35999966	-0.82338940	-3.34086100
55.43999966	-0.82338940	-3.25327300
55.51999966	-0.82338940	-3.25327300
55.59999966	-0.82338940	-3.25327300
55.67999966	-0.82338940	-3.25327300
55.75999966	-0.82338940	-3.34086100
55.83999966	-0.82338940	-3.25327300
55.91999966	-0.82338940	-3.25327300
55.99999966	-0.82338940	-3.16538000
56.07999966	-0.82338940	-3.16538000
56.15999966	-0.91219820	-3.16538000
56.23999966	-0.82338940	-3.16538000
56.31999966	-0.82338940	-3.16538000
56.39999966	-0.82338940	-3.16538000
56.47999966	-0.82338940	-3.16538000
56.55999966	-0.82338940	-3.16538000
56.63999966	-0.82338940	-3.07748700
56.71999966	-0.82338940	-3.16538000
56.79999965	-0.82338940	-3.07748700
56.87999965	-0.82338940	-3.07748700
56.95999965	-0.82338940	-3.07748700
57.03999965	-0.82338940	-3.07748700
57.11999965	-0.82338940	-3.07748700
57.19999965	-0.82338940	-2.98959300
57.27999965	-0.82338940	-2.98959300
57.35999965	-0.82338940	-2.98959300
57.43999965	-0.82338940	-2.98959300
57.51999965	-0.73488570	-2.98959300
57.59999965	-0.82338940	-2.90200500
57.67999965	-0.82338940	-2.90200500
57.75999965	-0.73488570	-2.90200500
57.83999965	-0.82338940	-2.81411200
57.91999965	-0.82338940	-2.81411200
57.99999965	-0.82338940	-2.81411200
58.07999965	-0.82338940	-2.81411200
58.15999965	-0.82338940	-2.81411200
58.23999965	-0.82338940	-2.81411200
58.31999965	-0.82338940	-2.81411200
58.39999965	-0.82338940	-2.81411200
58.47999964	-0.73488570	-2.72621800
58.55999964	-0.82338940	-2.72621800
58.63999964	-0.82338940	-2.72621800
58.71999964	-0.73488570	-2.72621800
58.79999964	-0.82338940	-2.63832500
58.87999964	-0.73488570	-2.63832500
58.95999964	-0.82338940	-2.63832500
59.03999964	-0.73488570	-2.63832500
59.11999964	-0.73488570	-2.63832500
59.19999964	-0.82338940	-2.55043200
59.27999964	-0.73488570	-2.55043200
59.35999964	-0.73488570	-2.46284400
59.43999964	-0.73488570	-2.55043200
59.51999964	-0.82338940	-2.46284400
59.59999964	-0.73488570	-2.46284400
59.67999964	-0.82338940	-2.46284400
59.75999964	-0.73488570	-2.37495000
59.83999964	-0.82338940	-2.37495000
59.91999964	-0.73488570	-2.37495000
59.99999964	-0.73488570	-2.28705700
60.07999963	-0.73488570	-2.28705700
60.15999963	-0.73488570	-2.28705700
60.23999963	-0.73488570	-2.28705700
60.31999963	-0.73488570	-2.28705700
60.39999963	-0.73488570	-2.19916400
60.47999963	-0.73488570	-2.19916400
60.55999963	-0.73488570	-2.19916400
60.63999963	-0.73488570	-2.19916400
60.71999963	-0.73488570	-2.11157600
60.79999963	-0.73488570	-2.11157600
60.87999963	-0.73488570	-2.11157600
60.95999963	-0.73488570	-2.11157600
61.03999963	-0.73488570	-2.02368200
61.11999963	-0.73488570	-2.02368200
61.19999963	-0.73488570	-2.02368200
61.27999963	-0.73488570	-1.93578900
61.35999963	-0.73488570	-1.93578900
61.43999963	-0.73488570	-1.93578900
61.51999963	-0.73488570	-1.93578900
61.59999963	-0.73488570	-1.84789600
61.67999963	-0.73488570	-1.84789600
61.75999962	-0.73488570	-1.84789600
61.83999962	-0.73488570	-1.76030800
61.91999962	-0.73488570	-1.76030800
61.99999962	-0.73488570	-1.76030800
62.07999962	-0.64607690	-1.76030800
62.15999962	-0.64607690	-1.67241400
62.23999962	-0.64607690	-1.67241400
62.31999962	-0.64607690	-1.67241400
62.39999962	-0.64607690	-1.67241400
62.47999962	-0.73488570	-1.58452100
62.55999962	-0.64607690	-1.58452100
62.63999962	-0.73488570	-1.58452100
62.71999962	-0.64607690	-1.49662800
62.79999962	-0.64607690	-1.49662800
62.87999962	-0.64607690	-1.49662800
62.95999962	-0.64607690	-1.40904000
63.03999962	-0.64607690	-1.40904000
63.11999962	-0.64607690	-1.40904000
63.19999962	-0.55757310	-1.40904000
63.27999962	-0.64607690	-1.40904000
63.35999961	-0.55757310	-1.32114600
63.43999961	-0.55757310	-1.32114600
63.51999961	-0.55757310	-1.32114600
63.59999961	-0.55757310	-1.23325300
63.67999961	-0.55757310	-1.23325300
63.75999961	-0.55757310	-1.23325300
63.83999961	-0.55757310	-1.23325300
63.91999961	-0.55757310	-1.14536000
63.99999961	-0.55757310	-1.14536000
64.07999961	-0.55757310	-1.05746600
64.15999961	-0.55757310	-1.05746600
64.23999961	-0.55757310	-1.05746600
64.31999961	-0.55757310	-1.05746600
64.39999961	-0.55757310	-1.05746600
64.47999961	-0.55757310	-0.96987830
64.55999961	-0.55757310	-0.96987830
64.63999961	-0.55757310	-0.88198490
64.71999961	-0.55757310	-0.96987830
64.79999961	-0.55757310	-0.88198490
64.87999961	-0.55757310	-0.88198490
64.95999961	-0.55757310	-0.79409160
65.03999960	-0.55757310	-0.79409160
65.11999960	-0.55757310	-0.79409160
65.19999960	-0.55757310	-0.70619830
65.27999960	-0.55757310	-0.70619830
65.35999960	-0.55757310	-0.61861020
65.43999960	-0.46876430	-0.61861020
65.51999960	-0.55757310	-0.61861020
65.59999960	-0.46876430	-0.61861020
65.67999960	-0.46876430	-0.61861020
65.75999960	-0.46876430	-0.53071690
65.83999960	-0.46876430	-0.53071690
65.91999960	-0.46876430	-0.44282360
65.99999960	-0.46876430	-0.53071690
66.07999960	-0.46876430	-0.53071690
66.15999960	-0.46876430	-0.44282360
66.23999960	-0.38026060	-0.35493030
66.31999960	-0.46876430	-0.35493030
66.39999960	-0.38026060	-0.35493030
66.47999960	-0.38026060	-0.35493030
66.55999960	-0.38026060	-0.26734220
66.63999959	-0.38026060	-0.26734220
66.71999959	-0.38026060	-0.17944880
66.79999959	-0.38026060	-0.17944880
66.87999959	-0.29145180	-0.17944880
66.95999959	-0.29145180	-0.17944880
67.03999959	-0.29145180	-0.09155553
67.11999959	-0.20294810	-0.09155553
67.19999959	-0.20294810	-0.09155553
67.27999959	-0.20294810	-0.09155553
67.35999959	-0.20294810	-0.00366222
67.43999959	-0.11413920	-0.00366222
67.51999959	-0.11413920	-0.00366222
67.59999959	-0.11413920	-0.00366222
67.67999959	-0.02563555	0.08392590
67.75999959	-0.02563555	0.08392590
67.83999959	-0.02563555	0.17151400
67.91999959	-0.02563555	0.17151400
67.99999959	0.06317332	0.17151400
68.07999959	0.06317332	0.25940730
68.15999959	0.15167700	0.25940730
68.23999959	0.15167700	0.34730060
68.31999958	0.15167700	0.34730060
68.39999958	0.24048580	0.34730060
68.47999958	0.32898950	0.34730060
68.55999958	0.59480580	0.34730060
68.63999958	0.59480580	0.43519400
68.71999958	0.59480580	0.43519400
68.79999958	0.59480580	0.52278210
68.87999958	0.59480580	0.52278210
68.95999958	0.32898950	0.52278210
69.03999958	1.39286500	0.52278210
69.11999958	2.10211500	0.61067540
69.19999958	2.10211500	0.61067540
69.27999958	1.30405600	0.61067540
69.35999958	0.24048580	0.69856870
69.43999958	3.34330300	0.69856870
69.51999958	4.40717800	0.69856870
69.59999958	4.14136200	0.69856870
69.67999958	4.05255300	0.69856870
69.75999958	4.14136200	0.78646200
69.83999958	4.05255300	0.78646200
69.91999958	4.05255300	0.78646200
69.99999957	4.05255300	0.87405010
70.07999957	4.05255300	0.87405010
70.15999957	4.05255300	0.87405010
70.23999957	3.96404900	0.87405010
70.31999957	3.96404900	0.96194340
70.39999957	3.96404900	1.04983700
70.47999957	3.96404900	1.04983700
70.55999957	3.96404900	1.04983700
70.63999957	3.96404900	1.04983700
70.71999957	3.96404900	1.04983700
70.79999957	3.87524000	1.13773000
70.87999957	3.96404900	1.13773000
70.95999957	3.96404900	1.22531800
71.03999957	3.87524000	1.22531800
71.11999957	3.87524000	1.31321100
71.19999957	3.87524000	1.31321100
71.27999957	3.87524000	1.40110500
71.35999957	3.87524000	1.40110500
71.43999957	3.87524000	1.40110500
71.51999957	3.87524000	1.40110500
71.59999956	3.87524000	1.40110500
71.67999956	3.87524000	1.48899800
71.75999956	3.87524000	1.48899800
71.83999956	3.87524000	1.57689100
71.91999956	3.78673700	1.57689100
71.99999956	3.78673700	1.57689100
72.07999956	3.78673700	1.57689100
72.15999956	3.78673700	1.66447900
72.23999956	3.78673700	1.75237300
72.31999956	3.78673700	1.75237300
72.39999956	3.78673700	1.75237300
72.47999956	3.78673700	1.75237300
72.55999956	3.78673700	1.84026600
72.63999956	3.78673700	1.84026600
72.71999956	3.78673700	1.92815900
72.79999956	3.78673700	1.92815900
72.87999956	3.69792800	2.01574800
72.95999956	3.78673700	2.01574800
73.03999956	3.69792800	2.10364100
73.11999956	3.69792800	2.10364100
73.19999956	3.69792800	2.10364100
73.27999955	3.69792800	2.19153400
73.35999955	3.69792800	2.19153400
73.43999955	3.69792800	2.27942800
73.51999955	3.69792800	2.27942800
73.59999955	3.69792800	2.27942800
73.67999955	3.69792800	2.27942800
73.75999955	3.69792800	2.36701600
73.83999955	3.69792800	2.36701600
73.91999955	3.69792800	2.45490900
73.99999955	3.69792800	2.45490900
74.07999955	3.69792800	2.45490900
74.15999955	3.69792800	2.45490900
74.23999955	3.69792800	2.54280200
74.31999955	3.69792800	2.54280200
74.39999955	3.69792800	2.63069600
74.47999955	3.69792800	2.63069600
74.55999955	3.69792800	2.71828400
74.63999955	3.69792800	2.71828400
74.71999955	3.60942400	2.80617700
74.79999955	3.69792800	2.80617700
74.87999954	3.60942400	2.80617700
74.95999954	3.69792800	2.80617700
75.03999954	3.60942400	2.89407000
75.11999954	3.60942400	2.89407000
75.19999954	3.60942400	2.98196400
75.27999954	3.60942400	2.98196400
75.35999954	3.60942400	2.98196400
75.43999954	3.60942400	2.98196400
75.51999954	3.60942400	3.06985700
75.59999954	3.60942400	3.06985700
75.67999954	3.60942400	3.15744500
75.75999954	3.60942400	3.15744500
75.83999954	3.60942400	3.24533800
75.91999954	3.60942400	3.24533800
75.99999954	3.60942400	3.24533800
76.07999954	3.52061500	3.33323200
76.15999954	3.60942400	3.24533800
76.23999954	3.60942400	3.33323200
76.31999954	3.52061500	3.42112500
76.39999954	3.60942400	3.42112500
76.47999954	3.60942400	3.42112500
76.55999953	3.60942400	3.42112500
76.63999953	3.60942400	3.50871300
76.71999953	3.60942400	3.50871300
76.79999953	3.52061500	3.50871300
76.87999953	3.60942400	3.59660600
76.95999953	3.60942400	3.59660600
77.03999953	3.60942400	3.59660600
77.11999953	3.60942400	3.68450000
77.19999953	3.52061500	3.68450000
77.27999953	3.52061500	3.68450000
77.35999953	3.60942400	3.68450000
77.43999953	3.52061500	3.77239300
77.51999953	3.52061500	3.77239300
77.59999953	3.52061500	3.85998100
77.67999953	3.52061500	3.85998100
77.75999953	3.60942400	3.85998100
77.83999953	3.52061500	3.85998100
77.91999953	3.60942400	3.85998100
77.99999953	3.52061500	3.85998100
78.07999953	3.52061500	3.94787400
78.15999952	3.52061500	3.94787400
78.23999952	3.60942400	3.94787400
78.31999952	3.52061500	3.94787400
78.39999952	3.60942400	4.03576800
78.47999952	3.52061500	4.03576800
78.55999952	3.52061500	4.03576800
78.63999952	3.60942400	4.12366100
78.71999952	3.52061500	4.12366100
78.79999952	3.60942400	4.12366100
78.87999952	3.60942400	4.12366100
78.95999952	3.52061500	4.12366100
79.03999952	3.60942400	4.21124900
79.11999952	3.60942400	4.21124900
79.19999952	3.52061500	4.21124900
79.27999952	3.60942400	4.21124900
79.35999952	3.52061500	4.21124900
79.43999952	3.60942400	4.21124900
79.51999952	3.60942400	4.29914200
79.59999952	3.60942400	4.29914200
79.67999952	3.60942400	4.29914200
79.75999952	3.60942400	4.29914200
79.83999951	3.60942400	4.29914200
79.91999951	3.60942400	4.29914200
79.99999951	3.60942400	4.29914200
80.07999951	3.60942400	4.38703600
80.15999951	3.60942400	4.38703600
80.23999951	3.60942400	4.38703600
80.31999951	3.60942400	4.38703600
80.39999951	3.60942400	4.38703600
80.47999951	3.60942400	4.38703600
80.55999951	3.60942400	4.38703600
80.63999951	3.60942400	4.38703600
80.71999951	3.60942400	4.38703600
80.79999951	3.69792800	4.38703600
80.87999951	3.69792800	4.38703600
80.95999951	3.60942400	4.38703600
81.03999951	3.60942400	4.47492900
81.11999951	3.69792800	4.38703600
81.19999951	3.69792800	4.47492900
81.27999951	3.69792800	4.38703600
81.35999951	3.60942400	4.47492900
81.43999951	3.69792800	4.38703600
81.51999950	3.69792800	4.47492900
81.59999950	3.69792800	4.47492900
81.67999950	3.69792800	4.38703600
81.75999950	3.69792800	4.38703600
81.83999950	3.69792800	4.47492900
81.91999950	3.69792800	4.38703600
81.99999950	3.69792800	4.38703600
82.07999950	3.69792800	4.38703600
82.15999950	3.69792800	4.38703600
82.23999950	3.69792800	4.38703600
82.31999950	3.69792800	4.38703600
82.39999950	3.69792800	4.38703600
82.47999950	3.69792800	4.38703600
82.55999950	3.69792800	4.38703600
82.63999950	3.69792800	4.38703600
82.71999950	3.69792800	4.38703600
82.79999950	3.69792800	4.38703600
82.87999950	3.69792800	4.38703600
82.95999950	3.69792800	4.29914200
83.03999950	3.69792800	4.29914200
83.11999949	3.69792800	4.29914200
83.19999949	3.78673700	4.29914200
83.27999949	3.69792800	4.38703600
83.35999949	3.78673700	4.29914200
83.43999949	3.69792800	4.21124900
83.51999949	3.78673700	4.29914200
83.59999949	3.78673700	4.21124900
83.67999949	3.78673700	4.21124900
83.75999949	3.78673700	4.21124900
83.83999949	3.78673700	4.21124900
83.91999949	3.78673700	4.12366100
83.99999949	3.78673700	4.12366100
84.07999949	3.78673700	4.12366100
84.15999949	3.78673700	4.12366100
84.23999949	3.78673700	4.12366100
84.31999949	3.78673700	4.03576800
84.39999949	3.78673700	4.03576800
84.47999949	3.78673700	4.03576800
84.55999949	3.78673700	4.03576800
84.63999949	3.78673700	4.03576800
84.71999949	3.78673700	3.94787400
84.79999948	3.78673700	3.94787400
84.87999948	3.78673700	3.85998100
84.95999948	3.78673700	3.85998100
85.03999948	3.78673700	3.85998100
85.11999948	3.87524000	3.85998100
85.19999948	3.87524000	3.85998100
85.27999948	3.87524000	3.77239300
85.35999948	3.78673700	3.68450000
85.43999948	3.87524000	3.68450000
85.51999948	3.87524000	3.68450000
85.59999948	3.87524000	3.68450000
85.67999948	3.87524000	3.59660600
85.75999948	3.87524000	3.59660600
85.83999948	3.87524000	3.59660600
85.91999948	3.87524000	3.50871300
85.99999948	3.87524000	3.50871300
86.07999948	3.96404900	3.50871300
86.15999948	3.87524000	3.50871300
86.23999948	3.87524000	3.42112500
86.31999948	3.87524000	3.42112500
86.39999947	3.87524000	3.42112500
86.47999947	3.87524000	3.33323200
86.55999947	3.87524000	3.24533800
86.63999947	3.87524000	3.24533800
86.71999947	3.87524000	3.24533800
86.79999947	3.87524000	3.15744500
86.87999947	3.87524000	3.15744500
86.95999947	3.87524000	3.15744500
87.03999947	3.87524000	3.06985700
87.11999947	3.87524000	2.98196400
87.19999947	3.96404900	2.98196400
87.27999947	3.96404900	2.89407000
87.35999947	3.96404900	2.89407000
87.43999947	3.96404900	2.80617700
87.51999947	3.96404900	2.80617700
87.59999947	3.96404900	2.80617700
87.67999947	3.96404900	2.80617700
87.75999947	4.05255300	2.71828400
87.83999947	3.96404900	2.63069600
87.91999947	3.96404900	2.63069600
87.99999947	3.96404900	2.63069600
88.07999946	4.05255300	2.54280200
88.15999946	3.96404900	2.54280200
88.23999946	4.05255300	2.45490900
88.31999946	4.05255300	2.45490900
88.39999946	3.96404900	2.36701600
88.47999946	4.05255300	2.36701600
88.55999946	4.05255300	2.27942800
88.63999946	4.05255300	2.27942800
88.71999946	4.05255300	2.27942800
88.79999946	4.05255300	2.19153400
88.87999946	4.05255300	2.10364100
88.95999946	4.05255300	2.10364100
89.03999946	4.05255300	2.01574800
89.11999946	4.05255300	2.01574800
89.19999946	4.05255300	1.92815900
89.27999946	4.05255300	1.92815900
89.35999946	4.05255300	1.84026600
89.43999946	4.05255300	1.84026600
89.51999946	4.05255300	1.75237300
89.59999946	4.05255300	1.75237300
89.67999945	4.05255300	1.66447900
89.75999945	4.05255300	1.66447900
89.83999945	4.05255300	1.66447900
89.91999945	4.14136200	1.57689100
89.99999945	4.05255300	1.48899800
90.07999945	4.05255300	1.40110500
90.15999945	4.05255300	1.40110500
90.23999945	4.05255300	1.40110500
90.31999945	4.05255300	1.31321100
90.39999945	4.14136200	1.31321100
90.47999945	4.14136200	1.22531800
90.55999945	4.14136200	1.13773000
90.63999945	4.14136200	1.13773000
90.71999945	4.14136200	1.04983700
90.79999945	4.14136200	1.04983700
90.87999945	4.14136200	0.96194340
90.95999945	4.14136200	0.96194340
91.03999945	4.14136200	0.87405010
91.11999945	4.14136200	0.87405010
91.19999945	4.14136200	0.78646200
91.27999945	4.14136200	0.78646200
91.35999944	4.14136200	0.69856870
91.43999944	4.14136200	0.61067540
91.51999944	4.14136200	0.61067540
91.59999944	4.14136200	0.52278210
91.67999944	4.14136200	0.52278210
91.75999944	4.14136200	0.43519400
91.83999944	4.14136200	0.43519400
91.91999944	4.22986600	0.34730060
91.99999944	4.14136200	0.34730060
92.07999944	4.14136200	0.25940730
92.15999944	4.14136200	0.17151400
92.23999944	4.14136200	0.17151400
92.31999944	4.14136200	0.08392590
92.39999944	4.22986600	-0.00366222
92.47999944	4.14136200	-0.00366222
92.55999944	4.22986600	-0.09155553
92.63999944	4.22986600	-0.09155553
92.71999944	4.14136200	-0.17944880
92.79999944	4.22986600	-0.26734220
92.87999944	4.22986600	-0.26734220
92.95999944	4.22986600	-0.35493030
93.03999943	4.22986600	-0.35493030
93.11999943	4.22986600	-0.44282360
93.19999943	4.14136200	-0.53071690
93.27999943	4.22986600	-0.53071690
93.35999943	4.22986600	-0.61861020
93.43999943	4.22986600	-0.61861020
93.51999943	4.22986600	-0.70619830
93.59999943	4.22986600	-0.70619830
93.67999943	4.22986600	-0.79409160
93.75999943	4.22986600	-0.88198490
93.83999943	4.22986600	-0.96987830
93.91999943	4.22986600	-0.96987830
93.99999943	4.22986600	-1.05746600
94.07999943	4.22986600	-1.05746600
94.15999943	4.22986600	-1.14536000
94.23999943	4.22986600	-1.23325300
94.31999943	4.22986600	-1.23325300
94.39999943	4.22986600	-1.32114600
94.47999943	4.22986600	-1.32114600
94.55999943	4.31867400	-1.40904000
94.63999942	4.22986600	-1.40904000
94.71999942	4.22986600	-1.49662800
94.79999942	4.31867400	-1.49662800
94.87999942	4.22986600	-1.58452100
94.95999942	4.31867400	-1.58452100
95.03999942	4.40717800	-1.67241400
95.11999942	4.31867400	-1.67241400
95.19999942	4.40717800	-1.76030800
95.27999942	4.40717800	-1.84789600
95.35999942	4.67329900	-1.84789600
95.43999942	5.02792500	-1.93578900
95.51999942	5.20523700	-1.93578900
95.59999942	5.20523700	-2.02368200
95.67999942	5.02792500	-2.02368200
95.75999942	5.02792500	-2.11157600
95.83999942	5.02792500	-2.11157600
95.91999942	5.11642800	-2.11157600
95.99999942	5.11642800	-2.19916400
96.07999942	5.11642800	-2.28705700
96.15999942	5.11642800	-2.37495000
96.23999942	5.02792500	-2.37495000
96.31999941	5.02792500	-2.37495000
96.39999941	5.02792500	-2.46284400
96.47999941	5.02792500	-2.46284400
96.55999941	4.93911600	-2.55043200
96.63999941	4.93911600	-2.55043200
96.71999941	4.93911600	-2.63832500
96.79999941	4.93911600	-2.72621800
96.87999941	4.93911600	-2.72621800
96.95999941	4.93911600	-2.81411200
97.03999941	4.85061200	-2.81411200
97.11999941	4.85061200	-2.81411200
97.19999941	4.85061200	-2.90200500
97.27999941	4.85061200	-2.90200500
97.35999941	4.76180300	-2.98959300
97.43999941	4.85061200	-2.98959300
97.51999941	4.76180300	-3.07748700
97.59999941	4.76180300	-3.07748700
97.67999941	4.76180300	-3.16538000
97.75999941	4.67329900	-3.16538000
97.83999941	4.67329900	-3.25327300
97.91999940	4.67329900	-3.25327300
97.99999940	4.67329900	-3.34086100
98.07999940	4.67329900	-3.34086100
98.15999940	4.58449000	-3.34086100
98.23999940	4.58449000	-3.42875500
98.31999940	4.58449000	-3.42875500
98.39999940	4.58449000	-3.51664800
98.47999940	4.58449000	-3.51664800
98.55999940	4.49598700	-3.51664800
98.63999940	4.49598700	-3.60454100
98.71999940	4.49598700	-3.60454100
98.79999940	4.49598700	-3.69212900
98.87999940	4.49598700	-3.69212900
98.95999940	4.40717800	-3.78002300
99.03999940	4.40717800	-3.78002300
99.11999940	4.49598700	-3.86791600
99.19999940	4.40717800	-3.86791600
99.27999940	4.40717800	-3.86791600
99.35999940	4.40717800	-3.86791600
99.43999940	4.40717800	-3.95580900
99.51999940	4.40717800	-4.04339700
99.59999939	4.40717800	-4.04339700
99.67999939	4.40717800	-4.04339700
99.75999939	4.31867400	-4.13129000
99.83999939	4.40717800	-4.13129000
99.91999939	4.40717800	-4.13129000
99.99999939	4.31867400	-4.21918400
100.07999939	4.31867400	-4.21918400
100.15999939	4.31867400	-4.21918400
100.23999939	4.31867400	-4.30707700
100.31999939	4.31867400	-4.30707700
100.39999939	4.40717800	-4.30707700
100.47999939	4.31867400	-4.30707700
100.55999939	4.31867400	-4.39497000
100.63999939	4.31867400	-4.39497000
100.71999939	4.22986600	-4.48255900
100.79999939	4.31867400	-4.39497000
100.87999939	4.31867400	-4.48255900
100.95999939	4.22986600	-4.48255900
101.03999939	4.31867400	-4.57045200
101.11999939	4.22986600	-4.57045200
101.19999938	4.22986600	-4.57045200
101.27999938	4.31867400	-4.57045200
101.35999938	4.31867400	-4.57045200
101.43999938	4.22986600	-4.65834500
101.51999938	4.22986600	-4.65834500
101.59999938	4.22986600	-4.74623900
101.67999938	4.31867400	-4.74623900
101.75999938	4.22986600	-4.65834500
101.83999938	4.22986600	-4.74623900
101.91999938	4.22986600	-4.74623900
101.99999938	4.22986600	-4.74623900
102.07999938	4.22986600	-4.74623900
102.15999938	4.22986600	-4.74623900
102.23999938	4.22986600	-4.83382700
102.31999938	4.22986600	-4.83382700
102.39999938	4.22986600	-4.83382700
102.47999938	4.22986600	-4.83382700
102.55999938	4.22986600	-4.92172000
102.63999938	4.22986600	-4.92172000
102.71999938	4.22986600	-4.92172000
102.79999938	4.22986600	-4.92172000
102.87999937	4.22986600	-4.92172000
102.95999937	4.22986600	-4.92172000
103.03999937	4.22986600	-4.92172000
103.11999937	4.22986600	-4.92172000
103.19999937	4.22986600	-4.92172000
103.27999937	4.22986600	-4.92172000
103.35999937	4.22986600	-4.92172000
103.43999937	4.22986600	-4.92172000
103.51999937	4.22986600	-4.92172000
103.59999937	4.22986600	-4.92172000
103.67999937	4.22986600	-4.92172000
103.75999937	4.22986600	-4.92172000
103.83999937	4.22986600	-5.00961400
103.91999937	4.22986600	-5.00961400
103.99999937	4.22986600	-5.00961400
104.07999937	4.22986600	-5.00961400
104.15999937	4.22986600	-5.00961400
104.23999937	4.22986600	-5.00961400
104.31999937	4.22986600	-5.00961400
104.39999937	4.22986600	-5.00961400
104.47999937	4.22986600	-4.92172000
104.55999936	4.22986600	-5.00961400
104.63999936	4.22986600	-4.92172000
104.71999936	4.22986600	-4.92172000
104.79999936	4.22986600	-5.00961400
104.87999936	4.22986600	-4.92172000
104.95999936	4.22986600	-5.00961400
105.03999936	4.22986600	-4.92172000
105.11999936	4.22986600	-4.92172000
105.19999936	4.22986600	-4.92172000
105.27999936	4.22986600	-4.92172000
105.35999936	4.22986600	-4.92172000
105.43999936	4.22986600	-4.92172000
105.51999936	4.22986600	-4.92172000
105.59999936	4.22986600	-4.92172000
105.67999936	4.22986600	-4.92172000
105.75999936	4.22986600	-4.92172000
105.83999936	4.22986600	-4.92172000
105.91999936	4.22986600	-4.92172000
105.99999936	4.22986600	-4.83382700
106.07999936	4.22986600	-4.83382700
106.15999935	4.22986600	-4.83382700
106.23999935	4.22986600	-4.83382700
106.31999935	4.22986600	-4.83382700
106.39999935	4.22986600	-4.74623900
106.47999935	4.22986600	-4.74623900
106.55999935	4.22986600	-4.74623900
106.63999935	4.22986600	-4.74623900
106.71999935	4.22986600	-4.74623900
106.79999935	4.22986600	-4.65834500
106.87999935	4.22986600	-4.74623900
106.95999935	4.22986600	-4.65834500
107.03999935	4.22986600	-4.65834500
107.11999935	4.22986600	-4.65834500
107.19999935	4.22986600	-4.57045200
107.27999935	4.22986600	-4.57045200
107.35999935	4.22986600	-4.57045200
107.43999935	4.22986600	-4.48255900
107.51999935	4.22986600	-4.48255900
107.59999935	4.22986600	-4.48255900
107.67999935	4.22986600	-4.48255900
107.75999935	4.22986600	-4.39497000
107.83999934	4.22986600	-4.39497000
107.91999934	4.22986600	-4.39497000
107.99999934	4.22986600	-4.30707700
108.07999934	4.22986600	-4.30707700
108.15999934	4.22986600	-4.30707700
108.23999934	4.22986600	-4.30707700
108.31999934	4.22986600	-4.21918400
108.39999934	4.31867400	-4.21918400
108.47999934	4.22986600	-4.21918400
108.55999934	4.22986600	-4.21918400
108.63999934	4.22986600	-4.13129000
108.71999934	4.22986600	-4.13129000
108.79999934	4.22986600	-4.13129000
108.87999934	4.31867400	-4.04339700
108.95999934	4.22986600	-4.04339700
109.03999934	4.22986600	-4.04339700
109.11999934	4.22986600	-3.95580900
109.19999934	4.22986600	-3.86791600
109.27999934	4.22986600	-3.86791600
109.35999934	4.31867400	-3.86791600
109.43999933	4.31867400	-3.86791600
109.51999933	4.31867400	-3.86791600
109.59999933	4.40717800	-3.78002300
109.67999933	4.40717800	-3.78002300
109.75999933	4.40717800	-3.69212900
109.83999933	4.49598700	-3.69212900
109.91999933	4.67329900	-3.60454100
109.99999933	4.85061200	-3.60454100
110.07999933	4.85061200	-3.60454100
110.15999933	4.93911600	-3.51664800
110.23999933	4.93911600	-3.51664800
110.31999933	4.93911600	-3.51664800
110.39999933	4.93911600	-3.51664800
110.47999933	4.93911600	-3.34086100
110.55999933	4.93911600	-3.42875500
110.63999933	4.93911600	-3.34086100
110.71999933	4.93911600	-3.34086100
110.79999933	5.02792500	-3.25327300
110.87999933	5.02792500	-3.16538000
110.95999933	5.02792500	-3.16538000
111.03999933	5.11642800	-3.16538000
111.11999932	5.11642800	-3.16538000
111.19999932	5.11642800	-3.16538000
111.27999932	5.11642800	-3.07748700
111.35999932	5.11642800	-2.98959300
111.43999932	5.11642800	-2.98959300
111.51999932	5.11642800	-2.90200500
111.59999932	5.11642800	-2.90200500
111.67999932	5.11642800	-2.90200500
111.75999932	5.11642800	-2.81411200
111.83999932	5.11642800	-2.81411200
111.91999932	5.11642800	-2.81411200
111.99999932	5.11642800	-2.81411200
112.07999932	5.11642800	-2.72621800
112.15999932	5.11642800	-2.63832500
112.23999932	5.11642800	-2.63832500
112.31999932	5.20523700	-2.63832500
112.39999932	5.11642800	-2.55043200
112.47999932	5.20523700	-2.46284400
112.55999932	5.20523700	-2.46284400
112.63999932	5.20523700	-2.46284400
112.71999931	5.11642800	-2.37495000
112.79999931	5.20523700	-2.28705700
112.87999931	5.20523700	-2.28705700
112.95999931	5.20523700	-2.28705700
113.03999931	5.20523700	-2.19916400
113.11999931	5.20523700	-2.19916400
113.19999931	5.20523700	-2.19916400
113.27999931	5.20523700	-2.11157600
113.35999931	5.20523700	-2.11157600
113.43999931	5.20523700	-2.02368200
113.51999931	5.20523700	-2.02368200
113.59999931	5.20523700	-1.93578900
113.67999931	5.20523700	-1.93578900
113.75999931	5.29374100	-1.84789600
113.83999931	5.20523700	-1.84789600
113.91999931	5.20523700	-1.76030800
113.99999931	5.20523700	-1.76030800
114.07999931	5.20523700	-1.67241400
114.15999931	5.20523700	-1.76030800
114.23999931	5.29374100	-1.58452100
114.31999931	5.29374100	-1.58452100
114.39999930	5.29374100	-1.58452100
114.47999930	5.29374100	-1.49662800
114.55999930	5.29374100	-1.40904000
114.63999930	5.29374100	-1.40904000
114.71999930	5.29374100	-1.40904000
114.79999930	5.29374100	-1.32114600
114.87999930	5.29374100	-1.32114600
114.95999930	5.29374100	-1.23325300
115.03999930	5.29374100	-1.23325300
115.11999930	5.29374100	-1.23325300
115.19999930	5.38254900	-1.14536000
115.27999930	5.29374100	-1.05746600
115.35999930	5.38254900	-1.05746600
115.43999930	5.38254900	-1.05746600
115.51999930	5.38254900	-1.05746600
115.59999930	5.38254900	-0.96987830
115.67999930	5.38254900	-0.88198490
115.75999930	5.38254900	-0.88198490
115.83999930	5.38254900	-0.79409160
115.91999930	5.38254900	-0.79409160
115.99999930	5.38254900	-0.70619830
116.07999929	5.47105300	-0.70619830
116.15999929	5.47105300	-0.70619830
116.23999929	5.47105300	-0.61861020
116.31999929	5.47105300	-0.53071690
116.39999929	5.47105300	-0.53071690
116.47999929	5.47105300	-0.53071690
116.55999929	5.55986200	-0.44282360
116.63999929	5.47105300	-0.35493030
116.71999929	5.55986200	-0.35493030
116.79999929	5.55986200	-0.35493030
116.87999929	5.55986200	-0.26734220
116.95999929	5.55986200	-0.17944880
117.03999929	5.55986200	-0.17944880
117.11999929	5.55986200	-0.09155553
117.19999929	5.55986200	-0.09155553
117.27999929	5.64836500	-0.09155553
117.35999929	5.55986200	-0.00366222
117.43999929	5.55986200	-0.00366222
117.51999929	5.55986200	0.08392590
117.59999929	5.55986200	0.08392590
117.67999928	5.55986200	0.17151400
117.75999928	5.55986200	0.17151400
117.83999928	5.55986200	0.17151400
117.91999928	5.55986200	0.25940730
117.99999928	5.55986200	0.34730060
118.07999928	5.55986200	0.34730060
118.15999928	5.64836500	0.34730060
118.23999928	5.55986200	0.43519400
118.31999928	5.55986200	0.52278210
118.39999928	5.64836500	0.61067540
118.47999928	5.64836500	0.61067540
118.55999928	5.64836500	0.61067540
118.63999928	5.64836500	0.69856870
118.71999928	5.55986200	0.69856870
118.79999928	5.64836500	0.69856870
118.87999928	5.64836500	0.69856870
118.95999928	5.64836500	0.78646200
119.03999928	5.64836500	0.87405010
119.11999928	5.64836500	0.87405010
119.19999928	5.64836500	0.87405010
119.27999928	5.64836500	0.96194340
119.35999927	5.64836500	0.96194340
119.43999927	5.64836500	1.04983700
119.51999927	5.64836500	1.04983700
119.59999927	5.64836500	1.04983700
119.67999927	5.64836500	1.13773000
119.75999927	5.64836500	1.22531800
119.83999927	5.64836500	1.22531800
119.91999927	5.64836500	1.22531800
119.99999927	5.64836500	1.31321100
120.07999927	5.64836500	1.40110500
120.15999927	5.64836500	1.31321100
120.23999927	5.64836500	1.40110500
120.31999927	5.64836500	1.40110500
120.39999927	5.64836500	1.40110500
120.47999927	5.73717500	1.48899800
120.55999927	5.64836500	1.57689100
120.63999927	5.64836500	1.57689100
120.71999927	5.64836500	1.57689100
120.79999927	5.73717500	1.57689100
120.87999927	5.73717500	1.75237300
120.95999926	5.73717500	1.75237300
121.03999926	5.64836500	1.75237300
121.11999926	5.73717500	1.75237300
121.19999926	5.73717500	1.84026600
121.27999926	5.73717500	1.84026600
121.35999926	5.73717500	1.92815900
121.43999926	5.73717500	1.92815900
121.51999926	5.73717500	1.92815900
121.59999926	5.73717500	2.01574800
121.67999926	5.73717500	2.01574800
121.75999926	5.73717500	2.01574800
121.83999926	5.73717500	2.01574800
121.91999926	5.73717500	2.10364100
121.99999926	5.73717500	2.19153400
122.07999926	5.82567800	2.19153400
122.15999926	5.73717500	2.19153400
122.23999926	5.73717500	2.27942800
122.31999926	5.73717500	2.27942800
122.39999926	5.73717500	2.27942800
122.47999926	5.73717500	2.27942800
122.55999926	5.73717500	2.36701600
122.63999925	5.82567800	2.36701600
122.71999925	5.82567800	2.45490900
122.79999925	5.82567800	2.45490900
122.87999925	5.73717500	2.45490900
122.95999925	5.82567800	2.45490900
123.03999925	5.82567800	2.45490900
123.11999925	5.82567800	2.54280200
123.19999925	5.82567800	2.54280200
123.27999925	5.82567800	2.63069600
123.35999925	5.82567800	2.63069600
123.43999925	5.82567800	2.71828400
123.51999925	5.82567800	2.63069600
123.59999925	5.82567800	2.71828400
123.67999925	5.82567800	2.71828400
123.75999925	5.82567800	2.71828400
123.83999925	5.82567800	2.80617700
123.91999925	5.82567800	2.80617700
123.99999925	5.82567800	2.80617700
124.07999925	5.82567800	2.80617700
124.15999925	5.82567800	2.89407000
124.23999924	5.82567800	2.89407000
124.31999924	5.82567800	2.89407000
124.39999924	5.82567800	2.89407000
124.47999924	5.82567800	2.98196400
124.55999924	5.82567800	2.98196400
124.63999924	5.82567800	2.98196400
124.71999924	5.82567800	2.98196400
124.79999924	5.82567800	2.98196400
124.87999924	5.82567800	3.06985700
124.95999924	5.82567800	3.06985700
125.03999924	5.82567800	3.06985700
125.11999924	5.82567800	3.15744500
125.19999924	5.82567800	3.15744500
125.27999924	5.82567800	3.15744500
125.35999924	5.82567800	3.15744500
125.43999924	5.82567800	3.15744500
125.51999924	5.82567800	3.24533800
125.59999924	5.82567800	3.24533800
125.67999924	5.82567800	3.24533800
125.75999924	5.82567800	3.24533800
125.83999924	5.82567800	3.24533800
125.91999923	5.82567800	3.24533800
125.99999923	5.82567800	3.33323200
126.07999923	5.82567800	3.33323200
126.15999923	5.82567800	3.33323200
126.23999923	5.82567800	3.33323200
126.31999923	5.82567800	3.33323200
126.39999923	5.82567800	3.33323200
126.47999923	5.91448700	3.42112500
126.55999923	5.82567800	3.42112500
126.63999923	5.82567800	3.42112500
126.71999923	5.82567800	3.42112500
126.79999923	5.91448700	3.42112500
126.87999923	5.82567800	3.42112500
126.95999923	5.91448700	3.42112500
127.03999923	5.82567800	3.50871300
127.11999923	5.91448700	3.50871300
127.19999923	5.82567800	3.50871300
127.27999923	5.91448700	3.42112500
127.35999923	5.91448700	3.50871300
127.43999923	5.91448700	3.50871300
127.51999923	5.91448700	3.50871300
127.59999922	5.91448700	3.50871300
127.67999922	5.91448700	3.50871300
127.75999922	5.82567800	3.50871300
127.83999922	5.82567800	3.50871300
127.91999922	5.82567800	3.50871300
127.99999922	5.82567800	3.50871300
128.07999922	5.91448700	3.50871300
128.15999922	5.91448700	3.50871300
128.23999922	5.82567800	3.50871300
128.31999922	5.91448700	3.50871300
128.39999922	5.82567800	3.50871300
128.47999922	5.82567800	3.50871300
128.55999922	5.82567800	3.50871300
128.63999922	5.91448700	3.50871300
128.71999922	5.91448700	3.50871300
128.79999922	5.91448700	3.50871300
128.87999922	5.82567800	3.50871300
128.95999922	5.91448700	3.50871300
129.03999922	5.91448700	3.50871300
129.11999922	5.82567800	3.50871300
129.19999921	5.82567800	3.50871300
129.27999921	5.82567800	3.50871300
129.35999921	5.91448700	3.50871300
129.43999921	5.91448700	3.50871300
129.51999921	5.91448700	3.50871300
129.59999921	5.91448700	3.50871300
129.67999921	5.91448700	3.50871300
129.75999921	5.91448700	3.50871300
129.83999921	5.91448700	3.50871300
129.91999921	5.82567800	3.50871300
129.99999921	5.91448700	3.50871300
130.07999921	5.91448700	3.50871300
130.15999921	5.91448700	3.50871300
130.23999921	5.91448700	3.50871300
130.31999921	5.82567800	3.50871300
130.39999921	5.91448700	3.50871300
130.47999921	5.82567800	3.50871300
130.55999921	5.91448700	3.50871300
130.63999921	5.91448700	3.50871300
130.71999921	5.91448700	3.42112500
130.79999921	5.91448700	3.42112500
130.87999920	5.91448700	3.42112500
130.95999920	5.91448700	3.42112500
131.03999920	5.91448700	3.42112500
131.11999920	5.91448700	3.42112500
131.19999920	5.82567800	3.42112500
131.27999920	5.82567800	3.42112500
131.35999920	5.91448700	3.33323200
131.43999920	5.82567800	3.33323200
131.51999920	5.91448700	3.33323200
131.59999920	5.82567800	3.33323200
131.67999920	5.91448700	3.33323200
131.75999920	5.82567800	3.24533800
131.83999920	5.91448700	3.24533800
131.91999920	5.91448700	3.24533800
131.99999920	5.82567800	3.24533800
132.07999920	5.82567800	3.24533800
132.15999920	5.91448700	3.15744500
132.23999920	5.82567800	3.15744500
132.31999920	5.82567800	3.15744500
132.39999920	5.82567800	3.15744500
132.47999919	5.82567800	3.15744500
132.55999919	5.82567800	3.15744500
132.63999919	5.82567800	3.15744500
132.71999919	5.82567800	3.06985700
132.79999919	5.82567800	3.06985700
132.87999919	5.82567800	3.06985700
132.95999919	5.82567800	2.98196400
133.03999919	5.82567800	2.98196400
133.11999919	5.82567800	2.98196400
133.19999919	5.82567800	2.98196400
133.27999919	5.82567800	2.98196400
133.35999919	5.82567800	2.98196400
133.43999919	5.82567800	2.98196400
133.51999919	5.82567800	2.89407000
133.59999919	5.82567800	2.89407000
133.67999919	5.82567800	2.89407000
133.75999919	5.82567800	2.80617700
133.83999919	5.82567800	2.80617700
133.91999919	5.82567800	2.80617700
133.99999919	5.82567800	2.80617700
134.07999919	5.82567800	2.80617700
134.15999918	5.82567800	2.71828400
134.23999918	5.82567800	2.80617700
134.31999918	5.82567800	2.71828400
134.39999918	5.82567800	2.71828400
134.47999918	5.82567800	2.71828400
134.55999918	5.82567800	2.71828400
134.63999918	5.82567800	2.63069600
134.71999918	5.82567800	2.63069600
134.79999918	5.82567800	2.54280200
134.87999918	5.82567800	2.54280200
134.95999918	5.82567800	2.54280200
135.03999918	5.82567800	2.45490900
135.11999918	5.82567800	2.45490900
135.19999918	5.82567800	2.45490900
135.27999918	5.73717500	2.45490900
135.35999918	5.82567800	2.45490900
135.43999918	5.73717500	2.45490900
135.51999918	5.82567800	2.45490900
135.59999918	5.82567800	2.36701600
135.67999918	5.82567800	2.27942800
135.75999917	5.82567800	2.36701600
135.83999917	5.73717500	2.27942800
135.91999917	5.73717500	2.27942800
135.99999917	5.73717500	2.27942800
136.07999917	5.73717500	2.19153400
136.15999917	5.73717500	2.19153400
136.23999917	5.73717500	2.19153400
136.31999917	5.73717500	2.19153400
136.39999917	5.73717500	2.10364100
136.47999917	5.73717500	2.10364100
136.55999917	5.73717500	2.10364100
136.63999917	5.73717500	2.01574800
136.71999917	5.64836500	2.01574800
136.79999917	5.64836500	2.01574800
136.87999917	5.64836500	2.01574800
136.95999917	5.73717500	2.01574800
137.03999917	5.64836500	1.92815900
137.11999917	5.64836500	1.92815900
137.19999917	5.73717500	1.92815900
137.27999917	5.64836500	1.84026600
137.35999917	5.64836500	1.84026600
137.43999916	5.64836500	1.84026600
137.51999916	5.64836500	1.75237300
137.59999916	5.64836500	1.75237300
137.67999916	5.64836500	1.75237300
137.75999916	5.64836500	1.75237300
137.83999916	5.64836500	1.66447900
137.91999916	5.55986200	1.66447900
137.99999916	5.64836500	1.66447900
138.07999916	5.55986200	1.57689100
138.15999916	5.55986200	1.57689100
138.23999916	5.64836500	1.57689100
138.31999916	5.55986200	1.48899800
138.39999916	5.55986200	1.48899800
138.47999916	5.55986200	1.48899800
138.55999916	5.47105300	1.48899800
138.63999916	5.38254900	1.40110500
138.71999916	4.85061200	1.40110500
138.79999916	4.40717800	1.40110500
138.87999916	4.31867400	1.40110500
138.95999916	4.31867400	1.31321100
139.03999915	4.31867400	1.31321100
139.11999915	4.31867400	1.31321100
139.19999915	4.31867400	1.31321100
139.27999915	4.31867400	1.22531800
139.35999915	4.31867400	1.22531800
139.43999915	4.31867400	1.22531800
139.51999915	4.31867400	1.13773000
139.59999915	4.31867400	1.13773000
139.67999915	4.31867400	1.13773000
139.75999915	4.31867400	1.04983700
139.83999915	4.22986600	1.04983700
139.91999915	4.22986600	1.04983700
139.99999915	4.31867400	0.96194340
140.07999915	4.31867400	0.96194340
140.15999915	4.22986600	0.96194340
140.23999915	4.31867400	0.96194340
140.31999915	4.31867400	0.87405010
140.39999915	4.22986600	0.87405010
140.47999915	4.22986600	0.87405010
140.55999915	4.22986600	0.78646200
140.63999915	4.22986600	0.78646200
140.71999914	4.31867400	0.78646200
140.79999914	4.31867400	0.69856870
140.87999914	4.31867400	0.69856870
140.95999914	4.22986600	0.69856870
141.03999914	4.22986600	0.69856870
141.11999914	4.22986600	0.69856870
141.19999914	4.22986600	0.61067540
141.27999914	4.22986600	0.61067540
141.35999914	4.22986600	0.61067540
141.43999914	4.22986600	0.52278210
141.51999914	4.22986600	0.52278210
141.59999914	4.22986600	0.52278210
141.67999914	4.22986600	0.43519400
141.75999914	4.22986600	0.43519400
141.83999914	4.22986600	0.43519400
141.91999914	4.22986600	0.34730060
141.99999914	4.22986600	0.34730060
142.07999914	4.22986600	0.34730060
142.15999914	4.22986600	0.25940730
142.23999914	4.22986600	0.25940730
142.31999914	4.22986600	0.25940730
142.39999913	4.22986600	0.17151400
142.47999913	4.22986600	0.17151400
142.55999913	4.22986600	0.17151400
142.63999913	4.22986600	0.17151400
142.71999913	4.22986600	0.08392590
142.79999913	4.22986600	0.08392590
142.87999913	4.22986600	-0.00366222
142.95999913	4.22986600	-0.00366222
143.03999913	4.22986600	-0.00366222
143.11999913	4.22986600	-0.00366222
143.19999913	4.22986600	-0.00366222
143.27999913	4.22986600	-0.09155553
143.35999913	4.22986600	-0.09155553
143.43999913	4.22986600	-0.09155553
143.51999913	4.22986600	-0.17944880
143.59999913	4.22986600	-0.17944880
143.67999913	4.22986600	-0.17944880
143.75999913	4.22986600	-0.17944880
143.83999913	4.22986600	-0.26734220
143.91999913	4.22986600	-0.35493030
143.99999912	4.22986600	-0.35493030
144.07999912	3.69792800	-0.35493030
144.15999912	1.57017700	-0.35493030
144.23999912	0.86092720	-0.35493030
144.31999912	0.68361460	-0.44282360
144.39999912	0.68361460	-0.44282360
144.47999912	0.68361460	-0.44282360
144.55999912	0.68361460	-0.53071690
144.63999912	0.68361460	-0.53071690
144.71999912	0.68361460	-0.53071690
144.79999912	0.68361460	-0.61861020
144.87999912	0.68361460	-0.61861020
144.95999912	0.68361460	-0.61861020
145.03999912	0.68361460	-0.70619830
145.11999912	0.77211830	-0.70619830
145.19999912	0.68361460	-0.79409160
145.27999912	0.68361460	-0.79409160
145.35999912	0.68361460	-0.79409160
145.43999912	0.68361460	-0.79409160
145.51999912	0.68361460	-0.88198490
145.59999912	0.68361460	-0.88198490
145.67999911	0.77211830	-0.96987830
145.75999911	0.77211830	-0.96987830
145.83999911	0.77211830	-0.96987830
145.91999911	0.77211830	-1.05746600
145.99999911	0.77211830	-1.05746600
146.07999911	0.77211830	-1.05746600
146.15999911	0.77211830	-1.14536000
146.23999911	0.77211830	-1.23325300
146.31999911	0.77211830	-1.23325300
146.39999911	0.77211830	-1.23325300
146.47999911	0.86092720	-1.23325300
146.55999911	0.86092720	-1.32114600
146.63999911	0.86092720	-1.32114600
146.71999911	0.77211830	-1.40904000
146.79999911	0.86092720	-1.40904000
146.87999911	0.86092720	-1.40904000
146.95999911	0.86092720	-1.49662800
147.03999911	0.77211830	-1.49662800
147.11999911	0.86092720	-1.49662800
147.19999911	0.86092720	-1.58452100
147.27999910	0.86092720	-1.58452100
147.35999910	0.86092720	-1.67241400
147.43999910	0.86092720	-1.67241400
147.51999910	0.86092720	-1.76030800
147.59999910	0.86092720	-1.76030800
147.67999910	0.86092720	-1.76030800
147.75999910	0.86092720	-1.76030800
147.83999910	0.86092720	-1.84789600
147.91999910	0.86092720	-1.84789600
147.99999910	0.86092720	-1.93578900
148.07999910	0.86092720	-1.93578900
148.15999910	0.86092720	-2.02368200
148.23999910	0.86092720	-2.02368200
148.31999910	0.86092720	-2.02368200
148.39999910	0.86092720	-2.11157600
148.47999910	0.86092720	-2.11157600
148.55999910	0.86092720	-2.11157600
148.63999910	0.86092720	-2.19916400
148.71999910	0.86092720	-2.19916400
148.79999910	0.86092720	-2.28705700
148.87999910	0.86092720	-2.28705700
148.95999909	0.86092720	-2.37495000
149.03999909	0.86092720	-2.37495000
149.11999909	0.86092720	-2.37495000
149.19999909	0.94943080	-2.46284400
149.27999909	0.94943080	-2.46284400
149.35999909	0.94943080	-2.46284400
149.43999909	0.86092720	-2.55043200
149.51999909	0.94943080	-2.63832500
149.59999909	0.86092720	-2.63832500
149.67999909	0.94943080	-2.63832500
149.75999909	0.94943080	-2.72621800
149.83999909	0.94943080	-2.72621800
149.91999909	0.94943080	-2.81411200
149.99999909	0.94943080	-2.81411200
150.07999909	0.94943080	-2.81411200
150.15999909	0.94943080	-2.81411200
150.23999909	0.94943080	-2.90200500
150.31999909	0.94943080	-2.90200500
150.39999909	0.94943080	-2.90200500
150.47999909	0.94943080	-2.90200500
150.55999908	0.94943080	-2.98959300
150.63999908	0.94943080	-3.07748700
150.71999908	0.94943080	-3.07748700
150.79999908	0.94943080	-3.07748700
150.87999908	0.94943080	-3.16538000
150.95999908	0.94943080	-3.16538000
151.03999908	0.94943080	-3.16538000
151.11999908	0.94943080	-3.25327300
151.19999908	0.94943080	-3.25327300
151.27999908	0.94943080	-3.25327300
151.35999908	0.94943080	-3.34086100
151.43999908	0.94943080	-3.34086100
151.51999908	0.94943080	-3.34086100
151.59999908	0.94943080	-3.42875500
151.67999908	0.94943080	-3.42875500
151.75999908	0.94943080	-3.42875500
151.83999908	0.94943080	-3.51664800
151.91999908	0.94943080	-3.51664800
151.99999908	0.94943080	-3.51664800
152.07999908	0.94943080	-3.60454100
152.15999908	0.94943080	-3.60454100
152.23999907	0.94943080	-3.60454100
152.31999907	0.94943080	-3.69212900
152.39999907	0.94943080	-3.69212900
152.47999907	0.94943080	-3.69212900
152.55999907	0.94943080	-3.69212900
152.63999907	0.94943080	-3.78002300
152.71999907	0.94943080	-3.78002300
152.79999907	0.94943080	-3.78002300
152.87999907	0.94943080	-3.86791600
152.95999907	0.94943080	-3.86791600
153.03999907	0.94943080	-3.86791600
153.11999907	0.94943080	-3.86791600
153.19999907	0.94943080	-3.86791600
153.27999907	0.94943080	-3.86791600
153.35999907	0.94943080	-3.95580900
153.43999907	0.94943080	-3.95580900
153.51999907	0.94943080	-4.04339700
153.59999907	0.94943080	-4.04339700
153.67999907	0.94943080	-4.04339700
153.75999907	0.94943080	-4.13129000
153.83999907	0.94943080	-4.04339700
153.91999906	0.94943080	-4.13129000
153.99999906	0.94943080	-4.13129000
154.07999906	0.94943080	-4.13129000
154.15999906	0.94943080	-4.21918400
154.23999906	0.94943080	-4.21918400
154.31999906	0.94943080	-4.21918400
154.39999906	0.94943080	-4.21918400
154.47999906	0.94943080	-4.21918400
154.55999906	0.94943080	-4.21918400
154.63999906	0.94943080	-4.30707700
154.71999906	0.94943080	-4.30707700
154.79999906	0.94943080	-4.30707700
154.87999906	0.94943080	-4.30707700
154.95999906	0.94943080	-4.30707700
155.03999906	0.94943080	-4.30707700
155.11999906	0.94943080	-4.30707700
155.19999906	0.94943080	-4.30707700
155.27999906	0.94943080	-4.30707700
155.35999906	0.94943080	-4.39497000
155.43999906	0.94943080	-4.30707700
155.51999905	0.94943080	-4.30707700
155.59999905	0.94943080	-4.39497000
155.67999905	0.94943080	-4.39497000
155.75999905	0.94943080	-4.39497000
155.83999905	0.94943080	-4.39497000
155.91999905	0.94943080	-4.39497000
155.99999905	0.94943080	-4.39497000
156.07999905	0.94943080	-4.39497000
156.15999905	0.94943080	-4.39497000
156.23999905	0.94943080	-4.39497000
156.31999905	0.94943080	-4.39497000
156.39999905	0.94943080	-4.48255900
156.47999905	0.94943080	-4.48255900
156.55999905	0.94943080	-4.39497000
156.63999905	0.94943080	-4.39497000
156.71999905	0.94943080	-4.39497000
156.79999905	0.94943080	-4.39497000
156.87999905	0.94943080	-4.48255900
156.95999905	0.94943080	-4.39497000
157.03999905	0.94943080	-4.39497000
157.11999905	0.94943080	-4.39497000
157.19999904	0.94943080	-4.39497000
157.27999904	0.94943080	-4.39497000
157.35999904	0.94943080	-4.39497000
157.43999904	0.94943080	-4.39497000
157.51999904	0.94943080	-4.39497000
157.59999904	0.94943080	-4.39497000
157.67999904	0.94943080	-4.30707700
157.75999904	0.94943080	-4.39497000
157.83999904	0.86092720	-4.39497000
157.91999904	0.86092720	-4.30707700
157.99999904	0.94943080	-4.30707700
158.07999904	0.94943080	-4.30707700
158.15999904	0.86092720	-4.30707700
158.23999904	0.86092720	-4.30707700
158.31999904	0.94943080	-4.21918400
158.39999904	0.86092720	-4.21918400
158.47999904	0.86092720	-4.21918400
158.55999904	0.86092720	-4.21918400
158.63999904	0.86092720	-4.21918400
158.71999904	0.86092720	-4.21918400
158.79999903	0.86092720	-4.21918400
158.87999903	0.86092720	-4.13129000
158.95999903	0.86092720	-4.21918400
159.03999903	0.86092720	-4.13129000
159.11999903	0.86092720	-4.13129000
159.19999903	0.94943080	-4.13129000
159.27999903	0.86092720	-4.04339700
159.35999903	0.86092720	-4.04339700
159.43999903	0.86092720	-4.04339700
159.51999903	0.94943080	-3.95580900
159.59999903	0.86092720	-3.95580900
159.67999903	0.86092720	-3.95580900
159.75999903	0.86092720	-3.86791600
159.83999903	0.86092720	-3.86791600
159.91999903	0.86092720	-3.86791600
159.99999903	0.86092720	-3.86791600
160.07999903	0.86092720	-3.78002300
160.15999903	0.86092720	-3.78002300
160.23999903	0.86092720	-3.78002300
160.31999903	0.86092720	-3.69212900
160.39999903	0.86092720	-3.69212900
160.47999902	0.86092720	-3.69212900
160.55999902	0.86092720	-3.60454100
160.63999902	0.86092720	-3.60454100
160.71999902	0.86092720	-3.60454100
160.79999902	0.86092720	-3.60454100
160.87999902	0.86092720	-3.51664800
160.95999902	0.86092720	-3.51664800
161.03999902	0.86092720	-3.42875500
161.11999902	0.86092720	-3.42875500
161.19999902	0.86092720	-3.42875500
161.27999902	0.86092720	-3.34086100
161.35999902	0.86092720	-3.34086100
161.43999902	0.86092720	-3.25327300
161.51999902	0.86092720	-3.25327300
161.59999902	0.86092720	-3.16538000
161.67999902	0.86092720	-3.16538000
161.75999902	0.86092720	-3.16538000
161.83999902	0.86092720	-3.07748700
161.91999902	0.86092720	-3.07748700
161.99999902	0.86092720	-2.98959300
162.07999901	0.86092720	-2.98959300
162.15999901	0.86092720	-2.98959300
162.23999901	0.86092720	-2.90200500
162.31999901	0.86092720	-2.81411200
162.39999901	0.86092720	-2.81411200
162.47999901	0.86092720	-2.81411200
162.55999901	0.86092720	-2.81411200
162.63999901	0.86092720	-2.72621800
162.71999901	0.86092720	-2.72621800
162.79999901	0.86092720	-2.63832500
162.87999901	0.77211830	-2.63832500
162.95999901	0.86092720	-2.55043200
163.03999901	0.86092720	-2.55043200
163.11999901	0.86092720	-2.46284400
163.19999901	0.86092720	-2.46284400
163.27999901	0.86092720	-2.46284400
163.35999901	0.86092720	-2.37495000
163.43999901	0.86092720	-2.37495000
163.51999901	0.77211830	-2.28705700
163.59999901	0.77211830	-2.19916400
163.67999901	0.77211830	-2.19916400
163.75999900	0.77211830	-2.19916400
163.83999900	0.77211830	-2.11157600
163.91999900	0.77211830	-2.11157600
163.99999900	0.77211830	-2.02368200
164.07999900	0.77211830	-1.93578900
164.15999900	0.77211830	-1.93578900
164.23999900	0.77211830	-1.93578900
164.31999900	0.77211830	-1.84789600
164.39999900	0.77211830	-1.84789600
164.47999900	0.77211830	-1.76030800
164.55999900	0.77211830	-1.76030800
164.63999900	0.77211830	-1.67241400
164.71999900	0.77211830	-1.58452100
164.79999900	0.68361460	-1.58452100
164.87999900	0.77211830	-1.49662800
164.95999900	0.77211830	-1.49662800
165.03999900	0.77211830	-1.40904000
165.11999900	0.77211830	-1.40904000
165.19999900	0.77211830	-1.40904000
165.27999900	0.77211830	-1.32114600
165.35999900	0.68361460	-1.32114600
165.43999899	0.77211830	-1.23325300
165.51999899	0.77211830	-1.23325300
165.59999899	0.68361460	-1.14536000
165.67999899	0.77211830	-1.05746600
165.75999899	0.77211830	-1.05746600
165.83999899	0.77211830	-0.96987830
165.91999899	0.77211830	-0.88198490
165.99999899	0.68361460	-0.88198490
166.07999899	0.77211830	-0.79409160
166.15999899	0.77211830	-0.79409160
166.23999899	0.68361460	-0.70619830
166.31999899	0.68361460	-0.61861020
166.39999899	0.77211830	-0.61861020
166.47999899	0.68361460	-0.53071690
166.55999899	0.68361460	-0.53071690
166.63999899	0.68361460	-0.44282360
166.71999899	0.68361460	-0.44282360
166.79999899	0.68361460	-0.35493030
166.87999899	0.68361460	-0.35493030
166.95999899	0.68361460	-0.26734220
167.03999898	0.68361460	-0.26734220
167.11999898	0.68361460	-0.17944880
167.19999898	0.68361460	-0.17944880
167.27999898	0.68361460	-0.09155553
167.35999898	0.68361460	-0.00366222
167.43999898	0.68361460	-0.00366222
167.51999898	0.68361460	0.08392590
167.59999898	0.68361460	0.08392590
167.67999898	0.68361460	0.17151400
167.75999898	0.68361460	0.17151400
167.83999898	0.68361460	0.34730060
167.91999898	0.68361460	0.34730060
167.99999898	0.68361460	0.34730060
168.07999898	0.68361460	0.43519400
168.15999898	0.68361460	0.52278210
168.23999898	0.68361460	0.52278210
168.31999898	0.68361460	0.61067540
168.39999898	0.68361460	0.61067540
168.47999898	0.68361460	0.69856870
168.55999898	0.68361460	0.69856870
168.63999898	0.68361460	0.78646200
168.71999897	0.68361460	0.87405010
168.79999897	0.68361460	0.87405010
168.87999897	0.68361460	0.87405010
168.95999897	0.59480580	0.96194340
169.03999897	0.68361460	1.04983700
169.11999897	0.59480580	1.04983700
169.19999897	0.68361460	1.13773000
169.27999897	0.68361460	1.13773000
169.35999897	0.59480580	1.22531800
169.43999897	0.59480580	1.31321100
169.51999897	0.59480580	1.31321100
169.59999897	0.59480580	1.40110500
169.67999897	0.68361460	1.40110500
169.75999897	0.59480580	1.40110500
169.83999897	0.59480580	1.48899800
169.91999897	0.68361460	1.57689100
169.99999897	0.59480580	1.66447900
170.07999897	0.59480580	1.66447900
170.15999897	0.59480580	1.66447900
170.23999897	0.59480580	1.75237300
170.31999896	0.50630210	1.84026600
170.39999896	0.50630210	1.84026600
170.47999896	0.50630210	1.92815900
170.55999896	0.50630210	1.92815900
170.63999896	0.50630210	2.01574800
170.71999896	0.50630210	2.01574800
170.79999896	0.50630210	2.10364100
170.87999896	0.50630210	2.10364100
170.95999896	0.50630210	2.19153400
171.03999896	0.50630210	2.27942800
171.11999896	0.50630210	2.27942800
171.19999896	0.50630210	2.27942800
171.27999896	0.59480580	2.36701600
171.35999896	0.50630210	2.45490900
171.43999896	0.50630210	2.45490900
171.51999896	0.59480580	2.54280200
171.59999896	0.50630210	2.45490900
171.67999896	0.59480580	2.54280200
171.75999896	0.59480580	2.63069600
171.83999896	0.50630210	2.63069600
171.91999896	0.50630210	2.71828400
171.99999895	0.59480580	2.80617700
172.07999895	0.50630210	2.80617700
172.15999895	0.50630210	2.80617700
172.23999895	0.59480580	2.89407000
172.31999895	0.59480580	2.89407000
172.39999895	0.59480580	2.98196400
172.47999895	0.50630210	2.98196400
172.55999895	0.59480580	3.06985700
172.63999895	0.59480580	3.06985700
172.71999895	0.59480580	3.15744500
172.79999895	0.59480580	3.15744500
172.87999895	0.59480580	3.15744500
172.95999895	0.59480580	3.24533800
173.03999895	0.59480580	3.33323200
173.11999895	0.59480580	3.33323200
173.19999895	0.59480580	3.33323200
173.27999895	0.59480580	3.42112500
173.35999895	0.59480580	3.42112500
173.43999895	0.59480580	3.50871300
173.51999895	0.59480580	3.50871300
173.59999894	0.59480580	3.50871300
173.67999894	0.59480580	3.59660600
173.75999894	0.59480580	3.59660600
173.83999894	0.59480580	3.68450000
173.91999894	0.59480580	3.68450000
173.99999894	0.59480580	3.68450000
174.07999894	0.59480580	3.77239300
174.15999894	0.59480580	3.77239300
174.23999894	0.59480580	3.85998100
174.31999894	0.59480580	3.85998100
174.39999894	0.59480580	3.85998100
174.47999894	0.59480580	3.85998100
174.55999894	0.59480580	3.94787400
174.63999894	0.68361460	3.94787400
174.71999894	0.59480580	4.03576800
174.79999894	0.59480580	4.03576800
174.87999894	0.59480580	4.03576800
174.95999894	0.59480580	4.12366100
175.03999894	0.59480580	4.12366100
175.11999894	0.59480580	4.12366100
175.19999894	0.59480580	4.21124900
175.27999893	0.59480580	4.21124900
175.35999893	0.59480580	4.21124900
175.43999893	0.59480580	4.21124900
175.51999893	0.59480580	4.29914200
175.59999893	0.59480580	4.29914200
175.67999893	0.59480580	4.38703600
175.75999893	0.59480580	4.38703600
175.83999893	0.68361460	4.38703600
175.91999893	0.59480580	4.47492900
175.99999893	0.59480580	4.47492900
176.07999893	0.59480580	4.47492900
176.15999893	0.68361460	4.47492900
176.23999893	0.59480580	4.47492900
176.31999893	0.59480580	4.56282200
176.39999893	0.68361460	4.56282200
176.47999893	0.68361460	4.56282200
176.55999893	0.68361460	4.56282200
176.63999893	0.59480580	4.56282200
176.71999893	0.68361460	4.56282200
176.79999893	0.68361460	4.65041100
176.87999893	0.59480580	4.65041100
176.95999892	0.68361460	4.65041100
177.03999892	0.68361460	4.73830400
177.11999892	0.68361460	4.73830400
177.19999892	0.68361460	4.73830400
177.27999892	0.68361460	4.73830400
177.35999892	0.68361460	4.73830400
177.43999892	0.68361460	4.82619700
177.51999892	0.68361460	4.73830400
177.59999892	0.68361460	4.82619700
177.67999892	0.59480580	4.82619700
177.75999892	0.68361460	4.82619700
177.83999892	0.68361460	4.82619700
177.91999892	0.68361460	4.82619700
177.99999892	0.68361460	4.82619700
178.07999892	0.68361460	4.91409000
178.15999892	0.68361460	4.91409000
178.23999892	0.68361460	4.91409000
178.31999892	0.68361460	4.91409000
178.39999892	0.68361460	4.91409000
178.47999892	0.68361460	4.91409000
178.55999891	0.68361460	4.91409000
178.63999891	0.68361460	4.91409000
178.71999891	0.68361460	4.91409000
178.79999891	0.68361460	4.91409000
178.87999891	0.68361460	4.91409000
178.95999891	0.68361460	4.91409000
179.03999891	0.68361460	4.91409000
179.11999891	0.68361460	4.91409000
179.19999891	0.68361460	4.91409000
179.27999891	0.68361460	4.91409000
179.35999891	0.59480580	4.91409000
179.43999891	0.68361460	4.91409000
179.51999891	0.59480580	4.91409000
179.59999891	0.68361460	4.91409000
179.67999891	0.68361460	4.91409000
179.75999891	0.59480580	4.91409000
179.83999891	0.68361460	4.91409000
179.91999891	0.68361460	4.91409000
179.99999891	0.68361460	4.91409000
180.07999891	0.68361460	4.91409000
180.15999891	0.68361460	4.91409000
180.23999890	0.68361460	4.91409000
180.31999890	0.68361460	4.82619700
180.39999890	0.68361460	4.82619700
180.47999890	0.68361460	4.91409000
180.55999890	0.68361460	4.91409000
180.63999890	0.68361460	4.82619700
180.71999890	0.68361460	4.82619700
180.79999890	0.68361460	4.82619700
180.87999890	0.68361460	4.82619700
180.95999890	0.68361460	4.73830400
181.03999890	0.68361460	4.82619700
181.11999890	0.68361460	4.82619700
181.19999890	0.68361460	4.73830400
181.27999890	0.68361460	4.73830400
181.35999890	0.59480580	4.73830400
181.43999890	0.68361460	4.73830400
181.51999890	0.68361460	4.65041100
181.59999890	0.68361460	4.65041100
181.67999890	0.68361460	4.65041100
181.75999890	0.68361460	4.56282200
181.83999889	0.68361460	4.56282200
181.91999889	0.68361460	4.56282200
181.99999889	0.68361460	4.56282200
182.07999889	0.68361460	4.56282200
182.15999889	0.68361460	4.56282200
182.23999889	0.68361460	4.56282200
182.31999889	0.68361460	4.47492900
182.39999889	0.68361460	4.47492900
182.47999889	0.68361460	4.47492900
182.55999889	0.68361460	4.47492900
182.63999889	0.68361460	4.38703600
182.71999889	0.68361460	4.38703600
182.79999889	0.68361460	4.38703600
182.87999889	0.68361460	4.29914200
182.95999889	0.68361460	4.29914200
183.03999889	0.68361460	4.29914200
183.11999889	0.68361460	4.29914200
183.19999889	0.68361460	4.21124900
183.27999889	0.68361460	4.21124900
183.35999889	0.68361460	4.21124900
183.43999889	0.68361460	4.21124900
183.51999888	0.68361460	4.12366100
183.59999888	0.68361460	4.12366100
183.67999888	0.68361460	4.12366100
183.75999888	0.68361460	4.03576800
183.83999888	0.59480580	4.03576800
183.91999888	0.68361460	4.03576800
183.99999888	0.59480580	4.03576800
184.07999888	0.68361460	3.85998100
184.15999888	0.68361460	3.85998100
184.23999888	0.68361460	3.85998100
184.31999888	0.68361460	3.85998100
184.39999888	0.68361460	3.77239300
184.47999888	0.59480580	3.77239300
184.55999888	0.68361460	3.77239300
184.63999888	0.68361460	3.68450000
184.71999888	0.59480580	3.68450000
184.79999888	0.59480580	3.68450000
184.87999888	0.68361460	3.68450000
184.95999888	0.68361460	3.59660600
185.03999888	0.68361460	3.59660600
185.11999887	0.59480580	3.50871300
185.19999887	0.59480580	3.50871300
185.27999887	0.59480580	3.50871300
185.35999887	0.59480580	3.50871300
185.43999887	0.59480580	3.42112500
185.51999887	0.59480580	3.42112500
185.59999887	0.59480580	3.33323200
185.67999887	0.59480580	3.33323200
185.75999887	0.59480580	3.33323200
185.83999887	0.59480580	3.24533800
185.91999887	0.59480580	3.24533800
185.99999887	0.59480580	3.15744500
186.07999887	0.50630210	3.15744500
186.15999887	0.50630210	3.15744500
186.23999887	0.50630210	3.06985700
186.31999887	0.50630210	3.06985700
186.39999887	0.50630210	2.98196400
186.47999887	0.50630210	2.98196400
186.55999887	0.50630210	2.89407000
186.63999887	0.41749320	2.89407000
186.71999887	0.41749320	2.80617700
186.79999886	0.32898950	2.80617700
186.87999886	0.32898950	2.80617700
186.95999886	0.32898950	2.80617700
187.03999886	0.32898950	2.71828400
187.11999886	0.32898950	2.71828400
187.19999886	0.32898950	2.63069600
187.27999886	0.32898950	2.63069600
187.35999886	0.32898950	2.63069600
187.43999886	0.24048580	2.54280200
187.51999886	0.24048580	2.54280200
187.59999886	0.24048580	2.45490900
187.67999886	0.24048580	2.45490900
187.75999886	0.24048580	2.36701600
187.83999886	0.24048580	2.36701600
187.91999886	0.15167700	2.27942800
187.99999886	0.24048580	2.27942800
188.07999886	0.15167700	2.27942800
188.15999886	0.15167700	2.27942800
188.23999886	0.15167700	2.19153400
188.31999886	0.15167700	2.10364100
188.39999886	0.15167700	2.10364100
188.47999885	0.15167700	2.01574800
188.55999885	0.15167700	2.01574800
188.63999885	0.06317332	1.92815900
188.71999885	0.06317332	1.92815900
188.79999885	0.06317332	1.92815900
188.87999885	-0.02563555	1.84026600
188.95999885	-0.02563555	1.75237300
189.03999885	-0.02563555	1.75237300
189.11999885	-0.02563555	1.75237300
189.19999885	-0.11413920	1.75237300
189.27999885	-0.02563555	1.66447900
189.35999885	-0.11413920	1.57689100
189.43999885	-0.11413920	1.57689100
189.51999885	-0.11413920	1.57689100
189.59999885	-0.11413920	1.48899800
189.67999885	-0.11413920	1.40110500
189.75999885	-0.11413920	1.40110500
189.83999885	-0.11413920	1.31321100
189.91999885	-0.20294810	1.31321100
189.99999885	-0.20294810	1.31321100
190.07999884	-0.20294810	1.22531800
190.15999884	-0.20294810	1.22531800
190.23999884	-0.20294810	1.13773000
190.31999884	-0.29145180	1.13773000
190.39999884	-0.29145180	1.04983700
190.47999884	-0.29145180	1.04983700
190.55999884	-0.38026060	1.04983700
190.63999884	-0.38026060	0.96194340
190.71999884	-0.38026060	0.96194340
190.79999884	-0.38026060	0.87405010
190.87999884	-0.38026060	0.87405010
190.95999884	-0.38026060	0.78646200
191.03999884	-0.38026060	0.78646200
191.11999884	-0.38026060	0.69856870
191.19999884	-0.46876430	0.69856870
191.27999884	-0.38026060	0.69856870
191.35999884	-0.38026060	0.61067540
191.43999884	-0.46876430	0.61067540
191.51999884	-0.46876430	0.52278210
191.59999884	-0.46876430	0.52278210
191.67999884	-0.46876430	0.43519400
191.75999883	-0.46876430	0.43519400
191.83999883	-0.46876430	0.34730060
191.91999883	-0.46876430	0.34730060
191.99999883	-0.46876430	0.34730060
192.07999883	-0.46876430	0.25940730
192.15999883	-0.46876430	0.17151400
192.23999883	-0.46876430	0.17151400
192.31999883	-0.55757310	0.08392590
192.39999883	-0.46876430	0.08392590
192.47999883	-0.46876430	-0.00366222
192.55999883	-0.46876430	-0.00366222
192.63999883	-0.55757310	-0.00366222
192.71999883	-0.55757310	-0.09155553
192.79999883	-0.55757310	-0.09155553
192.87999883	-0.46876430	-0.17944880
192.95999883	-0.55757310	-0.17944880
193.03999883	-0.55757310	-0.26734220
193.11999883	-0.55757310	-0.26734220
193.19999883	-0.55757310	-0.35493030
193.27999883	-0.55757310	-0.35493030
193.35999882	-0.55757310	-0.35493030
193.43999882	-0.55757310	-0.44282360
193.51999882	-0.55757310	-0.44282360
193.59999882	-0.55757310	-0.53071690
193.67999882	-0.55757310	-0.53071690
193.75999882	-0.55757310	-0.53071690
193.83999882	-0.55757310	-0.61861020
193.91999882	-0.55757310	-0.70619830
193.99999882	-0.55757310	-0.70619830
194.07999882	-0.64607690	-0.79409160
194.15999882	-0.55757310	-0.79409160
194.23999882	-0.55757310	-0.79409160
194.31999882	-0.64607690	-0.79409160
194.39999882	-0.64607690	-0.96987830
194.47999882	-0.64607690	-0.96987830
194.55999882	-0.64607690	-1.05746600
194.63999882	-0.64607690	-1.05746600
194.71999882	-0.55757310	-1.05746600
194.79999882	-0.64607690	-1.05746600
194.87999882	-0.64607690	-1.14536000
194.95999882	-0.55757310	-1.23325300
195.03999881	-0.64607690	-1.23325300
195.11999881	-0.64607690	-1.23325300
195.19999881	-0.64607690	-1.32114600
195.27999881	-0.64607690	-1.32114600
195.35999881	-0.73488570	-1.40904000
195.43999881	-0.64607690	-1.40904000
195.51999881	-0.64607690	-1.40904000
195.59999881	-0.64607690	-1.49662800
195.67999881	-0.73488570	-1.49662800
195.75999881	-0.64607690	-1.49662800
195.83999881	-0.73488570	-1.58452100
195.91999881	-0.73488570	-1.67241400
195.99999881	-0.73488570	-1.67241400
196.07999881	-0.73488570	-1.67241400
196.15999881	-0.73488570	-1.76030800
196.23999881	-0.73488570	-1.76030800
196.31999881	-0.73488570	-1.76030800
196.39999881	-0.73488570	-1.76030800
196.47999881	-0.73488570	-1.84789600
196.55999881	-0.73488570	-1.93578900
196.63999880	-0.73488570	-1.93578900
196.71999880	-0.73488570	-1.93578900
196.79999880	-0.73488570	-1.93578900
196.87999880	-0.73488570	-2.02368200
196.95999880	-0.73488570	-2.02368200
197.03999880	-0.73488570	-2.02368200
197.11999880	-0.73488570	-2.11157600
197.19999880	-0.73488570	-2.11157600
197.27999880	-0.73488570	-2.11157600
197.35999880	-0.73488570	-2.11157600
197.43999880	-0.73488570	-2.19916400
197.51999880	-0.73488570	-2.19916400
197.59999880	-0.73488570	-2.19916400
197.67999880	-0.73488570	-2.28705700
197.75999880	-0.73488570	-2.28705700
197.83999880	-0.73488570	-2.37495000
197.91999880	-0.73488570	-2.37495000
197.99999880	-0.73488570	-2.37495000
198.07999880	-0.73488570	-2.37495000
198.15999880	-0.73488570	-2.46284400
198.23999880	-0.73488570	-2.46284400
198.31999879	-0.73488570	-2.46284400
198.39999879	-0.73488570	-2.55043200
198.47999879	-0.73488570	-2.55043200
198.55999879	-0.73488570	-2.55043200
198.63999879	-0.73488570	-2.55043200
198.71999879	-0.73488570	-2.63832500
198.79999879	-0.73488570	-2.63832500
198.87999879	-0.73488570	-2.63832500
198.95999879	-0.73488570	-2.72621800
199.03999879	-0.73488570	-2.72621800
199.11999879	-0.73488570	-2.72621800
199.19999879	-0.73488570	-2.81411200
199.27999879	-0.73488570	-2.81411200
199.35999879	-0.73488570	-2.81411200
199.43999879	-0.82338940	-2.81411200
199.51999879	-0.73488570	-2.81411200
199.59999879	-0.73488570	-2.81411200
199.67999879	-0.82338940	-2.90200500
199.75999879	-0.82338940	-2.90200500
199.83999879	-0.73488570	-2.90200500
199.91999878	-0.73488570	-2.98959300
199.99999878	-0.82338940	-2.90200500
200.07999878	-0.73488570	-2.98959300
200.15999878	-0.82338940	-2.98959300
200.23999878	-0.73488570	-3.07748700
