Time	Channel A	Channel B
(us)	(V)	(V)

0.00000000	-0.55757310	-1.14536000
0.08000000	-0.55757310	-1.14536000
0.16000000	-0.55757310	-1.14536000
0.24000000	-0.55757310	-1.05746600
0.32000000	-0.55757310	-1.05746600
0.40000000	-0.55757310	-1.05746600
0.48000000	-0.55757310	-1.05746600
0.56000000	-0.55757310	-0.96987830
0.64000000	-0.55757310	-0.96987830
0.72000000	-0.55757310	-0.88198490
0.80000000	-0.55757310	-0.88198490
0.87999999	-0.55757310	-0.88198490
0.95999999	-0.55757310	-0.79409160
1.03999999	-0.55757310	-0.79409160
1.11999999	-0.55757310	-0.79409160
1.19999999	-0.55757310	-0.79409160
1.27999999	-0.55757310	-0.70619830
1.35999999	-0.46876430	-0.70619830
1.43999999	-0.46876430	-0.70619830
1.51999999	-0.46876430	-0.61861020
1.59999999	-0.46876430	-0.61861020
1.67999999	-0.46876430	-0.61861020
1.75999999	-0.46876430	-0.61861020
1.83999999	-0.46876430	-0.53071690
1.91999999	-0.46876430	-0.53071690
1.99999999	-0.46876430	-0.44282360
2.07999999	-0.46876430	-0.44282360
2.15999999	-0.46876430	-0.44282360
2.23999999	-0.46876430	-0.44282360
2.31999999	-0.46876430	-0.35493030
2.39999999	-0.46876430	-0.35493030
2.47999998	-0.46876430	-0.35493030
2.55999998	-0.38026060	-0.35493030
2.63999998	-0.38026060	-0.35493030
2.71999998	-0.38026060	-0.35493030
2.79999998	-0.38026060	-0.26734220
2.87999998	-0.38026060	-0.17944880
2.95999998	-0.29145180	-0.17944880
3.03999998	-0.29145180	-0.17944880
3.11999998	-0.29145180	-0.09155553
3.19999998	-0.20294810	-0.09155553
3.27999998	-0.29145180	-0.09155553
3.35999998	-0.20294810	-0.00366222
3.43999998	-0.20294810	-0.00366222
3.51999998	-0.11413920	-0.00366222
3.59999998	-0.11413920	-0.00366222
3.67999998	-0.11413920	0.08392590
3.75999998	-0.11413920	0.08392590
3.83999998	-0.02563555	0.08392590
3.91999998	-0.02563555	0.17151400
3.99999998	0.06317332	0.17151400
4.07999998	0.06317332	0.17151400
4.15999997	0.06317332	0.17151400
4.23999997	0.06317332	0.17151400
4.31999997	0.15167700	0.34730060
4.39999997	0.15167700	0.34730060
4.47999997	0.24048580	0.34730060
4.55999997	0.32898950	0.34730060
4.63999997	0.59480580	0.34730060
4.71999997	0.59480580	0.34730060
4.79999997	0.59480580	0.43519400
4.87999997	0.59480580	0.43519400
4.95999997	0.59480580	0.52278210
5.03999997	0.59480580	0.52278210
5.11999997	0.59480580	0.52278210
5.19999997	0.15167700	0.52278210
5.27999997	1.21555200	0.61067540
5.35999997	1.83599400	0.61067540
5.43999997	1.92480200	0.61067540
5.51999997	1.30405600	0.69856870
5.59999997	0.32898950	0.69856870
5.67999997	2.81136500	0.69856870
5.75999996	4.49598700	0.69856870
5.83999996	4.05255300	0.69856870
5.91999996	4.05255300	0.78646200
5.99999996	4.14136200	0.87405010
6.07999996	4.05255300	0.87405010
6.15999996	4.05255300	0.87405010
6.23999996	4.05255300	0.87405010
6.31999996	4.05255300	0.96194340
6.39999996	4.05255300	0.96194340
6.47999996	4.05255300	1.04983700
6.55999996	4.05255300	1.04983700
6.63999996	4.05255300	1.04983700
6.71999996	4.05255300	1.04983700
6.79999996	3.96404900	1.04983700
6.87999996	3.96404900	1.13773000
6.95999996	3.96404900	1.13773000
7.03999996	3.96404900	1.22531800
7.11999996	3.96404900	1.22531800
7.19999996	3.87524000	1.22531800
7.27999996	3.87524000	1.31321100
7.35999996	3.87524000	1.31321100
7.43999995	3.87524000	1.40110500
7.51999995	3.87524000	1.40110500
7.59999995	3.87524000	1.40110500
7.67999995	3.87524000	1.40110500
7.75999995	3.87524000	1.40110500
7.83999995	3.87524000	1.48899800
7.91999995	3.87524000	1.57689100
7.99999995	3.87524000	1.57689100
8.07999995	3.87524000	1.57689100
8.15999995	3.87524000	1.57689100
8.23999995	3.78673700	1.66447900
8.31999995	3.87524000	1.66447900
8.39999995	3.78673700	1.75237300
8.47999995	3.78673700	1.75237300
8.55999995	3.78673700	1.75237300
8.63999995	3.78673700	1.75237300
8.71999995	3.78673700	1.75237300
8.79999995	3.78673700	1.84026600
8.87999995	3.78673700	1.92815900
8.95999995	3.78673700	1.92815900
9.03999995	3.78673700	2.01574800
9.11999994	3.69792800	2.01574800
9.19999994	3.69792800	2.01574800
9.27999994	3.78673700	2.10364100
9.35999994	3.69792800	2.10364100
9.43999994	3.69792800	2.10364100
9.51999994	3.69792800	2.10364100
9.59999994	3.69792800	2.19153400
9.67999994	3.69792800	2.19153400
9.75999994	3.69792800	2.27942800
9.83999994	3.69792800	2.27942800
9.91999994	3.69792800	2.36701600
9.99999994	3.69792800	2.36701600
10.07999994	3.69792800	2.45490900
10.15999994	3.69792800	2.45490900
10.23999994	3.69792800	2.45490900
10.31999994	3.69792800	2.54280200
10.39999994	3.69792800	2.54280200
10.47999994	3.69792800	2.54280200
10.55999994	3.69792800	2.54280200
10.63999994	3.69792800	2.63069600
10.71999993	3.69792800	2.71828400
10.79999993	3.69792800	2.71828400
10.87999993	3.69792800	2.71828400
10.95999993	3.60942400	2.71828400
11.03999993	3.60942400	2.80617700
11.11999993	3.60942400	2.80617700
11.19999993	3.60942400	2.80617700
11.27999993	3.60942400	2.80617700
11.35999993	3.60942400	2.89407000
11.43999993	3.69792800	2.98196400
11.51999993	3.60942400	2.98196400
11.59999993	3.60942400	2.98196400
11.67999993	3.60942400	3.06985700
11.75999993	3.60942400	3.06985700
11.83999993	3.60942400	3.06985700
11.91999993	3.52061500	3.15744500
11.99999993	3.60942400	3.15744500
12.07999993	3.60942400	3.24533800
12.15999993	3.60942400	3.24533800
12.23999993	3.60942400	3.24533800
12.31999993	3.52061500	3.33323200
12.39999992	3.60942400	3.33323200
12.47999992	3.60942400	3.33323200
12.55999992	3.52061500	3.42112500
12.63999992	3.60942400	3.42112500
12.71999992	3.52061500	3.42112500
12.79999992	3.60942400	3.42112500
12.87999992	3.52061500	3.50871300
12.95999992	3.60942400	3.50871300
13.03999992	3.52061500	3.50871300
13.11999992	3.52061500	3.50871300
13.19999992	3.60942400	3.59660600
13.27999992	3.52061500	3.59660600
13.35999992	3.52061500	3.59660600
13.43999992	3.52061500	3.68450000
13.51999992	3.52061500	3.68450000
13.59999992	3.52061500	3.68450000
13.67999992	3.52061500	3.68450000
13.75999992	3.52061500	3.77239300
13.83999992	3.60942400	3.77239300
13.91999992	3.52061500	3.85998100
13.99999991	3.52061500	3.77239300
14.07999991	3.52061500	3.85998100
14.15999991	3.52061500	3.85998100
14.23999991	3.60942400	3.85998100
14.31999991	3.60942400	3.94787400
14.39999991	3.60942400	3.94787400
14.47999991	3.60942400	3.94787400
14.55999991	3.52061500	4.03576800
14.63999991	3.60942400	4.03576800
14.71999991	3.52061500	4.03576800
14.79999991	3.52061500	4.03576800
14.87999991	3.52061500	4.03576800
14.95999991	3.60942400	4.12366100
15.03999991	3.60942400	4.12366100
15.11999991	3.52061500	4.12366100
15.19999991	3.52061500	4.12366100
15.27999991	3.52061500	4.12366100
15.35999991	3.60942400	4.12366100
15.43999991	3.60942400	4.21124900
15.51999991	3.60942400	4.21124900
15.59999991	3.60942400	4.21124900
15.67999990	3.60942400	4.21124900
15.75999990	3.52061500	4.21124900
15.83999990	3.52061500	4.21124900
15.91999990	3.60942400	4.21124900
15.99999990	3.60942400	4.29914200
16.07999990	3.52061500	4.29914200
16.15999990	3.60942400	4.29914200
16.23999990	3.60942400	4.29914200
16.31999990	3.52061500	4.29914200
16.39999990	3.60942400	4.29914200
16.47999990	3.60942400	4.38703600
16.55999990	3.69792800	4.29914200
16.63999990	3.60942400	4.38703600
16.71999990	3.60942400	4.29914200
16.79999990	3.60942400	4.38703600
16.87999990	3.60942400	4.38703600
16.95999990	3.69792800	4.38703600
17.03999990	3.60942400	4.38703600
17.11999990	3.69792800	4.38703600
17.19999990	3.60942400	4.38703600
17.27999989	3.60942400	4.38703600
17.35999989	3.69792800	4.38703600
17.43999989	3.60942400	4.38703600
17.51999989	3.69792800	4.38703600
17.59999989	3.69792800	4.38703600
17.67999989	3.60942400	4.38703600
17.75999989	3.60942400	4.38703600
17.83999989	3.60942400	4.38703600
17.91999989	3.69792800	4.38703600
17.99999989	3.69792800	4.38703600
18.07999989	3.69792800	4.38703600
18.15999989	3.69792800	4.38703600
18.23999989	3.60942400	4.38703600
18.31999989	3.69792800	4.38703600
18.39999989	3.69792800	4.38703600
18.47999989	3.69792800	4.38703600
18.55999989	3.69792800	4.38703600
18.63999989	3.69792800	4.38703600
18.71999989	3.69792800	4.38703600
18.79999989	3.69792800	4.29914200
18.87999989	3.69792800	4.38703600
18.95999988	3.69792800	4.29914200
19.03999988	3.69792800	4.29914200
19.11999988	3.78673700	4.29914200
19.19999988	3.69792800	4.29914200
19.27999988	3.69792800	4.29914200
19.35999988	3.69792800	4.29914200
19.43999988	3.78673700	4.21124900
19.51999988	3.69792800	4.21124900
19.59999988	3.69792800	4.21124900
19.67999988	3.78673700	4.21124900
19.75999988	3.69792800	4.21124900
19.83999988	3.78673700	4.21124900
19.91999988	3.69792800	4.21124900
19.99999988	3.78673700	4.21124900
20.07999988	3.78673700	4.12366100
20.15999988	3.78673700	4.12366100
20.23999988	3.78673700	4.12366100
20.31999988	3.78673700	4.03576800
20.39999988	3.78673700	4.12366100
20.47999988	3.78673700	4.12366100
20.55999988	3.78673700	4.03576800
20.63999987	3.78673700	4.03576800
20.71999987	3.78673700	4.03576800
20.79999987	3.78673700	3.94787400
20.87999987	3.78673700	3.94787400
20.95999987	3.78673700	3.94787400
21.03999987	3.87524000	3.85998100
21.11999987	3.78673700	3.85998100
21.19999987	3.87524000	3.85998100
21.27999987	3.78673700	3.85998100
21.35999987	3.87524000	3.77239300
21.43999987	3.87524000	3.77239300
21.51999987	3.87524000	3.68450000
21.59999987	3.78673700	3.68450000
21.67999987	3.87524000	3.68450000
21.75999987	3.87524000	3.68450000
21.83999987	3.87524000	3.68450000
21.91999987	3.87524000	3.59660600
21.99999987	3.87524000	3.59660600
22.07999987	3.87524000	3.50871300
22.15999987	3.87524000	3.50871300
22.23999986	3.87524000	3.50871300
22.31999986	3.87524000	3.42112500
22.39999986	3.87524000	3.42112500
22.47999986	3.87524000	3.42112500
22.55999986	3.87524000	3.33323200
22.63999986	3.87524000	3.33323200
22.71999986	3.87524000	3.33323200
22.79999986	3.87524000	3.24533800
22.87999986	3.87524000	3.24533800
22.95999986	3.87524000	3.15744500
23.03999986	3.87524000	3.15744500
23.11999986	3.96404900	3.15744500
23.19999986	3.87524000	3.06985700
23.27999986	3.96404900	2.98196400
23.35999986	3.96404900	2.98196400
23.43999986	3.96404900	2.98196400
23.51999986	3.96404900	2.89407000
23.59999986	3.87524000	2.80617700
23.67999986	3.96404900	2.89407000
23.75999986	3.96404900	2.80617700
23.83999986	3.96404900	2.80617700
23.91999985	3.96404900	2.71828400
23.99999985	3.96404900	2.71828400
24.07999985	3.96404900	2.71828400
24.15999985	3.96404900	2.63069600
24.23999985	3.96404900	2.54280200
24.31999985	3.96404900	2.54280200
24.39999985	3.96404900	2.45490900
24.47999985	3.96404900	2.45490900
24.55999985	4.05255300	2.36701600
24.63999985	3.96404900	2.36701600
24.71999985	4.05255300	2.36701600
24.79999985	4.05255300	2.36701600
24.87999985	4.05255300	2.27942800
24.95999985	4.05255300	2.19153400
25.03999985	4.05255300	2.19153400
25.11999985	4.05255300	2.10364100
25.19999985	4.05255300	2.10364100
25.27999985	4.05255300	2.01574800
25.35999985	4.05255300	2.01574800
25.43999985	4.05255300	1.92815900
25.51999984	4.05255300	1.84026600
25.59999984	4.05255300	1.84026600
25.67999984	4.05255300	1.75237300
25.75999984	4.05255300	1.75237300
25.83999984	4.05255300	1.75237300
25.91999984	4.05255300	1.66447900
25.99999984	4.05255300	1.66447900
26.07999984	4.05255300	1.57689100
26.15999984	4.05255300	1.48899800
26.23999984	4.05255300	1.48899800
26.31999984	4.14136200	1.40110500
26.39999984	4.05255300	1.40110500
26.47999984	4.14136200	1.31321100
26.55999984	4.05255300	1.31321100
26.63999984	4.14136200	1.22531800
26.71999984	4.14136200	1.22531800
26.79999984	4.14136200	1.13773000
26.87999984	4.14136200	1.04983700
26.95999984	4.14136200	1.04983700
27.03999984	4.14136200	1.04983700
27.11999984	4.14136200	0.96194340
27.19999983	4.14136200	0.87405010
27.27999983	4.14136200	0.78646200
27.35999983	4.14136200	0.78646200
27.43999983	4.14136200	0.78646200
27.51999983	4.14136200	0.69856870
27.59999983	4.14136200	0.69856870
27.67999983	4.14136200	0.69856870
27.75999983	4.14136200	0.61067540
27.83999983	4.14136200	0.52278210
27.91999983	4.14136200	0.52278210
27.99999983	4.14136200	0.43519400
28.07999983	4.14136200	0.34730060
28.15999983	4.14136200	0.34730060
28.23999983	4.14136200	0.25940730
28.31999983	4.14136200	0.17151400
28.39999983	4.22986600	0.17151400
28.47999983	4.14136200	0.08392590
28.55999983	4.14136200	0.08392590
28.63999983	4.14136200	-0.00366222
28.71999983	4.14136200	-0.00366222
28.79999982	4.14136200	-0.09155553
28.87999982	4.14136200	-0.09155553
28.95999982	4.22986600	-0.17944880
29.03999982	4.22986600	-0.17944880
29.11999982	4.22986600	-0.26734220
29.19999982	4.22986600	-0.35493030
29.27999982	4.22986600	-0.35493030
29.35999982	4.22986600	-0.44282360
29.43999982	4.22986600	-0.53071690
29.51999982	4.22986600	-0.53071690
29.59999982	4.22986600	-0.61861020
29.67999982	4.22986600	-0.70619830
29.75999982	4.22986600	-0.70619830
29.83999982	4.22986600	-0.79409160
29.91999982	4.22986600	-0.79409160
29.99999982	4.22986600	-0.88198490
30.07999982	4.22986600	-0.88198490
30.15999982	4.22986600	-0.96987830
30.23999982	4.22986600	-1.05746600
30.31999982	4.22986600	-1.05746600
30.39999982	4.22986600	-1.14536000
30.47999981	4.22986600	-1.23325300
30.55999981	4.31867400	-1.23325300
30.63999981	4.22986600	-1.32114600
30.71999981	4.31867400	-1.40904000
30.79999981	4.31867400	-1.40904000
30.87999981	4.22986600	-1.40904000
30.95999981	4.22986600	-1.49662800
31.03999981	4.22986600	-1.49662800
31.11999981	4.31867400	-1.58452100
31.19999981	4.22986600	-1.58452100
31.27999981	4.31867400	-1.67241400
31.35999981	4.40717800	-1.76030800
31.43999981	4.40717800	-1.76030800
31.51999981	4.40717800	-1.84789600
31.59999981	4.58449000	-1.84789600
31.67999981	4.93911600	-1.93578900
31.75999981	5.11642800	-1.93578900
31.83999981	5.20523700	-2.02368200
31.91999981	5.11642800	-2.02368200
31.99999981	5.02792500	-2.11157600
32.07999981	5.02792500	-2.11157600
32.15999980	5.02792500	-2.19916400
32.23999980	5.11642800	-2.19916400
32.31999980	5.11642800	-2.28705700
32.39999980	5.11642800	-2.37495000
32.47999980	5.02792500	-2.37495000
32.55999980	5.02792500	-2.37495000
32.63999980	5.02792500	-2.46284400
32.71999980	5.02792500	-2.46284400
32.79999980	5.02792500	-2.55043200
32.87999980	5.02792500	-2.63832500
32.95999980	4.93911600	-2.63832500
33.03999980	4.93911600	-2.72621800
33.11999980	4.93911600	-2.72621800
33.19999980	4.93911600	-2.81411200
33.27999980	4.93911600	-2.81411200
33.35999980	4.93911600	-2.90200500
33.43999980	4.85061200	-2.90200500
33.51999980	4.85061200	-2.90200500
33.59999980	4.85061200	-2.98959300
33.67999980	4.85061200	-2.98959300
33.75999979	4.76180300	-3.07748700
33.83999979	4.76180300	-3.16538000
33.91999979	4.76180300	-3.16538000
33.99999979	4.76180300	-3.16538000
34.07999979	4.76180300	-3.25327300
34.15999979	4.67329900	-3.25327300
34.23999979	4.76180300	-3.34086100
34.31999979	4.67329900	-3.34086100
34.39999979	4.67329900	-3.34086100
34.47999979	4.58449000	-3.42875500
34.55999979	4.67329900	-3.42875500
34.63999979	4.58449000	-3.51664800
34.71999979	4.58449000	-3.51664800
34.79999979	4.58449000	-3.60454100
34.87999979	4.49598700	-3.60454100
34.95999979	4.49598700	-3.69212900
35.03999979	4.49598700	-3.69212900
35.11999979	4.49598700	-3.69212900
35.19999979	4.49598700	-3.78002300
35.27999979	4.49598700	-3.78002300
35.35999979	4.49598700	-3.86791600
35.43999978	4.49598700	-3.86791600
35.51999978	4.40717800	-3.86791600
35.59999978	4.40717800	-3.95580900
35.67999978	4.40717800	-3.86791600
35.75999978	4.40717800	-4.04339700
35.83999978	4.40717800	-4.04339700
35.91999978	4.40717800	-4.04339700
35.99999978	4.40717800	-4.04339700
36.07999978	4.31867400	-4.13129000
36.15999978	4.40717800	-4.13129000
36.23999978	4.40717800	-4.21918400
36.31999978	4.40717800	-4.21918400
36.39999978	4.31867400	-4.21918400
36.47999978	4.31867400	-4.21918400
36.55999978	4.31867400	-4.30707700
36.63999978	4.31867400	-4.30707700
36.71999978	4.31867400	-4.30707700
36.79999978	4.31867400	-4.39497000
36.87999978	4.31867400	-4.39497000
36.95999978	4.31867400	-4.48255900
37.03999977	4.31867400	-4.48255900
37.11999977	4.31867400	-4.48255900
37.19999977	4.31867400	-4.48255900
37.27999977	4.31867400	-4.57045200
37.35999977	4.31867400	-4.57045200
37.43999977	4.31867400	-4.57045200
37.51999977	4.31867400	-4.57045200
37.59999977	4.31867400	-4.57045200
37.67999977	4.31867400	-4.65834500
37.75999977	4.31867400	-4.65834500
37.83999977	4.31867400	-4.65834500
37.91999977	4.31867400	-4.74623900
37.99999977	4.31867400	-4.74623900
38.07999977	4.22986600	-4.74623900
38.15999977	4.31867400	-4.74623900
38.23999977	4.31867400	-4.74623900
38.31999977	4.31867400	-4.74623900
38.39999977	4.22986600	-4.83382700
38.47999977	4.22986600	-4.83382700
38.55999977	4.22986600	-4.74623900
38.63999977	4.31867400	-4.83382700
38.71999976	4.22986600	-4.83382700
38.79999976	4.22986600	-4.83382700
38.87999976	4.22986600	-4.92172000
38.95999976	4.22986600	-4.92172000
39.03999976	4.22986600	-4.92172000
39.11999976	4.22986600	-4.92172000
39.19999976	4.22986600	-4.92172000
39.27999976	4.22986600	-4.92172000
39.35999976	4.22986600	-4.92172000
39.43999976	4.22986600	-4.92172000
39.51999976	4.22986600	-4.92172000
39.59999976	4.22986600	-4.92172000
39.67999976	4.22986600	-4.92172000
39.75999976	4.22986600	-4.92172000
39.83999976	4.22986600	-4.92172000
39.91999976	4.22986600	-4.92172000
39.99999976	4.22986600	-5.00961400
40.07999976	4.22986600	-4.92172000
40.15999976	4.22986600	-4.92172000
40.23999976	4.22986600	-5.00961400
40.31999975	4.22986600	-5.00961400
40.39999975	4.22986600	-5.00961400
40.47999975	4.22986600	-5.00961400
40.55999975	4.22986600	-4.92172000
40.63999975	4.22986600	-5.00961400
40.71999975	4.22986600	-5.00961400
40.79999975	4.22986600	-5.00961400
40.87999975	4.22986600	-5.00961400
40.95999975	4.22986600	-4.92172000
41.03999975	4.22986600	-4.92172000
41.11999975	4.22986600	-4.92172000
41.19999975	4.22986600	-5.00961400
41.27999975	4.22986600	-4.92172000
41.35999975	4.22986600	-4.92172000
41.43999975	4.22986600	-4.92172000
41.51999975	4.22986600	-4.92172000
41.59999975	4.22986600	-4.92172000
41.67999975	4.22986600	-4.92172000
41.75999975	4.22986600	-4.92172000
41.83999975	4.22986600	-4.92172000
41.91999975	4.22986600	-4.92172000
41.99999974	4.22986600	-4.92172000
42.07999974	4.22986600	-4.92172000
42.15999974	4.22986600	-4.83382700
42.23999974	4.22986600	-4.83382700
42.31999974	4.22986600	-4.83382700
42.39999974	4.22986600	-4.83382700
42.47999974	4.22986600	-4.83382700
42.55999974	4.22986600	-4.83382700
42.63999974	4.22986600	-4.74623900
42.71999974	4.22986600	-4.74623900
42.79999974	4.22986600	-4.74623900
42.87999974	4.22986600	-4.74623900
42.95999974	4.22986600	-4.74623900
43.03999974	4.22986600	-4.74623900
43.11999974	4.22986600	-4.65834500
43.19999974	4.22986600	-4.65834500
43.27999974	4.22986600	-4.57045200
43.35999974	4.22986600	-4.57045200
43.43999974	4.22986600	-4.57045200
43.51999974	4.22986600	-4.57045200
43.59999974	4.31867400	-4.57045200
43.67999973	4.22986600	-4.57045200
43.75999973	4.22986600	-4.48255900
43.83999973	4.22986600	-4.48255900
43.91999973	4.22986600	-4.48255900
43.99999973	4.31867400	-4.48255900
44.07999973	4.22986600	-4.39497000
44.15999973	4.22986600	-4.39497000
44.23999973	4.31867400	-4.39497000
44.31999973	4.22986600	-4.30707700
44.39999973	4.22986600	-4.30707700
44.47999973	4.22986600	-4.30707700
44.55999973	4.31867400	-4.30707700
44.63999973	4.31867400	-4.21918400
44.71999973	4.31867400	-4.21918400
44.79999973	4.31867400	-4.21918400
44.87999973	4.22986600	-4.21918400
44.95999973	4.31867400	-4.13129000
45.03999973	4.31867400	-4.13129000
45.11999973	4.31867400	-4.04339700
45.19999973	4.31867400	-4.04339700
45.27999972	4.31867400	-4.04339700
45.35999972	4.31867400	-3.95580900
45.43999972	4.31867400	-3.95580900
45.51999972	4.31867400	-3.95580900
45.59999972	4.31867400	-3.86791600
45.67999972	4.40717800	-3.86791600
45.75999972	4.40717800	-3.86791600
45.83999972	4.49598700	-3.86791600
45.91999972	4.58449000	-3.78002300
45.99999972	4.76180300	-3.78002300
46.07999972	4.85061200	-3.69212900
46.15999972	4.85061200	-3.69212900
46.23999972	4.93911600	-3.60454100
46.31999972	4.93911600	-3.60454100
46.39999972	4.93911600	-3.60454100
46.47999972	4.93911600	-3.60454100
46.55999972	4.93911600	-3.51664800
46.63999972	4.93911600	-3.42875500
46.71999972	4.93911600	-3.42875500
46.79999972	5.02792500	-3.42875500
46.87999972	5.02792500	-3.34086100
46.95999971	5.02792500	-3.34086100
47.03999971	5.02792500	-3.34086100
47.11999971	5.02792500	-3.25327300
47.19999971	5.02792500	-3.25327300
47.27999971	5.02792500	-3.16538000
47.35999971	5.02792500	-3.16538000
47.43999971	5.11642800	-3.16538000
47.51999971	5.11642800	-3.07748700
47.59999971	5.11642800	-2.98959300
47.67999971	5.11642800	-2.98959300
47.75999971	5.11642800	-2.98959300
47.83999971	5.11642800	-2.90200500
47.91999971	5.11642800	-2.90200500
47.99999971	5.11642800	-2.81411200
48.07999971	5.11642800	-2.81411200
48.15999971	5.11642800	-2.81411200
48.23999971	5.11642800	-2.81411200
48.31999971	5.11642800	-2.72621800
48.39999971	5.11642800	-2.72621800
48.47999971	5.11642800	-2.63832500
48.55999970	5.11642800	-2.63832500
48.63999970	5.11642800	-2.55043200
48.71999970	5.11642800	-2.46284400
48.79999970	5.20523700	-2.46284400
48.87999970	5.20523700	-2.46284400
48.95999970	5.20523700	-2.37495000
49.03999970	5.20523700	-2.37495000
49.11999970	5.20523700	-2.28705700
49.19999970	5.20523700	-2.28705700
49.27999970	5.20523700	-2.28705700
49.35999970	5.20523700	-2.19916400
49.43999970	5.20523700	-2.19916400
49.51999970	5.20523700	-2.11157600
49.59999970	5.20523700	-2.11157600
49.67999970	5.20523700	-2.02368200
49.75999970	5.20523700	-2.02368200
49.83999970	5.20523700	-1.93578900
49.91999970	5.20523700	-1.93578900
49.99999970	5.20523700	-1.84789600
50.07999970	5.29374100	-1.84789600
50.15999970	5.20523700	-1.76030800
50.23999969	5.20523700	-1.76030800
50.31999969	5.29374100	-1.76030800
50.39999969	5.29374100	-1.67241400
50.47999969	5.29374100	-1.67241400
50.55999969	5.29374100	-1.58452100
50.63999969	5.29374100	-1.58452100
50.71999969	5.29374100	-1.49662800
50.79999969	5.29374100	-1.49662800
50.87999969	5.29374100	-1.40904000
50.95999969	5.29374100	-1.40904000
51.03999969	5.29374100	-1.40904000
51.11999969	5.29374100	-1.32114600
51.19999969	5.29374100	-1.23325300
51.27999969	5.29374100	-1.23325300
51.35999969	5.29374100	-1.23325300
51.43999969	5.38254900	-1.14536000
51.51999969	5.29374100	-1.05746600
51.59999969	5.29374100	-1.05746600
51.67999969	5.29374100	-1.05746600
51.75999969	5.38254900	-0.96987830
51.83999968	5.29374100	-0.96987830
51.91999968	5.38254900	-0.88198490
51.99999968	5.38254900	-0.88198490
52.07999968	5.38254900	-0.79409160
52.15999968	5.47105300	-0.79409160
52.23999968	5.47105300	-0.70619830
52.31999968	5.47105300	-0.70619830
52.39999968	5.47105300	-0.70619830
52.47999968	5.47105300	-0.61861020
52.55999968	5.55986200	-0.61861020
52.63999968	5.55986200	-0.53071690
52.71999968	5.55986200	-0.53071690
52.79999968	5.55986200	-0.44282360
52.87999968	5.47105300	-0.44282360
52.95999968	5.55986200	-0.35493030
53.03999968	5.55986200	-0.35493030
53.11999968	5.55986200	-0.26734220
53.19999968	5.55986200	-0.17944880
53.27999968	5.55986200	-0.17944880
53.35999968	5.55986200	-0.17944880
53.43999968	5.55986200	-0.09155553
53.51999967	5.55986200	-0.09155553
53.59999967	5.55986200	-0.00366222
53.67999967	5.55986200	-0.00366222
53.75999967	5.55986200	-0.00366222
53.83999967	5.55986200	0.08392590
53.91999967	5.55986200	0.17151400
53.99999967	5.64836500	0.17151400
54.07999967	5.55986200	0.17151400
54.15999967	5.55986200	0.25940730
54.23999967	5.64836500	0.25940730
54.31999967	5.64836500	0.34730060
54.39999967	5.64836500	0.34730060
54.47999967	5.55986200	0.34730060
54.55999967	5.64836500	0.43519400
54.63999967	5.64836500	0.52278210
54.71999967	5.55986200	0.52278210
54.79999967	5.64836500	0.52278210
54.87999967	5.64836500	0.61067540
54.95999967	5.64836500	0.69856870
55.03999967	5.64836500	0.69856870
55.11999967	5.64836500	0.69856870
55.19999966	5.64836500	0.78646200
55.27999966	5.64836500	0.78646200
55.35999966	5.64836500	0.78646200
55.43999966	5.64836500	0.87405010
55.51999966	5.64836500	0.96194340
55.59999966	5.64836500	0.96194340
55.67999966	5.64836500	1.04983700
55.75999966	5.64836500	1.04983700
55.83999966	5.64836500	1.04983700
55.91999966	5.64836500	1.13773000
55.99999966	5.64836500	1.13773000
56.07999966	5.64836500	1.13773000
56.15999966	5.64836500	1.22531800
56.23999966	5.64836500	1.22531800
56.31999966	5.64836500	1.31321100
56.39999966	5.64836500	1.40110500
56.47999966	5.64836500	1.40110500
56.55999966	5.73717500	1.40110500
56.63999966	5.64836500	1.48899800
56.71999966	5.73717500	1.48899800
56.79999965	5.73717500	1.48899800
56.87999965	5.64836500	1.57689100
56.95999965	5.73717500	1.57689100
57.03999965	5.73717500	1.66447900
57.11999965	5.73717500	1.66447900
57.19999965	5.73717500	1.75237300
57.27999965	5.64836500	1.75237300
57.35999965	5.73717500	1.75237300
57.43999965	5.73717500	1.75237300
57.51999965	5.73717500	1.84026600
57.59999965	5.64836500	1.84026600
57.67999965	5.73717500	1.84026600
57.75999965	5.73717500	1.92815900
57.83999965	5.73717500	1.92815900
57.91999965	5.73717500	2.01574800
57.99999965	5.73717500	2.01574800
58.07999965	5.73717500	2.10364100
58.15999965	5.73717500	2.10364100
58.23999965	5.73717500	2.10364100
58.31999965	5.73717500	2.10364100
58.39999965	5.82567800	2.19153400
58.47999964	5.73717500	2.27942800
58.55999964	5.73717500	2.27942800
58.63999964	5.73717500	2.27942800
58.71999964	5.73717500	2.36701600
58.79999964	5.82567800	2.27942800
58.87999964	5.73717500	2.36701600
58.95999964	5.73717500	2.45490900
59.03999964	5.82567800	2.45490900
59.11999964	5.82567800	2.45490900
59.19999964	5.82567800	2.45490900
59.27999964	5.82567800	2.54280200
59.35999964	5.82567800	2.54280200
59.43999964	5.73717500	2.54280200
59.51999964	5.82567800	2.63069600
59.59999964	5.82567800	2.63069600
59.67999964	5.82567800	2.63069600
59.75999964	5.82567800	2.63069600
59.83999964	5.82567800	2.71828400
59.91999964	5.82567800	2.71828400
59.99999964	5.82567800	2.80617700
60.07999963	5.82567800	2.80617700
60.15999963	5.82567800	2.80617700
60.23999963	5.82567800	2.80617700
60.31999963	5.82567800	2.80617700
60.39999963	5.82567800	2.80617700
60.47999963	5.82567800	2.89407000
60.55999963	5.82567800	2.89407000
60.63999963	5.82567800	2.89407000
60.71999963	5.82567800	2.98196400
60.79999963	5.82567800	2.98196400
60.87999963	5.82567800	2.98196400
60.95999963	5.82567800	2.98196400
61.03999963	5.82567800	2.98196400
61.11999963	5.82567800	2.98196400
61.19999963	5.82567800	3.06985700
61.27999963	5.82567800	3.06985700
61.35999963	5.82567800	3.15744500
61.43999963	5.82567800	3.06985700
61.51999963	5.82567800	3.15744500
61.59999963	5.82567800	3.15744500
61.67999963	5.82567800	3.15744500
61.75999962	5.82567800	3.15744500
61.83999962	5.82567800	3.24533800
61.91999962	5.82567800	3.24533800
61.99999962	5.82567800	3.24533800
62.07999962	5.82567800	3.24533800
62.15999962	5.91448700	3.24533800
62.23999962	5.82567800	3.33323200
62.31999962	5.82567800	3.33323200
62.39999962	5.82567800	3.33323200
62.47999962	5.82567800	3.33323200
62.55999962	5.82567800	3.33323200
62.63999962	5.91448700	3.33323200
62.71999962	5.82567800	3.42112500
62.79999962	5.91448700	3.42112500
62.87999962	5.82567800	3.42112500
62.95999962	5.91448700	3.42112500
63.03999962	5.91448700	3.42112500
63.11999962	5.82567800	3.42112500
63.19999962	5.82567800	3.42112500
63.27999962	5.82567800	3.42112500
63.35999961	5.91448700	3.42112500
63.43999961	5.82567800	3.42112500
63.51999961	5.91448700	3.50871300
63.59999961	5.82567800	3.50871300
63.67999961	5.91448700	3.50871300
63.75999961	5.91448700	3.42112500
63.83999961	5.91448700	3.50871300
63.91999961	5.82567800	3.50871300
63.99999961	5.91448700	3.50871300
64.07999961	5.91448700	3.50871300
64.15999961	5.91448700	3.50871300
64.23999961	5.82567800	3.50871300
64.31999961	5.82567800	3.50871300
64.39999961	5.91448700	3.50871300
64.47999961	5.91448700	3.50871300
64.55999961	5.91448700	3.50871300
64.63999961	5.91448700	3.50871300
64.71999961	5.82567800	3.50871300
64.79999961	5.91448700	3.50871300
64.87999961	5.91448700	3.50871300
64.95999961	5.82567800	3.50871300
65.03999960	5.91448700	3.50871300
65.11999960	5.91448700	3.50871300
65.19999960	5.91448700	3.50871300
65.27999960	5.91448700	3.50871300
65.35999960	5.82567800	3.50871300
65.43999960	5.91448700	3.50871300
65.51999960	5.91448700	3.50871300
65.59999960	5.82567800	3.50871300
65.67999960	5.82567800	3.50871300
65.75999960	5.82567800	3.50871300
65.83999960	5.91448700	3.50871300
65.91999960	5.91448700	3.50871300
65.99999960	5.91448700	3.50871300
66.07999960	5.91448700	3.50871300
66.15999960	5.91448700	3.50871300
66.23999960	5.91448700	3.50871300
66.31999960	5.91448700	3.50871300
66.39999960	5.91448700	3.50871300
66.47999960	5.91448700	3.50871300
66.55999960	5.82567800	3.50871300
66.63999959	5.82567800	3.50871300
66.71999959	5.91448700	3.42112500
66.79999959	5.91448700	3.42112500
66.87999959	5.91448700	3.42112500
66.95999959	5.91448700	3.42112500
67.03999959	5.91448700	3.42112500
67.11999959	5.91448700	3.42112500
67.19999959	5.91448700	3.42112500
67.27999959	5.91448700	3.42112500
67.35999959	5.82567800	3.42112500
67.43999959	5.82567800	3.42112500
67.51999959	5.82567800	3.42112500
67.59999959	5.82567800	3.42112500
67.67999959	5.91448700	3.33323200
67.75999959	5.82567800	3.33323200
67.83999959	5.82567800	3.33323200
67.91999959	5.91448700	3.33323200
67.99999959	5.91448700	3.24533800
68.07999959	5.82567800	3.33323200
68.15999959	5.82567800	3.24533800
68.23999959	5.82567800	3.24533800
68.31999958	5.91448700	3.24533800
68.39999958	5.91448700	3.24533800
68.47999958	5.91448700	3.15744500
68.55999958	5.82567800	3.24533800
68.63999958	5.82567800	3.15744500
68.71999958	5.82567800	3.15744500
68.79999958	5.82567800	3.15744500
68.87999958	5.82567800	3.15744500
68.95999958	5.82567800	3.06985700
69.03999958	5.82567800	3.06985700
69.11999958	5.82567800	3.06985700
69.19999958	5.82567800	3.06985700
69.27999958	5.82567800	2.98196400
69.35999958	5.82567800	2.98196400
69.43999958	5.82567800	2.98196400
69.51999958	5.82567800	2.98196400
69.59999958	5.82567800	2.98196400
69.67999958	5.82567800	2.98196400
69.75999958	5.82567800	2.89407000
69.83999958	5.82567800	2.89407000
69.91999958	5.82567800	2.80617700
69.99999957	5.82567800	2.89407000
70.07999957	5.82567800	2.89407000
70.15999957	5.82567800	2.80617700
70.23999957	5.82567800	2.80617700
70.31999957	5.82567800	2.80617700
70.39999957	5.82567800	2.80617700
70.47999957	5.82567800	2.80617700
70.55999957	5.82567800	2.71828400
70.63999957	5.82567800	2.71828400
70.71999957	5.82567800	2.71828400
70.79999957	5.73717500	2.63069600
70.87999957	5.82567800	2.71828400
70.95999957	5.82567800	2.63069600
71.03999957	5.82567800	2.63069600
71.11999957	5.82567800	2.54280200
71.19999957	5.82567800	2.54280200
71.27999957	5.73717500	2.54280200
71.35999957	5.82567800	2.45490900
71.43999957	5.82567800	2.45490900
71.51999957	5.82567800	2.45490900
71.59999956	5.82567800	2.45490900
71.67999956	5.82567800	2.45490900
71.75999956	5.82567800	2.45490900
71.83999956	5.82567800	2.36701600
71.91999956	5.82567800	2.36701600
71.99999956	5.73717500	2.36701600
72.07999956	5.82567800	2.27942800
72.15999956	5.73717500	2.27942800
72.23999956	5.73717500	2.27942800
72.31999956	5.73717500	2.27942800
72.39999956	5.73717500	2.19153400
72.47999956	5.73717500	2.19153400
72.55999956	5.73717500	2.19153400
72.63999956	5.73717500	2.10364100
72.71999956	5.73717500	2.10364100
72.79999956	5.73717500	2.10364100
72.87999956	5.64836500	2.10364100
72.95999956	5.73717500	2.10364100
73.03999956	5.73717500	2.01574800
73.11999956	5.73717500	2.01574800
73.19999956	5.73717500	2.01574800
73.27999955	5.64836500	1.92815900
73.35999955	5.64836500	1.92815900
73.43999955	5.64836500	1.92815900
73.51999955	5.73717500	1.84026600
73.59999955	5.64836500	1.84026600
73.67999955	5.64836500	1.84026600
73.75999955	5.64836500	1.75237300
73.83999955	5.64836500	1.75237300
73.91999955	5.64836500	1.75237300
73.99999955	5.64836500	1.75237300
74.07999955	5.64836500	1.75237300
74.15999955	5.64836500	1.66447900
74.23999955	5.64836500	1.66447900
74.31999955	5.64836500	1.66447900
74.39999955	5.64836500	1.57689100
74.47999955	5.64836500	1.57689100
74.55999955	5.55986200	1.57689100
74.63999955	5.55986200	1.48899800
74.71999955	5.55986200	1.48899800
74.79999955	5.55986200	1.48899800
74.87999954	5.47105300	1.40110500
74.95999954	5.11642800	1.40110500
75.03999954	4.58449000	1.40110500
75.11999954	4.31867400	1.40110500
75.19999954	4.31867400	1.31321100
75.27999954	4.31867400	1.31321100
75.35999954	4.31867400	1.31321100
75.43999954	4.31867400	1.31321100
75.51999954	4.31867400	1.31321100
75.59999954	4.31867400	1.22531800
75.67999954	4.22986600	1.22531800
75.75999954	4.31867400	1.13773000
75.83999954	4.22986600	1.04983700
75.91999954	4.31867400	1.13773000
75.99999954	4.22986600	1.04983700
76.07999954	4.22986600	1.04983700
76.15999954	4.31867400	1.04983700
76.23999954	4.22986600	0.96194340
76.31999954	4.22986600	0.96194340
76.39999954	4.31867400	0.96194340
76.47999954	4.31867400	0.96194340
76.55999953	4.22986600	0.96194340
76.63999953	4.31867400	0.96194340
76.71999953	4.31867400	0.87405010
76.79999953	4.22986600	0.87405010
76.87999953	4.22986600	0.78646200
76.95999953	4.22986600	0.78646200
77.03999953	4.22986600	0.78646200
77.11999953	4.22986600	0.69856870
77.19999953	4.22986600	0.69856870
77.27999953	4.22986600	0.69856870
77.35999953	4.22986600	0.69856870
77.43999953	4.22986600	0.61067540
77.51999953	4.22986600	0.61067540
77.59999953	4.22986600	0.61067540
77.67999953	4.22986600	0.61067540
77.75999953	4.22986600	0.52278210
77.83999953	4.22986600	0.52278210
77.91999953	4.22986600	0.52278210
77.99999953	4.22986600	0.43519400
78.07999953	4.22986600	0.43519400
78.15999952	4.22986600	0.43519400
78.23999952	4.22986600	0.34730060
78.31999952	4.22986600	0.34730060
78.39999952	4.22986600	0.34730060
78.47999952	4.22986600	0.34730060
78.55999952	4.22986600	0.34730060
78.63999952	4.22986600	0.25940730
78.71999952	4.22986600	0.17151400
78.79999952	4.22986600	0.17151400
78.87999952	4.22986600	0.17151400
78.95999952	4.22986600	0.17151400
79.03999952	4.22986600	0.08392590
79.11999952	4.22986600	0.08392590
79.19999952	4.22986600	-0.00366222
79.27999952	4.22986600	-0.00366222
79.35999952	4.22986600	-0.00366222
79.43999952	4.22986600	-0.00366222
79.51999952	4.22986600	-0.09155553
79.59999952	4.22986600	-0.09155553
79.67999952	4.22986600	-0.17944880
79.75999952	4.22986600	-0.17944880
79.83999951	4.22986600	-0.17944880
79.91999951	4.22986600	-0.17944880
79.99999951	4.22986600	-0.26734220
80.07999951	4.31867400	-0.26734220
80.15999951	3.87524000	-0.26734220
80.23999951	2.63405300	-0.35493030
80.31999951	0.77211830	-0.35493030
80.39999951	0.59480580	-0.35493030
80.47999951	0.68361460	-0.35493030
80.55999951	0.68361460	-0.44282360
80.63999951	0.68361460	-0.44282360
80.71999951	0.68361460	-0.53071690
80.79999951	0.68361460	-0.53071690
80.87999951	0.68361460	-0.53071690
80.95999951	0.68361460	-0.53071690
81.03999951	0.68361460	-0.53071690
81.11999951	0.68361460	-0.61861020
81.19999951	0.68361460	-0.61861020
81.27999951	0.68361460	-0.70619830
81.35999951	0.68361460	-0.70619830
81.43999951	0.77211830	-0.70619830
81.51999950	0.77211830	-0.79409160
81.59999950	0.77211830	-0.88198490
81.67999950	0.77211830	-0.88198490
81.75999950	0.77211830	-0.88198490
81.83999950	0.77211830	-0.88198490
81.91999950	0.77211830	-0.96987830
81.99999950	0.77211830	-0.96987830
82.07999950	0.77211830	-1.05746600
82.15999950	0.77211830	-1.05746600
82.23999950	0.77211830	-1.05746600
82.31999950	0.77211830	-1.14536000
82.39999950	0.77211830	-1.14536000
82.47999950	0.77211830	-1.14536000
82.55999950	0.77211830	-1.23325300
82.63999950	0.86092720	-1.23325300
82.71999950	0.77211830	-1.32114600
82.79999950	0.86092720	-1.32114600
82.87999950	0.86092720	-1.40904000
82.95999950	0.86092720	-1.32114600
83.03999950	0.77211830	-1.40904000
83.11999949	0.86092720	-1.40904000
83.19999949	0.86092720	-1.49662800
83.27999949	0.86092720	-1.49662800
83.35999949	0.86092720	-1.49662800
83.43999949	0.86092720	-1.58452100
83.51999949	0.86092720	-1.58452100
83.59999949	0.86092720	-1.67241400
83.67999949	0.86092720	-1.76030800
83.75999949	0.86092720	-1.76030800
83.83999949	0.86092720	-1.76030800
83.91999949	0.86092720	-1.76030800
83.99999949	0.86092720	-1.84789600
84.07999949	0.86092720	-1.84789600
84.15999949	0.86092720	-1.93578900
84.23999949	0.86092720	-1.93578900
84.31999949	0.86092720	-1.93578900
84.39999949	0.86092720	-2.02368200
84.47999949	0.86092720	-2.02368200
84.55999949	0.86092720	-2.11157600
84.63999949	0.86092720	-2.11157600
84.71999949	0.86092720	-2.11157600
84.79999948	0.86092720	-2.11157600
84.87999948	0.86092720	-2.19916400
84.95999948	0.86092720	-2.19916400
85.03999948	0.86092720	-2.28705700
85.11999948	0.86092720	-2.28705700
85.19999948	0.94943080	-2.28705700
85.27999948	0.94943080	-2.37495000
85.35999948	0.94943080	-2.37495000
85.43999948	0.86092720	-2.46284400
85.51999948	0.94943080	-2.46284400
85.59999948	0.94943080	-2.55043200
85.67999948	0.86092720	-2.55043200
85.75999948	0.94943080	-2.63832500
85.83999948	0.94943080	-2.63832500
85.91999948	0.86092720	-2.63832500
85.99999948	0.86092720	-2.72621800
86.07999948	0.86092720	-2.72621800
86.15999948	0.94943080	-2.81411200
86.23999948	0.94943080	-2.81411200
86.31999948	0.94943080	-2.81411200
86.39999947	0.94943080	-2.81411200
86.47999947	0.94943080	-2.90200500
86.55999947	0.94943080	-2.90200500
86.63999947	0.94943080	-2.90200500
86.71999947	0.94943080	-2.98959300
86.79999947	0.94943080	-2.98959300
86.87999947	0.94943080	-3.07748700
86.95999947	0.94943080	-3.16538000
87.03999947	0.94943080	-3.16538000
87.11999947	0.94943080	-3.16538000
87.19999947	0.94943080	-3.16538000
87.27999947	0.94943080	-3.25327300
87.35999947	0.94943080	-3.25327300
87.43999947	0.94943080	-3.25327300
87.51999947	0.94943080	-3.34086100
87.59999947	0.94943080	-3.34086100
87.67999947	0.94943080	-3.34086100
87.75999947	0.94943080	-3.34086100
87.83999947	0.94943080	-3.42875500
87.91999947	0.94943080	-3.42875500
87.99999947	0.94943080	-3.51664800
88.07999946	0.94943080	-3.51664800
88.15999946	0.94943080	-3.51664800
88.23999946	0.94943080	-3.60454100
88.31999946	0.94943080	-3.60454100
88.39999946	0.94943080	-3.60454100
88.47999946	0.94943080	-3.60454100
88.55999946	0.94943080	-3.69212900
88.63999946	0.94943080	-3.69212900
88.71999946	0.94943080	-3.69212900
88.79999946	0.94943080	-3.78002300
88.87999946	0.94943080	-3.78002300
88.95999946	0.94943080	-3.78002300
89.03999946	0.94943080	-3.86791600
89.11999946	0.94943080	-3.86791600
89.19999946	0.94943080	-3.86791600
89.27999946	0.94943080	-3.86791600
89.35999946	0.94943080	-3.86791600
89.43999946	0.94943080	-3.95580900
89.51999946	0.94943080	-3.95580900
89.59999946	0.94943080	-3.95580900
89.67999945	0.94943080	-4.04339700
89.75999945	1.03824000	-4.04339700
89.83999945	0.94943080	-4.13129000
89.91999945	0.94943080	-4.04339700
89.99999945	0.94943080	-4.04339700
90.07999945	0.94943080	-4.13129000
90.15999945	0.94943080	-4.13129000
90.23999945	0.94943080	-4.13129000
90.31999945	0.94943080	-4.21918400
90.39999945	0.94943080	-4.21918400
90.47999945	0.94943080	-4.21918400
90.55999945	0.94943080	-4.21918400
90.63999945	0.94943080	-4.21918400
90.71999945	0.94943080	-4.21918400
90.79999945	0.94943080	-4.21918400
90.87999945	0.94943080	-4.21918400
90.95999945	0.94943080	-4.30707700
91.03999945	0.94943080	-4.30707700
91.11999945	0.94943080	-4.30707700
91.19999945	0.94943080	-4.30707700
91.27999945	0.94943080	-4.30707700
91.35999944	0.94943080	-4.30707700
91.43999944	0.94943080	-4.39497000
91.51999944	0.94943080	-4.39497000
91.59999944	0.94943080	-4.39497000
91.67999944	0.94943080	-4.39497000
91.75999944	0.94943080	-4.39497000
91.83999944	0.94943080	-4.39497000
91.91999944	0.94943080	-4.39497000
91.99999944	0.94943080	-4.39497000
92.07999944	0.94943080	-4.39497000
92.15999944	0.94943080	-4.39497000
92.23999944	0.94943080	-4.48255900
92.31999944	0.94943080	-4.39497000
92.39999944	0.94943080	-4.48255900
92.47999944	0.94943080	-4.48255900
92.55999944	0.94943080	-4.48255900
92.63999944	0.94943080	-4.39497000
92.71999944	0.86092720	-4.48255900
92.79999944	0.94943080	-4.48255900
92.87999944	0.94943080	-4.48255900
92.95999944	0.94943080	-4.48255900
93.03999943	0.94943080	-4.39497000
93.11999943	0.94943080	-4.39497000
93.19999943	0.94943080	-4.39497000
93.27999943	0.94943080	-4.39497000
93.35999943	0.94943080	-4.39497000
93.43999943	0.94943080	-4.39497000
93.51999943	0.94943080	-4.39497000
93.59999943	0.94943080	-4.39497000
93.67999943	0.94943080	-4.39497000
93.75999943	0.94943080	-4.39497000
93.83999943	0.94943080	-4.39497000
93.91999943	0.94943080	-4.39497000
93.99999943	0.94943080	-4.30707700
94.07999943	0.94943080	-4.30707700
94.15999943	0.94943080	-4.30707700
94.23999943	0.94943080	-4.30707700
94.31999943	0.94943080	-4.30707700
94.39999943	0.86092720	-4.30707700
94.47999943	0.94943080	-4.30707700
94.55999943	0.94943080	-4.30707700
94.63999942	0.86092720	-4.21918400
94.71999942	0.94943080	-4.21918400
94.79999942	0.86092720	-4.21918400
94.87999942	0.86092720	-4.21918400
94.95999942	0.86092720	-4.21918400
95.03999942	0.94943080	-4.21918400
95.11999942	0.86092720	-4.21918400
95.19999942	0.94943080	-4.13129000
95.27999942	0.94943080	-4.13129000
95.35999942	0.86092720	-4.13129000
95.43999942	0.86092720	-4.04339700
95.51999942	0.86092720	-4.04339700
95.59999942	0.86092720	-4.04339700
95.67999942	0.86092720	-4.04339700
95.75999942	0.86092720	-4.04339700
95.83999942	0.86092720	-3.95580900
95.91999942	0.86092720	-3.95580900
95.99999942	0.86092720	-3.86791600
96.07999942	0.86092720	-3.86791600
96.15999942	0.86092720	-3.86791600
96.23999942	0.86092720	-3.86791600
96.31999941	0.86092720	-3.86791600
96.39999941	0.86092720	-3.78002300
96.47999941	0.86092720	-3.78002300
96.55999941	0.86092720	-3.69212900
96.63999941	0.86092720	-3.69212900
96.71999941	0.86092720	-3.69212900
96.79999941	0.86092720	-3.69212900
96.87999941	0.86092720	-3.60454100
96.95999941	0.86092720	-3.51664800
97.03999941	0.86092720	-3.51664800
97.11999941	0.86092720	-3.51664800
97.19999941	0.86092720	-3.51664800
97.27999941	0.86092720	-3.42875500
97.35999941	0.86092720	-3.42875500
97.43999941	0.86092720	-3.34086100
97.51999941	0.86092720	-3.34086100
97.59999941	0.86092720	-3.25327300
97.67999941	0.86092720	-3.25327300
97.75999941	0.86092720	-3.25327300
97.83999941	0.86092720	-3.16538000
97.91999940	0.86092720	-3.16538000
97.99999940	0.86092720	-3.16538000
98.07999940	0.86092720	-3.07748700
98.15999940	0.86092720	-3.07748700
98.23999940	0.86092720	-2.98959300
98.31999940	0.86092720	-2.98959300
98.39999940	0.86092720	-2.90200500
98.47999940	0.86092720	-2.90200500
98.55999940	0.86092720	-2.81411200
98.63999940	0.86092720	-2.81411200
98.71999940	0.86092720	-2.81411200
98.79999940	0.86092720	-2.81411200
98.87999940	0.86092720	-2.72621800
98.95999940	0.77211830	-2.63832500
99.03999940	0.77211830	-2.63832500
99.11999940	0.77211830	-2.63832500
99.19999940	0.86092720	-2.55043200
99.27999940	0.77211830	-2.55043200
99.35999940	0.86092720	-2.46284400
99.43999940	0.77211830	-2.46284400
99.51999940	0.77211830	-2.37495000
99.59999939	0.86092720	-2.37495000
99.67999939	0.77211830	-2.28705700
99.75999939	0.77211830	-2.19916400
99.83999939	0.77211830	-2.19916400
99.91999939	0.77211830	-2.11157600
99.99999939	0.77211830	-2.11157600
100.07999939	0.77211830	-2.11157600
100.15999939	0.77211830	-2.11157600
100.23999939	0.77211830	-1.93578900
100.31999939	0.77211830	-1.93578900
100.39999939	0.86092720	-1.93578900
100.47999939	0.77211830	-1.84789600
100.55999939	0.77211830	-1.76030800
100.63999939	0.77211830	-1.76030800
100.71999939	0.77211830	-1.76030800
100.79999939	0.77211830	-1.76030800
100.87999939	0.77211830	-1.67241400
100.95999939	0.77211830	-1.58452100
101.03999939	0.77211830	-1.58452100
101.11999939	0.77211830	-1.49662800
101.19999938	0.77211830	-1.49662800
101.27999938	0.77211830	-1.40904000
101.35999938	0.77211830	-1.40904000
101.43999938	0.77211830	-1.32114600
101.51999938	0.77211830	-1.32114600
101.59999938	0.77211830	-1.23325300
101.67999938	0.77211830	-1.14536000
101.75999938	0.77211830	-1.14536000
101.83999938	0.68361460	-1.05746600
101.91999938	0.77211830	-1.05746600
101.99999938	0.68361460	-1.05746600
102.07999938	0.68361460	-0.96987830
102.15999938	0.68361460	-0.88198490
102.23999938	0.68361460	-0.88198490
102.31999938	0.68361460	-0.79409160
102.39999938	0.68361460	-0.79409160
102.47999938	0.68361460	-0.70619830
102.55999938	0.77211830	-0.61861020
102.63999938	0.68361460	-0.61861020
102.71999938	0.77211830	-0.53071690
102.79999938	0.68361460	-0.53071690
102.87999937	0.68361460	-0.44282360
102.95999937	0.68361460	-0.44282360
103.03999937	0.68361460	-0.35493030
103.11999937	0.68361460	-0.35493030
103.19999937	0.68361460	-0.26734220
103.27999937	0.68361460	-0.17944880
103.35999937	0.68361460	-0.17944880
103.43999937	0.68361460	-0.09155553
103.51999937	0.68361460	-0.00366222
103.59999937	0.68361460	-0.00366222
103.67999937	0.68361460	-0.00366222
103.75999937	0.68361460	0.08392590
103.83999937	0.68361460	0.17151400
103.91999937	0.68361460	0.17151400
103.99999937	0.68361460	0.25940730
104.07999937	0.68361460	0.34730060
104.15999937	0.68361460	0.34730060
104.23999937	0.68361460	0.43519400
104.31999937	0.68361460	0.43519400
104.39999937	0.68361460	0.52278210
104.47999937	0.68361460	0.61067540
104.55999936	0.68361460	0.61067540
104.63999936	0.68361460	0.69856870
104.71999936	0.68361460	0.69856870
104.79999936	0.68361460	0.69856870
104.87999936	0.68361460	0.78646200
104.95999936	0.59480580	0.87405010
105.03999936	0.68361460	0.87405010
105.11999936	0.68361460	0.96194340
105.19999936	0.68361460	1.04983700
105.27999936	0.68361460	1.04983700
105.35999936	0.68361460	1.13773000
105.43999936	0.59480580	1.22531800
105.51999936	0.68361460	1.22531800
105.59999936	0.59480580	1.31321100
105.67999936	0.68361460	1.31321100
105.75999936	0.59480580	1.31321100
105.83999936	0.59480580	1.40110500
105.91999936	0.59480580	1.40110500
105.99999936	0.59480580	1.48899800
106.07999936	0.59480580	1.57689100
106.15999935	0.50630210	1.57689100
106.23999935	0.50630210	1.66447900
106.31999935	0.41749320	1.66447900
106.39999935	0.32898950	1.75237300
106.47999935	0.41749320	1.75237300
106.55999935	0.50630210	1.84026600
106.63999935	0.50630210	1.84026600
106.71999935	0.50630210	1.92815900
106.79999935	0.50630210	2.01574800
106.87999935	0.50630210	2.01574800
106.95999935	0.50630210	2.10364100
107.03999935	0.50630210	2.10364100
107.11999935	0.50630210	2.19153400
107.19999935	0.50630210	2.19153400
107.27999935	0.50630210	2.27942800
107.35999935	0.50630210	2.27942800
107.43999935	0.50630210	2.36701600
107.51999935	0.50630210	2.36701600
107.59999935	0.59480580	2.45490900
107.67999935	0.50630210	2.45490900
107.75999935	0.59480580	2.54280200
107.83999934	0.50630210	2.54280200
107.91999934	0.50630210	2.63069600
107.99999934	0.59480580	2.71828400
108.07999934	0.59480580	2.71828400
108.15999934	0.59480580	2.71828400
108.23999934	0.50630210	2.80617700
108.31999934	0.50630210	2.80617700
108.39999934	0.50630210	2.80617700
108.47999934	0.59480580	2.89407000
108.55999934	0.59480580	2.98196400
108.63999934	0.59480580	2.98196400
108.71999934	0.59480580	2.98196400
108.79999934	0.59480580	3.06985700
108.87999934	0.59480580	3.15744500
108.95999934	0.59480580	3.15744500
109.03999934	0.59480580	3.15744500
109.11999934	0.50630210	3.24533800
109.19999934	0.59480580	3.24533800
109.27999934	0.59480580	3.33323200
109.35999934	0.59480580	3.33323200
109.43999933	0.59480580	3.42112500
109.51999933	0.50630210	3.42112500
109.59999933	0.59480580	3.42112500
109.67999933	0.59480580	3.50871300
109.75999933	0.59480580	3.50871300
109.83999933	0.59480580	3.50871300
109.91999933	0.59480580	3.59660600
109.99999933	0.59480580	3.68450000
110.07999933	0.59480580	3.68450000
110.15999933	0.59480580	3.68450000
110.23999933	0.59480580	3.68450000
110.31999933	0.59480580	3.77239300
110.39999933	0.59480580	3.77239300
110.47999933	0.59480580	3.85998100
110.55999933	0.59480580	3.85998100
110.63999933	0.59480580	3.85998100
110.71999933	0.59480580	3.94787400
110.79999933	0.59480580	3.94787400
110.87999933	0.59480580	3.94787400
110.95999933	0.59480580	4.03576800
111.03999933	0.59480580	4.03576800
111.11999932	0.59480580	4.12366100
111.19999932	0.59480580	4.12366100
111.27999932	0.68361460	4.12366100
111.35999932	0.59480580	4.21124900
111.43999932	0.59480580	4.21124900
111.51999932	0.59480580	4.21124900
111.59999932	0.68361460	4.21124900
111.67999932	0.59480580	4.29914200
111.75999932	0.68361460	4.29914200
111.83999932	0.68361460	4.29914200
111.91999932	0.59480580	4.29914200
111.99999932	0.59480580	4.38703600
112.07999932	0.59480580	4.38703600
112.15999932	0.68361460	4.38703600
112.23999932	0.59480580	4.47492900
112.31999932	0.68361460	4.47492900
112.39999932	0.59480580	4.47492900
112.47999932	0.59480580	4.56282200
112.55999932	0.68361460	4.56282200
112.63999932	0.59480580	4.56282200
112.71999931	0.59480580	4.56282200
112.79999931	0.59480580	4.56282200
112.87999931	0.68361460	4.56282200
112.95999931	0.59480580	4.56282200
113.03999931	0.68361460	4.65041100
113.11999931	0.68361460	4.65041100
113.19999931	0.68361460	4.65041100
113.27999931	0.68361460	4.73830400
113.35999931	0.68361460	4.73830400
113.43999931	0.68361460	4.73830400
113.51999931	0.68361460	4.73830400
113.59999931	0.59480580	4.73830400
113.67999931	0.68361460	4.73830400
113.75999931	0.68361460	4.82619700
113.83999931	0.68361460	4.82619700
113.91999931	0.68361460	4.82619700
113.99999931	0.68361460	4.82619700
114.07999931	0.68361460	4.82619700
114.15999931	0.68361460	4.82619700
114.23999931	0.68361460	4.82619700
114.31999931	0.68361460	4.91409000
114.39999930	0.68361460	4.91409000
114.47999930	0.68361460	4.91409000
114.55999930	0.68361460	4.82619700
114.63999930	0.68361460	4.91409000
114.71999930	0.68361460	4.91409000
114.79999930	0.68361460	4.91409000
114.87999930	0.68361460	4.91409000
114.95999930	0.68361460	4.91409000
115.03999930	0.68361460	4.91409000
115.11999930	0.68361460	4.91409000
115.19999930	0.68361460	4.91409000
115.27999930	0.68361460	4.91409000
115.35999930	0.68361460	4.91409000
115.43999930	0.68361460	4.91409000
115.51999930	0.68361460	4.91409000
115.59999930	0.68361460	4.91409000
115.67999930	0.68361460	4.91409000
115.75999930	0.68361460	4.91409000
115.83999930	0.68361460	4.91409000
115.91999930	0.68361460	4.91409000
115.99999930	0.68361460	4.91409000
116.07999929	0.68361460	4.91409000
116.15999929	0.68361460	4.91409000
116.23999929	0.68361460	4.91409000
116.31999929	0.68361460	4.91409000
116.39999929	0.68361460	4.91409000
116.47999929	0.68361460	4.82619700
116.55999929	0.68361460	4.82619700
116.63999929	0.68361460	4.82619700
116.71999929	0.68361460	4.82619700
116.79999929	0.68361460	4.82619700
116.87999929	0.68361460	4.82619700
116.95999929	0.68361460	4.82619700
117.03999929	0.68361460	4.82619700
117.11999929	0.68361460	4.82619700
117.19999929	0.68361460	4.82619700
117.27999929	0.68361460	4.73830400
117.35999929	0.68361460	4.73830400
117.43999929	0.68361460	4.73830400
117.51999929	0.68361460	4.73830400
117.59999929	0.68361460	4.65041100
117.67999928	0.68361460	4.65041100
117.75999928	0.68361460	4.65041100
117.83999928	0.68361460	4.65041100
117.91999928	0.68361460	4.56282200
117.99999928	0.68361460	4.56282200
118.07999928	0.68361460	4.56282200
118.15999928	0.68361460	4.56282200
118.23999928	0.68361460	4.56282200
118.31999928	0.68361460	4.56282200
118.39999928	0.68361460	4.56282200
118.47999928	0.68361460	4.56282200
118.55999928	0.68361460	4.47492900
118.63999928	0.68361460	4.38703600
118.71999928	0.68361460	4.47492900
118.79999928	0.68361460	4.38703600
118.87999928	0.68361460	4.38703600
118.95999928	0.68361460	4.38703600
119.03999928	0.68361460	4.29914200
119.11999928	0.68361460	4.29914200
119.19999928	0.68361460	4.29914200
119.27999928	0.68361460	4.29914200
119.35999927	0.68361460	4.21124900
119.43999927	0.68361460	4.21124900
119.51999927	0.68361460	4.21124900
119.59999927	0.68361460	4.12366100
119.67999927	0.68361460	4.12366100
119.75999927	0.68361460	4.12366100
119.83999927	0.68361460	4.03576800
119.91999927	0.68361460	4.12366100
119.99999927	0.68361460	4.03576800
120.07999927	0.68361460	4.03576800
120.15999927	0.68361460	3.94787400
120.23999927	0.68361460	3.94787400
120.31999927	0.59480580	3.85998100
120.39999927	0.68361460	3.85998100
120.47999927	0.68361460	3.85998100
120.55999927	0.68361460	3.77239300
120.63999927	0.68361460	3.85998100
120.71999927	0.59480580	3.77239300
120.79999927	0.68361460	3.77239300
120.87999927	0.59480580	3.68450000
120.95999926	0.68361460	3.68450000
121.03999926	0.68361460	3.68450000
121.11999926	0.68361460	3.59660600
121.19999926	0.68361460	3.59660600
121.27999926	0.59480580	3.59660600
121.35999926	0.68361460	3.50871300
121.43999926	0.59480580	3.50871300
121.51999926	0.59480580	3.42112500
121.59999926	0.59480580	3.42112500
121.67999926	0.68361460	3.33323200
121.75999926	0.59480580	3.42112500
121.83999926	0.59480580	3.33323200
121.91999926	0.59480580	3.33323200
121.99999926	0.59480580	3.33323200
122.07999926	0.59480580	3.24533800
122.15999926	0.59480580	3.15744500
122.23999926	0.50630210	3.15744500
122.31999926	0.50630210	3.15744500
122.39999926	0.50630210	3.06985700
122.47999926	0.50630210	3.06985700
122.55999926	0.50630210	2.98196400
122.63999925	0.41749320	2.98196400
122.71999925	0.50630210	2.89407000
122.79999925	0.50630210	2.89407000
122.87999925	0.41749320	2.80617700
122.95999925	0.41749320	2.80617700
123.03999925	0.41749320	2.80617700
123.11999925	0.32898950	2.80617700
123.19999925	0.32898950	2.71828400
123.27999925	0.41749320	2.71828400
123.35999925	0.32898950	2.63069600
123.43999925	0.32898950	2.63069600
123.51999925	0.32898950	2.63069600
123.59999925	0.32898950	2.54280200
123.67999925	0.24048580	2.45490900
123.75999925	0.24048580	2.45490900
123.83999925	0.24048580	2.45490900
123.91999925	0.24048580	2.45490900
123.99999925	0.24048580	2.36701600
124.07999925	0.24048580	2.36701600
124.15999925	0.24048580	2.27942800
124.23999924	0.15167700	2.27942800
124.31999924	0.24048580	2.19153400
124.39999924	0.15167700	2.19153400
124.47999924	0.15167700	2.10364100
124.55999924	0.15167700	2.10364100
124.63999924	0.15167700	2.01574800
124.71999924	0.15167700	2.01574800
124.79999924	0.06317332	2.01574800
124.87999924	-0.02563555	1.92815900
124.95999924	0.06317332	1.92815900
125.03999924	0.06317332	1.92815900
125.11999924	0.06317332	1.75237300
125.19999924	-0.02563555	1.75237300
125.27999924	-0.02563555	1.75237300
125.35999924	-0.02563555	1.66447900
125.43999924	-0.02563555	1.66447900
125.51999924	-0.02563555	1.66447900
125.59999924	-0.11413920	1.57689100
125.67999924	-0.11413920	1.57689100
125.75999924	-0.11413920	1.48899800
125.83999924	-0.11413920	1.48899800
125.91999923	-0.11413920	1.40110500
125.99999923	-0.11413920	1.40110500
126.07999923	-0.20294810	1.31321100
126.15999923	-0.11413920	1.31321100
126.23999923	-0.20294810	1.22531800
126.31999923	-0.20294810	1.22531800
126.39999923	-0.20294810	1.22531800
126.47999923	-0.29145180	1.13773000
126.55999923	-0.29145180	1.04983700
126.63999923	-0.29145180	1.04983700
126.71999923	-0.29145180	1.04983700
126.79999923	-0.38026060	0.96194340
126.87999923	-0.38026060	0.96194340
126.95999923	-0.38026060	0.87405010
127.03999923	-0.38026060	0.87405010
127.11999923	-0.38026060	0.87405010
127.19999923	-0.38026060	0.78646200
127.27999923	-0.38026060	0.69856870
127.35999923	-0.38026060	0.69856870
127.43999923	-0.38026060	0.69856870
127.51999923	-0.46876430	0.69856870
127.59999922	-0.38026060	0.61067540
127.67999922	-0.46876430	0.61067540
127.75999922	-0.46876430	0.52278210
127.83999922	-0.46876430	0.52278210
127.91999922	-0.46876430	0.43519400
127.99999922	-0.46876430	0.43519400
128.07999922	-0.46876430	0.34730060
128.15999922	-0.46876430	0.34730060
128.23999922	-0.46876430	0.25940730
128.31999922	-0.46876430	0.25940730
128.39999922	-0.46876430	0.17151400
128.47999922	-0.46876430	0.17151400
128.55999922	-0.46876430	0.08392590
128.63999922	-0.46876430	-0.00366222
128.71999922	-0.55757310	-0.00366222
128.79999922	-0.46876430	-0.00366222
128.87999922	-0.55757310	-0.09155553
128.95999922	-0.55757310	-0.09155553
129.03999922	-0.55757310	-0.17944880
129.11999922	-0.55757310	-0.17944880
129.19999921	-0.55757310	-0.17944880
129.27999921	-0.55757310	-0.26734220
129.35999921	-0.55757310	-0.35493030
129.43999921	-0.55757310	-0.35493030
129.51999921	-0.55757310	-0.35493030
129.59999921	-0.55757310	-0.44282360
129.67999921	-0.55757310	-0.44282360
129.75999921	-0.55757310	-0.44282360
129.83999921	-0.55757310	-0.53071690
129.91999921	-0.55757310	-0.53071690
129.99999921	-0.55757310	-0.61861020
130.07999921	-0.55757310	-0.70619830
130.15999921	-0.55757310	-0.70619830
130.23999921	-0.55757310	-0.70619830
130.31999921	-0.55757310	-0.79409160
130.39999921	-0.55757310	-0.79409160
130.47999921	-0.55757310	-0.88198490
130.55999921	-0.55757310	-0.96987830
130.63999921	-0.55757310	-0.96987830
130.71999921	-0.55757310	-0.96987830
130.79999921	-0.64607690	-0.96987830
130.87999920	-0.64607690	-1.05746600
130.95999920	-0.64607690	-1.05746600
131.03999920	-0.64607690	-1.14536000
131.11999920	-0.64607690	-1.14536000
131.19999920	-0.64607690	-1.23325300
131.27999920	-0.64607690	-1.23325300
131.35999920	-0.64607690	-1.32114600
131.43999920	-0.64607690	-1.32114600
131.51999920	-0.64607690	-1.32114600
131.59999920	-0.64607690	-1.40904000
131.67999920	-0.64607690	-1.40904000
131.75999920	-0.64607690	-1.40904000
131.83999920	-0.64607690	-1.40904000
131.91999920	-0.64607690	-1.49662800
131.99999920	-0.73488570	-1.49662800
132.07999920	-0.73488570	-1.58452100
132.15999920	-0.64607690	-1.58452100
132.23999920	-0.64607690	-1.67241400
132.31999920	-0.73488570	-1.67241400
132.39999920	-0.64607690	-1.76030800
132.47999919	-0.64607690	-1.76030800
132.55999919	-0.73488570	-1.76030800
132.63999919	-0.73488570	-1.84789600
132.71999919	-0.64607690	-1.84789600
132.79999919	-0.73488570	-1.84789600
132.87999919	-0.73488570	-1.93578900
132.95999919	-0.64607690	-1.93578900
133.03999919	-0.73488570	-1.93578900
133.11999919	-0.73488570	-2.02368200
133.19999919	-0.73488570	-2.02368200
133.27999919	-0.73488570	-2.11157600
133.35999919	-0.73488570	-2.11157600
133.43999919	-0.73488570	-2.11157600
133.51999919	-0.73488570	-2.11157600
133.59999919	-0.73488570	-2.19916400
133.67999919	-0.73488570	-2.19916400
133.75999919	-0.73488570	-2.19916400
133.83999919	-0.73488570	-2.28705700
133.91999919	-0.73488570	-2.28705700
133.99999919	-0.73488570	-2.28705700
134.07999919	-0.73488570	-2.37495000
134.15999918	-0.73488570	-2.37495000
134.23999918	-0.73488570	-2.37495000
134.31999918	-0.73488570	-2.46284400
134.39999918	-0.73488570	-2.46284400
134.47999918	-0.73488570	-2.46284400
134.55999918	-0.73488570	-2.46284400
134.63999918	-0.73488570	-2.55043200
134.71999918	-0.73488570	-2.55043200
134.79999918	-0.73488570	-2.63832500
134.87999918	-0.73488570	-2.63832500
134.95999918	-0.73488570	-2.63832500
135.03999918	-0.73488570	-2.72621800
135.11999918	-0.73488570	-2.72621800
135.19999918	-0.73488570	-2.72621800
135.27999918	-0.73488570	-2.72621800
135.35999918	-0.73488570	-2.72621800
135.43999918	-0.73488570	-2.81411200
135.51999918	-0.73488570	-2.81411200
135.59999918	-0.73488570	-2.81411200
135.67999918	-0.73488570	-2.81411200
135.75999917	-0.73488570	-2.81411200
135.83999917	-0.73488570	-2.81411200
135.91999917	-0.73488570	-2.90200500
135.99999917	-0.73488570	-2.90200500
136.07999917	-0.73488570	-2.90200500
136.15999917	-0.73488570	-2.98959300
136.23999917	-0.73488570	-2.98959300
136.31999917	-0.73488570	-2.98959300
136.39999917	-0.73488570	-2.98959300
136.47999917	-0.82338940	-3.07748700
136.55999917	-0.73488570	-2.98959300
136.63999917	-0.73488570	-3.07748700
136.71999917	-0.82338940	-3.07748700
136.79999917	-0.82338940	-3.07748700
136.87999917	-0.82338940	-3.16538000
136.95999917	-0.82338940	-3.16538000
137.03999917	-0.73488570	-3.16538000
137.11999917	-0.73488570	-3.16538000
137.19999917	-0.82338940	-3.16538000
137.27999917	-0.73488570	-3.16538000
137.35999917	-0.82338940	-3.16538000
137.43999916	-0.82338940	-3.16538000
137.51999916	-0.82338940	-3.16538000
137.59999916	-0.82338940	-3.16538000
137.67999916	-0.73488570	-3.25327300
137.75999916	-0.73488570	-3.25327300
137.83999916	-0.82338940	-3.25327300
137.91999916	-0.82338940	-3.25327300
137.99999916	-0.73488570	-3.25327300
138.07999916	-0.82338940	-3.25327300
138.15999916	-0.82338940	-3.34086100
138.23999916	-0.73488570	-3.25327300
138.31999916	-0.82338940	-3.34086100
138.39999916	-0.73488570	-3.34086100
138.47999916	-0.73488570	-3.34086100
138.55999916	-0.82338940	-3.34086100
138.63999916	-0.82338940	-3.34086100
138.71999916	-0.73488570	-3.34086100
138.79999916	-0.82338940	-3.34086100
138.87999916	-0.82338940	-3.34086100
138.95999916	-0.82338940	-3.34086100
139.03999915	-0.82338940	-3.42875500
139.11999915	-0.73488570	-3.34086100
139.19999915	-0.82338940	-3.42875500
139.27999915	-0.82338940	-3.42875500
139.35999915	-0.73488570	-3.42875500
139.43999915	-0.82338940	-3.42875500
139.51999915	-0.73488570	-3.42875500
139.59999915	-0.82338940	-3.42875500
139.67999915	-0.82338940	-3.34086100
139.75999915	-0.73488570	-3.42875500
139.83999915	-0.82338940	-3.42875500
139.91999915	-0.82338940	-3.42875500
139.99999915	-0.82338940	-3.42875500
140.07999915	-0.73488570	-3.34086100
140.15999915	-0.82338940	-3.42875500
140.23999915	-0.82338940	-3.42875500
140.31999915	-0.82338940	-3.42875500
140.39999915	-0.82338940	-3.34086100
140.47999915	-0.82338940	-3.42875500
140.55999915	-0.82338940	-3.42875500
140.63999915	-0.82338940	-3.34086100
140.71999914	-0.82338940	-3.42875500
140.79999914	-0.82338940	-3.34086100
140.87999914	-0.82338940	-3.34086100
140.95999914	-0.82338940	-3.42875500
141.03999914	-0.82338940	-3.34086100
141.11999914	-0.82338940	-3.34086100
141.19999914	-0.82338940	-3.42875500
141.27999914	-0.82338940	-3.34086100
141.35999914	-0.82338940	-3.34086100
141.43999914	-0.82338940	-3.34086100
141.51999914	-0.73488570	-3.34086100
141.59999914	-0.82338940	-3.34086100
141.67999914	-0.82338940	-3.34086100
141.75999914	-0.82338940	-3.34086100
141.83999914	-0.82338940	-3.34086100
141.91999914	-0.82338940	-3.34086100
141.99999914	-0.73488570	-3.25327300
142.07999914	-0.82338940	-3.34086100
142.15999914	-0.82338940	-3.34086100
142.23999914	-0.82338940	-3.25327300
142.31999914	-0.82338940	-3.25327300
142.39999913	-0.82338940	-3.25327300
142.47999913	-0.82338940	-3.25327300
142.55999913	-0.82338940	-3.25327300
142.63999913	-0.82338940	-3.25327300
142.71999913	-0.82338940	-3.16538000
142.79999913	-0.82338940	-3.16538000
142.87999913	-0.82338940	-3.16538000
142.95999913	-0.82338940	-3.16538000
143.03999913	-0.82338940	-3.16538000
143.11999913	-0.82338940	-3.16538000
143.19999913	-0.82338940	-3.16538000
143.27999913	-0.82338940	-3.07748700
143.35999913	-0.82338940	-3.16538000
143.43999913	-0.82338940	-3.07748700
143.51999913	-0.82338940	-3.16538000
143.59999913	-0.82338940	-3.07748700
143.67999913	-0.82338940	-3.07748700
143.75999913	-0.82338940	-3.07748700
143.83999913	-0.82338940	-2.98959300
143.91999913	-0.82338940	-2.98959300
143.99999912	-0.73488570	-2.98959300
144.07999912	-0.82338940	-2.98959300
144.15999912	-0.73488570	-2.98959300
144.23999912	-0.82338940	-2.90200500
144.31999912	-0.82338940	-2.90200500
144.39999912	-0.82338940	-2.90200500
144.47999912	-0.82338940	-2.90200500
144.55999912	-0.82338940	-2.81411200
144.63999912	-0.82338940	-2.90200500
144.71999912	-0.82338940	-2.81411200
144.79999912	-0.82338940	-2.81411200
144.87999912	-0.73488570	-2.81411200
144.95999912	-0.82338940	-2.81411200
145.03999912	-0.82338940	-2.72621800
145.11999912	-0.82338940	-2.72621800
145.19999912	-0.82338940	-2.72621800
145.27999912	-0.82338940	-2.72621800
145.35999912	-0.73488570	-2.72621800
145.43999912	-0.73488570	-2.72621800
145.51999912	-0.73488570	-2.63832500
145.59999912	-0.73488570	-2.63832500
145.67999911	-0.82338940	-2.63832500
145.75999911	-0.73488570	-2.63832500
145.83999911	-0.82338940	-2.55043200
145.91999911	-0.82338940	-2.55043200
145.99999911	-0.82338940	-2.55043200
146.07999911	-0.82338940	-2.46284400
146.15999911	-0.73488570	-2.46284400
146.23999911	-0.73488570	-2.46284400
146.31999911	-0.73488570	-2.46284400
146.39999911	-0.73488570	-2.37495000
146.47999911	-0.73488570	-2.37495000
146.55999911	-0.73488570	-2.37495000
146.63999911	-0.73488570	-2.37495000
146.71999911	-0.73488570	-2.28705700
146.79999911	-0.73488570	-2.28705700
146.87999911	-0.73488570	-2.28705700
146.95999911	-0.73488570	-2.28705700
147.03999911	-0.73488570	-2.19916400
147.11999911	-0.73488570	-2.19916400
147.19999911	-0.82338940	-2.19916400
147.27999910	-0.73488570	-2.11157600
147.35999910	-0.73488570	-2.11157600
147.43999910	-0.73488570	-2.11157600
147.51999910	-0.73488570	-2.11157600
147.59999910	-0.73488570	-2.02368200
147.67999910	-0.73488570	-2.02368200
147.75999910	-0.73488570	-2.02368200
147.83999910	-0.73488570	-2.02368200
147.91999910	-0.73488570	-1.93578900
147.99999910	-0.73488570	-1.93578900
148.07999910	-0.73488570	-1.93578900
148.15999910	-0.73488570	-1.93578900
148.23999910	-0.73488570	-1.93578900
148.31999910	-0.73488570	-1.84789600
148.39999910	-0.73488570	-1.84789600
148.47999910	-0.73488570	-1.76030800
148.55999910	-0.73488570	-1.76030800
148.63999910	-0.73488570	-1.76030800
148.71999910	-0.73488570	-1.76030800
148.79999910	-0.73488570	-1.76030800
148.87999910	-0.64607690	-1.67241400
148.95999909	-0.73488570	-1.67241400
149.03999909	-0.64607690	-1.67241400
149.11999909	-0.73488570	-1.58452100
149.19999909	-0.73488570	-1.58452100
149.27999909	-0.73488570	-1.58452100
149.35999909	-0.64607690	-1.49662800
149.43999909	-0.73488570	-1.49662800
149.51999909	-0.64607690	-1.49662800
149.59999909	-0.64607690	-1.49662800
149.67999909	-0.55757310	-1.40904000
149.75999909	-0.64607690	-1.40904000
149.83999909	-0.64607690	-1.40904000
149.91999909	-0.64607690	-1.40904000
149.99999909	-0.64607690	-1.32114600
150.07999909	-0.55757310	-1.32114600
150.15999909	-0.55757310	-1.32114600
150.23999909	-0.55757310	-1.32114600
150.31999909	-0.55757310	-1.23325300
150.39999909	-0.55757310	-1.23325300
150.47999909	-0.55757310	-1.23325300
150.55999908	-0.55757310	-1.23325300
150.63999908	-0.55757310	-1.14536000
150.71999908	-0.55757310	-1.14536000
150.79999908	-0.55757310	-1.05746600
150.87999908	-0.55757310	-1.05746600
150.95999908	-0.55757310	-1.05746600
151.03999908	-0.55757310	-1.05746600
151.11999908	-0.55757310	-0.96987830
151.19999908	-0.55757310	-0.96987830
151.27999908	-0.55757310	-0.96987830
151.35999908	-0.55757310	-0.96987830
151.43999908	-0.55757310	-0.88198490
151.51999908	-0.55757310	-0.88198490
151.59999908	-0.55757310	-0.88198490
151.67999908	-0.55757310	-0.79409160
151.75999908	-0.55757310	-0.79409160
151.83999908	-0.55757310	-0.70619830
151.91999908	-0.55757310	-0.70619830
151.99999908	-0.55757310	-0.70619830
152.07999908	-0.46876430	-0.70619830
152.15999908	-0.55757310	-0.61861020
152.23999907	-0.55757310	-0.61861020
152.31999907	-0.46876430	-0.61861020
152.39999907	-0.46876430	-0.53071690
152.47999907	-0.46876430	-0.53071690
152.55999907	-0.46876430	-0.53071690
152.63999907	-0.46876430	-0.44282360
152.71999907	-0.46876430	-0.44282360
152.79999907	-0.46876430	-0.44282360
152.87999907	-0.46876430	-0.35493030
152.95999907	-0.38026060	-0.35493030
153.03999907	-0.46876430	-0.35493030
153.11999907	-0.38026060	-0.35493030
153.19999907	-0.38026060	-0.35493030
153.27999907	-0.38026060	-0.26734220
153.35999907	-0.38026060	-0.17944880
153.43999907	-0.38026060	-0.26734220
153.51999907	-0.38026060	-0.17944880
153.59999907	-0.38026060	-0.17944880
153.67999907	-0.29145180	-0.09155553
153.75999907	-0.29145180	-0.09155553
153.83999907	-0.20294810	-0.09155553
153.91999906	-0.20294810	-0.09155553
153.99999906	-0.20294810	-0.00366222
154.07999906	-0.20294810	-0.00366222
154.15999906	-0.11413920	-0.00366222
154.23999906	-0.11413920	-0.00366222
154.31999906	-0.11413920	-0.00366222
154.39999906	-0.02563555	0.08392590
154.47999906	-0.02563555	0.08392590
154.55999906	-0.02563555	0.08392590
154.63999906	-0.02563555	0.17151400
154.71999906	-0.02563555	0.17151400
154.79999906	0.06317332	0.25940730
154.87999906	0.15167700	0.25940730
154.95999906	0.15167700	0.34730060
155.03999906	0.15167700	0.25940730
155.11999906	0.24048580	0.34730060
155.19999906	0.41749320	0.34730060
155.27999906	0.59480580	0.34730060
155.35999906	0.59480580	0.34730060
155.43999906	0.59480580	0.43519400
155.51999905	0.59480580	0.43519400
155.59999905	0.59480580	0.52278210
155.67999905	0.59480580	0.52278210
155.75999905	0.24048580	0.61067540
155.83999905	1.21555200	0.61067540
155.91999905	1.92480200	0.61067540
155.99999905	2.01330600	0.61067540
156.07999905	1.30405600	0.69856870
156.15999905	0.24048580	0.69856870
156.23999905	2.98867800	0.69856870
156.31999905	4.49598700	0.69856870
156.39999905	4.14136200	0.78646200
156.47999905	4.05255300	0.78646200
156.55999905	4.14136200	0.78646200
156.63999905	4.05255300	0.78646200
156.71999905	4.05255300	0.87405010
156.79999905	4.05255300	0.87405010
156.87999905	4.05255300	0.87405010
156.95999905	4.05255300	0.96194340
157.03999905	4.05255300	0.96194340
157.11999905	4.05255300	0.96194340
157.19999904	4.05255300	1.04983700
157.27999904	3.96404900	1.04983700
157.35999904	3.96404900	1.04983700
157.43999904	3.96404900	1.04983700
157.51999904	3.96404900	1.13773000
157.59999904	3.96404900	1.13773000
157.67999904	3.96404900	1.22531800
157.75999904	3.87524000	1.22531800
157.83999904	3.96404900	1.22531800
157.91999904	3.87524000	1.31321100
157.99999904	3.96404900	1.31321100
158.07999904	3.87524000	1.40110500
158.15999904	3.87524000	1.40110500
158.23999904	3.87524000	1.40110500
158.31999904	3.87524000	1.40110500
158.39999904	3.87524000	1.40110500
158.47999904	3.87524000	1.48899800
158.55999904	3.87524000	1.57689100
158.63999904	3.87524000	1.57689100
158.71999904	3.87524000	1.57689100
158.79999903	3.87524000	1.66447900
158.87999903	3.78673700	1.57689100
158.95999903	3.78673700	1.66447900
159.03999903	3.78673700	1.75237300
159.11999903	3.78673700	1.75237300
159.19999903	3.78673700	1.75237300
159.27999903	3.78673700	1.84026600
159.35999903	3.78673700	1.84026600
159.43999903	3.78673700	1.92815900
159.51999903	3.78673700	1.92815900
159.59999903	3.78673700	1.92815900
159.67999903	3.78673700	2.01574800
159.75999903	3.69792800	2.01574800
159.83999903	3.69792800	2.01574800
159.91999903	3.69792800	2.10364100
159.99999903	3.69792800	2.10364100
160.07999903	3.69792800	2.10364100
160.15999903	3.69792800	2.19153400
160.23999903	3.69792800	2.19153400
160.31999903	3.69792800	2.27942800
160.39999903	3.69792800	2.27942800
160.47999902	3.69792800	2.27942800
160.55999902	3.69792800	2.36701600
160.63999902	3.69792800	2.36701600
160.71999902	3.69792800	2.45490900
160.79999902	3.69792800	2.45490900
160.87999902	3.69792800	2.45490900
160.95999902	3.69792800	2.54280200
161.03999902	3.69792800	2.54280200
161.11999902	3.69792800	2.54280200
161.19999902	3.69792800	2.63069600
161.27999902	3.69792800	2.63069600
161.35999902	3.60942400	2.71828400
161.43999902	3.69792800	2.71828400
161.51999902	3.69792800	2.80617700
161.59999902	3.69792800	2.80617700
161.67999902	3.60942400	2.80617700
161.75999902	3.69792800	2.80617700
161.83999902	3.60942400	2.80617700
161.91999902	3.69792800	2.89407000
161.99999902	3.60942400	2.98196400
162.07999901	3.60942400	2.98196400
162.15999901	3.69792800	2.98196400
162.23999901	3.60942400	2.98196400
162.31999901	3.60942400	3.06985700
162.39999901	3.60942400	3.15744500
162.47999901	3.60942400	3.15744500
162.55999901	3.52061500	3.15744500
162.63999901	3.60942400	3.15744500
162.71999901	3.60942400	3.24533800
162.79999901	3.60942400	3.24533800
162.87999901	3.60942400	3.24533800
162.95999901	3.60942400	3.33323200
163.03999901	3.60942400	3.33323200
163.11999901	3.52061500	3.42112500
163.19999901	3.60942400	3.42112500
163.27999901	3.60942400	3.42112500
163.35999901	3.60942400	3.50871300
163.43999901	3.60942400	3.50871300
163.51999901	3.52061500	3.50871300
163.59999901	3.60942400	3.50871300
163.67999901	3.60942400	3.50871300
163.75999900	3.60942400	3.59660600
163.83999900	3.60942400	3.59660600
163.91999900	3.52061500	3.68450000
163.99999900	3.60942400	3.68450000
164.07999900	3.60942400	3.68450000
164.15999900	3.60942400	3.68450000
164.23999900	3.60942400	3.68450000
164.31999900	3.60942400	3.77239300
164.39999900	3.52061500	3.85998100
164.47999900	3.60942400	3.77239300
164.55999900	3.60942400	3.85998100
164.63999900	3.52061500	3.85998100
164.71999900	3.52061500	3.85998100
164.79999900	3.52061500	3.85998100
164.87999900	3.60942400	3.85998100
164.95999900	3.60942400	3.94787400
165.03999900	3.60942400	3.94787400
165.11999900	3.60942400	3.94787400
165.19999900	3.52061500	4.03576800
165.27999900	3.60942400	4.03576800
165.35999900	3.52061500	4.03576800
165.43999899	3.60942400	4.12366100
165.51999899	3.60942400	4.03576800
165.59999899	3.60942400	4.12366100
165.67999899	3.60942400	4.12366100
165.75999899	3.60942400	4.12366100
165.83999899	3.60942400	4.21124900
165.91999899	3.60942400	4.21124900
165.99999899	3.60942400	4.21124900
166.07999899	3.60942400	4.21124900
166.15999899	3.60942400	4.21124900
166.23999899	3.60942400	4.21124900
166.31999899	3.60942400	4.21124900
166.39999899	3.52061500	4.21124900
166.47999899	3.60942400	4.21124900
166.55999899	3.60942400	4.29914200
166.63999899	3.60942400	4.29914200
166.71999899	3.60942400	4.29914200
166.79999899	3.60942400	4.29914200
166.87999899	3.60942400	4.29914200
166.95999899	3.60942400	4.29914200
167.03999898	3.60942400	4.38703600
167.11999898	3.60942400	4.38703600
167.19999898	3.60942400	4.38703600
167.27999898	3.69792800	4.38703600
167.35999898	3.69792800	4.38703600
167.43999898	3.60942400	4.38703600
167.51999898	3.60942400	4.38703600
167.59999898	3.60942400	4.38703600
167.67999898	3.60942400	4.38703600
167.75999898	3.69792800	4.38703600
167.83999898	3.60942400	4.38703600
167.91999898	3.60942400	4.38703600
167.99999898	3.69792800	4.38703600
168.07999898	3.69792800	4.47492900
168.15999898	3.69792800	4.38703600
168.23999898	3.69792800	4.38703600
168.31999898	3.69792800	4.38703600
168.39999898	3.69792800	4.38703600
168.47999898	3.69792800	4.38703600
168.55999898	3.69792800	4.38703600
168.63999898	3.69792800	4.38703600
168.71999897	3.69792800	4.38703600
168.79999897	3.69792800	4.38703600
168.87999897	3.69792800	4.38703600
168.95999897	3.69792800	4.38703600
169.03999897	3.69792800	4.38703600
169.11999897	3.69792800	4.38703600
169.19999897	3.69792800	4.38703600
169.27999897	3.69792800	4.38703600
169.35999897	3.69792800	4.38703600
169.43999897	3.69792800	4.38703600
169.51999897	3.69792800	4.38703600
169.59999897	3.78673700	4.38703600
169.67999897	3.69792800	4.38703600
169.75999897	3.69792800	4.29914200
169.83999897	3.69792800	4.29914200
169.91999897	3.69792800	4.29914200
169.99999897	3.69792800	4.29914200
170.07999897	3.78673700	4.29914200
170.15999897	3.69792800	4.21124900
170.23999897	3.69792800	4.21124900
170.31999896	3.69792800	4.21124900
170.39999896	3.78673700	4.21124900
170.47999896	3.69792800	4.21124900
170.55999896	3.78673700	4.21124900
170.63999896	3.78673700	4.21124900
170.71999896	3.78673700	4.12366100
170.79999896	3.78673700	4.12366100
170.87999896	3.87524000	4.12366100
170.95999896	3.78673700	4.12366100
171.03999896	3.78673700	4.12366100
171.11999896	3.78673700	4.03576800
171.19999896	3.78673700	4.03576800
171.27999896	3.78673700	3.94787400
171.35999896	3.78673700	3.94787400
171.43999896	3.78673700	3.94787400
171.51999896	3.78673700	3.94787400
171.59999896	3.78673700	3.94787400
171.67999896	3.87524000	3.85998100
171.75999896	3.87524000	3.85998100
171.83999896	3.87524000	3.85998100
171.91999896	3.87524000	3.85998100
171.99999895	3.78673700	3.77239300
172.07999895	3.87524000	3.77239300
172.15999895	3.87524000	3.77239300
172.23999895	3.87524000	3.68450000
172.31999895	3.87524000	3.68450000
172.39999895	3.87524000	3.68450000
172.47999895	3.87524000	3.59660600
172.55999895	3.87524000	3.59660600
172.63999895	3.87524000	3.50871300
172.71999895	3.87524000	3.50871300
172.79999895	3.87524000	3.50871300
172.87999895	3.87524000	3.50871300
172.95999895	3.87524000	3.42112500
173.03999895	3.87524000	3.42112500
173.11999895	3.87524000	3.42112500
173.19999895	3.96404900	3.33323200
173.27999895	3.96404900	3.33323200
173.35999895	3.87524000	3.33323200
173.43999895	3.96404900	3.24533800
173.51999895	3.87524000	3.15744500
173.59999894	3.96404900	3.15744500
173.67999894	3.87524000	3.15744500
173.75999894	3.87524000	3.06985700
173.83999894	3.87524000	2.98196400
173.91999894	3.96404900	2.98196400
173.99999894	3.96404900	2.98196400
174.07999894	3.96404900	2.89407000
174.15999894	3.96404900	2.89407000
174.23999894	3.96404900	2.89407000
174.31999894	3.96404900	2.80617700
174.39999894	3.96404900	2.80617700
174.47999894	3.96404900	2.71828400
174.55999894	3.96404900	2.71828400
174.63999894	3.96404900	2.63069600
174.71999894	3.96404900	2.63069600
174.79999894	4.05255300	2.54280200
174.87999894	3.96404900	2.45490900
174.95999894	4.05255300	2.45490900
175.03999894	4.05255300	2.45490900
175.11999894	4.05255300	2.45490900
175.19999894	3.96404900	2.36701600
175.27999893	4.05255300	2.36701600
175.35999893	4.05255300	2.27942800
175.43999893	4.05255300	2.19153400
175.51999893	4.05255300	2.19153400
175.59999893	4.05255300	2.19153400
175.67999893	4.05255300	2.10364100
175.75999893	4.05255300	2.10364100
175.83999893	4.05255300	2.01574800
175.91999893	4.05255300	2.01574800
175.99999893	4.05255300	1.92815900
176.07999893	4.05255300	1.84026600
176.15999893	4.05255300	1.84026600
176.23999893	4.05255300	1.84026600
176.31999893	4.05255300	1.75237300
176.39999893	4.05255300	1.75237300
176.47999893	4.05255300	1.66447900
176.55999893	4.05255300	1.57689100
176.63999893	4.14136200	1.57689100
176.71999893	4.05255300	1.48899800
176.79999893	4.14136200	1.48899800
176.87999893	4.05255300	1.40110500
176.95999892	4.05255300	1.40110500
177.03999892	4.14136200	1.31321100
177.11999892	4.14136200	1.31321100
177.19999892	4.14136200	1.22531800
177.27999892	4.14136200	1.22531800
177.35999892	4.05255300	1.13773000
177.43999892	4.14136200	1.04983700
177.51999892	4.14136200	1.04983700
177.59999892	4.14136200	1.04983700
177.67999892	4.14136200	0.87405010
177.75999892	4.14136200	0.87405010
177.83999892	4.14136200	0.87405010
177.91999892	4.14136200	0.87405010
177.99999892	4.14136200	0.78646200
178.07999892	4.14136200	0.69856870
178.15999892	4.14136200	0.69856870
178.23999892	4.14136200	0.61067540
178.31999892	4.14136200	0.61067540
178.39999892	4.14136200	0.52278210
178.47999892	4.14136200	0.52278210
178.55999891	4.14136200	0.43519400
178.63999891	4.14136200	0.34730060
178.71999891	4.14136200	0.34730060
178.79999891	4.22986600	0.25940730
178.87999891	4.14136200	0.17151400
178.95999891	4.14136200	0.17151400
179.03999891	4.22986600	0.08392590
179.11999891	4.22986600	0.08392590
179.19999891	4.14136200	-0.00366222
179.27999891	4.22986600	-0.00366222
179.35999891	4.14136200	-0.09155553
179.43999891	4.22986600	-0.09155553
179.51999891	4.22986600	-0.17944880
179.59999891	4.22986600	-0.17944880
179.67999891	4.22986600	-0.26734220
179.75999891	4.22986600	-0.35493030
179.83999891	4.22986600	-0.35493030
179.91999891	4.22986600	-0.44282360
179.99999891	4.22986600	-0.53071690
180.07999891	4.22986600	-0.53071690
180.15999891	4.22986600	-0.53071690
180.23999890	4.22986600	-0.70619830
180.31999890	4.22986600	-0.70619830
180.39999890	4.22986600	-0.70619830
180.47999890	4.22986600	-0.79409160
180.55999890	4.22986600	-0.88198490
180.63999890	4.22986600	-0.88198490
180.71999890	4.22986600	-0.96987830
180.79999890	4.22986600	-1.05746600
180.87999890	4.22986600	-1.05746600
180.95999890	4.22986600	-1.14536000
181.03999890	4.31867400	-1.23325300
181.11999890	4.31867400	-1.23325300
181.19999890	4.22986600	-1.23325300
181.27999890	4.31867400	-1.32114600
181.35999890	4.31867400	-1.40904000
181.43999890	4.22986600	-1.40904000
181.51999890	4.31867400	-1.49662800
181.59999890	4.31867400	-1.49662800
181.67999890	4.31867400	-1.58452100
181.75999890	4.31867400	-1.58452100
181.83999889	4.40717800	-1.67241400
181.91999889	4.40717800	-1.67241400
181.99999889	4.40717800	-1.76030800
182.07999889	4.49598700	-1.84789600
182.15999889	4.85061200	-1.84789600
182.23999889	5.11642800	-1.84789600
182.31999889	5.20523700	-1.93578900
182.39999889	5.11642800	-2.02368200
182.47999889	5.11642800	-2.02368200
182.55999889	5.02792500	-2.11157600
182.63999889	5.02792500	-2.11157600
182.71999889	5.11642800	-2.19916400
182.79999889	5.11642800	-2.19916400
182.87999889	5.11642800	-2.28705700
182.95999889	5.11642800	-2.28705700
183.03999889	5.02792500	-2.37495000
183.11999889	5.02792500	-2.37495000
183.19999889	5.02792500	-2.46284400
183.27999889	5.02792500	-2.46284400
183.35999889	5.02792500	-2.55043200
183.43999889	4.93911600	-2.63832500
183.51999888	4.93911600	-2.63832500
183.59999888	4.93911600	-2.72621800
183.67999888	4.93911600	-2.72621800
183.75999888	4.93911600	-2.72621800
183.83999888	4.93911600	-2.81411200
183.91999888	4.93911600	-2.90200500
183.99999888	4.85061200	-2.90200500
184.07999888	4.85061200	-2.98959300
184.15999888	4.85061200	-2.98959300
184.23999888	4.85061200	-3.07748700
184.31999888	4.85061200	-3.07748700
184.39999888	4.85061200	-3.16538000
184.47999888	4.76180300	-3.16538000
184.55999888	4.76180300	-3.16538000
184.63999888	4.76180300	-3.25327300
184.71999888	4.76180300	-3.34086100
184.79999888	4.76180300	-3.25327300
184.87999888	4.67329900	-3.34086100
184.95999888	4.67329900	-3.42875500
185.03999888	4.58449000	-3.42875500
185.11999887	4.58449000	-3.42875500
185.19999887	4.58449000	-3.51664800
185.27999887	4.58449000	-3.51664800
185.35999887	4.58449000	-3.51664800
185.43999887	4.58449000	-3.60454100
185.51999887	4.49598700	-3.69212900
185.59999887	4.58449000	-3.69212900
185.67999887	4.49598700	-3.69212900
185.75999887	4.49598700	-3.78002300
185.83999887	4.49598700	-3.78002300
185.91999887	4.49598700	-3.86791600
185.99999887	4.49598700	-3.86791600
186.07999887	4.40717800	-3.86791600
186.15999887	4.40717800	-3.95580900
186.23999887	4.40717800	-3.95580900
186.31999887	4.40717800	-4.04339700
186.39999887	4.40717800	-4.04339700
186.47999887	4.40717800	-4.04339700
186.55999887	4.40717800	-4.13129000
186.63999887	4.40717800	-4.13129000
186.71999887	4.40717800	-4.21918400
186.79999886	4.40717800	-4.21918400
186.87999886	4.31867400	-4.21918400
186.95999886	4.40717800	-4.21918400
187.03999886	4.31867400	-4.21918400
187.11999886	4.40717800	-4.30707700
187.19999886	4.31867400	-4.30707700
187.27999886	4.31867400	-4.39497000
187.35999886	4.31867400	-4.39497000
187.43999886	4.31867400	-4.39497000
187.51999886	4.40717800	-4.39497000
187.59999886	4.31867400	-4.48255900
187.67999886	4.31867400	-4.39497000
187.75999886	4.40717800	-4.48255900
187.83999886	4.31867400	-4.57045200
187.91999886	4.31867400	-4.57045200
187.99999886	4.31867400	-4.57045200
188.07999886	4.31867400	-4.57045200
188.15999886	4.22986600	-4.65834500
188.23999886	4.31867400	-4.65834500
188.31999886	4.22986600	-4.65834500
188.39999886	4.31867400	-4.65834500
188.47999885	4.22986600	-4.65834500
188.55999885	4.31867400	-4.74623900
188.63999885	4.31867400	-4.74623900
188.71999885	4.31867400	-4.74623900
188.79999885	4.22986600	-4.74623900
188.87999885	4.22986600	-4.83382700
188.95999885	4.31867400	-4.83382700
189.03999885	4.22986600	-4.83382700
189.11999885	4.31867400	-4.83382700
189.19999885	4.22986600	-4.83382700
189.27999885	4.22986600	-4.83382700
189.35999885	4.22986600	-4.83382700
189.43999885	4.31867400	-4.83382700
189.51999885	4.22986600	-4.92172000
189.59999885	4.22986600	-4.92172000
189.67999885	4.22986600	-4.92172000
189.75999885	4.22986600	-4.92172000
189.83999885	4.22986600	-4.92172000
189.91999885	4.22986600	-4.92172000
189.99999885	4.22986600	-4.92172000
190.07999884	4.22986600	-4.92172000
190.15999884	4.22986600	-4.92172000
190.23999884	4.22986600	-4.92172000
190.31999884	4.22986600	-4.92172000
190.39999884	4.22986600	-5.00961400
190.47999884	4.22986600	-4.92172000
190.55999884	4.22986600	-5.00961400
190.63999884	4.22986600	-5.00961400
190.71999884	4.22986600	-5.00961400
190.79999884	4.22986600	-5.00961400
190.87999884	4.31867400	-4.92172000
190.95999884	4.22986600	-5.00961400
191.03999884	4.22986600	-5.00961400
191.11999884	4.22986600	-5.00961400
191.19999884	4.22986600	-5.00961400
191.27999884	4.22986600	-5.00961400
191.35999884	4.22986600	-5.00961400
191.43999884	4.22986600	-5.00961400
191.51999884	4.22986600	-5.00961400
191.59999884	4.22986600	-4.92172000
191.67999884	4.22986600	-5.00961400
191.75999883	4.22986600	-4.92172000
191.83999883	4.22986600	-5.00961400
191.91999883	4.22986600	-5.00961400
191.99999883	4.22986600	-4.92172000
192.07999883	4.22986600	-4.92172000
192.15999883	4.22986600	-4.92172000
192.23999883	4.22986600	-4.92172000
192.31999883	4.22986600	-4.92172000
192.39999883	4.22986600	-4.92172000
192.47999883	4.22986600	-4.92172000
192.55999883	4.22986600	-4.92172000
192.63999883	4.22986600	-4.92172000
192.71999883	4.31867400	-4.83382700
192.79999883	4.22986600	-4.92172000
192.87999883	4.22986600	-4.83382700
192.95999883	4.22986600	-4.83382700
193.03999883	4.22986600	-4.83382700
193.11999883	4.22986600	-4.83382700
193.19999883	4.22986600	-4.74623900
193.27999883	4.22986600	-4.74623900
193.35999882	4.22986600	-4.74623900
193.43999882	4.22986600	-4.74623900
193.51999882	4.22986600	-4.74623900
193.59999882	4.31867400	-4.74623900
193.67999882	4.22986600	-4.65834500
193.75999882	4.22986600	-4.65834500
193.83999882	4.22986600	-4.65834500
193.91999882	4.22986600	-4.57045200
193.99999882	4.22986600	-4.65834500
194.07999882	4.22986600	-4.57045200
194.15999882	4.22986600	-4.57045200
194.23999882	4.22986600	-4.57045200
194.31999882	4.22986600	-4.57045200
194.39999882	4.22986600	-4.48255900
194.47999882	4.22986600	-4.48255900
194.55999882	4.31867400	-4.48255900
194.63999882	4.22986600	-4.39497000
194.71999882	4.31867400	-4.39497000
194.79999882	4.31867400	-4.39497000
194.87999882	4.31867400	-4.30707700
194.95999882	4.22986600	-4.30707700
195.03999881	4.31867400	-4.30707700
195.11999881	4.22986600	-4.21918400
195.19999881	4.31867400	-4.21918400
195.27999881	4.31867400	-4.21918400
195.35999881	4.31867400	-4.21918400
195.43999881	4.22986600	-4.13129000
195.51999881	4.31867400	-4.13129000
195.59999881	4.31867400	-4.04339700
195.67999881	4.31867400	-4.04339700
195.75999881	4.31867400	-4.04339700
195.83999881	4.31867400	-4.04339700
195.91999881	4.31867400	-3.95580900
195.99999881	4.31867400	-3.95580900
196.07999881	4.40717800	-3.86791600
196.15999881	4.40717800	-3.86791600
196.23999881	4.40717800	-3.86791600
196.31999881	4.40717800	-3.86791600
196.39999881	4.49598700	-3.86791600
196.47999881	4.58449000	-3.78002300
196.55999881	4.76180300	-3.78002300
196.63999880	4.85061200	-3.69212900
196.71999880	4.85061200	-3.69212900
196.79999880	4.85061200	-3.69212900
196.87999880	4.93911600	-3.60454100
196.95999880	4.93911600	-3.51664800
197.03999880	4.93911600	-3.51664800
197.11999880	4.93911600	-3.51664800
197.19999880	4.93911600	-3.51664800
197.27999880	4.93911600	-3.42875500
197.35999880	5.02792500	-3.42875500
197.43999880	5.02792500	-3.34086100
197.51999880	5.02792500	-3.34086100
197.59999880	5.02792500	-3.34086100
197.67999880	5.02792500	-3.25327300
197.75999880	5.02792500	-3.25327300
197.83999880	5.02792500	-3.16538000
197.91999880	5.11642800	-3.16538000
197.99999880	5.11642800	-3.16538000
198.07999880	5.11642800	-3.07748700
198.15999880	5.11642800	-2.98959300
198.23999880	5.11642800	-2.98959300
198.31999879	5.11642800	-2.98959300
198.39999879	5.11642800	-2.90200500
198.47999879	5.11642800	-2.90200500
198.55999879	5.11642800	-2.81411200
198.63999879	5.11642800	-2.81411200
198.71999879	5.11642800	-2.81411200
198.79999879	5.11642800	-2.81411200
198.87999879	5.11642800	-2.72621800
198.95999879	5.11642800	-2.72621800
199.03999879	5.20523700	-2.63832500
199.11999879	5.20523700	-2.63832500
199.19999879	5.20523700	-2.55043200
199.27999879	5.20523700	-2.55043200
199.35999879	5.20523700	-2.46284400
199.43999879	5.20523700	-2.46284400
199.51999879	5.20523700	-2.46284400
199.59999879	5.20523700	-2.37495000
199.67999879	5.20523700	-2.37495000
199.75999879	5.20523700	-2.28705700
199.83999879	5.20523700	-2.19916400
199.91999878	5.20523700	-2.19916400
199.99999878	5.20523700	-2.19916400
200.07999878	5.20523700	-2.11157600
200.15999878	5.20523700	-2.11157600
200.23999878	5.20523700	-2.11157600
