Time	Channel A	Channel B
(us)	(V)	(V)

0.00000000	-0.64607690	-1.14536000
0.08000000	-0.64607690	-1.23325300
0.16000000	-0.64607690	-1.32114600
0.24000000	-0.64607690	-1.32114600
0.32000000	-0.64607690	-1.32114600
0.40000000	-0.64607690	-1.40904000
0.48000000	-0.64607690	-1.40904000
0.56000000	-0.64607690	-1.40904000
0.64000000	-0.73488570	-1.49662800
0.72000000	-0.64607690	-1.49662800
0.80000000	-0.73488570	-1.49662800
0.87999999	-0.73488570	-1.58452100
0.95999999	-0.73488570	-1.58452100
1.03999999	-0.73488570	-1.67241400
1.11999999	-0.64607690	-1.67241400
1.19999999	-0.64607690	-1.67241400
1.27999999	-0.64607690	-1.76030800
1.35999999	-0.64607690	-1.76030800
1.43999999	-0.73488570	-1.76030800
1.51999999	-0.73488570	-1.76030800
1.59999999	-0.64607690	-1.84789600
1.67999999	-0.73488570	-1.93578900
1.75999999	-0.73488570	-1.93578900
1.83999999	-0.73488570	-1.93578900
1.91999999	-0.73488570	-2.02368200
1.99999999	-0.73488570	-2.02368200
2.07999999	-0.73488570	-2.02368200
2.15999999	-0.73488570	-2.11157600
2.23999999	-0.73488570	-2.11157600
2.31999999	-0.73488570	-2.11157600
2.39999999	-0.73488570	-2.19916400
2.47999998	-0.73488570	-2.19916400
2.55999998	-0.73488570	-2.19916400
2.63999998	-0.73488570	-2.28705700
2.71999998	-0.73488570	-2.28705700
2.79999998	-0.73488570	-2.28705700
2.87999998	-0.73488570	-2.37495000
2.95999998	-0.73488570	-2.28705700
3.03999998	-0.73488570	-2.37495000
3.11999998	-0.73488570	-2.37495000
3.19999998	-0.73488570	-2.46284400
3.27999998	-0.73488570	-2.46284400
3.35999998	-0.73488570	-2.46284400
3.43999998	-0.73488570	-2.46284400
3.51999998	-0.73488570	-2.55043200
3.59999998	-0.73488570	-2.55043200
3.67999998	-0.73488570	-2.63832500
3.75999998	-0.73488570	-2.63832500
3.83999998	-0.73488570	-2.63832500
3.91999998	-0.73488570	-2.63832500
3.99999998	-0.73488570	-2.72621800
4.07999998	-0.73488570	-2.72621800
4.15999997	-0.73488570	-2.72621800
4.23999997	-0.73488570	-2.81411200
4.31999997	-0.73488570	-2.81411200
4.39999997	-0.73488570	-2.81411200
4.47999997	-0.73488570	-2.81411200
4.55999997	-0.73488570	-2.81411200
4.63999997	-0.73488570	-2.81411200
4.71999997	-0.73488570	-2.90200500
4.79999997	-0.73488570	-2.90200500
4.87999997	-0.73488570	-2.90200500
4.95999997	-0.73488570	-2.90200500
5.03999997	-0.82338940	-2.98959300
5.11999997	-0.73488570	-2.98959300
5.19999997	-0.82338940	-2.98959300
5.27999997	-0.82338940	-2.98959300
5.35999997	-0.73488570	-2.98959300
5.43999997	-0.82338940	-3.07748700
5.51999997	-0.73488570	-3.07748700
5.59999997	-0.73488570	-3.07748700
5.67999997	-0.73488570	-3.16538000
5.75999996	-0.82338940	-3.16538000
5.83999996	-0.82338940	-3.16538000
5.91999996	-0.73488570	-3.16538000
5.99999996	-0.82338940	-3.16538000
6.07999996	-0.73488570	-3.16538000
6.15999996	-0.82338940	-3.16538000
6.23999996	-0.82338940	-3.16538000
6.31999996	-0.73488570	-3.16538000
6.39999996	-0.82338940	-3.16538000
6.47999996	-0.73488570	-3.25327300
6.55999996	-0.82338940	-3.25327300
6.63999996	-0.73488570	-3.25327300
6.71999996	-0.82338940	-3.25327300
6.79999996	-0.82338940	-3.25327300
6.87999996	-0.82338940	-3.34086100
6.95999996	-0.82338940	-3.34086100
7.03999996	-0.82338940	-3.34086100
7.11999996	-0.82338940	-3.25327300
7.19999996	-0.82338940	-3.34086100
7.27999996	-0.82338940	-3.34086100
7.35999996	-0.82338940	-3.34086100
7.43999995	-0.82338940	-3.34086100
7.51999995	-0.82338940	-3.34086100
7.59999995	-0.82338940	-3.34086100
7.67999995	-0.82338940	-3.34086100
7.75999995	-0.73488570	-3.34086100
7.83999995	-0.82338940	-3.34086100
7.91999995	-0.73488570	-3.34086100
7.99999995	-0.82338940	-3.34086100
8.07999995	-0.82338940	-3.42875500
8.15999995	-0.73488570	-3.34086100
8.23999995	-0.82338940	-3.42875500
8.31999995	-0.82338940	-3.42875500
8.39999995	-0.82338940	-3.42875500
8.47999995	-0.82338940	-3.42875500
8.55999995	-0.82338940	-3.42875500
8.63999995	-0.82338940	-3.34086100
8.71999995	-0.82338940	-3.42875500
8.79999995	-0.73488570	-3.42875500
8.87999995	-0.82338940	-3.42875500
8.95999995	-0.82338940	-3.42875500
9.03999995	-0.82338940	-3.42875500
9.11999994	-0.73488570	-3.42875500
9.19999994	-0.82338940	-3.42875500
9.27999994	-0.73488570	-3.42875500
9.35999994	-0.82338940	-3.42875500
9.43999994	-0.82338940	-3.34086100
9.51999994	-0.82338940	-3.34086100
9.59999994	-0.82338940	-3.42875500
9.67999994	-0.82338940	-3.42875500
9.75999994	-0.82338940	-3.42875500
9.83999994	-0.82338940	-3.42875500
9.91999994	-0.82338940	-3.34086100
9.99999994	-0.82338940	-3.34086100
10.07999994	-0.82338940	-3.34086100
10.15999994	-0.82338940	-3.34086100
10.23999994	-0.82338940	-3.34086100
10.31999994	-0.82338940	-3.34086100
10.39999994	-0.82338940	-3.34086100
10.47999994	-0.82338940	-3.34086100
10.55999994	-0.82338940	-3.34086100
10.63999994	-0.82338940	-3.34086100
10.71999993	-0.82338940	-3.34086100
10.79999993	-0.82338940	-3.34086100
10.87999993	-0.82338940	-3.34086100
10.95999993	-0.82338940	-3.34086100
11.03999993	-0.82338940	-3.25327300
11.11999993	-0.82338940	-3.25327300
11.19999993	-0.73488570	-3.25327300
11.27999993	-0.82338940	-3.25327300
11.35999993	-0.82338940	-3.25327300
11.43999993	-0.82338940	-3.25327300
11.51999993	-0.82338940	-3.16538000
11.59999993	-0.82338940	-3.16538000
11.67999993	-0.82338940	-3.16538000
11.75999993	-0.82338940	-3.16538000
11.83999993	-0.82338940	-3.16538000
11.91999993	-0.82338940	-3.16538000
11.99999993	-0.82338940	-3.16538000
12.07999993	-0.82338940	-3.16538000
12.15999993	-0.82338940	-3.16538000
12.23999993	-0.82338940	-3.16538000
12.31999993	-0.82338940	-3.16538000
12.39999992	-0.82338940	-3.16538000
12.47999992	-0.82338940	-3.07748700
12.55999992	-0.82338940	-3.07748700
12.63999992	-0.82338940	-2.98959300
12.71999992	-0.82338940	-2.98959300
12.79999992	-0.82338940	-2.98959300
12.87999992	-0.82338940	-2.98959300
12.95999992	-0.82338940	-2.98959300
13.03999992	-0.82338940	-2.98959300
13.11999992	-0.82338940	-2.90200500
13.19999992	-0.82338940	-2.90200500
13.27999992	-0.82338940	-2.90200500
13.35999992	-0.82338940	-2.90200500
13.43999992	-0.82338940	-2.90200500
13.51999992	-0.82338940	-2.81411200
13.59999992	-0.82338940	-2.81411200
13.67999992	-0.82338940	-2.81411200
13.75999992	-0.82338940	-2.81411200
13.83999992	-0.82338940	-2.81411200
13.91999992	-0.82338940	-2.81411200
13.99999991	-0.82338940	-2.72621800
14.07999991	-0.73488570	-2.72621800
14.15999991	-0.73488570	-2.63832500
14.23999991	-0.73488570	-2.63832500
14.31999991	-0.82338940	-2.63832500
14.39999991	-0.73488570	-2.63832500
14.47999991	-0.73488570	-2.63832500
14.55999991	-0.73488570	-2.63832500
14.63999991	-0.73488570	-2.55043200
14.71999991	-0.82338940	-2.55043200
14.79999991	-0.82338940	-2.46284400
14.87999991	-0.73488570	-2.46284400
14.95999991	-0.73488570	-2.46284400
15.03999991	-0.82338940	-2.46284400
15.11999991	-0.82338940	-2.46284400
15.19999991	-0.82338940	-2.37495000
15.27999991	-0.73488570	-2.37495000
15.35999991	-0.73488570	-2.37495000
15.43999991	-0.73488570	-2.37495000
15.51999991	-0.73488570	-2.28705700
15.59999991	-0.73488570	-2.28705700
15.67999990	-0.73488570	-2.28705700
15.75999990	-0.73488570	-2.28705700
15.83999990	-0.73488570	-2.19916400
15.91999990	-0.73488570	-2.19916400
15.99999990	-0.73488570	-2.19916400
16.07999990	-0.73488570	-2.11157600
16.15999990	-0.73488570	-2.11157600
16.23999990	-0.73488570	-2.11157600
16.31999990	-0.73488570	-2.11157600
16.39999990	-0.73488570	-2.11157600
16.47999990	-0.73488570	-2.02368200
16.55999990	-0.73488570	-2.02368200
16.63999990	-0.73488570	-2.02368200
16.71999990	-0.73488570	-1.93578900
16.79999990	-0.73488570	-1.93578900
16.87999990	-0.73488570	-1.93578900
16.95999990	-0.73488570	-1.93578900
17.03999990	-0.73488570	-1.93578900
17.11999990	-0.73488570	-1.84789600
17.19999990	-0.73488570	-1.84789600
17.27999989	-0.73488570	-1.84789600
17.35999989	-0.73488570	-1.76030800
17.43999989	-0.73488570	-1.76030800
17.51999989	-0.73488570	-1.76030800
17.59999989	-0.64607690	-1.76030800
17.67999989	-0.73488570	-1.76030800
17.75999989	-0.73488570	-1.67241400
17.83999989	-0.64607690	-1.67241400
17.91999989	-0.64607690	-1.67241400
17.99999989	-0.64607690	-1.58452100
18.07999989	-0.73488570	-1.58452100
18.15999989	-0.64607690	-1.49662800
18.23999989	-0.73488570	-1.49662800
18.31999989	-0.64607690	-1.49662800
18.39999989	-0.64607690	-1.49662800
18.47999989	-0.55757310	-1.49662800
18.55999989	-0.64607690	-1.40904000
18.63999989	-0.64607690	-1.40904000
18.71999989	-0.64607690	-1.40904000
18.79999989	-0.64607690	-1.40904000
18.87999989	-0.55757310	-1.32114600
18.95999988	-0.55757310	-1.32114600
19.03999988	-0.55757310	-1.23325300
19.11999988	-0.55757310	-1.23325300
19.19999988	-0.55757310	-1.23325300
19.27999988	-0.55757310	-1.23325300
19.35999988	-0.55757310	-1.23325300
19.43999988	-0.55757310	-1.14536000
19.51999988	-0.55757310	-1.14536000
19.59999988	-0.55757310	-1.05746600
19.67999988	-0.55757310	-1.05746600
19.75999988	-0.55757310	-1.05746600
19.83999988	-0.55757310	-1.05746600
19.91999988	-0.55757310	-1.05746600
19.99999988	-0.55757310	-0.96987830
20.07999988	-0.55757310	-0.96987830
20.15999988	-0.55757310	-0.96987830
20.23999988	-0.55757310	-0.88198490
20.31999988	-0.55757310	-0.79409160
20.39999988	-0.55757310	-0.88198490
20.47999988	-0.55757310	-0.79409160
20.55999988	-0.55757310	-0.79409160
20.63999987	-0.55757310	-0.70619830
20.71999987	-0.55757310	-0.70619830
20.79999987	-0.55757310	-0.70619830
20.87999987	-0.55757310	-0.61861020
20.95999987	-0.55757310	-0.61861020
21.03999987	-0.46876430	-0.53071690
21.11999987	-0.46876430	-0.61861020
21.19999987	-0.46876430	-0.53071690
21.27999987	-0.46876430	-0.53071690
21.35999987	-0.46876430	-0.53071690
21.43999987	-0.46876430	-0.44282360
21.51999987	-0.46876430	-0.44282360
21.59999987	-0.46876430	-0.44282360
21.67999987	-0.46876430	-0.35493030
21.75999987	-0.46876430	-0.35493030
21.83999987	-0.38026060	-0.35493030
21.91999987	-0.46876430	-0.35493030
21.99999987	-0.38026060	-0.35493030
22.07999987	-0.38026060	-0.35493030
22.15999987	-0.38026060	-0.26734220
22.23999986	-0.38026060	-0.26734220
22.31999986	-0.38026060	-0.17944880
22.39999986	-0.29145180	-0.17944880
22.47999986	-0.29145180	-0.17944880
22.55999986	-0.29145180	-0.09155553
22.63999986	-0.29145180	-0.09155553
22.71999986	-0.20294810	-0.00366222
22.79999986	-0.20294810	-0.00366222
22.87999986	-0.20294810	-0.00366222
22.95999986	-0.20294810	-0.00366222
23.03999986	-0.11413920	-0.00366222
23.11999986	-0.11413920	0.08392590
23.19999986	-0.11413920	0.08392590
23.27999986	-0.02563555	0.08392590
23.35999986	-0.02563555	0.17151400
23.43999986	-0.02563555	0.17151400
23.51999986	0.06317332	0.17151400
23.59999986	0.06317332	0.17151400
23.67999986	0.15167700	0.25940730
23.75999986	0.15167700	0.25940730
23.83999986	0.15167700	0.25940730
23.91999985	0.24048580	0.34730060
23.99999985	0.32898950	0.34730060
24.07999985	0.59480580	0.43519400
24.15999985	0.59480580	0.43519400
24.23999985	0.59480580	0.43519400
24.31999985	0.15167700	0.52278210
24.39999985	1.21555200	0.52278210
24.47999985	2.01330600	0.52278210
24.55999985	2.19061900	0.52278210
24.63999985	1.57017700	0.61067540
24.71999985	0.41749320	0.61067540
24.79999985	2.36793100	0.61067540
24.87999985	4.58449000	0.69856870
24.95999985	4.05255300	0.69856870
25.03999985	4.14136200	0.69856870
25.11999985	4.14136200	0.69856870
25.19999985	4.05255300	0.78646200
25.27999985	4.05255300	0.78646200
25.35999985	4.05255300	0.87405010
25.43999985	4.05255300	0.87405010
25.51999984	4.05255300	0.87405010
25.59999984	3.96404900	0.87405010
25.67999984	4.05255300	0.87405010
25.75999984	3.96404900	0.87405010
25.83999984	3.96404900	0.96194340
25.91999984	3.96404900	1.04983700
25.99999984	3.96404900	1.04983700
26.07999984	3.96404900	1.04983700
26.15999984	3.96404900	1.04983700
26.23999984	3.87524000	1.13773000
26.31999984	3.87524000	1.13773000
26.39999984	3.87524000	1.22531800
26.47999984	3.87524000	1.22531800
26.55999984	3.87524000	1.31321100
26.63999984	3.87524000	1.31321100
26.71999984	3.87524000	1.31321100
26.79999984	3.87524000	1.31321100
26.87999984	3.87524000	1.40110500
26.95999984	3.87524000	1.40110500
27.03999984	3.87524000	1.40110500
27.11999984	3.78673700	1.48899800
27.19999983	3.87524000	1.48899800
27.27999983	3.78673700	1.57689100
27.35999983	3.78673700	1.57689100
27.43999983	3.78673700	1.57689100
27.51999983	3.78673700	1.57689100
27.59999983	3.78673700	1.66447900
27.67999983	3.78673700	1.75237300
27.75999983	3.78673700	1.75237300
27.83999983	3.78673700	1.75237300
27.91999983	3.78673700	1.75237300
27.99999983	3.78673700	1.84026600
28.07999983	3.78673700	1.92815900
28.15999983	3.78673700	1.92815900
28.23999983	3.78673700	1.92815900
28.31999983	3.69792800	2.01574800
28.39999983	3.69792800	2.01574800
28.47999983	3.69792800	2.10364100
28.55999983	3.69792800	2.10364100
28.63999983	3.69792800	2.10364100
28.71999983	3.69792800	2.10364100
28.79999982	3.69792800	2.19153400
28.87999982	3.69792800	2.19153400
28.95999982	3.69792800	2.19153400
29.03999982	3.69792800	2.27942800
29.11999982	3.69792800	2.27942800
29.19999982	3.69792800	2.36701600
29.27999982	3.69792800	2.36701600
29.35999982	3.69792800	2.36701600
29.43999982	3.69792800	2.45490900
29.51999982	3.69792800	2.45490900
29.59999982	3.69792800	2.45490900
29.67999982	3.60942400	2.54280200
29.75999982	3.69792800	2.63069600
29.83999982	3.69792800	2.63069600
29.91999982	3.60942400	2.63069600
29.99999982	3.69792800	2.63069600
30.07999982	3.69792800	2.71828400
30.15999982	3.60942400	2.71828400
30.23999982	3.69792800	2.80617700
30.31999982	3.60942400	2.80617700
30.39999982	3.69792800	2.80617700
30.47999981	3.60942400	2.80617700
30.55999981	3.52061500	2.89407000
30.63999981	3.60942400	2.89407000
30.71999981	3.60942400	2.98196400
30.79999981	3.60942400	2.98196400
30.87999981	3.60942400	2.98196400
30.95999981	3.60942400	3.06985700
31.03999981	3.60942400	3.06985700
31.11999981	3.60942400	3.15744500
31.19999981	3.52061500	3.15744500
31.27999981	3.60942400	3.15744500
31.35999981	3.60942400	3.24533800
31.43999981	3.60942400	3.24533800
31.51999981	3.60942400	3.33323200
31.59999981	3.60942400	3.33323200
31.67999981	3.52061500	3.33323200
31.75999981	3.60942400	3.33323200
31.83999981	3.60942400	3.42112500
31.91999981	3.60942400	3.42112500
31.99999981	3.60942400	3.42112500
32.07999981	3.60942400	3.50871300
32.15999980	3.52061500	3.50871300
32.23999980	3.52061500	3.50871300
32.31999980	3.60942400	3.59660600
32.39999980	3.60942400	3.59660600
32.47999980	3.52061500	3.68450000
32.55999980	3.52061500	3.59660600
32.63999980	3.52061500	3.68450000
32.71999980	3.52061500	3.68450000
32.79999980	3.52061500	3.68450000
32.87999980	3.52061500	3.77239300
32.95999980	3.60942400	3.77239300
33.03999980	3.60942400	3.77239300
33.11999980	3.52061500	3.85998100
33.19999980	3.60942400	3.85998100
33.27999980	3.52061500	3.85998100
33.35999980	3.52061500	3.85998100
33.43999980	3.52061500	3.85998100
33.51999980	3.60942400	3.94787400
33.59999980	3.60942400	4.03576800
33.67999980	3.52061500	3.94787400
33.75999979	3.60942400	3.94787400
33.83999979	3.60942400	4.03576800
33.91999979	3.60942400	4.03576800
33.99999979	3.60942400	4.03576800
34.07999979	3.52061500	4.12366100
34.15999979	3.52061500	4.12366100
34.23999979	3.52061500	4.12366100
34.31999979	3.60942400	4.12366100
34.39999979	3.60942400	4.12366100
34.47999979	3.52061500	4.12366100
34.55999979	3.60942400	4.21124900
34.63999979	3.60942400	4.21124900
34.71999979	3.60942400	4.21124900
34.79999979	3.60942400	4.21124900
34.87999979	3.52061500	4.29914200
34.95999979	3.60942400	4.21124900
35.03999979	3.60942400	4.29914200
35.11999979	3.60942400	4.29914200
35.19999979	3.60942400	4.29914200
35.27999979	3.60942400	4.29914200
35.35999979	3.60942400	4.29914200
35.43999978	3.60942400	4.29914200
35.51999978	3.60942400	4.38703600
35.59999978	3.60942400	4.38703600
35.67999978	3.60942400	4.38703600
35.75999978	3.60942400	4.38703600
35.83999978	3.60942400	4.38703600
35.91999978	3.60942400	4.38703600
35.99999978	3.60942400	4.38703600
36.07999978	3.69792800	4.38703600
36.15999978	3.60942400	4.38703600
36.23999978	3.69792800	4.38703600
36.31999978	3.69792800	4.38703600
36.39999978	3.69792800	4.38703600
36.47999978	3.69792800	4.47492900
36.55999978	3.69792800	4.38703600
36.63999978	3.69792800	4.47492900
36.71999978	3.69792800	4.47492900
36.79999978	3.69792800	4.47492900
36.87999978	3.69792800	4.38703600
36.95999978	3.69792800	4.47492900
37.03999977	3.69792800	4.47492900
37.11999977	3.69792800	4.47492900
37.19999977	3.69792800	4.47492900
37.27999977	3.69792800	4.38703600
37.35999977	3.69792800	4.38703600
37.43999977	3.69792800	4.38703600
37.51999977	3.69792800	4.38703600
37.59999977	3.69792800	4.47492900
37.67999977	3.69792800	4.38703600
37.75999977	3.69792800	4.38703600
37.83999977	3.69792800	4.47492900
37.91999977	3.69792800	4.38703600
37.99999977	3.69792800	4.38703600
38.07999977	3.69792800	4.38703600
38.15999977	3.69792800	4.38703600
38.23999977	3.69792800	4.38703600
38.31999977	3.69792800	4.38703600
38.39999977	3.69792800	4.38703600
38.47999977	3.69792800	4.29914200
38.55999977	3.69792800	4.29914200
38.63999977	3.78673700	4.29914200
38.71999976	3.78673700	4.29914200
38.79999976	3.78673700	4.29914200
38.87999976	3.78673700	4.29914200
38.95999976	3.69792800	4.29914200
39.03999976	3.69792800	4.29914200
39.11999976	3.78673700	4.21124900
39.19999976	3.69792800	4.21124900
39.27999976	3.78673700	4.21124900
39.35999976	3.69792800	4.21124900
39.43999976	3.78673700	4.12366100
39.51999976	3.78673700	4.21124900
39.59999976	3.78673700	4.12366100
39.67999976	3.78673700	4.12366100
39.75999976	3.78673700	4.12366100
39.83999976	3.78673700	4.03576800
39.91999976	3.78673700	4.03576800
39.99999976	3.87524000	4.03576800
40.07999976	3.78673700	4.03576800
40.15999976	3.87524000	3.94787400
40.23999976	3.78673700	3.94787400
40.31999975	3.87524000	3.85998100
40.39999975	3.78673700	3.85998100
40.47999975	3.78673700	3.85998100
40.55999975	3.87524000	3.85998100
40.63999975	3.78673700	3.77239300
40.71999975	3.87524000	3.77239300
40.79999975	3.87524000	3.77239300
40.87999975	3.87524000	3.77239300
40.95999975	3.87524000	3.68450000
41.03999975	3.87524000	3.68450000
41.11999975	3.87524000	3.59660600
41.19999975	3.87524000	3.59660600
41.27999975	3.87524000	3.59660600
41.35999975	3.87524000	3.50871300
41.43999975	3.87524000	3.50871300
41.51999975	3.87524000	3.50871300
41.59999975	3.87524000	3.50871300
41.67999975	3.87524000	3.42112500
41.75999975	3.87524000	3.42112500
41.83999975	3.96404900	3.33323200
41.91999975	3.87524000	3.33323200
41.99999974	3.96404900	3.33323200
42.07999974	3.96404900	3.24533800
42.15999974	3.96404900	3.24533800
42.23999974	3.87524000	3.15744500
42.31999974	3.96404900	3.15744500
42.39999974	3.96404900	3.15744500
42.47999974	3.87524000	3.06985700
42.55999974	3.96404900	2.98196400
42.63999974	3.96404900	2.98196400
42.71999974	3.96404900	2.98196400
42.79999974	3.96404900	2.89407000
42.87999974	3.96404900	2.80617700
42.95999974	3.96404900	2.80617700
43.03999974	3.96404900	2.80617700
43.11999974	3.96404900	2.80617700
43.19999974	3.96404900	2.71828400
43.27999974	3.96404900	2.71828400
43.35999974	3.96404900	2.63069600
43.43999974	3.96404900	2.54280200
43.51999974	3.96404900	2.54280200
43.59999974	3.96404900	2.54280200
43.67999973	4.05255300	2.45490900
43.75999973	4.05255300	2.45490900
43.83999973	3.96404900	2.36701600
43.91999973	4.05255300	2.27942800
43.99999973	4.05255300	2.27942800
44.07999973	4.05255300	2.27942800
44.15999973	4.05255300	2.19153400
44.23999973	4.05255300	2.19153400
44.31999973	4.05255300	2.10364100
44.39999973	4.05255300	2.10364100
44.47999973	4.05255300	2.01574800
44.55999973	4.05255300	2.01574800
44.63999973	4.05255300	1.92815900
44.71999973	4.05255300	1.92815900
44.79999973	4.05255300	1.84026600
44.87999973	4.05255300	1.84026600
44.95999973	4.05255300	1.75237300
45.03999973	4.05255300	1.75237300
45.11999973	4.05255300	1.66447900
45.19999973	4.14136200	1.57689100
45.27999972	4.05255300	1.57689100
45.35999972	4.05255300	1.48899800
45.43999972	4.05255300	1.48899800
45.51999972	4.05255300	1.40110500
45.59999972	4.14136200	1.40110500
45.67999972	4.05255300	1.31321100
45.75999972	4.14136200	1.31321100
45.83999972	4.14136200	1.22531800
45.91999972	4.14136200	1.22531800
45.99999972	4.14136200	1.13773000
46.07999972	4.14136200	1.04983700
46.15999972	4.14136200	1.04983700
46.23999972	4.05255300	1.04983700
46.31999972	4.14136200	0.96194340
46.39999972	4.14136200	0.87405010
46.47999972	4.14136200	0.87405010
46.55999972	4.14136200	0.78646200
46.63999972	4.14136200	0.78646200
46.71999972	4.14136200	0.69856870
46.79999972	4.14136200	0.69856870
46.87999972	4.14136200	0.61067540
46.95999971	4.14136200	0.61067540
47.03999971	4.14136200	0.52278210
47.11999971	4.14136200	0.43519400
47.19999971	4.22986600	0.43519400
47.27999971	4.14136200	0.34730060
47.35999971	4.14136200	0.34730060
47.43999971	4.14136200	0.34730060
47.51999971	4.14136200	0.25940730
47.59999971	4.14136200	0.17151400
47.67999971	4.14136200	0.08392590
47.75999971	4.14136200	0.08392590
47.83999971	4.14136200	-0.00366222
47.91999971	4.14136200	-0.00366222
47.99999971	4.14136200	-0.00366222
48.07999971	4.22986600	-0.09155553
48.15999971	4.22986600	-0.17944880
48.23999971	4.22986600	-0.17944880
48.31999971	4.14136200	-0.35493030
48.39999971	4.22986600	-0.35493030
48.47999971	4.22986600	-0.35493030
48.55999970	4.22986600	-0.44282360
48.63999970	4.22986600	-0.53071690
48.71999970	4.22986600	-0.53071690
48.79999970	4.22986600	-0.61861020
48.87999970	4.22986600	-0.61861020
48.95999970	4.22986600	-0.70619830
49.03999970	4.22986600	-0.79409160
49.11999970	4.22986600	-0.79409160
49.19999970	4.22986600	-0.88198490
49.27999970	4.31867400	-0.88198490
49.35999970	4.22986600	-0.96987830
49.43999970	4.22986600	-1.05746600
49.51999970	4.22986600	-1.05746600
49.59999970	4.22986600	-1.14536000
49.67999970	4.31867400	-1.23325300
49.75999970	4.22986600	-1.23325300
49.83999970	4.22986600	-1.32114600
49.91999970	4.31867400	-1.40904000
49.99999970	4.22986600	-1.40904000
50.07999970	4.31867400	-1.40904000
50.15999970	4.31867400	-1.49662800
50.23999969	4.31867400	-1.49662800
50.31999969	4.31867400	-1.58452100
50.39999969	4.40717800	-1.67241400
50.47999969	4.31867400	-1.67241400
50.55999969	4.49598700	-1.76030800
50.63999969	4.85061200	-1.76030800
50.71999969	5.11642800	-1.84789600
50.79999969	5.20523700	-1.93578900
50.87999969	5.11642800	-1.93578900
50.95999969	5.02792500	-1.93578900
51.03999969	4.93911600	-2.02368200
51.11999969	5.02792500	-2.11157600
51.19999969	5.11642800	-2.11157600
51.27999969	5.11642800	-2.11157600
51.35999969	5.11642800	-2.19916400
51.43999969	5.02792500	-2.19916400
51.51999969	5.02792500	-2.28705700
51.59999969	5.02792500	-2.37495000
51.67999969	5.02792500	-2.37495000
51.75999969	4.93911600	-2.46284400
51.83999968	4.93911600	-2.46284400
51.91999968	4.93911600	-2.55043200
51.99999968	4.93911600	-2.55043200
52.07999968	4.93911600	-2.63832500
52.15999968	4.93911600	-2.63832500
52.23999968	4.93911600	-2.72621800
52.31999968	4.85061200	-2.81411200
52.39999968	4.85061200	-2.81411200
52.47999968	4.85061200	-2.81411200
52.55999968	4.76180300	-2.90200500
52.63999968	4.85061200	-2.90200500
52.71999968	4.76180300	-2.98959300
52.79999968	4.76180300	-2.98959300
52.87999968	4.76180300	-3.07748700
52.95999968	4.76180300	-3.07748700
53.03999968	4.76180300	-3.07748700
53.11999968	4.67329900	-3.16538000
53.19999968	4.76180300	-3.16538000
53.27999968	4.67329900	-3.25327300
53.35999968	4.67329900	-3.25327300
53.43999968	4.58449000	-3.25327300
53.51999967	4.58449000	-3.34086100
53.59999967	4.58449000	-3.42875500
53.67999967	4.58449000	-3.42875500
53.75999967	4.58449000	-3.51664800
53.83999967	4.58449000	-3.51664800
53.91999967	4.49598700	-3.51664800
53.99999967	4.49598700	-3.60454100
54.07999967	4.49598700	-3.60454100
54.15999967	4.49598700	-3.69212900
54.23999967	4.49598700	-3.69212900
54.31999967	4.40717800	-3.69212900
54.39999967	4.40717800	-3.78002300
54.47999967	4.40717800	-3.86791600
54.55999967	4.40717800	-3.86791600
54.63999967	4.40717800	-3.86791600
54.71999967	4.40717800	-3.86791600
54.79999967	4.40717800	-3.86791600
54.87999967	4.40717800	-3.95580900
54.95999967	4.40717800	-3.95580900
55.03999967	4.31867400	-4.04339700
55.11999967	4.40717800	-4.13129000
55.19999966	4.31867400	-4.13129000
55.27999966	4.40717800	-4.13129000
55.35999966	4.40717800	-4.21918400
55.43999966	4.40717800	-4.21918400
55.51999966	4.31867400	-4.21918400
55.59999966	4.31867400	-4.21918400
55.67999966	4.31867400	-4.30707700
55.75999966	4.31867400	-4.30707700
55.83999966	4.31867400	-4.30707700
55.91999966	4.31867400	-4.30707700
55.99999966	4.31867400	-4.30707700
56.07999966	4.31867400	-4.39497000
56.15999966	4.31867400	-4.39497000
56.23999966	4.31867400	-4.48255900
56.31999966	4.31867400	-4.48255900
56.39999966	4.31867400	-4.57045200
56.47999966	4.31867400	-4.57045200
56.55999966	4.31867400	-4.57045200
56.63999966	4.22986600	-4.57045200
56.71999966	4.22986600	-4.57045200
56.79999965	4.31867400	-4.65834500
56.87999965	4.31867400	-4.57045200
56.95999965	4.22986600	-4.65834500
57.03999965	4.22986600	-4.65834500
57.11999965	4.31867400	-4.65834500
57.19999965	4.22986600	-4.65834500
57.27999965	4.22986600	-4.74623900
57.35999965	4.22986600	-4.74623900
57.43999965	4.22986600	-4.74623900
57.51999965	4.22986600	-4.74623900
57.59999965	4.22986600	-4.74623900
57.67999965	4.22986600	-4.83382700
57.75999965	4.22986600	-4.83382700
57.83999965	4.22986600	-4.83382700
57.91999965	4.22986600	-4.83382700
57.99999965	4.22986600	-4.92172000
58.07999965	4.22986600	-4.83382700
58.15999965	4.22986600	-4.92172000
58.23999965	4.22986600	-4.92172000
58.31999965	4.22986600	-4.92172000
58.39999965	4.22986600	-4.92172000
58.47999964	4.22986600	-4.92172000
58.55999964	4.22986600	-4.92172000
58.63999964	4.22986600	-4.92172000
58.71999964	4.22986600	-4.92172000
58.79999964	4.22986600	-4.92172000
58.87999964	4.22986600	-4.92172000
58.95999964	4.22986600	-4.92172000
59.03999964	4.22986600	-4.92172000
59.11999964	4.22986600	-4.92172000
59.19999964	4.22986600	-4.92172000
59.27999964	4.22986600	-4.92172000
59.35999964	4.22986600	-5.00961400
59.43999964	4.22986600	-4.92172000
59.51999964	4.22986600	-5.00961400
59.59999964	4.22986600	-4.92172000
59.67999964	4.22986600	-4.92172000
59.75999964	4.22986600	-5.00961400
59.83999964	4.22986600	-5.00961400
59.91999964	4.22986600	-4.92172000
59.99999964	4.22986600	-4.92172000
60.07999963	4.22986600	-4.92172000
60.15999963	4.22986600	-4.92172000
60.23999963	4.22986600	-4.92172000
60.31999963	4.22986600	-4.92172000
60.39999963	4.22986600	-4.92172000
60.47999963	4.22986600	-4.92172000
60.55999963	4.22986600	-4.92172000
60.63999963	4.22986600	-4.92172000
60.71999963	4.22986600	-4.92172000
60.79999963	4.22986600	-4.92172000
60.87999963	4.22986600	-4.92172000
60.95999963	4.22986600	-4.92172000
61.03999963	4.22986600	-4.92172000
61.11999963	4.22986600	-4.92172000
61.19999963	4.22986600	-4.92172000
61.27999963	4.22986600	-4.83382700
61.35999963	4.22986600	-4.83382700
61.43999963	4.22986600	-4.83382700
61.51999963	4.22986600	-4.83382700
61.59999963	4.22986600	-4.83382700
61.67999963	4.22986600	-4.83382700
61.75999962	4.22986600	-4.74623900
61.83999962	4.22986600	-4.74623900
61.91999962	4.22986600	-4.74623900
61.99999962	4.22986600	-4.74623900
62.07999962	4.22986600	-4.74623900
62.15999962	4.22986600	-4.74623900
62.23999962	4.22986600	-4.65834500
62.31999962	4.22986600	-4.65834500
62.39999962	4.22986600	-4.57045200
62.47999962	4.22986600	-4.65834500
62.55999962	4.22986600	-4.57045200
62.63999962	4.22986600	-4.57045200
62.71999962	4.22986600	-4.57045200
62.79999962	4.22986600	-4.57045200
62.87999962	4.22986600	-4.48255900
62.95999962	4.22986600	-4.48255900
63.03999962	4.22986600	-4.48255900
63.11999962	4.22986600	-4.48255900
63.19999962	4.22986600	-4.48255900
63.27999962	4.22986600	-4.39497000
63.35999961	4.22986600	-4.39497000
63.43999961	4.22986600	-4.30707700
63.51999961	4.22986600	-4.30707700
63.59999961	4.22986600	-4.30707700
63.67999961	4.22986600	-4.21918400
63.75999961	4.22986600	-4.21918400
63.83999961	4.22986600	-4.21918400
63.91999961	4.22986600	-4.21918400
63.99999961	4.22986600	-4.21918400
64.07999961	4.22986600	-4.13129000
64.15999961	4.22986600	-4.13129000
64.23999961	4.22986600	-4.04339700
64.31999961	4.22986600	-4.04339700
64.39999961	4.22986600	-4.04339700
64.47999961	4.31867400	-3.95580900
64.55999961	4.22986600	-3.95580900
64.63999961	4.22986600	-3.86791600
64.71999961	4.22986600	-3.86791600
64.79999961	4.22986600	-3.86791600
64.87999961	4.31867400	-3.78002300
64.95999961	4.31867400	-3.78002300
65.03999960	4.31867400	-3.78002300
65.11999960	4.31867400	-3.69212900
65.19999960	4.40717800	-3.69212900
65.27999960	4.40717800	-3.69212900
65.35999960	4.49598700	-3.60454100
65.43999960	4.67329900	-3.60454100
65.51999960	4.85061200	-3.60454100
65.59999960	4.93911600	-3.51664800
65.67999960	4.93911600	-3.51664800
65.75999960	4.93911600	-3.42875500
65.83999960	4.93911600	-3.42875500
65.91999960	4.93911600	-3.34086100
65.99999960	4.93911600	-3.34086100
66.07999960	4.93911600	-3.34086100
66.15999960	4.93911600	-3.25327300
66.23999960	5.02792500	-3.25327300
66.31999960	5.02792500	-3.16538000
66.39999960	5.02792500	-3.16538000
66.47999960	5.02792500	-3.16538000
66.55999960	5.02792500	-3.16538000
66.63999959	5.02792500	-3.16538000
66.71999959	5.11642800	-2.98959300
66.79999959	5.11642800	-3.07748700
66.87999959	5.11642800	-2.98959300
66.95999959	5.11642800	-2.90200500
67.03999959	5.11642800	-2.90200500
67.11999959	5.11642800	-2.81411200
67.19999959	5.11642800	-2.81411200
67.27999959	5.11642800	-2.81411200
67.35999959	5.11642800	-2.81411200
67.43999959	5.11642800	-2.72621800
67.51999959	5.11642800	-2.63832500
67.59999959	5.11642800	-2.63832500
67.67999959	5.11642800	-2.63832500
67.75999959	5.11642800	-2.55043200
67.83999959	5.11642800	-2.46284400
67.91999959	5.20523700	-2.46284400
67.99999959	5.20523700	-2.46284400
68.07999959	5.11642800	-2.46284400
68.15999959	5.20523700	-2.37495000
68.23999959	5.20523700	-2.37495000
68.31999958	5.20523700	-2.28705700
68.39999958	5.20523700	-2.28705700
68.47999958	5.20523700	-2.19916400
68.55999958	5.20523700	-2.19916400
68.63999958	5.20523700	-2.11157600
68.71999958	5.20523700	-2.11157600
68.79999958	5.20523700	-2.11157600
68.87999958	5.20523700	-1.93578900
68.95999958	5.20523700	-1.93578900
69.03999958	5.20523700	-1.93578900
69.11999958	5.20523700	-1.93578900
69.19999958	5.20523700	-1.84789600
69.27999958	5.20523700	-1.76030800
69.35999958	5.20523700	-1.76030800
69.43999958	5.20523700	-1.76030800
69.51999958	5.29374100	-1.67241400
69.59999958	5.29374100	-1.67241400
69.67999958	5.29374100	-1.58452100
69.75999958	5.29374100	-1.58452100
69.83999958	5.29374100	-1.49662800
69.91999958	5.29374100	-1.49662800
69.99999957	5.29374100	-1.40904000
70.07999957	5.29374100	-1.40904000
70.15999957	5.29374100	-1.40904000
70.23999957	5.29374100	-1.32114600
70.31999957	5.29374100	-1.23325300
70.39999957	5.29374100	-1.23325300
70.47999957	5.29374100	-1.23325300
70.55999957	5.29374100	-1.23325300
70.63999957	5.29374100	-1.14536000
70.71999957	5.29374100	-1.05746600
70.79999957	5.38254900	-1.05746600
70.87999957	5.29374100	-1.05746600
70.95999957	5.38254900	-0.96987830
71.03999957	5.38254900	-0.88198490
71.11999957	5.47105300	-0.88198490
71.19999957	5.38254900	-0.88198490
71.27999957	5.38254900	-0.79409160
71.35999957	5.38254900	-0.70619830
71.43999957	5.38254900	-0.70619830
71.51999957	5.47105300	-0.70619830
71.59999956	5.47105300	-0.61861020
71.67999956	5.47105300	-0.61861020
71.75999956	5.47105300	-0.53071690
71.83999956	5.47105300	-0.53071690
71.91999956	5.55986200	-0.53071690
71.99999956	5.55986200	-0.44282360
72.07999956	5.55986200	-0.35493030
72.15999956	5.55986200	-0.35493030
72.23999956	5.55986200	-0.35493030
72.31999956	5.55986200	-0.26734220
72.39999956	5.55986200	-0.17944880
72.47999956	5.55986200	-0.17944880
72.55999956	5.55986200	-0.17944880
72.63999956	5.55986200	-0.09155553
72.71999956	5.55986200	-0.00366222
72.79999956	5.55986200	-0.00366222
72.87999956	5.55986200	-0.00366222
72.95999956	5.55986200	-0.00366222
73.03999956	5.55986200	0.08392590
73.11999956	5.55986200	0.17151400
73.19999956	5.55986200	0.17151400
73.27999955	5.55986200	0.25940730
73.35999955	5.55986200	0.25940730
73.43999955	5.64836500	0.34730060
73.51999955	5.64836500	0.34730060
73.59999955	5.55986200	0.43519400
73.67999955	5.55986200	0.43519400
73.75999955	5.64836500	0.52278210
73.83999955	5.55986200	0.52278210
73.91999955	5.64836500	0.61067540
73.99999955	5.64836500	0.61067540
74.07999955	5.64836500	0.69856870
74.15999955	5.64836500	0.69856870
74.23999955	5.64836500	0.69856870
74.31999955	5.64836500	0.69856870
74.39999955	5.64836500	0.78646200
74.47999955	5.64836500	0.87405010
74.55999955	5.64836500	0.87405010
74.63999955	5.64836500	0.87405010
74.71999955	5.64836500	0.96194340
74.79999955	5.64836500	0.96194340
74.87999954	5.64836500	1.04983700
74.95999954	5.64836500	1.04983700
75.03999954	5.64836500	1.04983700
75.11999954	5.64836500	1.13773000
75.19999954	5.64836500	1.22531800
75.27999954	5.64836500	1.22531800
75.35999954	5.64836500	1.22531800
75.43999954	5.64836500	1.31321100
75.51999954	5.64836500	1.31321100
75.59999954	5.73717500	1.40110500
75.67999954	5.73717500	1.40110500
75.75999954	5.64836500	1.40110500
75.83999954	5.64836500	1.40110500
75.91999954	5.64836500	1.48899800
75.99999954	5.64836500	1.57689100
76.07999954	5.73717500	1.57689100
76.15999954	5.64836500	1.57689100
76.23999954	5.64836500	1.66447900
76.31999954	5.64836500	1.66447900
76.39999954	5.73717500	1.75237300
76.47999954	5.64836500	1.75237300
76.55999953	5.73717500	1.75237300
76.63999953	5.73717500	1.84026600
76.71999953	5.73717500	1.84026600
76.79999953	5.82567800	1.84026600
76.87999953	5.73717500	1.92815900
76.95999953	5.73717500	1.92815900
77.03999953	5.73717500	2.01574800
77.11999953	5.73717500	2.01574800
77.19999953	5.73717500	2.10364100
77.27999953	5.73717500	2.10364100
77.35999953	5.73717500	2.10364100
77.43999953	5.73717500	2.10364100
77.51999953	5.73717500	2.19153400
77.59999953	5.73717500	2.19153400
77.67999953	5.73717500	2.19153400
77.75999953	5.73717500	2.27942800
77.83999953	5.73717500	2.27942800
77.91999953	5.73717500	2.36701600
77.99999953	5.73717500	2.36701600
78.07999953	5.73717500	2.36701600
78.15999952	5.82567800	2.45490900
78.23999952	5.73717500	2.45490900
78.31999952	5.82567800	2.45490900
78.39999952	5.82567800	2.45490900
78.47999952	5.82567800	2.54280200
78.55999952	5.82567800	2.54280200
78.63999952	5.82567800	2.54280200
78.71999952	5.82567800	2.63069600
78.79999952	5.82567800	2.63069600
78.87999952	5.82567800	2.63069600
78.95999952	5.82567800	2.71828400
79.03999952	5.82567800	2.71828400
79.11999952	5.82567800	2.71828400
79.19999952	5.82567800	2.80617700
79.27999952	5.82567800	2.80617700
79.35999952	5.82567800	2.80617700
79.43999952	5.82567800	2.80617700
79.51999952	5.82567800	2.80617700
79.59999952	5.82567800	2.89407000
79.67999952	5.82567800	2.89407000
79.75999952	5.82567800	2.89407000
79.83999951	5.82567800	2.98196400
79.91999951	5.82567800	2.98196400
79.99999951	5.82567800	2.98196400
80.07999951	5.82567800	2.98196400
80.15999951	5.82567800	2.98196400
80.23999951	5.82567800	2.98196400
80.31999951	5.82567800	2.98196400
80.39999951	5.82567800	3.06985700
80.47999951	5.82567800	3.06985700
80.55999951	5.82567800	3.15744500
80.63999951	5.82567800	3.15744500
80.71999951	5.82567800	3.15744500
80.79999951	5.82567800	3.15744500
80.87999951	5.82567800	3.15744500
80.95999951	5.82567800	3.24533800
81.03999951	5.82567800	3.24533800
81.11999951	5.82567800	3.24533800
81.19999951	5.82567800	3.24533800
81.27999951	5.82567800	3.24533800
81.35999951	5.82567800	3.24533800
81.43999951	5.82567800	3.24533800
81.51999950	5.82567800	3.33323200
81.59999950	5.82567800	3.33323200
81.67999950	5.82567800	3.33323200
81.75999950	5.82567800	3.33323200
81.83999950	5.82567800	3.33323200
81.91999950	5.91448700	3.42112500
81.99999950	5.82567800	3.42112500
82.07999950	5.82567800	3.42112500
82.15999950	5.91448700	3.42112500
82.23999950	5.82567800	3.42112500
82.31999950	5.82567800	3.42112500
82.39999950	5.82567800	3.42112500
82.47999950	5.82567800	3.42112500
82.55999950	5.82567800	3.42112500
82.63999950	5.82567800	3.42112500
82.71999950	5.91448700	3.42112500
82.79999950	5.82567800	3.50871300
82.87999950	5.82567800	3.50871300
82.95999950	5.91448700	3.50871300
83.03999950	5.82567800	3.50871300
83.11999949	5.91448700	3.50871300
83.19999949	5.91448700	3.50871300
83.27999949	5.91448700	3.50871300
83.35999949	5.91448700	3.50871300
83.43999949	5.91448700	3.50871300
83.51999949	5.82567800	3.50871300
83.59999949	5.91448700	3.50871300
83.67999949	5.91448700	3.50871300
83.75999949	5.82567800	3.50871300
83.83999949	5.82567800	3.50871300
83.91999949	5.82567800	3.50871300
83.99999949	5.82567800	3.50871300
84.07999949	5.82567800	3.50871300
84.15999949	5.91448700	3.50871300
84.23999949	5.82567800	3.50871300
84.31999949	5.82567800	3.50871300
84.39999949	5.91448700	3.50871300
84.47999949	5.82567800	3.50871300
84.55999949	5.91448700	3.50871300
84.63999949	5.82567800	3.50871300
84.71999949	5.91448700	3.50871300
84.79999948	5.91448700	3.50871300
84.87999948	5.91448700	3.50871300
84.95999948	5.91448700	3.50871300
85.03999948	5.91448700	3.50871300
85.11999948	5.82567800	3.50871300
85.19999948	5.91448700	3.50871300
85.27999948	5.91448700	3.50871300
85.35999948	5.91448700	3.50871300
85.43999948	5.91448700	3.50871300
85.51999948	5.91448700	3.50871300
85.59999948	5.91448700	3.50871300
85.67999948	5.91448700	3.50871300
85.75999948	5.91448700	3.50871300
85.83999948	5.82567800	3.42112500
85.91999948	5.91448700	3.42112500
85.99999948	5.91448700	3.42112500
86.07999948	5.82567800	3.42112500
86.15999948	5.91448700	3.42112500
86.23999948	5.82567800	3.42112500
86.31999948	5.91448700	3.42112500
86.39999947	5.91448700	3.42112500
86.47999947	5.82567800	3.42112500
86.55999947	5.91448700	3.33323200
86.63999947	5.91448700	3.42112500
86.71999947	5.91448700	3.33323200
86.79999947	5.82567800	3.33323200
86.87999947	5.91448700	3.33323200
86.95999947	5.82567800	3.33323200
87.03999947	5.82567800	3.24533800
87.11999947	5.91448700	3.24533800
87.19999947	5.91448700	3.24533800
87.27999947	5.91448700	3.24533800
87.35999947	5.91448700	3.24533800
87.43999947	5.82567800	3.24533800
87.51999947	5.91448700	3.24533800
87.59999947	5.82567800	3.24533800
87.67999947	5.82567800	3.15744500
87.75999947	5.82567800	3.15744500
87.83999947	5.82567800	3.15744500
87.91999947	5.82567800	3.15744500
87.99999947	5.82567800	3.15744500
88.07999946	5.82567800	3.06985700
88.15999946	5.82567800	3.06985700
88.23999946	5.91448700	3.06985700
88.31999946	5.82567800	3.06985700
88.39999946	5.82567800	2.98196400
88.47999946	5.82567800	2.98196400
88.55999946	5.82567800	2.98196400
88.63999946	5.82567800	2.98196400
88.71999946	5.82567800	2.98196400
88.79999946	5.82567800	2.98196400
88.87999946	5.82567800	2.98196400
88.95999946	5.82567800	2.89407000
89.03999946	5.82567800	2.89407000
89.11999946	5.82567800	2.89407000
89.19999946	5.82567800	2.80617700
89.27999946	5.82567800	2.80617700
89.35999946	5.82567800	2.80617700
89.43999946	5.82567800	2.80617700
89.51999946	5.82567800	2.80617700
89.59999946	5.82567800	2.80617700
89.67999945	5.82567800	2.71828400
89.75999945	5.82567800	2.71828400
89.83999945	5.82567800	2.71828400
89.91999945	5.82567800	2.63069600
89.99999945	5.82567800	2.63069600
90.07999945	5.82567800	2.63069600
90.15999945	5.82567800	2.63069600
90.23999945	5.82567800	2.63069600
90.31999945	5.82567800	2.63069600
90.39999945	5.82567800	2.54280200
90.47999945	5.73717500	2.54280200
90.55999945	5.82567800	2.45490900
90.63999945	5.82567800	2.45490900
90.71999945	5.73717500	2.45490900
90.79999945	5.73717500	2.45490900
90.87999945	5.73717500	2.45490900
90.95999945	5.73717500	2.36701600
91.03999945	5.73717500	2.36701600
91.11999945	5.73717500	2.36701600
91.19999945	5.82567800	2.36701600
91.27999945	5.73717500	2.27942800
91.35999944	5.73717500	2.27942800
91.43999944	5.73717500	2.27942800
91.51999944	5.73717500	2.19153400
91.59999944	5.73717500	2.19153400
91.67999944	5.73717500	2.19153400
91.75999944	5.73717500	2.10364100
91.83999944	5.73717500	2.19153400
91.91999944	5.73717500	2.10364100
91.99999944	5.73717500	2.10364100
92.07999944	5.64836500	2.10364100
92.15999944	5.73717500	2.01574800
92.23999944	5.73717500	2.01574800
92.31999944	5.64836500	2.01574800
92.39999944	5.64836500	1.92815900
92.47999944	5.64836500	1.92815900
92.55999944	5.64836500	1.92815900
92.63999944	5.64836500	1.92815900
92.71999944	5.64836500	1.84026600
92.79999944	5.64836500	1.84026600
92.87999944	5.64836500	1.75237300
92.95999944	5.64836500	1.75237300
93.03999943	5.64836500	1.75237300
93.11999943	5.64836500	1.75237300
93.19999943	5.64836500	1.75237300
93.27999943	5.64836500	1.66447900
93.35999943	5.64836500	1.66447900
93.43999943	5.64836500	1.66447900
93.51999943	5.64836500	1.57689100
93.59999943	5.64836500	1.57689100
93.67999943	5.55986200	1.48899800
93.75999943	5.55986200	1.48899800
93.83999943	5.55986200	1.48899800
93.91999943	5.55986200	1.48899800
93.99999943	5.47105300	1.40110500
94.07999943	5.20523700	1.40110500
94.15999943	4.67329900	1.40110500
94.23999943	4.31867400	1.40110500
94.31999943	4.31867400	1.40110500
94.39999943	4.31867400	1.31321100
94.47999943	4.31867400	1.31321100
94.55999943	4.31867400	1.31321100
94.63999942	4.31867400	1.22531800
94.71999942	4.31867400	1.22531800
94.79999942	4.31867400	1.22531800
94.87999942	4.31867400	1.22531800
94.95999942	4.22986600	1.13773000
95.03999942	4.31867400	1.13773000
95.11999942	4.22986600	1.13773000
95.19999942	4.22986600	1.04983700
95.27999942	4.22986600	1.04983700
95.35999942	4.22986600	1.04983700
95.43999942	4.31867400	1.04983700
95.51999942	4.22986600	0.96194340
95.59999942	4.22986600	0.96194340
95.67999942	4.22986600	0.87405010
95.75999942	4.22986600	0.87405010
95.83999942	4.31867400	0.87405010
95.91999942	4.22986600	0.87405010
95.99999942	4.31867400	0.87405010
96.07999942	4.22986600	0.78646200
96.15999942	4.22986600	0.69856870
96.23999942	4.22986600	0.78646200
96.31999941	4.22986600	0.69856870
96.39999941	4.22986600	0.69856870
96.47999941	4.22986600	0.69856870
96.55999941	4.22986600	0.69856870
96.63999941	4.22986600	0.61067540
96.71999941	4.22986600	0.61067540
96.79999941	4.22986600	0.61067540
96.87999941	4.22986600	0.52278210
96.95999941	4.22986600	0.52278210
97.03999941	4.22986600	0.52278210
97.11999941	4.22986600	0.43519400
97.19999941	4.22986600	0.43519400
97.27999941	4.22986600	0.34730060
97.35999941	4.22986600	0.34730060
97.43999941	4.22986600	0.34730060
97.51999941	4.22986600	0.34730060
97.59999941	4.22986600	0.25940730
97.67999941	4.22986600	0.25940730
97.75999941	4.22986600	0.17151400
97.83999941	4.22986600	0.17151400
97.91999940	4.22986600	0.17151400
97.99999940	4.22986600	0.17151400
98.07999940	4.22986600	0.08392590
98.15999940	4.22986600	0.08392590
98.23999940	4.22986600	0.08392590
98.31999940	4.22986600	-0.00366222
98.39999940	4.22986600	-0.00366222
98.47999940	4.22986600	-0.00366222
98.55999940	4.22986600	-0.00366222
98.63999940	4.22986600	-0.09155553
98.71999940	4.22986600	-0.09155553
98.79999940	4.22986600	-0.09155553
98.87999940	4.22986600	-0.09155553
98.95999940	4.22986600	-0.17944880
99.03999940	4.22986600	-0.17944880
99.11999940	4.22986600	-0.17944880
99.19999940	3.96404900	-0.26734220
99.27999940	2.98867800	-0.26734220
99.35999940	0.59480580	-0.35493030
99.43999940	0.41749320	-0.35493030
99.51999940	0.68361460	-0.35493030
99.59999939	0.68361460	-0.35493030
99.67999939	0.68361460	-0.44282360
99.75999939	0.68361460	-0.44282360
99.83999939	0.68361460	-0.53071690
99.91999939	0.68361460	-0.53071690
99.99999939	0.68361460	-0.53071690
100.07999939	0.68361460	-0.53071690
100.15999939	0.68361460	-0.53071690
100.23999939	0.68361460	-0.61861020
100.31999939	0.68361460	-0.61861020
100.39999939	0.68361460	-0.70619830
100.47999939	0.77211830	-0.70619830
100.55999939	0.68361460	-0.70619830
100.63999939	0.68361460	-0.79409160
100.71999939	0.77211830	-0.79409160
100.79999939	0.77211830	-0.79409160
100.87999939	0.77211830	-0.88198490
100.95999939	0.77211830	-0.88198490
101.03999939	0.68361460	-0.96987830
101.11999939	0.77211830	-1.05746600
101.19999938	0.77211830	-1.05746600
101.27999938	0.77211830	-1.05746600
101.35999938	0.77211830	-1.05746600
101.43999938	0.77211830	-1.05746600
101.51999938	0.77211830	-1.14536000
101.59999938	0.77211830	-1.14536000
101.67999938	0.77211830	-1.23325300
101.75999938	0.77211830	-1.23325300
101.83999938	0.86092720	-1.32114600
101.91999938	0.77211830	-1.32114600
101.99999938	0.86092720	-1.40904000
102.07999938	0.86092720	-1.40904000
102.15999938	0.86092720	-1.40904000
102.23999938	0.77211830	-1.40904000
102.31999938	0.86092720	-1.49662800
102.39999938	0.86092720	-1.49662800
102.47999938	0.86092720	-1.58452100
102.55999938	0.86092720	-1.58452100
102.63999938	0.86092720	-1.58452100
102.71999938	0.86092720	-1.67241400
102.79999938	0.86092720	-1.67241400
102.87999937	0.86092720	-1.76030800
102.95999937	0.86092720	-1.76030800
103.03999937	0.86092720	-1.76030800
103.11999937	0.86092720	-1.76030800
103.19999937	0.86092720	-1.84789600
103.27999937	0.86092720	-1.84789600
103.35999937	0.86092720	-1.93578900
103.43999937	0.86092720	-1.93578900
103.51999937	0.86092720	-2.02368200
103.59999937	0.86092720	-2.02368200
103.67999937	0.86092720	-2.02368200
103.75999937	0.86092720	-2.11157600
103.83999937	0.86092720	-2.11157600
103.91999937	0.86092720	-2.19916400
103.99999937	0.86092720	-2.19916400
104.07999937	0.94943080	-2.28705700
104.15999937	0.86092720	-2.28705700
104.23999937	0.86092720	-2.28705700
104.31999937	0.94943080	-2.37495000
104.39999937	0.86092720	-2.37495000
104.47999937	0.94943080	-2.46284400
104.55999936	0.94943080	-2.46284400
104.63999936	0.94943080	-2.46284400
104.71999936	0.94943080	-2.63832500
104.79999936	0.94943080	-2.55043200
104.87999936	0.86092720	-2.63832500
104.95999936	0.94943080	-2.63832500
105.03999936	0.94943080	-2.72621800
105.11999936	0.94943080	-2.72621800
105.19999936	0.94943080	-2.72621800
105.27999936	0.94943080	-2.81411200
105.35999936	0.94943080	-2.81411200
105.43999936	0.94943080	-2.81411200
105.51999936	0.94943080	-2.90200500
105.59999936	0.94943080	-2.90200500
105.67999936	0.86092720	-2.90200500
105.75999936	0.94943080	-2.98959300
105.83999936	0.94943080	-2.98959300
105.91999936	0.94943080	-2.98959300
105.99999936	0.94943080	-3.07748700
106.07999936	0.94943080	-3.07748700
106.15999935	0.94943080	-3.16538000
106.23999935	0.94943080	-3.16538000
106.31999935	0.94943080	-3.16538000
106.39999935	0.94943080	-3.25327300
106.47999935	0.94943080	-3.25327300
106.55999935	0.94943080	-3.34086100
106.63999935	0.94943080	-3.25327300
106.71999935	0.94943080	-3.34086100
106.79999935	0.94943080	-3.34086100
106.87999935	0.94943080	-3.42875500
106.95999935	0.94943080	-3.42875500
107.03999935	0.94943080	-3.51664800
107.11999935	0.94943080	-3.51664800
107.19999935	0.94943080	-3.51664800
107.27999935	0.94943080	-3.60454100
107.35999935	0.94943080	-3.60454100
107.43999935	0.94943080	-3.60454100
107.51999935	0.94943080	-3.60454100
107.59999935	0.94943080	-3.69212900
107.67999935	0.94943080	-3.69212900
107.75999935	0.94943080	-3.69212900
107.83999934	0.94943080	-3.78002300
107.91999934	1.03824000	-3.78002300
107.99999934	0.94943080	-3.78002300
108.07999934	0.94943080	-3.86791600
108.15999934	0.94943080	-3.86791600
108.23999934	0.94943080	-3.86791600
108.31999934	1.03824000	-3.86791600
108.39999934	0.94943080	-3.86791600
108.47999934	0.94943080	-3.95580900
108.55999934	0.94943080	-3.95580900
108.63999934	0.94943080	-3.95580900
108.71999934	0.94943080	-4.04339700
108.79999934	0.94943080	-3.95580900
108.87999934	0.94943080	-4.04339700
108.95999934	0.94943080	-4.04339700
109.03999934	0.94943080	-4.04339700
109.11999934	0.94943080	-4.13129000
109.19999934	0.94943080	-4.13129000
109.27999934	0.94943080	-4.21918400
109.35999934	0.94943080	-4.21918400
109.43999933	0.94943080	-4.21918400
109.51999933	0.94943080	-4.21918400
109.59999933	0.94943080	-4.21918400
109.67999933	0.94943080	-4.21918400
109.75999933	0.94943080	-4.21918400
109.83999933	0.94943080	-4.21918400
109.91999933	0.94943080	-4.30707700
109.99999933	0.94943080	-4.30707700
110.07999933	0.94943080	-4.30707700
110.15999933	0.94943080	-4.30707700
110.23999933	1.03824000	-4.30707700
110.31999933	0.94943080	-4.30707700
110.39999933	0.94943080	-4.39497000
110.47999933	0.94943080	-4.39497000
110.55999933	0.94943080	-4.39497000
110.63999933	0.94943080	-4.39497000
110.71999933	0.94943080	-4.39497000
110.79999933	0.94943080	-4.39497000
110.87999933	0.94943080	-4.39497000
110.95999933	0.94943080	-4.39497000
111.03999933	0.94943080	-4.39497000
111.11999932	0.94943080	-4.39497000
111.19999932	0.94943080	-4.39497000
111.27999932	0.94943080	-4.48255900
111.35999932	0.94943080	-4.39497000
111.43999932	0.94943080	-4.39497000
111.51999932	0.94943080	-4.39497000
111.59999932	0.94943080	-4.48255900
111.67999932	0.94943080	-4.48255900
111.75999932	0.94943080	-4.39497000
111.83999932	0.94943080	-4.39497000
111.91999932	0.94943080	-4.48255900
111.99999932	0.94943080	-4.48255900
112.07999932	0.94943080	-4.48255900
112.15999932	0.94943080	-4.39497000
112.23999932	0.94943080	-4.48255900
112.31999932	0.94943080	-4.39497000
112.39999932	0.94943080	-4.39497000
112.47999932	0.94943080	-4.39497000
112.55999932	0.86092720	-4.39497000
112.63999932	0.94943080	-4.39497000
112.71999931	0.94943080	-4.48255900
112.79999931	0.94943080	-4.39497000
112.87999931	0.94943080	-4.39497000
112.95999931	0.94943080	-4.39497000
113.03999931	0.94943080	-4.39497000
113.11999931	0.86092720	-4.30707700
113.19999931	0.94943080	-4.30707700
113.27999931	0.86092720	-4.30707700
113.35999931	0.86092720	-4.30707700
113.43999931	0.86092720	-4.30707700
113.51999931	0.94943080	-4.30707700
113.59999931	0.94943080	-4.30707700
113.67999931	0.86092720	-4.30707700
113.75999931	0.86092720	-4.21918400
113.83999931	0.86092720	-4.21918400
113.91999931	0.86092720	-4.21918400
113.99999931	0.94943080	-4.21918400
114.07999931	0.94943080	-4.21918400
114.15999931	0.94943080	-4.21918400
114.23999931	0.94943080	-4.13129000
114.31999931	0.86092720	-4.13129000
114.39999930	0.86092720	-4.13129000
114.47999930	0.86092720	-4.13129000
114.55999930	0.86092720	-4.04339700
114.63999930	0.86092720	-4.04339700
114.71999930	0.86092720	-4.04339700
114.79999930	0.86092720	-3.95580900
114.87999930	0.86092720	-3.95580900
114.95999930	0.86092720	-3.95580900
115.03999930	0.86092720	-3.86791600
115.11999930	0.86092720	-3.86791600
115.19999930	0.86092720	-3.86791600
115.27999930	0.86092720	-3.86791600
115.35999930	0.86092720	-3.86791600
115.43999930	0.86092720	-3.78002300
115.51999930	0.86092720	-3.78002300
115.59999930	0.86092720	-3.78002300
115.67999930	0.86092720	-3.69212900
115.75999930	0.86092720	-3.69212900
115.83999930	0.86092720	-3.60454100
115.91999930	0.86092720	-3.60454100
115.99999930	0.86092720	-3.60454100
116.07999929	0.86092720	-3.51664800
116.15999929	0.86092720	-3.51664800
116.23999929	0.86092720	-3.51664800
116.31999929	0.86092720	-3.42875500
116.39999929	0.86092720	-3.42875500
116.47999929	0.86092720	-3.34086100
116.55999929	0.86092720	-3.42875500
116.63999929	0.86092720	-3.34086100
116.71999929	0.86092720	-3.34086100
116.79999929	0.86092720	-3.25327300
116.87999929	0.86092720	-3.16538000
116.95999929	0.86092720	-3.16538000
117.03999929	0.86092720	-3.16538000
117.11999929	0.77211830	-3.16538000
117.19999929	0.86092720	-3.07748700
117.27999929	0.86092720	-3.07748700
117.35999929	0.86092720	-2.98959300
117.43999929	0.86092720	-2.98959300
117.51999929	0.86092720	-2.90200500
117.59999929	0.86092720	-2.90200500
117.67999928	0.77211830	-2.90200500
117.75999928	0.86092720	-2.81411200
117.83999928	0.86092720	-2.81411200
117.91999928	0.77211830	-2.72621800
117.99999928	0.86092720	-2.72621800
118.07999928	0.77211830	-2.63832500
118.15999928	0.77211830	-2.63832500
118.23999928	0.86092720	-2.63832500
118.31999928	0.86092720	-2.55043200
118.39999928	0.86092720	-2.46284400
118.47999928	0.86092720	-2.46284400
118.55999928	0.86092720	-2.37495000
118.63999928	0.77211830	-2.37495000
118.71999928	0.77211830	-2.28705700
118.79999928	0.77211830	-2.28705700
118.87999928	0.77211830	-2.19916400
118.95999928	0.77211830	-2.11157600
119.03999928	0.77211830	-2.11157600
119.11999928	0.77211830	-2.11157600
119.19999928	0.77211830	-2.02368200
119.27999928	0.77211830	-2.02368200
119.35999927	0.77211830	-1.93578900
119.43999927	0.77211830	-1.93578900
119.51999927	0.77211830	-1.93578900
119.59999927	0.77211830	-1.84789600
119.67999927	0.77211830	-1.76030800
119.75999927	0.77211830	-1.76030800
119.83999927	0.77211830	-1.76030800
119.91999927	0.77211830	-1.67241400
119.99999927	0.77211830	-1.58452100
120.07999927	0.68361460	-1.58452100
120.15999927	0.77211830	-1.49662800
120.23999927	0.77211830	-1.49662800
120.31999927	0.77211830	-1.40904000
120.39999927	0.68361460	-1.40904000
120.47999927	0.77211830	-1.32114600
120.55999927	0.77211830	-1.32114600
120.63999927	0.68361460	-1.23325300
120.71999927	0.77211830	-1.23325300
120.79999927	0.68361460	-1.14536000
120.87999927	0.77211830	-1.05746600
120.95999926	0.77211830	-1.05746600
121.03999926	0.68361460	-1.05746600
121.11999926	0.68361460	-0.96987830
121.19999926	0.68361460	-0.88198490
121.27999926	0.68361460	-0.88198490
121.35999926	0.77211830	-0.79409160
121.43999926	0.68361460	-0.79409160
121.51999926	0.68361460	-0.70619830
121.59999926	0.77211830	-0.61861020
121.67999926	0.68361460	-0.61861020
121.75999926	0.77211830	-0.53071690
121.83999926	0.68361460	-0.44282360
121.91999926	0.77211830	-0.44282360
121.99999926	0.68361460	-0.35493030
122.07999926	0.68361460	-0.35493030
122.15999926	0.68361460	-0.35493030
122.23999926	0.68361460	-0.26734220
122.31999926	0.68361460	-0.17944880
122.39999926	0.68361460	-0.17944880
122.47999926	0.68361460	-0.09155553
122.55999926	0.68361460	-0.00366222
122.63999925	0.68361460	-0.00366222
122.71999925	0.68361460	0.08392590
122.79999925	0.68361460	0.08392590
122.87999925	0.68361460	0.17151400
122.95999925	0.68361460	0.17151400
123.03999925	0.68361460	0.25940730
123.11999925	0.68361460	0.34730060
123.19999925	0.68361460	0.34730060
123.27999925	0.68361460	0.43519400
123.35999925	0.68361460	0.43519400
123.43999925	0.68361460	0.52278210
123.51999925	0.68361460	0.52278210
123.59999925	0.68361460	0.61067540
123.67999925	0.68361460	0.69856870
123.75999925	0.68361460	0.69856870
123.83999925	0.68361460	0.69856870
123.91999925	0.68361460	0.78646200
123.99999925	0.68361460	0.87405010
124.07999925	0.68361460	0.87405010
124.15999925	0.59480580	0.96194340
124.23999924	0.68361460	1.04983700
124.31999924	0.68361460	1.04983700
124.39999924	0.68361460	1.04983700
124.47999924	0.68361460	1.13773000
124.55999924	0.68361460	1.22531800
124.63999924	0.68361460	1.22531800
124.71999924	0.59480580	1.31321100
124.79999924	0.59480580	1.40110500
124.87999924	0.59480580	1.40110500
124.95999924	0.59480580	1.40110500
125.03999924	0.59480580	1.48899800
125.11999924	0.59480580	1.48899800
125.19999924	0.59480580	1.57689100
125.27999924	0.50630210	1.66447900
125.35999924	0.41749320	1.66447900
125.43999924	0.41749320	1.75237300
125.51999924	0.41749320	1.75237300
125.59999924	0.50630210	1.84026600
125.67999924	0.50630210	1.84026600
125.75999924	0.50630210	1.92815900
125.83999924	0.50630210	1.92815900
125.91999923	0.50630210	2.01574800
125.99999923	0.50630210	2.01574800
126.07999923	0.50630210	2.10364100
126.15999923	0.50630210	2.19153400
126.23999923	0.50630210	2.19153400
126.31999923	0.59480580	2.27942800
126.39999923	0.50630210	2.27942800
126.47999923	0.50630210	2.27942800
126.55999923	0.50630210	2.36701600
126.63999923	0.59480580	2.45490900
126.71999923	0.50630210	2.45490900
126.79999923	0.50630210	2.45490900
126.87999923	0.59480580	2.54280200
126.95999923	0.59480580	2.63069600
127.03999923	0.50630210	2.63069600
127.11999923	0.59480580	2.71828400
127.19999923	0.59480580	2.71828400
127.27999923	0.59480580	2.80617700
127.35999923	0.50630210	2.80617700
127.43999923	0.59480580	2.80617700
127.51999923	0.50630210	2.89407000
127.59999922	0.50630210	2.98196400
127.67999922	0.59480580	2.98196400
127.75999922	0.59480580	2.98196400
127.83999922	0.50630210	3.06985700
127.91999922	0.59480580	3.15744500
127.99999922	0.59480580	3.15744500
128.07999922	0.59480580	3.15744500
128.15999922	0.59480580	3.15744500
128.23999922	0.59480580	3.24533800
128.31999922	0.59480580	3.33323200
128.39999922	0.59480580	3.33323200
128.47999922	0.59480580	3.42112500
128.55999922	0.59480580	3.42112500
128.63999922	0.59480580	3.50871300
128.71999922	0.59480580	3.50871300
128.79999922	0.59480580	3.50871300
128.87999922	0.59480580	3.50871300
128.95999922	0.59480580	3.59660600
129.03999922	0.59480580	3.59660600
129.11999922	0.59480580	3.68450000
129.19999921	0.59480580	3.68450000
129.27999921	0.59480580	3.68450000
129.35999921	0.59480580	3.77239300
129.43999921	0.59480580	3.77239300
129.51999921	0.59480580	3.85998100
129.59999921	0.68361460	3.85998100
129.67999921	0.59480580	3.85998100
129.75999921	0.59480580	3.85998100
129.83999921	0.59480580	3.94787400
129.91999921	0.59480580	4.03576800
129.99999921	0.59480580	4.03576800
130.07999921	0.59480580	4.03576800
130.15999921	0.59480580	4.03576800
130.23999921	0.59480580	4.12366100
130.31999921	0.59480580	4.12366100
130.39999921	0.59480580	4.12366100
130.47999921	0.59480580	4.21124900
130.55999921	0.59480580	4.21124900
130.63999921	0.59480580	4.21124900
130.71999921	0.59480580	4.21124900
130.79999921	0.59480580	4.29914200
130.87999920	0.68361460	4.29914200
130.95999920	0.59480580	4.29914200
131.03999920	0.68361460	4.38703600
131.11999920	0.68361460	4.38703600
131.19999920	0.68361460	4.38703600
131.27999920	0.59480580	4.38703600
131.35999920	0.59480580	4.38703600
131.43999920	0.68361460	4.47492900
131.51999920	0.68361460	4.56282200
131.59999920	0.68361460	4.56282200
131.67999920	0.68361460	4.56282200
131.75999920	0.68361460	4.56282200
131.83999920	0.59480580	4.56282200
131.91999920	0.59480580	4.56282200
131.99999920	0.59480580	4.65041100
132.07999920	0.68361460	4.65041100
132.15999920	0.59480580	4.65041100
132.23999920	0.68361460	4.73830400
132.31999920	0.59480580	4.65041100
132.39999920	0.59480580	4.65041100
132.47999919	0.68361460	4.73830400
132.55999919	0.68361460	4.73830400
132.63999919	0.59480580	4.73830400
132.71999919	0.68361460	4.73830400
132.79999919	0.68361460	4.82619700
132.87999919	0.68361460	4.82619700
132.95999919	0.68361460	4.82619700
133.03999919	0.68361460	4.82619700
133.11999919	0.68361460	4.82619700
133.19999919	0.68361460	4.82619700
133.27999919	0.68361460	4.82619700
133.35999919	0.68361460	4.91409000
133.43999919	0.68361460	4.91409000
133.51999919	0.68361460	4.91409000
133.59999919	0.68361460	4.91409000
133.67999919	0.68361460	4.91409000
133.75999919	0.68361460	4.91409000
133.83999919	0.68361460	4.91409000
133.91999919	0.68361460	4.91409000
133.99999919	0.68361460	4.91409000
134.07999919	0.68361460	4.91409000
134.15999918	0.68361460	4.91409000
134.23999918	0.68361460	4.91409000
134.31999918	0.68361460	4.91409000
134.39999918	0.68361460	4.91409000
134.47999918	0.68361460	4.91409000
134.55999918	0.68361460	4.91409000
134.63999918	0.68361460	4.91409000
134.71999918	0.68361460	4.91409000
134.79999918	0.68361460	4.91409000
134.87999918	0.68361460	4.91409000
134.95999918	0.68361460	4.91409000
135.03999918	0.68361460	4.91409000
135.11999918	0.68361460	4.91409000
135.19999918	0.68361460	4.91409000
135.27999918	0.68361460	4.91409000
135.35999918	0.68361460	4.91409000
135.43999918	0.68361460	4.91409000
135.51999918	0.68361460	4.91409000
135.59999918	0.68361460	4.91409000
135.67999918	0.68361460	4.91409000
135.75999917	0.68361460	4.82619700
135.83999917	0.68361460	4.82619700
135.91999917	0.68361460	4.82619700
135.99999917	0.68361460	4.82619700
136.07999917	0.68361460	4.82619700
136.15999917	0.68361460	4.82619700
136.23999917	0.68361460	4.82619700
136.31999917	0.68361460	4.73830400
136.39999917	0.68361460	4.73830400
136.47999917	0.68361460	4.73830400
136.55999917	0.68361460	4.73830400
136.63999917	0.68361460	4.65041100
136.71999917	0.68361460	4.65041100
136.79999917	0.68361460	4.65041100
136.87999917	0.68361460	4.65041100
136.95999917	0.68361460	4.56282200
137.03999917	0.68361460	4.56282200
137.11999917	0.68361460	4.56282200
137.19999917	0.68361460	4.56282200
137.27999917	0.68361460	4.56282200
137.35999917	0.68361460	4.56282200
137.43999916	0.68361460	4.56282200
137.51999916	0.68361460	4.56282200
137.59999916	0.68361460	4.47492900
137.67999916	0.68361460	4.38703600
137.75999916	0.68361460	4.38703600
137.83999916	0.68361460	4.38703600
137.91999916	0.68361460	4.38703600
137.99999916	0.68361460	4.38703600
138.07999916	0.68361460	4.29914200
138.15999916	0.68361460	4.29914200
138.23999916	0.68361460	4.21124900
138.31999916	0.68361460	4.29914200
138.39999916	0.68361460	4.21124900
138.47999916	0.68361460	4.21124900
138.55999916	0.68361460	4.12366100
138.63999916	0.68361460	4.12366100
138.71999916	0.68361460	4.12366100
138.79999916	0.68361460	4.12366100
138.87999916	0.68361460	4.03576800
138.95999916	0.68361460	4.03576800
139.03999915	0.68361460	4.03576800
139.11999915	0.68361460	4.03576800
139.19999915	0.68361460	3.94787400
139.27999915	0.68361460	3.94787400
139.35999915	0.68361460	3.85998100
139.43999915	0.68361460	3.85998100
139.51999915	0.68361460	3.85998100
139.59999915	0.68361460	3.85998100
139.67999915	0.68361460	3.85998100
139.75999915	0.68361460	3.77239300
139.83999915	0.68361460	3.77239300
139.91999915	0.68361460	3.68450000
139.99999915	0.59480580	3.68450000
140.07999915	0.59480580	3.68450000
140.15999915	0.68361460	3.59660600
140.23999915	0.68361460	3.59660600
140.31999915	0.68361460	3.50871300
140.39999915	0.59480580	3.50871300
140.47999915	0.59480580	3.50871300
140.55999915	0.68361460	3.42112500
140.63999915	0.59480580	3.42112500
140.71999914	0.59480580	3.42112500
140.79999914	0.59480580	3.42112500
140.87999914	0.59480580	3.33323200
140.95999914	0.59480580	3.33323200
141.03999914	0.59480580	3.33323200
141.11999914	0.59480580	3.24533800
141.19999914	0.59480580	3.15744500
141.27999914	0.59480580	3.15744500
141.35999914	0.59480580	3.06985700
141.43999914	0.50630210	3.06985700
141.51999914	0.50630210	2.98196400
141.59999914	0.50630210	2.98196400
141.67999914	0.41749320	2.98196400
141.75999914	0.41749320	2.98196400
141.83999914	0.50630210	2.89407000
141.91999914	0.41749320	2.89407000
141.99999914	0.50630210	2.80617700
142.07999914	0.41749320	2.80617700
142.15999914	0.32898950	2.80617700
142.23999914	0.41749320	2.71828400
142.31999914	0.32898950	2.71828400
142.39999913	0.32898950	2.63069600
142.47999913	0.32898950	2.63069600
142.55999913	0.32898950	2.54280200
142.63999913	0.32898950	2.54280200
142.71999913	0.32898950	2.54280200
142.79999913	0.24048580	2.45490900
142.87999913	0.24048580	2.45490900
142.95999913	0.24048580	2.36701600
143.03999913	0.24048580	2.36701600
143.11999913	0.15167700	2.36701600
143.19999913	0.24048580	2.27942800
143.27999913	0.15167700	2.27942800
143.35999913	0.15167700	2.19153400
143.43999913	0.15167700	2.19153400
143.51999913	0.15167700	2.10364100
143.59999913	0.15167700	2.10364100
143.67999913	0.15167700	2.01574800
143.75999913	0.06317332	2.01574800
143.83999913	0.06317332	1.92815900
143.91999913	0.06317332	1.92815900
143.99999912	0.06317332	1.92815900
144.07999912	0.06317332	1.84026600
144.15999912	-0.02563555	1.75237300
144.23999912	-0.02563555	1.75237300
144.31999912	-0.02563555	1.75237300
144.39999912	-0.02563555	1.75237300
144.47999912	-0.02563555	1.75237300
144.55999912	-0.11413920	1.57689100
144.63999912	-0.11413920	1.57689100
144.71999912	-0.11413920	1.57689100
144.79999912	-0.11413920	1.48899800
144.87999912	-0.11413920	1.48899800
144.95999912	-0.11413920	1.40110500
145.03999912	-0.20294810	1.40110500
145.11999912	-0.11413920	1.31321100
145.19999912	-0.20294810	1.31321100
145.27999912	-0.20294810	1.31321100
145.35999912	-0.20294810	1.22531800
145.43999912	-0.20294810	1.22531800
145.51999912	-0.20294810	1.13773000
145.59999912	-0.29145180	1.04983700
145.67999911	-0.29145180	1.04983700
145.75999911	-0.29145180	1.04983700
145.83999911	-0.29145180	1.04983700
145.91999911	-0.38026060	0.87405010
145.99999911	-0.38026060	0.87405010
146.07999911	-0.38026060	0.96194340
146.15999911	-0.38026060	0.78646200
146.23999911	-0.38026060	0.78646200
146.31999911	-0.38026060	0.78646200
146.39999911	-0.38026060	0.69856870
146.47999911	-0.38026060	0.69856870
146.55999911	-0.46876430	0.61067540
146.63999911	-0.38026060	0.61067540
146.71999911	-0.46876430	0.61067540
146.79999911	-0.46876430	0.52278210
146.87999911	-0.46876430	0.52278210
146.95999911	-0.46876430	0.43519400
147.03999911	-0.46876430	0.43519400
147.11999911	-0.46876430	0.34730060
147.19999911	-0.46876430	0.34730060
147.27999910	-0.46876430	0.25940730
147.35999910	-0.46876430	0.25940730
147.43999910	-0.46876430	0.17151400
147.51999910	-0.46876430	0.17151400
147.59999910	-0.46876430	0.08392590
147.67999910	-0.55757310	-0.00366222
147.75999910	-0.55757310	-0.00366222
147.83999910	-0.46876430	-0.00366222
147.91999910	-0.55757310	-0.00366222
147.99999910	-0.55757310	-0.09155553
148.07999910	-0.55757310	-0.17944880
148.15999910	-0.55757310	-0.17944880
148.23999910	-0.55757310	-0.17944880
148.31999910	-0.55757310	-0.26734220
148.39999910	-0.55757310	-0.26734220
148.47999910	-0.55757310	-0.35493030
148.55999910	-0.55757310	-0.35493030
148.63999910	-0.55757310	-0.44282360
148.71999910	-0.55757310	-0.44282360
148.79999910	-0.55757310	-0.53071690
148.87999910	-0.55757310	-0.53071690
148.95999909	-0.55757310	-0.53071690
149.03999909	-0.55757310	-0.61861020
149.11999909	-0.55757310	-0.61861020
149.19999909	-0.55757310	-0.70619830
149.27999909	-0.55757310	-0.70619830
149.35999909	-0.64607690	-0.79409160
149.43999909	-0.55757310	-0.79409160
149.51999909	-0.55757310	-0.88198490
149.59999909	-0.64607690	-0.88198490
149.67999909	-0.55757310	-0.96987830
149.75999909	-0.55757310	-1.05746600
149.83999909	-0.64607690	-1.05746600
149.91999909	-0.64607690	-1.05746600
149.99999909	-0.64607690	-1.05746600
150.07999909	-0.64607690	-1.14536000
150.15999909	-0.64607690	-1.23325300
150.23999909	-0.64607690	-1.23325300
150.31999909	-0.64607690	-1.23325300
150.39999909	-0.64607690	-1.32114600
150.47999909	-0.64607690	-1.32114600
150.55999908	-0.64607690	-1.32114600
150.63999908	-0.64607690	-1.40904000
150.71999908	-0.73488570	-1.40904000
150.79999908	-0.55757310	-1.40904000
150.87999908	-0.64607690	-1.49662800
150.95999908	-0.64607690	-1.49662800
151.03999908	-0.73488570	-1.49662800
151.11999908	-0.73488570	-1.58452100
151.19999908	-0.64607690	-1.58452100
151.27999908	-0.73488570	-1.67241400
151.35999908	-0.64607690	-1.67241400
151.43999908	-0.64607690	-1.76030800
151.51999908	-0.64607690	-1.76030800
151.59999908	-0.73488570	-1.76030800
151.67999908	-0.73488570	-1.84789600
151.75999908	-0.73488570	-1.84789600
151.83999908	-0.73488570	-1.93578900
151.91999908	-0.73488570	-1.93578900
151.99999908	-0.73488570	-1.93578900
152.07999908	-0.73488570	-2.02368200
152.15999908	-0.64607690	-2.02368200
152.23999907	-0.73488570	-2.02368200
152.31999907	-0.64607690	-2.02368200
152.39999907	-0.73488570	-2.11157600
152.47999907	-0.73488570	-2.11157600
152.55999907	-0.73488570	-2.11157600
152.63999907	-0.73488570	-2.19916400
152.71999907	-0.73488570	-2.19916400
152.79999907	-0.73488570	-2.19916400
152.87999907	-0.73488570	-2.19916400
152.95999907	-0.73488570	-2.28705700
153.03999907	-0.73488570	-2.37495000
153.11999907	-0.73488570	-2.28705700
153.19999907	-0.73488570	-2.37495000
153.27999907	-0.73488570	-2.46284400
153.35999907	-0.73488570	-2.46284400
153.43999907	-0.73488570	-2.46284400
153.51999907	-0.73488570	-2.46284400
153.59999907	-0.73488570	-2.55043200
153.67999907	-0.73488570	-2.55043200
153.75999907	-0.73488570	-2.63832500
153.83999907	-0.73488570	-2.55043200
153.91999906	-0.73488570	-2.63832500
153.99999906	-0.73488570	-2.63832500
154.07999906	-0.73488570	-2.63832500
154.15999906	-0.73488570	-2.63832500
154.23999906	-0.73488570	-2.72621800
154.31999906	-0.73488570	-2.72621800
154.39999906	-0.73488570	-2.72621800
154.47999906	-0.73488570	-2.81411200
154.55999906	-0.73488570	-2.81411200
154.63999906	-0.73488570	-2.81411200
154.71999906	-0.73488570	-2.81411200
154.79999906	-0.73488570	-2.81411200
154.87999906	-0.73488570	-2.90200500
154.95999906	-0.73488570	-2.90200500
155.03999906	-0.73488570	-2.90200500
155.11999906	-0.73488570	-2.90200500
155.19999906	-0.73488570	-2.90200500
155.27999906	-0.73488570	-2.98959300
155.35999906	-0.82338940	-2.98959300
155.43999906	-0.73488570	-2.98959300
155.51999905	-0.82338940	-2.98959300
155.59999905	-0.73488570	-3.07748700
155.67999905	-0.73488570	-3.07748700
155.75999905	-0.73488570	-3.07748700
155.83999905	-0.73488570	-3.07748700
155.91999905	-0.82338940	-3.16538000
155.99999905	-0.82338940	-3.16538000
156.07999905	-0.73488570	-3.16538000
156.15999905	-0.82338940	-3.16538000
156.23999905	-0.73488570	-3.16538000
156.31999905	-0.82338940	-3.16538000
156.39999905	-0.73488570	-3.16538000
156.47999905	-0.82338940	-3.16538000
156.55999905	-0.82338940	-3.25327300
156.63999905	-0.73488570	-3.25327300
156.71999905	-0.82338940	-3.25327300
156.79999905	-0.82338940	-3.25327300
156.87999905	-0.82338940	-3.25327300
156.95999905	-0.82338940	-3.34086100
157.03999905	-0.73488570	-3.34086100
157.11999905	-0.82338940	-3.25327300
157.19999904	-0.82338940	-3.34086100
157.27999904	-0.82338940	-3.25327300
157.35999904	-0.82338940	-3.34086100
157.43999904	-0.82338940	-3.25327300
157.51999904	-0.82338940	-3.34086100
157.59999904	-0.82338940	-3.34086100
157.67999904	-0.82338940	-3.34086100
157.75999904	-0.82338940	-3.34086100
157.83999904	-0.82338940	-3.34086100
157.91999904	-0.82338940	-3.42875500
157.99999904	-0.82338940	-3.34086100
158.07999904	-0.82338940	-3.42875500
158.15999904	-0.82338940	-3.42875500
158.23999904	-0.82338940	-3.34086100
158.31999904	-0.82338940	-3.42875500
158.39999904	-0.82338940	-3.34086100
158.47999904	-0.82338940	-3.34086100
158.55999904	-0.82338940	-3.42875500
158.63999904	-0.82338940	-3.42875500
158.71999904	-0.82338940	-3.42875500
158.79999903	-0.82338940	-3.42875500
158.87999903	-0.73488570	-3.42875500
158.95999903	-0.82338940	-3.42875500
159.03999903	-0.82338940	-3.42875500
159.11999903	-0.82338940	-3.42875500
159.19999903	-0.73488570	-3.42875500
159.27999903	-0.82338940	-3.42875500
159.35999903	-0.82338940	-3.42875500
159.43999903	-0.82338940	-3.42875500
159.51999903	-0.82338940	-3.42875500
159.59999903	-0.82338940	-3.34086100
159.67999903	-0.82338940	-3.42875500
159.75999903	-0.82338940	-3.42875500
159.83999903	-0.82338940	-3.34086100
159.91999903	-0.82338940	-3.42875500
159.99999903	-0.82338940	-3.34086100
160.07999903	-0.82338940	-3.34086100
160.15999903	-0.82338940	-3.34086100
160.23999903	-0.82338940	-3.34086100
160.31999903	-0.82338940	-3.34086100
160.39999903	-0.82338940	-3.34086100
160.47999902	-0.82338940	-3.34086100
160.55999902	-0.82338940	-3.34086100
160.63999902	-0.82338940	-3.34086100
160.71999902	-0.82338940	-3.34086100
160.79999902	-0.82338940	-3.34086100
160.87999902	-0.82338940	-3.34086100
160.95999902	-0.82338940	-3.34086100
161.03999902	-0.82338940	-3.34086100
161.11999902	-0.82338940	-3.25327300
161.19999902	-0.82338940	-3.34086100
161.27999902	-0.82338940	-3.25327300
161.35999902	-0.82338940	-3.25327300
161.43999902	-0.82338940	-3.25327300
161.51999902	-0.82338940	-3.25327300
161.59999902	-0.82338940	-3.25327300
161.67999902	-0.82338940	-3.16538000
161.75999902	-0.82338940	-3.25327300
161.83999902	-0.82338940	-3.16538000
161.91999902	-0.82338940	-3.16538000
161.99999902	-0.82338940	-3.16538000
162.07999901	-0.82338940	-3.16538000
162.15999901	-0.82338940	-3.16538000
162.23999901	-0.82338940	-3.16538000
162.31999901	-0.82338940	-3.16538000
162.39999901	-0.82338940	-3.16538000
162.47999901	-0.82338940	-3.16538000
162.55999901	-0.82338940	-3.07748700
162.63999901	-0.73488570	-2.98959300
162.71999901	-0.82338940	-3.07748700
162.79999901	-0.82338940	-2.98959300
162.87999901	-0.73488570	-2.98959300
162.95999901	-0.82338940	-2.98959300
163.03999901	-0.73488570	-2.98959300
163.11999901	-0.82338940	-2.98959300
163.19999901	-0.82338940	-2.98959300
163.27999901	-0.82338940	-2.90200500
163.35999901	-0.82338940	-2.90200500
163.43999901	-0.82338940	-2.90200500
163.51999901	-0.73488570	-2.81411200
163.59999901	-0.73488570	-2.90200500
163.67999901	-0.82338940	-2.81411200
163.75999900	-0.73488570	-2.81411200
163.83999900	-0.73488570	-2.81411200
163.91999900	-0.82338940	-2.81411200
163.99999900	-0.82338940	-2.81411200
164.07999900	-0.73488570	-2.81411200
164.15999900	-0.73488570	-2.81411200
164.23999900	-0.82338940	-2.72621800
164.31999900	-0.73488570	-2.72621800
164.39999900	-0.73488570	-2.72621800
164.47999900	-0.73488570	-2.63832500
164.55999900	-0.73488570	-2.63832500
164.63999900	-0.73488570	-2.63832500
164.71999900	-0.73488570	-2.63832500
164.79999900	-0.82338940	-2.63832500
164.87999900	-0.82338940	-2.55043200
164.95999900	-0.73488570	-2.46284400
165.03999900	-0.82338940	-2.46284400
165.11999900	-0.73488570	-2.46284400
165.19999900	-0.73488570	-2.46284400
165.27999900	-0.73488570	-2.46284400
165.35999900	-0.73488570	-2.46284400
165.43999899	-0.73488570	-2.37495000
165.51999899	-0.73488570	-2.37495000
165.59999899	-0.73488570	-2.28705700
165.67999899	-0.73488570	-2.28705700
165.75999899	-0.73488570	-2.28705700
165.83999899	-0.73488570	-2.28705700
165.91999899	-0.73488570	-2.28705700
165.99999899	-0.73488570	-2.28705700
166.07999899	-0.73488570	-2.19916400
166.15999899	-0.73488570	-2.19916400
166.23999899	-0.73488570	-2.11157600
166.31999899	-0.73488570	-2.11157600
166.39999899	-0.73488570	-2.11157600
166.47999899	-0.73488570	-2.11157600
166.55999899	-0.73488570	-2.11157600
166.63999899	-0.73488570	-2.11157600
166.71999899	-0.73488570	-2.02368200
166.79999899	-0.73488570	-2.02368200
166.87999899	-0.73488570	-2.02368200
166.95999899	-0.73488570	-1.93578900
167.03999898	-0.73488570	-1.93578900
167.11999898	-0.73488570	-1.93578900
167.19999898	-0.73488570	-1.93578900
167.27999898	-0.73488570	-1.84789600
167.35999898	-0.73488570	-1.84789600
167.43999898	-0.73488570	-1.84789600
167.51999898	-0.73488570	-1.76030800
167.59999898	-0.73488570	-1.76030800
167.67999898	-0.73488570	-1.76030800
167.75999898	-0.73488570	-1.76030800
167.83999898	-0.64607690	-1.76030800
167.91999898	-0.73488570	-1.76030800
167.99999898	-0.64607690	-1.58452100
168.07999898	-0.64607690	-1.58452100
168.15999898	-0.64607690	-1.58452100
168.23999898	-0.64607690	-1.58452100
168.31999898	-0.64607690	-1.49662800
168.39999898	-0.64607690	-1.49662800
168.47999898	-0.64607690	-1.49662800
168.55999898	-0.64607690	-1.49662800
168.63999898	-0.64607690	-1.49662800
168.71999897	-0.64607690	-1.40904000
168.79999897	-0.55757310	-1.40904000
168.87999897	-0.55757310	-1.40904000
168.95999897	-0.64607690	-1.40904000
169.03999897	-0.55757310	-1.40904000
169.11999897	-0.55757310	-1.32114600
169.19999897	-0.55757310	-1.32114600
169.27999897	-0.55757310	-1.23325300
169.35999897	-0.55757310	-1.23325300
169.43999897	-0.55757310	-1.23325300
169.51999897	-0.55757310	-1.23325300
169.59999897	-0.55757310	-1.14536000
169.67999897	-0.55757310	-1.14536000
169.75999897	-0.55757310	-1.05746600
169.83999897	-0.55757310	-1.05746600
169.91999897	-0.55757310	-1.05746600
169.99999897	-0.55757310	-1.05746600
170.07999897	-0.55757310	-0.96987830
170.15999897	-0.55757310	-0.96987830
170.23999897	-0.55757310	-0.96987830
170.31999896	-0.55757310	-0.88198490
170.39999896	-0.55757310	-0.88198490
170.47999896	-0.55757310	-0.88198490
170.55999896	-0.55757310	-0.79409160
170.63999896	-0.55757310	-0.88198490
170.71999896	-0.55757310	-0.79409160
170.79999896	-0.55757310	-0.70619830
170.87999896	-0.55757310	-0.70619830
170.95999896	-0.55757310	-0.70619830
171.03999896	-0.55757310	-0.70619830
171.11999896	-0.46876430	-0.61861020
171.19999896	-0.46876430	-0.61861020
171.27999896	-0.46876430	-0.61861020
171.35999896	-0.46876430	-0.53071690
171.43999896	-0.46876430	-0.53071690
171.51999896	-0.46876430	-0.53071690
171.59999896	-0.46876430	-0.53071690
171.67999896	-0.46876430	-0.53071690
171.75999896	-0.46876430	-0.44282360
171.83999896	-0.46876430	-0.35493030
171.91999896	-0.46876430	-0.35493030
171.99999895	-0.46876430	-0.35493030
172.07999895	-0.38026060	-0.35493030
172.15999895	-0.38026060	-0.35493030
172.23999895	-0.38026060	-0.35493030
172.31999895	-0.38026060	-0.26734220
172.39999895	-0.38026060	-0.17944880
172.47999895	-0.38026060	-0.17944880
172.55999895	-0.29145180	-0.17944880
172.63999895	-0.29145180	-0.09155553
172.71999895	-0.29145180	-0.09155553
172.79999895	-0.29145180	-0.09155553
172.87999895	-0.20294810	-0.09155553
172.95999895	-0.20294810	-0.00366222
173.03999895	-0.11413920	-0.00366222
173.11999895	-0.20294810	-0.00366222
173.19999895	-0.11413920	-0.00366222
173.27999895	-0.11413920	0.08392590
173.35999895	-0.11413920	0.08392590
173.43999895	-0.02563555	0.08392590
173.51999895	-0.02563555	0.08392590
173.59999894	-0.02563555	0.17151400
173.67999894	0.06317332	0.17151400
173.75999894	0.06317332	0.17151400
173.83999894	0.06317332	0.25940730
173.91999894	0.15167700	0.25940730
173.99999894	0.15167700	0.34730060
174.07999894	0.24048580	0.34730060
174.15999894	0.24048580	0.34730060
174.23999894	0.59480580	0.34730060
174.31999894	0.59480580	0.43519400
174.39999894	0.59480580	0.43519400
174.47999894	0.59480580	0.52278210
174.55999894	0.59480580	0.52278210
174.63999894	0.32898950	0.52278210
174.71999894	0.86092720	0.52278210
174.79999894	1.74749000	0.52278210
174.87999894	2.10211500	0.61067540
174.95999894	1.65868100	0.61067540
175.03999894	0.77211830	0.69856870
175.11999894	0.86092720	0.69856870
175.19999894	4.67329900	0.69856870
175.27999893	3.96404900	0.69856870
175.35999893	4.22986600	0.69856870
175.43999893	4.05255300	0.69856870
175.51999893	4.14136200	0.78646200
175.59999893	4.05255300	0.78646200
175.67999893	4.05255300	0.87405010
175.75999893	4.05255300	0.87405010
175.83999893	4.05255300	0.96194340
175.91999893	4.05255300	0.96194340
175.99999893	3.96404900	0.96194340
176.07999893	4.05255300	0.96194340
176.15999893	4.05255300	1.04983700
176.23999893	3.96404900	1.04983700
176.31999893	3.96404900	1.04983700
176.39999893	3.96404900	1.04983700
176.47999893	3.96404900	1.13773000
176.55999893	3.96404900	1.13773000
176.63999893	3.96404900	1.22531800
176.71999893	3.96404900	1.22531800
176.79999893	3.96404900	1.31321100
176.87999893	3.87524000	1.31321100
176.95999892	3.87524000	1.31321100
177.03999892	3.87524000	1.31321100
177.11999892	3.87524000	1.40110500
177.19999892	3.87524000	1.40110500
177.27999892	3.87524000	1.48899800
177.35999892	3.87524000	1.48899800
177.43999892	3.87524000	1.48899800
177.51999892	3.78673700	1.48899800
177.59999892	3.87524000	1.57689100
177.67999892	3.87524000	1.57689100
177.75999892	3.78673700	1.66447900
177.83999892	3.87524000	1.66447900
177.91999892	3.78673700	1.66447900
177.99999892	3.78673700	1.75237300
178.07999892	3.78673700	1.75237300
178.15999892	3.78673700	1.75237300
178.23999892	3.78673700	1.84026600
178.31999892	3.78673700	1.84026600
178.39999892	3.78673700	1.92815900
178.47999892	3.69792800	1.92815900
178.55999891	3.78673700	1.92815900
178.63999891	3.69792800	2.01574800
178.71999891	3.78673700	2.01574800
178.79999891	3.69792800	2.10364100
178.87999891	3.69792800	2.10364100
178.95999891	3.69792800	2.10364100
179.03999891	3.69792800	2.19153400
179.11999891	3.69792800	2.19153400
179.19999891	3.69792800	2.27942800
179.27999891	3.69792800	2.27942800
179.35999891	3.69792800	2.27942800
179.43999891	3.69792800	2.36701600
179.51999891	3.69792800	2.36701600
179.59999891	3.69792800	2.45490900
179.67999891	3.69792800	2.45490900
179.75999891	3.69792800	2.45490900
179.83999891	3.69792800	2.54280200
179.91999891	3.60942400	2.54280200
179.99999891	3.69792800	2.54280200
180.07999891	3.69792800	2.63069600
180.15999891	3.69792800	2.63069600
180.23999890	3.69792800	2.63069600
180.31999890	3.69792800	2.71828400
180.39999890	3.69792800	2.71828400
180.47999890	3.69792800	2.80617700
180.55999890	3.60942400	2.80617700
180.63999890	3.60942400	2.80617700
180.71999890	3.60942400	2.80617700
180.79999890	3.60942400	2.89407000
180.87999890	3.60942400	2.89407000
180.95999890	3.60942400	2.98196400
181.03999890	3.60942400	2.98196400
181.11999890	3.60942400	2.98196400
181.19999890	3.60942400	3.06985700
181.27999890	3.60942400	3.06985700
181.35999890	3.60942400	3.06985700
181.43999890	3.60942400	3.15744500
181.51999890	3.60942400	3.24533800
181.59999890	3.60942400	3.24533800
181.67999890	3.52061500	3.24533800
181.75999890	3.60942400	3.24533800
181.83999889	3.60942400	3.24533800
181.91999889	3.52061500	3.33323200
181.99999889	3.60942400	3.42112500
182.07999889	3.60942400	3.42112500
182.15999889	3.60942400	3.42112500
182.23999889	3.52061500	3.42112500
182.31999889	3.52061500	3.50871300
182.39999889	3.52061500	3.50871300
182.47999889	3.52061500	3.50871300
182.55999889	3.60942400	3.50871300
182.63999889	3.60942400	3.59660600
182.71999889	3.60942400	3.59660600
182.79999889	3.60942400	3.59660600
182.87999889	3.60942400	3.68450000
182.95999889	3.60942400	3.68450000
183.03999889	3.60942400	3.68450000
183.11999889	3.52061500	3.68450000
183.19999889	3.60942400	3.77239300
183.27999889	3.60942400	3.77239300
183.35999889	3.60942400	3.77239300
183.43999889	3.52061500	3.85998100
183.51999888	3.60942400	3.85998100
183.59999888	3.60942400	3.85998100
183.67999888	3.52061500	3.85998100
183.75999888	3.52061500	3.94787400
183.83999888	3.52061500	3.94787400
183.91999888	3.60942400	3.94787400
183.99999888	3.60942400	3.94787400
184.07999888	3.52061500	4.03576800
184.15999888	3.60942400	4.03576800
184.23999888	3.60942400	4.03576800
184.31999888	3.60942400	4.12366100
184.39999888	3.52061500	4.12366100
184.47999888	3.60942400	4.12366100
184.55999888	3.52061500	4.12366100
184.63999888	3.60942400	4.12366100
184.71999888	3.60942400	4.21124900
184.79999888	3.52061500	4.21124900
184.87999888	3.60942400	4.21124900
184.95999888	3.60942400	4.21124900
185.03999888	3.60942400	4.21124900
185.11999887	3.60942400	4.21124900
185.19999887	3.60942400	4.21124900
185.27999887	3.60942400	4.21124900
185.35999887	3.52061500	4.29914200
185.43999887	3.60942400	4.21124900
185.51999887	3.60942400	4.29914200
185.59999887	3.60942400	4.29914200
185.67999887	3.60942400	4.29914200
185.75999887	3.60942400	4.38703600
185.83999887	3.69792800	4.38703600
185.91999887	3.60942400	4.38703600
185.99999887	3.69792800	4.38703600
186.07999887	3.69792800	4.38703600
186.15999887	3.60942400	4.38703600
186.23999887	3.60942400	4.38703600
186.31999887	3.60942400	4.38703600
186.39999887	3.69792800	4.38703600
186.47999887	3.60942400	4.38703600
186.55999887	3.60942400	4.38703600
186.63999887	3.69792800	4.38703600
186.71999887	3.69792800	4.38703600
186.79999886	3.69792800	4.47492900
186.87999886	3.69792800	4.38703600
186.95999886	3.69792800	4.47492900
187.03999886	3.69792800	4.47492900
187.11999886	3.69792800	4.47492900
187.19999886	3.69792800	4.38703600
187.27999886	3.69792800	4.38703600
187.35999886	3.69792800	4.47492900
187.43999886	3.69792800	4.38703600
187.51999886	3.69792800	4.47492900
187.59999886	3.69792800	4.38703600
187.67999886	3.69792800	4.47492900
187.75999886	3.69792800	4.38703600
187.83999886	3.69792800	4.38703600
187.91999886	3.69792800	4.38703600
187.99999886	3.69792800	4.38703600
188.07999886	3.69792800	4.38703600
188.15999886	3.69792800	4.38703600
188.23999886	3.69792800	4.38703600
188.31999886	3.69792800	4.38703600
188.39999886	3.69792800	4.38703600
188.47999885	3.69792800	4.38703600
188.55999885	3.69792800	4.38703600
188.63999885	3.78673700	4.38703600
188.71999885	3.69792800	4.29914200
188.79999885	3.69792800	4.29914200
188.87999885	3.69792800	4.29914200
188.95999885	3.69792800	4.29914200
189.03999885	3.78673700	4.29914200
189.11999885	3.78673700	4.29914200
189.19999885	3.78673700	4.21124900
189.27999885	3.78673700	4.21124900
189.35999885	3.78673700	4.21124900
189.43999885	3.69792800	4.21124900
189.51999885	3.78673700	4.21124900
189.59999885	3.78673700	4.21124900
189.67999885	3.78673700	4.21124900
189.75999885	3.78673700	4.12366100
189.83999885	3.78673700	4.12366100
189.91999885	3.78673700	4.12366100
189.99999885	3.78673700	4.12366100
190.07999884	3.78673700	4.03576800
190.15999884	3.78673700	4.03576800
190.23999884	3.78673700	4.03576800
190.31999884	3.78673700	3.94787400
190.39999884	3.87524000	3.94787400
190.47999884	3.87524000	3.94787400
190.55999884	3.78673700	3.94787400
190.63999884	3.87524000	3.85998100
190.71999884	3.87524000	3.85998100
190.79999884	3.78673700	3.85998100
190.87999884	3.87524000	3.85998100
190.95999884	3.87524000	3.77239300
191.03999884	3.87524000	3.68450000
191.11999884	3.87524000	3.68450000
191.19999884	3.87524000	3.68450000
191.27999884	3.87524000	3.68450000
191.35999884	3.87524000	3.68450000
191.43999884	3.87524000	3.59660600
191.51999884	3.87524000	3.59660600
191.59999884	3.87524000	3.59660600
191.67999884	3.87524000	3.50871300
191.75999883	3.87524000	3.50871300
191.83999883	3.87524000	3.50871300
191.91999883	3.87524000	3.42112500
191.99999883	3.87524000	3.33323200
192.07999883	3.87524000	3.33323200
192.15999883	3.96404900	3.33323200
192.23999883	3.87524000	3.33323200
192.31999883	3.87524000	3.24533800
192.39999883	3.96404900	3.24533800
192.47999883	3.96404900	3.15744500
192.55999883	3.96404900	3.15744500
192.63999883	3.96404900	3.15744500
192.71999883	3.87524000	3.06985700
192.79999883	3.96404900	3.06985700
192.87999883	3.96404900	2.98196400
192.95999883	3.96404900	2.98196400
193.03999883	3.96404900	2.89407000
193.11999883	3.96404900	2.80617700
193.19999883	3.96404900	2.80617700
193.27999883	3.96404900	2.80617700
193.35999882	3.96404900	2.80617700
193.43999882	3.96404900	2.71828400
193.51999882	3.96404900	2.71828400
193.59999882	3.96404900	2.71828400
193.67999882	3.96404900	2.63069600
193.75999882	4.05255300	2.63069600
193.83999882	4.05255300	2.54280200
193.91999882	3.96404900	2.45490900
193.99999882	4.05255300	2.45490900
194.07999882	4.05255300	2.45490900
194.15999882	4.05255300	2.36701600
194.23999882	4.05255300	2.36701600
194.31999882	4.05255300	2.27942800
194.39999882	4.05255300	2.19153400
194.47999882	4.05255300	2.19153400
194.55999882	4.05255300	2.19153400
194.63999882	4.05255300	2.10364100
194.71999882	4.05255300	2.10364100
194.79999882	4.05255300	2.01574800
194.87999882	4.05255300	2.01574800
194.95999882	4.05255300	1.92815900
195.03999881	4.05255300	1.92815900
195.11999881	4.05255300	1.84026600
195.19999881	4.05255300	1.84026600
195.27999881	4.05255300	1.75237300
195.35999881	4.05255300	1.75237300
195.43999881	4.05255300	1.66447900
195.51999881	4.14136200	1.57689100
195.59999881	4.05255300	1.57689100
195.67999881	4.14136200	1.48899800
195.75999881	4.14136200	1.48899800
195.83999881	4.14136200	1.40110500
195.91999881	4.14136200	1.40110500
195.99999881	4.14136200	1.31321100
196.07999881	4.14136200	1.31321100
196.15999881	4.14136200	1.22531800
196.23999881	4.14136200	1.13773000
196.31999881	4.14136200	1.13773000
196.39999881	4.05255300	1.04983700
196.47999881	4.14136200	1.04983700
196.55999881	4.14136200	0.96194340
196.63999880	4.14136200	0.96194340
196.71999880	4.14136200	0.96194340
196.79999880	4.14136200	0.87405010
196.87999880	4.14136200	0.78646200
196.95999880	4.14136200	0.78646200
197.03999880	4.14136200	0.69856870
197.11999880	4.14136200	0.69856870
197.19999880	4.14136200	0.61067540
197.27999880	4.14136200	0.52278210
197.35999880	4.14136200	0.52278210
197.43999880	4.14136200	0.52278210
197.51999880	4.14136200	0.43519400
197.59999880	4.14136200	0.34730060
197.67999880	4.14136200	0.34730060
197.75999880	4.22986600	0.25940730
197.83999880	4.14136200	0.17151400
197.91999880	4.14136200	0.17151400
197.99999880	4.22986600	0.17151400
198.07999880	4.22986600	0.08392590
198.15999880	4.22986600	-0.00366222
198.23999880	4.14136200	-0.00366222
198.31999879	4.22986600	-0.09155553
198.39999879	4.22986600	-0.17944880
198.47999879	4.22986600	-0.17944880
198.55999879	4.22986600	-0.26734220
198.63999879	4.22986600	-0.35493030
198.71999879	4.22986600	-0.35493030
198.79999879	4.22986600	-0.35493030
198.87999879	4.22986600	-0.44282360
198.95999879	4.22986600	-0.53071690
199.03999879	4.22986600	-0.61861020
199.11999879	4.22986600	-0.61861020
199.19999879	4.22986600	-0.70619830
199.27999879	4.22986600	-0.70619830
199.35999879	4.22986600	-0.79409160
199.43999879	4.22986600	-0.79409160
199.51999879	4.22986600	-0.88198490
199.59999879	4.22986600	-0.96987830
199.67999879	4.22986600	-0.96987830
199.75999879	4.22986600	-1.05746600
199.83999879	4.22986600	-1.14536000
199.91999878	4.22986600	-1.14536000
199.99999878	4.22986600	-1.23325300
200.07999878	4.22986600	-1.23325300
200.15999878	4.31867400	-1.32114600
200.23999878	4.31867400	-1.40904000
