Time	Channel A	Channel B
(us)	(V)	(V)

0.00000000	0.59480580	3.68450000
0.08000000	0.59480580	3.68450000
0.16000000	0.59480580	3.68450000
0.24000000	0.59480580	3.77239300
0.32000000	0.59480580	3.77239300
0.40000000	0.59480580	3.85998100
0.48000000	0.59480580	3.85998100
0.56000000	0.59480580	3.85998100
0.64000000	0.59480580	3.94787400
0.72000000	0.59480580	3.94787400
0.80000000	0.59480580	3.94787400
0.87999999	0.59480580	4.03576800
0.95999999	0.59480580	4.03576800
1.03999999	0.59480580	4.12366100
1.11999999	0.59480580	4.12366100
1.19999999	0.59480580	4.12366100
1.27999999	0.59480580	4.21124900
1.35999999	0.59480580	4.21124900
1.43999999	0.59480580	4.21124900
1.51999999	0.59480580	4.21124900
1.59999999	0.68361460	4.29914200
1.67999999	0.59480580	4.29914200
1.75999999	0.68361460	4.38703600
1.83999999	0.68361460	4.29914200
1.91999999	0.59480580	4.38703600
1.99999999	0.68361460	4.38703600
2.07999999	0.59480580	4.38703600
2.15999999	0.59480580	4.47492900
2.23999999	0.59480580	4.47492900
2.31999999	0.68361460	4.56282200
2.39999999	0.59480580	4.47492900
2.47999998	0.68361460	4.56282200
2.55999998	0.59480580	4.56282200
2.63999998	0.59480580	4.56282200
2.71999998	0.68361460	4.56282200
2.79999998	0.59480580	4.56282200
2.87999998	0.68361460	4.65041100
2.95999998	0.68361460	4.65041100
3.03999998	0.59480580	4.65041100
3.11999998	0.68361460	4.73830400
3.19999998	0.68361460	4.65041100
3.27999998	0.68361460	4.73830400
3.35999998	0.59480580	4.82619700
3.43999998	0.68361460	4.73830400
3.51999998	0.59480580	4.73830400
3.59999998	0.59480580	4.73830400
3.67999998	0.59480580	4.82619700
3.75999998	0.59480580	4.82619700
3.83999998	0.68361460	4.82619700
3.91999998	0.68361460	4.82619700
3.99999998	0.59480580	4.91409000
4.07999998	0.68361460	4.82619700
4.15999997	0.68361460	4.82619700
4.23999997	0.68361460	4.82619700
4.31999997	0.68361460	4.91409000
4.39999997	0.68361460	4.91409000
4.47999997	0.68361460	4.91409000
4.55999997	0.68361460	4.91409000
4.63999997	0.68361460	4.91409000
4.71999997	0.68361460	4.91409000
4.79999997	0.68361460	4.91409000
4.87999997	0.68361460	4.91409000
4.95999997	0.68361460	4.91409000
5.03999997	0.68361460	4.91409000
5.11999997	0.68361460	4.91409000
5.19999997	0.68361460	4.91409000
5.27999997	0.68361460	4.91409000
5.35999997	0.68361460	4.91409000
5.43999997	0.68361460	4.91409000
5.51999997	0.68361460	4.91409000
5.59999997	0.68361460	4.91409000
5.67999997	0.68361460	4.91409000
5.75999996	0.68361460	4.91409000
5.83999996	0.68361460	4.91409000
5.91999996	0.68361460	4.91409000
5.99999996	0.59480580	4.91409000
6.07999996	0.68361460	4.91409000
6.15999996	0.68361460	4.91409000
6.23999996	0.68361460	4.91409000
6.31999996	0.68361460	4.82619700
6.39999996	0.68361460	4.91409000
6.47999996	0.68361460	4.91409000
6.55999996	0.68361460	4.91409000
6.63999996	0.68361460	4.82619700
6.71999996	0.68361460	4.82619700
6.79999996	0.68361460	4.82619700
6.87999996	0.68361460	4.82619700
6.95999996	0.68361460	4.82619700
7.03999996	0.68361460	4.82619700
7.11999996	0.68361460	4.82619700
7.19999996	0.68361460	4.82619700
7.27999996	0.68361460	4.73830400
7.35999996	0.68361460	4.73830400
7.43999995	0.68361460	4.73830400
7.51999995	0.68361460	4.73830400
7.59999995	0.68361460	4.73830400
7.67999995	0.68361460	4.65041100
7.75999995	0.68361460	4.65041100
7.83999995	0.68361460	4.65041100
7.91999995	0.68361460	4.65041100
7.99999995	0.68361460	4.56282200
8.07999995	0.68361460	4.56282200
8.15999995	0.68361460	4.65041100
8.23999995	0.68361460	4.56282200
8.31999995	0.68361460	4.56282200
8.39999995	0.68361460	4.47492900
8.47999995	0.68361460	4.47492900
8.55999995	0.68361460	4.47492900
8.63999995	0.68361460	4.47492900
8.71999995	0.68361460	4.38703600
8.79999995	0.59480580	4.38703600
8.87999995	0.68361460	4.38703600
8.95999995	0.68361460	4.29914200
9.03999995	0.68361460	4.29914200
9.11999994	0.68361460	4.29914200
9.19999994	0.68361460	4.29914200
9.27999994	0.68361460	4.21124900
9.35999994	0.68361460	4.21124900
9.43999994	0.68361460	4.21124900
9.51999994	0.68361460	4.21124900
9.59999994	0.68361460	4.12366100
9.67999994	0.68361460	4.12366100
9.75999994	0.59480580	4.12366100
9.83999994	0.59480580	4.03576800
9.91999994	0.68361460	4.03576800
9.99999994	0.68361460	4.03576800
10.07999994	0.68361460	4.03576800
10.15999994	0.68361460	3.94787400
10.23999994	0.68361460	3.94787400
10.31999994	0.68361460	3.85998100
10.39999994	0.68361460	3.85998100
10.47999994	0.68361460	3.85998100
10.55999994	0.68361460	3.85998100
10.63999994	0.68361460	3.77239300
10.71999993	0.68361460	3.77239300
10.79999993	0.68361460	3.68450000
10.87999993	0.68361460	3.68450000
10.95999993	0.59480580	3.68450000
11.03999993	0.59480580	3.68450000
11.11999993	0.68361460	3.59660600
11.19999993	0.68361460	3.59660600
11.27999993	0.59480580	3.50871300
11.35999993	0.59480580	3.50871300
11.43999993	0.59480580	3.50871300
11.51999993	0.59480580	3.42112500
11.59999993	0.59480580	3.42112500
11.67999993	0.59480580	3.42112500
11.75999993	0.59480580	3.33323200
11.83999993	0.59480580	3.33323200
11.91999993	0.59480580	3.33323200
11.99999993	0.59480580	3.24533800
12.07999993	0.59480580	3.15744500
12.15999993	0.59480580	3.15744500
12.23999993	0.50630210	3.15744500
12.31999993	0.50630210	3.15744500
12.39999992	0.50630210	3.06985700
12.47999992	0.50630210	2.98196400
12.55999992	0.50630210	2.98196400
12.63999992	0.50630210	2.98196400
12.71999992	0.41749320	2.89407000
12.79999992	0.41749320	2.89407000
12.87999992	0.41749320	2.89407000
12.95999992	0.41749320	2.80617700
13.03999992	0.32898950	2.80617700
13.11999992	0.32898950	2.80617700
13.19999992	0.32898950	2.71828400
13.27999992	0.32898950	2.71828400
13.35999992	0.32898950	2.63069600
13.43999992	0.32898950	2.63069600
13.51999992	0.32898950	2.54280200
13.59999992	0.24048580	2.54280200
13.67999992	0.24048580	2.45490900
13.75999992	0.24048580	2.45490900
13.83999992	0.24048580	2.36701600
13.91999992	0.24048580	2.45490900
13.99999991	0.24048580	2.36701600
14.07999991	0.24048580	2.27942800
14.15999991	0.24048580	2.27942800
14.23999991	0.15167700	2.27942800
14.31999991	0.15167700	2.19153400
14.39999991	0.15167700	2.19153400
14.47999991	0.15167700	2.10364100
14.55999991	0.15167700	2.10364100
14.63999991	0.15167700	2.10364100
14.71999991	0.06317332	2.01574800
14.79999991	0.06317332	1.92815900
14.87999991	-0.02563555	1.92815900
14.95999991	0.06317332	1.84026600
15.03999991	-0.02563555	1.84026600
15.11999991	-0.02563555	1.84026600
15.19999991	-0.11413920	1.75237300
15.27999991	-0.02563555	1.75237300
15.35999991	-0.02563555	1.75237300
15.43999991	-0.11413920	1.66447900
15.51999991	-0.11413920	1.57689100
15.59999991	-0.11413920	1.57689100
15.67999990	-0.11413920	1.48899800
15.75999990	-0.11413920	1.48899800
15.83999990	-0.11413920	1.40110500
15.91999990	-0.20294810	1.40110500
15.99999990	-0.20294810	1.40110500
16.07999990	-0.20294810	1.31321100
16.15999990	-0.20294810	1.31321100
16.23999990	-0.20294810	1.22531800
16.31999990	-0.29145180	1.22531800
16.39999990	-0.20294810	1.13773000
16.47999990	-0.29145180	1.13773000
16.55999990	-0.29145180	1.04983700
16.63999990	-0.29145180	1.04983700
16.71999990	-0.38026060	1.04983700
16.79999990	-0.29145180	0.96194340
16.87999990	-0.38026060	0.96194340
16.95999990	-0.38026060	0.87405010
17.03999990	-0.38026060	0.87405010
17.11999990	-0.38026060	0.78646200
17.19999990	-0.38026060	0.78646200
17.27999989	-0.38026060	0.69856870
17.35999989	-0.38026060	0.69856870
17.43999989	-0.38026060	0.69856870
17.51999989	-0.46876430	0.61067540
17.59999989	-0.46876430	0.61067540
17.67999989	-0.46876430	0.52278210
17.75999989	-0.46876430	0.52278210
17.83999989	-0.46876430	0.43519400
17.91999989	-0.46876430	0.43519400
17.99999989	-0.46876430	0.34730060
18.07999989	-0.46876430	0.34730060
18.15999989	-0.55757310	0.34730060
18.23999989	-0.46876430	0.25940730
18.31999989	-0.46876430	0.25940730
18.39999989	-0.46876430	0.17151400
18.47999989	-0.46876430	0.08392590
18.55999989	-0.46876430	0.08392590
18.63999989	-0.46876430	-0.00366222
18.71999989	-0.46876430	-0.00366222
18.79999989	-0.55757310	-0.00366222
18.87999989	-0.55757310	-0.09155553
18.95999988	-0.55757310	-0.09155553
19.03999988	-0.55757310	-0.17944880
19.11999988	-0.55757310	-0.17944880
19.19999988	-0.55757310	-0.26734220
19.27999988	-0.55757310	-0.35493030
19.35999988	-0.55757310	-0.35493030
19.43999988	-0.55757310	-0.35493030
19.51999988	-0.55757310	-0.35493030
19.59999988	-0.55757310	-0.44282360
19.67999988	-0.55757310	-0.53071690
19.75999988	-0.55757310	-0.53071690
19.83999988	-0.55757310	-0.53071690
19.91999988	-0.55757310	-0.61861020
19.99999988	-0.55757310	-0.61861020
20.07999988	-0.55757310	-0.70619830
20.15999988	-0.55757310	-0.79409160
20.23999988	-0.64607690	-0.79409160
20.31999988	-0.64607690	-0.79409160
20.39999988	-0.64607690	-0.88198490
20.47999988	-0.64607690	-0.88198490
20.55999988	-0.64607690	-0.88198490
20.63999987	-0.64607690	-0.96987830
20.71999987	-0.64607690	-1.05746600
20.79999987	-0.64607690	-1.05746600
20.87999987	-0.55757310	-1.05746600
20.95999987	-0.64607690	-1.05746600
21.03999987	-0.64607690	-1.14536000
21.11999987	-0.73488570	-1.23325300
21.19999987	-0.64607690	-1.23325300
21.27999987	-0.64607690	-1.32114600
21.35999987	-0.64607690	-1.32114600
21.43999987	-0.64607690	-1.32114600
21.51999987	-0.64607690	-1.40904000
21.59999987	-0.64607690	-1.40904000
21.67999987	-0.64607690	-1.40904000
21.75999987	-0.64607690	-1.49662800
21.83999987	-0.64607690	-1.49662800
21.91999987	-0.64607690	-1.49662800
21.99999987	-0.64607690	-1.58452100
22.07999987	-0.64607690	-1.58452100
22.15999987	-0.64607690	-1.58452100
22.23999986	-0.73488570	-1.67241400
22.31999986	-0.73488570	-1.76030800
22.39999986	-0.64607690	-1.76030800
22.47999986	-0.73488570	-1.76030800
22.55999986	-0.73488570	-1.84789600
22.63999986	-0.73488570	-1.84789600
22.71999986	-0.73488570	-1.84789600
22.79999986	-0.73488570	-1.93578900
22.87999986	-0.73488570	-1.93578900
22.95999986	-0.73488570	-1.93578900
23.03999986	-0.73488570	-1.93578900
23.11999986	-0.73488570	-2.02368200
23.19999986	-0.73488570	-2.02368200
23.27999986	-0.73488570	-2.11157600
23.35999986	-0.73488570	-2.11157600
23.43999986	-0.73488570	-2.19916400
23.51999986	-0.73488570	-2.19916400
23.59999986	-0.73488570	-2.19916400
23.67999986	-0.73488570	-2.19916400
23.75999986	-0.73488570	-2.19916400
23.83999986	-0.73488570	-2.28705700
23.91999985	-0.73488570	-2.37495000
23.99999985	-0.73488570	-2.28705700
24.07999985	-0.73488570	-2.37495000
24.15999985	-0.73488570	-2.37495000
24.23999985	-0.73488570	-2.46284400
24.31999985	-0.73488570	-2.46284400
24.39999985	-0.73488570	-2.46284400
24.47999985	-0.73488570	-2.46284400
24.55999985	-0.73488570	-2.55043200
24.63999985	-0.73488570	-2.55043200
24.71999985	-0.73488570	-2.55043200
24.79999985	-0.73488570	-2.63832500
24.87999985	-0.73488570	-2.63832500
24.95999985	-0.73488570	-2.63832500
25.03999985	-0.73488570	-2.72621800
25.11999985	-0.73488570	-2.72621800
25.19999985	-0.73488570	-2.72621800
25.27999985	-0.73488570	-2.72621800
25.35999985	-0.73488570	-2.81411200
25.43999985	-0.82338940	-2.81411200
25.51999984	-0.73488570	-2.81411200
25.59999984	-0.73488570	-2.81411200
25.67999984	-0.73488570	-2.81411200
25.75999984	-0.73488570	-2.90200500
25.83999984	-0.73488570	-2.90200500
25.91999984	-0.73488570	-2.90200500
25.99999984	-0.73488570	-2.90200500
26.07999984	-0.82338940	-2.98959300
26.15999984	-0.82338940	-2.98959300
26.23999984	-0.73488570	-2.98959300
26.31999984	-0.73488570	-2.98959300
26.39999984	-0.82338940	-2.98959300
26.47999984	-0.82338940	-3.07748700
26.55999984	-0.82338940	-3.07748700
26.63999984	-0.73488570	-3.07748700
26.71999984	-0.73488570	-3.07748700
26.79999984	-0.73488570	-3.16538000
26.87999984	-0.73488570	-3.16538000
26.95999984	-0.73488570	-3.16538000
27.03999984	-0.82338940	-3.16538000
27.11999984	-0.82338940	-3.16538000
27.19999983	-0.82338940	-3.16538000
27.27999983	-0.82338940	-3.16538000
27.35999983	-0.82338940	-3.16538000
27.43999983	-0.82338940	-3.25327300
27.51999983	-0.82338940	-3.25327300
27.59999983	-0.73488570	-3.25327300
27.67999983	-0.82338940	-3.25327300
27.75999983	-0.82338940	-3.25327300
27.83999983	-0.82338940	-3.25327300
27.91999983	-0.82338940	-3.34086100
27.99999983	-0.82338940	-3.34086100
28.07999983	-0.82338940	-3.34086100
28.15999983	-0.82338940	-3.34086100
28.23999983	-0.82338940	-3.34086100
28.31999983	-0.73488570	-3.34086100
28.39999983	-0.82338940	-3.34086100
28.47999983	-0.82338940	-3.34086100
28.55999983	-0.82338940	-3.34086100
28.63999983	-0.82338940	-3.34086100
28.71999983	-0.73488570	-3.34086100
28.79999982	-0.82338940	-3.34086100
28.87999982	-0.82338940	-3.34086100
28.95999982	-0.82338940	-3.34086100
29.03999982	-0.82338940	-3.42875500
29.11999982	-0.82338940	-3.42875500
29.19999982	-0.82338940	-3.42875500
29.27999982	-0.82338940	-3.42875500
29.35999982	-0.82338940	-3.42875500
29.43999982	-0.82338940	-3.42875500
29.51999982	-0.82338940	-3.42875500
29.59999982	-0.82338940	-3.42875500
29.67999982	-0.82338940	-3.42875500
29.75999982	-0.82338940	-3.42875500
29.83999982	-0.82338940	-3.42875500
29.91999982	-0.82338940	-3.42875500
29.99999982	-0.82338940	-3.42875500
30.07999982	-0.82338940	-3.42875500
30.15999982	-0.82338940	-3.42875500
30.23999982	-0.82338940	-3.34086100
30.31999982	-0.82338940	-3.42875500
30.39999982	-0.82338940	-3.42875500
30.47999981	-0.82338940	-3.42875500
30.55999981	-0.82338940	-3.42875500
30.63999981	-0.82338940	-3.42875500
30.71999981	-0.82338940	-3.34086100
30.79999981	-0.82338940	-3.42875500
30.87999981	-0.82338940	-3.42875500
30.95999981	-0.82338940	-3.42875500
31.03999981	-0.73488570	-3.34086100
31.11999981	-0.82338940	-3.42875500
31.19999981	-0.82338940	-3.34086100
31.27999981	-0.82338940	-3.34086100
31.35999981	-0.91219820	-3.34086100
31.43999981	-0.82338940	-3.34086100
31.51999981	-0.82338940	-3.34086100
31.59999981	-0.82338940	-3.34086100
31.67999981	-0.82338940	-3.34086100
31.75999981	-0.82338940	-3.34086100
31.83999981	-0.82338940	-3.34086100
31.91999981	-0.82338940	-3.34086100
31.99999981	-0.82338940	-3.34086100
32.07999981	-0.82338940	-3.34086100
32.15999980	-0.82338940	-3.34086100
32.23999980	-0.82338940	-3.25327300
32.31999980	-0.82338940	-3.25327300
32.39999980	-0.82338940	-3.25327300
32.47999980	-0.82338940	-3.25327300
32.55999980	-0.82338940	-3.25327300
32.63999980	-0.82338940	-3.16538000
32.71999980	-0.82338940	-3.16538000
32.79999980	-0.82338940	-3.16538000
32.87999980	-0.82338940	-3.16538000
32.95999980	-0.82338940	-3.16538000
33.03999980	-0.82338940	-3.16538000
33.11999980	-0.82338940	-3.16538000
33.19999980	-0.73488570	-3.16538000
33.27999980	-0.82338940	-3.16538000
33.35999980	-0.82338940	-3.16538000
33.43999980	-0.73488570	-3.07748700
33.51999980	-0.82338940	-3.16538000
33.59999980	-0.82338940	-3.16538000
33.67999980	-0.82338940	-3.07748700
33.75999979	-0.82338940	-2.98959300
33.83999979	-0.82338940	-3.07748700
33.91999979	-0.82338940	-2.98959300
33.99999979	-0.82338940	-2.98959300
34.07999979	-0.73488570	-2.98959300
34.15999979	-0.82338940	-2.98959300
34.23999979	-0.82338940	-2.90200500
34.31999979	-0.82338940	-2.90200500
34.39999979	-0.82338940	-2.90200500
34.47999979	-0.82338940	-2.90200500
34.55999979	-0.82338940	-2.81411200
34.63999979	-0.82338940	-2.81411200
34.71999979	-0.82338940	-2.81411200
34.79999979	-0.82338940	-2.81411200
34.87999979	-0.82338940	-2.81411200
34.95999979	-0.82338940	-2.81411200
35.03999979	-0.82338940	-2.81411200
35.11999979	-0.82338940	-2.81411200
35.19999979	-0.73488570	-2.72621800
35.27999979	-0.73488570	-2.72621800
35.35999979	-0.82338940	-2.63832500
35.43999978	-0.73488570	-2.63832500
35.51999978	-0.73488570	-2.63832500
35.59999978	-0.82338940	-2.63832500
35.67999978	-0.82338940	-2.63832500
35.75999978	-0.82338940	-2.63832500
35.83999978	-0.82338940	-2.63832500
35.91999978	-0.73488570	-2.46284400
35.99999978	-0.73488570	-2.55043200
36.07999978	-0.73488570	-2.46284400
36.15999978	-0.73488570	-2.46284400
36.23999978	-0.82338940	-2.46284400
36.31999978	-0.73488570	-2.46284400
36.39999978	-0.73488570	-2.37495000
36.47999978	-0.73488570	-2.37495000
36.55999978	-0.73488570	-2.37495000
36.63999978	-0.73488570	-2.28705700
36.71999978	-0.82338940	-2.28705700
36.79999978	-0.73488570	-2.28705700
36.87999978	-0.82338940	-2.28705700
36.95999978	-0.73488570	-2.19916400
37.03999977	-0.73488570	-2.19916400
37.11999977	-0.73488570	-2.19916400
37.19999977	-0.73488570	-2.19916400
37.27999977	-0.73488570	-2.11157600
37.35999977	-0.73488570	-2.11157600
37.43999977	-0.73488570	-2.11157600
37.51999977	-0.73488570	-2.11157600
37.59999977	-0.73488570	-2.02368200
37.67999977	-0.73488570	-2.02368200
37.75999977	-0.73488570	-2.02368200
37.83999977	-0.73488570	-2.02368200
37.91999977	-0.73488570	-1.93578900
37.99999977	-0.73488570	-1.93578900
38.07999977	-0.73488570	-1.93578900
38.15999977	-0.73488570	-1.84789600
38.23999977	-0.73488570	-1.84789600
38.31999977	-0.73488570	-1.84789600
38.39999977	-0.73488570	-1.84789600
38.47999977	-0.73488570	-1.76030800
38.55999977	-0.73488570	-1.76030800
38.63999977	-0.73488570	-1.76030800
38.71999976	-0.73488570	-1.76030800
38.79999976	-0.73488570	-1.76030800
38.87999976	-0.73488570	-1.67241400
38.95999976	-0.73488570	-1.67241400
39.03999976	-0.64607690	-1.67241400
39.11999976	-0.73488570	-1.58452100
39.19999976	-0.64607690	-1.58452100
39.27999976	-0.73488570	-1.58452100
39.35999976	-0.73488570	-1.58452100
39.43999976	-0.64607690	-1.49662800
39.51999976	-0.64607690	-1.49662800
39.59999976	-0.64607690	-1.49662800
39.67999976	-0.64607690	-1.40904000
39.75999976	-0.64607690	-1.40904000
39.83999976	-0.55757310	-1.40904000
39.91999976	-0.55757310	-1.40904000
39.99999976	-0.55757310	-1.40904000
40.07999976	-0.55757310	-1.32114600
40.15999976	-0.55757310	-1.32114600
40.23999976	-0.55757310	-1.23325300
40.31999975	-0.55757310	-1.23325300
40.39999975	-0.55757310	-1.23325300
40.47999975	-0.64607690	-1.23325300
40.55999975	-0.55757310	-1.23325300
40.63999975	-0.55757310	-1.14536000
40.71999975	-0.55757310	-1.14536000
40.79999975	-0.55757310	-1.05746600
40.87999975	-0.55757310	-1.05746600
40.95999975	-0.55757310	-1.05746600
41.03999975	-0.55757310	-1.05746600
41.11999975	-0.55757310	-0.96987830
41.19999975	-0.55757310	-0.96987830
41.27999975	-0.55757310	-0.88198490
41.35999975	-0.55757310	-0.88198490
41.43999975	-0.55757310	-0.88198490
41.51999975	-0.55757310	-0.79409160
41.59999975	-0.55757310	-0.79409160
41.67999975	-0.55757310	-0.79409160
41.75999975	-0.55757310	-0.79409160
41.83999975	-0.55757310	-0.70619830
41.91999975	-0.55757310	-0.70619830
41.99999974	-0.46876430	-0.70619830
42.07999974	-0.46876430	-0.61861020
42.15999974	-0.46876430	-0.61861020
42.23999974	-0.46876430	-0.53071690
42.31999974	-0.46876430	-0.53071690
42.39999974	-0.46876430	-0.53071690
42.47999974	-0.46876430	-0.53071690
42.55999974	-0.46876430	-0.53071690
42.63999974	-0.46876430	-0.44282360
42.71999974	-0.46876430	-0.44282360
42.79999974	-0.46876430	-0.44282360
42.87999974	-0.46876430	-0.35493030
42.95999974	-0.46876430	-0.35493030
43.03999974	-0.46876430	-0.35493030
43.11999974	-0.38026060	-0.35493030
43.19999974	-0.38026060	-0.35493030
43.27999974	-0.38026060	-0.26734220
43.35999974	-0.38026060	-0.26734220
43.43999974	-0.29145180	-0.26734220
43.51999974	-0.29145180	-0.17944880
43.59999974	-0.29145180	-0.09155553
43.67999973	-0.20294810	-0.09155553
43.75999973	-0.29145180	-0.09155553
43.83999973	-0.20294810	-0.09155553
43.91999973	-0.20294810	-0.00366222
43.99999973	-0.11413920	-0.00366222
44.07999973	-0.11413920	-0.00366222
44.15999973	-0.11413920	-0.00366222
44.23999973	-0.11413920	-0.00366222
44.31999973	-0.11413920	0.08392590
44.39999973	-0.02563555	0.08392590
44.47999973	-0.02563555	0.17151400
44.55999973	0.06317332	0.17151400
44.63999973	-0.02563555	0.17151400
44.71999973	0.06317332	0.17151400
44.79999973	0.15167700	0.25940730
44.87999973	0.15167700	0.25940730
44.95999973	0.15167700	0.34730060
45.03999973	0.24048580	0.34730060
45.11999973	0.32898950	0.34730060
45.19999973	0.59480580	0.43519400
45.27999972	0.59480580	0.43519400
45.35999972	0.15167700	0.43519400
45.43999972	1.12674300	0.43519400
45.51999972	2.01330600	0.52278210
45.59999972	2.27942800	0.52278210
45.67999972	1.65868100	0.52278210
45.75999972	0.59480580	0.61067540
45.83999972	1.92480200	0.61067540
45.91999972	4.58449000	0.61067540
45.99999972	4.05255300	0.69856870
46.07999972	4.14136200	0.69856870
46.15999972	4.05255300	0.69856870
46.23999972	4.05255300	0.69856870
46.31999972	4.05255300	0.69856870
46.39999972	4.05255300	0.78646200
46.47999972	4.05255300	0.78646200
46.55999972	4.05255300	0.87405010
46.63999972	4.05255300	0.87405010
46.71999972	4.05255300	0.87405010
46.79999972	4.05255300	0.87405010
46.87999972	3.96404900	0.96194340
46.95999971	3.96404900	0.96194340
47.03999971	3.96404900	1.04983700
47.11999971	3.96404900	1.04983700
47.19999971	3.96404900	1.04983700
47.27999971	3.96404900	1.04983700
47.35999971	3.96404900	1.13773000
47.43999971	3.87524000	1.13773000
47.51999971	3.87524000	1.22531800
47.59999971	3.87524000	1.22531800
47.67999971	3.87524000	1.22531800
47.75999971	3.87524000	1.31321100
47.83999971	3.87524000	1.31321100
47.91999971	3.87524000	1.31321100
47.99999971	3.87524000	1.40110500
48.07999971	3.87524000	1.40110500
48.15999971	3.87524000	1.48899800
48.23999971	3.87524000	1.48899800
48.31999971	3.87524000	1.48899800
48.39999971	3.78673700	1.57689100
48.47999971	3.87524000	1.57689100
48.55999970	3.78673700	1.57689100
48.63999970	3.78673700	1.66447900
48.71999970	3.78673700	1.66447900
48.79999970	3.87524000	1.75237300
48.87999970	3.78673700	1.75237300
48.95999970	3.78673700	1.75237300
49.03999970	3.78673700	1.75237300
49.11999970	3.78673700	1.84026600
49.19999970	3.69792800	1.84026600
49.27999970	3.69792800	1.92815900
49.35999970	3.69792800	1.92815900
49.43999970	3.78673700	2.01574800
49.51999970	3.69792800	2.01574800
49.59999970	3.69792800	2.10364100
49.67999970	3.69792800	2.10364100
49.75999970	3.69792800	2.10364100
49.83999970	3.69792800	2.19153400
49.91999970	3.69792800	2.19153400
49.99999970	3.69792800	2.19153400
50.07999970	3.69792800	2.27942800
50.15999970	3.69792800	2.27942800
50.23999969	3.69792800	2.36701600
50.31999969	3.69792800	2.36701600
50.39999969	3.69792800	2.45490900
50.47999969	3.69792800	2.45490900
50.55999969	3.69792800	2.45490900
50.63999969	3.69792800	2.45490900
50.71999969	3.69792800	2.54280200
50.79999969	3.69792800	2.54280200
50.87999969	3.69792800	2.63069600
50.95999969	3.69792800	2.63069600
51.03999969	3.60942400	2.71828400
51.11999969	3.60942400	2.71828400
51.19999969	3.60942400	2.71828400
51.27999969	3.60942400	2.80617700
51.35999969	3.60942400	2.80617700
51.43999969	3.60942400	2.80617700
51.51999969	3.60942400	2.80617700
51.59999969	3.60942400	2.89407000
51.67999969	3.60942400	2.89407000
51.75999969	3.60942400	2.98196400
51.83999968	3.69792800	2.98196400
51.91999968	3.60942400	2.98196400
51.99999968	3.60942400	3.06985700
52.07999968	3.60942400	3.06985700
52.15999968	3.60942400	3.06985700
52.23999968	3.60942400	3.15744500
52.31999968	3.60942400	3.15744500
52.39999968	3.60942400	3.24533800
52.47999968	3.60942400	3.24533800
52.55999968	3.60942400	3.33323200
52.63999968	3.60942400	3.33323200
52.71999968	3.52061500	3.33323200
52.79999968	3.60942400	3.33323200
52.87999968	3.60942400	3.42112500
52.95999968	3.60942400	3.42112500
53.03999968	3.60942400	3.50871300
53.11999968	3.52061500	3.50871300
53.19999968	3.52061500	3.50871300
53.27999968	3.52061500	3.50871300
53.35999968	3.52061500	3.50871300
53.43999968	3.60942400	3.59660600
53.51999967	3.52061500	3.59660600
53.59999967	3.60942400	3.68450000
53.67999967	3.52061500	3.68450000
53.75999967	3.52061500	3.68450000
53.83999967	3.52061500	3.77239300
53.91999967	3.52061500	3.77239300
53.99999967	3.52061500	3.77239300
54.07999967	3.52061500	3.77239300
54.15999967	3.52061500	3.77239300
54.23999967	3.60942400	3.85998100
54.31999967	3.52061500	3.85998100
54.39999967	3.52061500	3.85998100
54.47999967	3.52061500	3.94787400
54.55999967	3.52061500	3.94787400
54.63999967	3.52061500	3.94787400
54.71999967	3.52061500	4.03576800
54.79999967	3.52061500	4.03576800
54.87999967	3.52061500	4.03576800
54.95999967	3.60942400	4.03576800
55.03999967	3.60942400	4.03576800
55.11999967	3.60942400	4.03576800
55.19999966	3.60942400	4.12366100
55.27999966	3.52061500	4.12366100
55.35999966	3.60942400	4.12366100
55.43999966	3.60942400	4.21124900
55.51999966	3.60942400	4.21124900
55.59999966	3.52061500	4.21124900
55.67999966	3.52061500	4.21124900
55.75999966	3.60942400	4.21124900
55.83999966	3.60942400	4.21124900
55.91999966	3.52061500	4.21124900
55.99999966	3.52061500	4.29914200
56.07999966	3.60942400	4.29914200
56.15999966	3.60942400	4.29914200
56.23999966	3.60942400	4.38703600
56.31999966	3.60942400	4.29914200
56.39999966	3.60942400	4.29914200
56.47999966	3.60942400	4.38703600
56.55999966	3.60942400	4.38703600
56.63999966	3.60942400	4.38703600
56.71999966	3.60942400	4.38703600
56.79999965	3.69792800	4.38703600
56.87999965	3.60942400	4.38703600
56.95999965	3.60942400	4.38703600
57.03999965	3.60942400	4.38703600
57.11999965	3.69792800	4.38703600
57.19999965	3.60942400	4.47492900
57.27999965	3.60942400	4.47492900
57.35999965	3.60942400	4.38703600
57.43999965	3.60942400	4.38703600
57.51999965	3.60942400	4.47492900
57.59999965	3.60942400	4.38703600
57.67999965	3.60942400	4.47492900
57.75999965	3.69792800	4.47492900
57.83999965	3.69792800	4.47492900
57.91999965	3.69792800	4.47492900
57.99999965	3.60942400	4.47492900
58.07999965	3.69792800	4.47492900
58.15999965	3.69792800	4.47492900
58.23999965	3.69792800	4.47492900
58.31999965	3.69792800	4.47492900
58.39999965	3.69792800	4.47492900
58.47999964	3.69792800	4.47492900
58.55999964	3.69792800	4.47492900
58.63999964	3.69792800	4.47492900
58.71999964	3.69792800	4.47492900
58.79999964	3.69792800	4.38703600
58.87999964	3.69792800	4.38703600
58.95999964	3.69792800	4.47492900
59.03999964	3.69792800	4.38703600
59.11999964	3.69792800	4.38703600
59.19999964	3.69792800	4.38703600
59.27999964	3.69792800	4.38703600
59.35999964	3.69792800	4.38703600
59.43999964	3.69792800	4.38703600
59.51999964	3.69792800	4.38703600
59.59999964	3.69792800	4.29914200
59.67999964	3.78673700	4.38703600
59.75999964	3.69792800	4.29914200
59.83999964	3.69792800	4.29914200
59.91999964	3.78673700	4.21124900
59.99999964	3.78673700	4.21124900
60.07999963	3.78673700	4.21124900
60.15999963	3.78673700	4.21124900
60.23999963	3.78673700	4.21124900
60.31999963	3.78673700	4.21124900
60.39999963	3.78673700	4.21124900
60.47999963	3.78673700	4.21124900
60.55999963	3.78673700	4.12366100
60.63999963	3.78673700	4.12366100
60.71999963	3.78673700	4.12366100
60.79999963	3.78673700	4.12366100
60.87999963	3.78673700	4.12366100
60.95999963	3.78673700	4.03576800
61.03999963	3.78673700	4.03576800
61.11999963	3.78673700	4.03576800
61.19999963	3.78673700	3.94787400
61.27999963	3.78673700	3.94787400
61.35999963	3.78673700	3.94787400
61.43999963	3.87524000	3.85998100
61.51999963	3.87524000	3.85998100
61.59999963	3.87524000	3.85998100
61.67999963	3.78673700	3.85998100
61.75999962	3.87524000	3.85998100
61.83999962	3.87524000	3.85998100
61.91999962	3.87524000	3.77239300
61.99999962	3.87524000	3.68450000
62.07999962	3.87524000	3.68450000
62.15999962	3.87524000	3.68450000
62.23999962	3.87524000	3.59660600
62.31999962	3.87524000	3.59660600
62.39999962	3.87524000	3.50871300
62.47999962	3.87524000	3.50871300
62.55999962	3.87524000	3.50871300
62.63999962	3.87524000	3.50871300
62.71999962	3.87524000	3.42112500
62.79999962	3.87524000	3.42112500
62.87999962	3.87524000	3.42112500
62.95999962	3.87524000	3.33323200
63.03999962	3.87524000	3.33323200
63.11999962	3.87524000	3.24533800
63.19999962	3.87524000	3.24533800
63.27999962	3.87524000	3.15744500
63.35999961	3.87524000	3.15744500
63.43999961	3.96404900	3.15744500
63.51999961	3.96404900	3.15744500
63.59999961	3.96404900	2.98196400
63.67999961	3.96404900	2.98196400
63.75999961	3.96404900	2.98196400
63.83999961	3.96404900	2.98196400
63.91999961	3.96404900	2.89407000
63.99999961	3.96404900	2.80617700
64.07999961	3.96404900	2.80617700
64.15999961	3.96404900	2.80617700
64.23999961	3.96404900	2.71828400
64.31999961	3.96404900	2.71828400
64.39999961	3.96404900	2.71828400
64.47999961	3.96404900	2.63069600
64.55999961	3.96404900	2.54280200
64.63999961	4.05255300	2.54280200
64.71999961	4.05255300	2.45490900
64.79999961	4.05255300	2.45490900
64.87999961	4.05255300	2.45490900
64.95999961	4.05255300	2.36701600
65.03999960	4.05255300	2.36701600
65.11999960	4.05255300	2.27942800
65.19999960	4.05255300	2.27942800
65.27999960	4.05255300	2.19153400
65.35999960	4.05255300	2.19153400
65.43999960	4.05255300	2.10364100
65.51999960	4.05255300	2.10364100
65.59999960	4.05255300	2.01574800
65.67999960	4.05255300	2.01574800
65.75999960	4.05255300	1.92815900
65.83999960	4.05255300	1.84026600
65.91999960	4.05255300	1.84026600
65.99999960	4.05255300	1.75237300
66.07999960	4.05255300	1.75237300
66.15999960	4.05255300	1.75237300
66.23999960	4.05255300	1.66447900
66.31999960	4.14136200	1.57689100
66.39999960	4.14136200	1.57689100
66.47999960	4.05255300	1.48899800
66.55999960	4.14136200	1.48899800
66.63999959	4.14136200	1.40110500
66.71999959	4.14136200	1.40110500
66.79999959	4.14136200	1.40110500
66.87999959	4.14136200	1.31321100
66.95999959	4.14136200	1.31321100
67.03999959	4.14136200	1.13773000
67.11999959	4.14136200	1.13773000
67.19999959	4.14136200	1.04983700
67.27999959	4.14136200	1.04983700
67.35999959	4.14136200	1.04983700
67.43999959	4.14136200	0.96194340
67.51999959	4.14136200	0.87405010
67.59999959	4.14136200	0.87405010
67.67999959	4.14136200	0.78646200
67.75999959	4.14136200	0.69856870
67.83999959	4.14136200	0.69856870
67.91999959	4.14136200	0.69856870
67.99999959	4.14136200	0.61067540
68.07999959	4.14136200	0.61067540
68.15999959	4.14136200	0.52278210
68.23999959	4.14136200	0.43519400
68.31999958	4.14136200	0.43519400
68.39999958	4.14136200	0.34730060
68.47999958	4.14136200	0.25940730
68.55999958	4.14136200	0.25940730
68.63999958	4.14136200	0.17151400
68.71999958	4.14136200	0.17151400
68.79999958	4.22986600	0.08392590
68.87999958	4.22986600	-0.00366222
68.95999958	4.22986600	-0.00366222
69.03999958	4.22986600	-0.00366222
69.11999958	4.22986600	-0.09155553
69.19999958	4.22986600	-0.17944880
69.27999958	4.22986600	-0.17944880
69.35999958	4.22986600	-0.26734220
69.43999958	4.22986600	-0.35493030
69.51999958	4.22986600	-0.35493030
69.59999958	4.22986600	-0.35493030
69.67999958	4.22986600	-0.44282360
69.75999958	4.22986600	-0.53071690
69.83999958	4.22986600	-0.53071690
69.91999958	4.22986600	-0.70619830
69.99999957	4.22986600	-0.61861020
70.07999957	4.22986600	-0.70619830
70.15999957	4.22986600	-0.79409160
70.23999957	4.22986600	-0.79409160
70.31999957	4.22986600	-0.88198490
70.39999957	4.22986600	-0.96987830
70.47999957	4.31867400	-1.05746600
70.55999957	4.22986600	-1.05746600
70.63999957	4.31867400	-1.14536000
70.71999957	4.22986600	-1.14536000
70.79999957	4.31867400	-1.23325300
70.87999957	4.31867400	-1.32114600
70.95999957	4.31867400	-1.32114600
71.03999957	4.31867400	-1.40904000
71.11999957	4.31867400	-1.40904000
71.19999957	4.31867400	-1.49662800
71.27999957	4.40717800	-1.49662800
71.35999957	4.40717800	-1.58452100
71.43999957	4.40717800	-1.58452100
71.51999957	4.49598700	-1.67241400
71.59999956	4.76180300	-1.67241400
71.67999956	5.02792500	-1.76030800
71.75999956	5.20523700	-1.84789600
71.83999956	5.11642800	-1.84789600
71.91999956	5.02792500	-1.93578900
71.99999956	5.02792500	-1.93578900
72.07999956	5.11642800	-2.02368200
72.15999956	5.11642800	-2.02368200
72.23999956	5.11642800	-2.11157600
72.31999956	5.11642800	-2.11157600
72.39999956	5.11642800	-2.19916400
72.47999956	5.02792500	-2.19916400
72.55999956	5.02792500	-2.28705700
72.63999956	5.02792500	-2.28705700
72.71999956	5.02792500	-2.37495000
72.79999956	5.02792500	-2.37495000
72.87999956	5.02792500	-2.46284400
72.95999956	5.02792500	-2.46284400
73.03999956	4.93911600	-2.55043200
73.11999956	4.93911600	-2.55043200
73.19999956	4.93911600	-2.63832500
73.27999955	4.93911600	-2.63832500
73.35999955	4.93911600	-2.72621800
73.43999955	4.93911600	-2.72621800
73.51999955	4.85061200	-2.81411200
73.59999955	4.85061200	-2.81411200
73.67999955	4.85061200	-2.90200500
73.75999955	4.85061200	-2.90200500
73.83999955	4.76180300	-2.98959300
73.91999955	4.76180300	-3.07748700
73.99999955	4.76180300	-3.07748700
74.07999955	4.76180300	-3.07748700
74.15999955	4.67329900	-3.16538000
74.23999955	4.67329900	-3.16538000
74.31999955	4.67329900	-3.25327300
74.39999955	4.67329900	-3.25327300
74.47999955	4.58449000	-3.34086100
74.55999955	4.58449000	-3.34086100
74.63999955	4.58449000	-3.34086100
74.71999955	4.58449000	-3.42875500
74.79999955	4.58449000	-3.42875500
74.87999954	4.58449000	-3.51664800
74.95999954	4.58449000	-3.51664800
75.03999954	4.49598700	-3.60454100
75.11999954	4.49598700	-3.60454100
75.19999954	4.49598700	-3.69212900
75.27999954	4.49598700	-3.69212900
75.35999954	4.49598700	-3.69212900
75.43999954	4.40717800	-3.78002300
75.51999954	4.40717800	-3.78002300
75.59999954	4.40717800	-3.86791600
75.67999954	4.40717800	-3.86791600
75.75999954	4.40717800	-3.86791600
75.83999954	4.40717800	-3.86791600
75.91999954	4.40717800	-3.95580900
75.99999954	4.40717800	-3.95580900
76.07999954	4.40717800	-4.04339700
76.15999954	4.40717800	-4.04339700
76.23999954	4.31867400	-4.04339700
76.31999954	4.40717800	-4.13129000
76.39999954	4.40717800	-4.13129000
76.47999954	4.31867400	-4.21918400
76.55999953	4.40717800	-4.21918400
76.63999953	4.31867400	-4.21918400
76.71999953	4.31867400	-4.21918400
76.79999953	4.31867400	-4.30707700
76.87999953	4.31867400	-4.30707700
76.95999953	4.31867400	-4.30707700
77.03999953	4.31867400	-4.39497000
77.11999953	4.31867400	-4.39497000
77.19999953	4.31867400	-4.39497000
77.27999953	4.31867400	-4.48255900
77.35999953	4.31867400	-4.48255900
77.43999953	4.31867400	-4.48255900
77.51999953	4.31867400	-4.57045200
77.59999953	4.31867400	-4.57045200
77.67999953	4.31867400	-4.57045200
77.75999953	4.22986600	-4.57045200
77.83999953	4.22986600	-4.57045200
77.91999953	4.31867400	-4.57045200
77.99999953	4.31867400	-4.65834500
78.07999953	4.22986600	-4.65834500
78.15999952	4.22986600	-4.74623900
78.23999952	4.31867400	-4.74623900
78.31999952	4.22986600	-4.74623900
78.39999952	4.31867400	-4.74623900
78.47999952	4.22986600	-4.74623900
78.55999952	4.22986600	-4.74623900
78.63999952	4.22986600	-4.74623900
78.71999952	4.22986600	-4.83382700
78.79999952	4.31867400	-4.83382700
78.87999952	4.22986600	-4.83382700
78.95999952	4.22986600	-4.83382700
79.03999952	4.31867400	-4.83382700
79.11999952	4.31867400	-4.83382700
79.19999952	4.22986600	-4.92172000
79.27999952	4.22986600	-4.92172000
79.35999952	4.22986600	-4.92172000
79.43999952	4.22986600	-4.92172000
79.51999952	4.22986600	-4.92172000
79.59999952	4.22986600	-4.92172000
79.67999952	4.22986600	-4.92172000
79.75999952	4.22986600	-4.92172000
79.83999951	4.22986600	-4.92172000
79.91999951	4.22986600	-4.92172000
79.99999951	4.22986600	-4.92172000
80.07999951	4.22986600	-4.92172000
80.15999951	4.22986600	-4.92172000
80.23999951	4.22986600	-5.00961400
80.31999951	4.22986600	-5.00961400
80.39999951	4.22986600	-4.92172000
80.47999951	4.22986600	-5.00961400
80.55999951	4.22986600	-5.00961400
80.63999951	4.22986600	-5.00961400
80.71999951	4.22986600	-5.00961400
80.79999951	4.22986600	-5.00961400
80.87999951	4.22986600	-5.00961400
80.95999951	4.22986600	-4.92172000
81.03999951	4.22986600	-5.00961400
81.11999951	4.22986600	-4.92172000
81.19999951	4.22986600	-4.92172000
81.27999951	4.22986600	-5.00961400
81.35999951	4.22986600	-4.92172000
81.43999951	4.22986600	-4.92172000
81.51999950	4.22986600	-4.92172000
81.59999950	4.22986600	-4.92172000
81.67999950	4.22986600	-4.92172000
81.75999950	4.22986600	-4.92172000
81.83999950	4.22986600	-4.92172000
81.91999950	4.22986600	-4.92172000
81.99999950	4.22986600	-4.92172000
82.07999950	4.22986600	-4.92172000
82.15999950	4.22986600	-4.92172000
82.23999950	4.22986600	-4.92172000
82.31999950	4.22986600	-4.92172000
82.39999950	4.22986600	-4.83382700
82.47999950	4.22986600	-4.83382700
82.55999950	4.22986600	-4.83382700
82.63999950	4.22986600	-4.83382700
82.71999950	4.22986600	-4.83382700
82.79999950	4.22986600	-4.83382700
82.87999950	4.22986600	-4.74623900
82.95999950	4.22986600	-4.74623900
83.03999950	4.22986600	-4.74623900
83.11999949	4.22986600	-4.65834500
83.19999949	4.22986600	-4.74623900
83.27999949	4.22986600	-4.65834500
83.35999949	4.22986600	-4.65834500
83.43999949	4.22986600	-4.65834500
83.51999949	4.22986600	-4.65834500
83.59999949	4.22986600	-4.57045200
83.67999949	4.22986600	-4.57045200
83.75999949	4.22986600	-4.57045200
83.83999949	4.22986600	-4.57045200
83.91999949	4.22986600	-4.57045200
83.99999949	4.22986600	-4.57045200
84.07999949	4.22986600	-4.48255900
84.15999949	4.22986600	-4.48255900
84.23999949	4.22986600	-4.39497000
84.31999949	4.22986600	-4.39497000
84.39999949	4.22986600	-4.39497000
84.47999949	4.31867400	-4.30707700
84.55999949	4.22986600	-4.30707700
84.63999949	4.22986600	-4.30707700
84.71999949	4.22986600	-4.30707700
84.79999948	4.22986600	-4.21918400
84.87999948	4.22986600	-4.21918400
84.95999948	4.22986600	-4.21918400
85.03999948	4.22986600	-4.21918400
85.11999948	4.22986600	-4.21918400
85.19999948	4.22986600	-4.13129000
85.27999948	4.22986600	-4.04339700
85.35999948	4.22986600	-4.13129000
85.43999948	4.22986600	-4.04339700
85.51999948	4.22986600	-4.04339700
85.59999948	4.31867400	-3.95580900
85.67999948	4.31867400	-3.95580900
85.75999948	4.31867400	-3.86791600
85.83999948	4.31867400	-3.86791600
85.91999948	4.22986600	-3.86791600
85.99999948	4.31867400	-3.86791600
86.07999948	4.31867400	-3.78002300
86.15999948	4.31867400	-3.78002300
86.23999948	4.31867400	-3.69212900
86.31999948	4.40717800	-3.69212900
86.39999947	4.40717800	-3.69212900
86.47999947	4.49598700	-3.60454100
86.55999947	4.58449000	-3.60454100
86.63999947	4.76180300	-3.60454100
86.71999947	4.85061200	-3.51664800
86.79999947	4.93911600	-3.51664800
86.87999947	5.02792500	-3.42875500
86.95999947	4.93911600	-3.42875500
87.03999947	4.93911600	-3.42875500
87.11999947	5.02792500	-3.34086100
87.19999947	4.93911600	-3.34086100
87.27999947	4.93911600	-3.34086100
87.35999947	5.02792500	-3.16538000
87.43999947	5.02792500	-3.16538000
87.51999947	5.02792500	-3.16538000
87.59999947	5.02792500	-3.16538000
87.67999947	5.02792500	-3.16538000
87.75999947	5.11642800	-3.07748700
87.83999947	5.11642800	-2.98959300
87.91999947	5.11642800	-2.98959300
87.99999947	5.11642800	-2.98959300
88.07999946	5.11642800	-2.98959300
88.15999946	5.11642800	-2.90200500
88.23999946	5.11642800	-2.90200500
88.31999946	5.11642800	-2.81411200
88.39999946	5.11642800	-2.81411200
88.47999946	5.11642800	-2.72621800
88.55999946	5.11642800	-2.72621800
88.63999946	5.11642800	-2.63832500
88.71999946	5.11642800	-2.63832500
88.79999946	5.11642800	-2.55043200
88.87999946	5.11642800	-2.55043200
88.95999946	5.20523700	-2.55043200
89.03999946	5.20523700	-2.46284400
89.11999946	5.20523700	-2.46284400
89.19999946	5.20523700	-2.37495000
89.27999946	5.20523700	-2.37495000
89.35999946	5.20523700	-2.28705700
89.43999946	5.11642800	-2.28705700
89.51999946	5.20523700	-2.19916400
89.59999946	5.20523700	-2.19916400
89.67999945	5.20523700	-2.11157600
89.75999945	5.20523700	-2.11157600
89.83999945	5.20523700	-2.11157600
89.91999945	5.20523700	-2.02368200
89.99999945	5.20523700	-2.02368200
90.07999945	5.20523700	-1.93578900
90.15999945	5.20523700	-1.93578900
90.23999945	5.20523700	-1.93578900
90.31999945	5.20523700	-1.76030800
90.39999945	5.20523700	-1.76030800
90.47999945	5.29374100	-1.76030800
90.55999945	5.29374100	-1.76030800
90.63999945	5.29374100	-1.67241400
90.71999945	5.29374100	-1.67241400
90.79999945	5.29374100	-1.58452100
90.87999945	5.29374100	-1.58452100
90.95999945	5.29374100	-1.49662800
91.03999945	5.29374100	-1.49662800
91.11999945	5.29374100	-1.40904000
91.19999945	5.29374100	-1.40904000
91.27999945	5.29374100	-1.40904000
91.35999944	5.29374100	-1.32114600
91.43999944	5.29374100	-1.32114600
91.51999944	5.29374100	-1.32114600
91.59999944	5.29374100	-1.23325300
91.67999944	5.29374100	-1.14536000
91.75999944	5.29374100	-1.05746600
91.83999944	5.29374100	-1.05746600
91.91999944	5.29374100	-1.05746600
91.99999944	5.29374100	-1.05746600
92.07999944	5.38254900	-0.96987830
92.15999944	5.47105300	-0.88198490
92.23999944	5.38254900	-0.88198490
92.31999944	5.38254900	-0.79409160
92.39999944	5.47105300	-0.79409160
92.47999944	5.47105300	-0.70619830
92.55999944	5.47105300	-0.70619830
92.63999944	5.47105300	-0.70619830
92.71999944	5.47105300	-0.61861020
92.79999944	5.47105300	-0.53071690
92.87999944	5.47105300	-0.53071690
92.95999944	5.55986200	-0.53071690
93.03999943	5.47105300	-0.44282360
93.11999943	5.55986200	-0.44282360
93.19999943	5.55986200	-0.35493030
93.27999943	5.47105300	-0.35493030
93.35999943	5.55986200	-0.26734220
93.43999943	5.55986200	-0.26734220
93.51999943	5.55986200	-0.17944880
93.59999943	5.55986200	-0.17944880
93.67999943	5.55986200	-0.17944880
93.75999943	5.55986200	-0.09155553
93.83999943	5.55986200	-0.09155553
93.91999943	5.55986200	-0.00366222
93.99999943	5.55986200	-0.00366222
94.07999943	5.55986200	0.08392590
94.15999943	5.55986200	0.08392590
94.23999943	5.55986200	0.17151400
94.31999943	5.55986200	0.17151400
94.39999943	5.55986200	0.17151400
94.47999943	5.55986200	0.25940730
94.55999943	5.55986200	0.34730060
94.63999942	5.55986200	0.34730060
94.71999942	5.64836500	0.43519400
94.79999942	5.64836500	0.43519400
94.87999942	5.55986200	0.43519400
94.95999942	5.64836500	0.52278210
95.03999942	5.64836500	0.61067540
95.11999942	5.64836500	0.61067540
95.19999942	5.64836500	0.61067540
95.27999942	5.64836500	0.69856870
95.35999942	5.64836500	0.69856870
95.43999942	5.64836500	0.78646200
95.51999942	5.64836500	0.78646200
95.59999942	5.64836500	0.87405010
95.67999942	5.64836500	0.87405010
95.75999942	5.64836500	0.87405010
95.83999942	5.64836500	0.96194340
95.91999942	5.64836500	1.04983700
95.99999942	5.64836500	1.04983700
96.07999942	5.64836500	1.04983700
96.15999942	5.64836500	1.13773000
96.23999942	5.64836500	1.13773000
96.31999941	5.64836500	1.13773000
96.39999941	5.64836500	1.22531800
96.47999941	5.64836500	1.22531800
96.55999941	5.64836500	1.31321100
96.63999941	5.64836500	1.31321100
96.71999941	5.64836500	1.40110500
96.79999941	5.64836500	1.40110500
96.87999941	5.73717500	1.40110500
96.95999941	5.73717500	1.48899800
97.03999941	5.64836500	1.48899800
97.11999941	5.64836500	1.57689100
97.19999941	5.64836500	1.57689100
97.27999941	5.64836500	1.57689100
97.35999941	5.64836500	1.66447900
97.43999941	5.73717500	1.66447900
97.51999941	5.64836500	1.75237300
97.59999941	5.73717500	1.75237300
97.67999941	5.64836500	1.75237300
97.75999941	5.73717500	1.84026600
97.83999941	5.73717500	1.84026600
97.91999940	5.73717500	1.92815900
97.99999940	5.73717500	1.92815900
98.07999940	5.73717500	1.92815900
98.15999940	5.73717500	2.01574800
98.23999940	5.73717500	2.01574800
98.31999940	5.73717500	2.01574800
98.39999940	5.73717500	2.10364100
98.47999940	5.73717500	2.10364100
98.55999940	5.73717500	2.10364100
98.63999940	5.82567800	2.19153400
98.71999940	5.73717500	2.19153400
98.79999940	5.73717500	2.27942800
98.87999940	5.82567800	2.27942800
98.95999940	5.82567800	2.27942800
99.03999940	5.73717500	2.36701600
99.11999940	5.73717500	2.36701600
99.19999940	5.82567800	2.36701600
99.27999940	5.82567800	2.45490900
99.35999940	5.82567800	2.45490900
99.43999940	5.82567800	2.45490900
99.51999940	5.82567800	2.45490900
99.59999939	5.73717500	2.54280200
99.67999939	5.82567800	2.54280200
99.75999939	5.82567800	2.63069600
99.83999939	5.73717500	2.63069600
99.91999939	5.82567800	2.63069600
99.99999939	5.82567800	2.71828400
100.07999939	5.82567800	2.71828400
100.15999939	5.82567800	2.71828400
100.23999939	5.82567800	2.71828400
100.31999939	5.82567800	2.80617700
100.39999939	5.82567800	2.80617700
100.47999939	5.82567800	2.80617700
100.55999939	5.82567800	2.80617700
100.63999939	5.82567800	2.80617700
100.71999939	5.82567800	2.89407000
100.79999939	5.82567800	2.89407000
100.87999939	5.82567800	2.89407000
100.95999939	5.82567800	2.89407000
101.03999939	5.82567800	2.98196400
101.11999939	5.82567800	2.98196400
101.19999938	5.82567800	2.98196400
101.27999938	5.82567800	2.98196400
101.35999938	5.82567800	3.06985700
101.43999938	5.82567800	3.06985700
101.51999938	5.82567800	3.06985700
101.59999938	5.82567800	3.06985700
101.67999938	5.82567800	3.15744500
101.75999938	5.82567800	3.15744500
101.83999938	5.82567800	3.15744500
101.91999938	5.82567800	3.15744500
101.99999938	5.82567800	3.15744500
102.07999938	5.82567800	3.24533800
102.15999938	5.82567800	3.24533800
102.23999938	5.82567800	3.24533800
102.31999938	5.82567800	3.24533800
102.39999938	5.82567800	3.24533800
102.47999938	5.82567800	3.24533800
102.55999938	5.82567800	3.24533800
102.63999938	5.82567800	3.33323200
102.71999938	5.82567800	3.33323200
102.79999938	5.82567800	3.33323200
102.87999937	5.82567800	3.33323200
102.95999937	5.82567800	3.33323200
103.03999937	5.91448700	3.42112500
103.11999937	5.82567800	3.42112500
103.19999937	5.82567800	3.42112500
103.27999937	5.82567800	3.42112500
103.35999937	5.82567800	3.42112500
103.43999937	5.91448700	3.42112500
103.51999937	5.82567800	3.42112500
103.59999937	5.82567800	3.42112500
103.67999937	5.82567800	3.50871300
103.75999937	5.82567800	3.42112500
103.83999937	5.82567800	3.50871300
103.91999937	5.82567800	3.50871300
103.99999937	5.91448700	3.50871300
104.07999937	5.91448700	3.50871300
104.15999937	5.91448700	3.50871300
104.23999937	5.82567800	3.50871300
104.31999937	5.82567800	3.50871300
104.39999937	5.91448700	3.50871300
104.47999937	5.82567800	3.50871300
104.55999936	5.91448700	3.50871300
104.63999936	5.82567800	3.50871300
104.71999936	5.91448700	3.50871300
104.79999936	5.91448700	3.50871300
104.87999936	5.91448700	3.50871300
104.95999936	5.82567800	3.50871300
105.03999936	5.82567800	3.50871300
105.11999936	5.91448700	3.50871300
105.19999936	5.82567800	3.50871300
105.27999936	5.91448700	3.50871300
105.35999936	5.82567800	3.50871300
105.43999936	5.91448700	3.50871300
105.51999936	5.82567800	3.50871300
105.59999936	5.91448700	3.50871300
105.67999936	5.91448700	3.50871300
105.75999936	5.82567800	3.50871300
105.83999936	5.91448700	3.50871300
105.91999936	5.91448700	3.50871300
105.99999936	5.91448700	3.50871300
106.07999936	5.82567800	3.50871300
106.15999935	5.82567800	3.50871300
106.23999935	5.82567800	3.50871300
106.31999935	5.91448700	3.50871300
106.39999935	5.82567800	3.50871300
106.47999935	5.91448700	3.50871300
106.55999935	5.91448700	3.50871300
106.63999935	5.91448700	3.50871300
106.71999935	5.82567800	3.50871300
106.79999935	5.91448700	3.50871300
106.87999935	5.82567800	3.50871300
106.95999935	5.91448700	3.42112500
107.03999935	5.91448700	3.42112500
107.11999935	5.91448700	3.42112500
107.19999935	5.82567800	3.50871300
107.27999935	5.91448700	3.42112500
107.35999935	5.91448700	3.42112500
107.43999935	5.91448700	3.42112500
107.51999935	5.91448700	3.42112500
107.59999935	5.91448700	3.42112500
107.67999935	5.91448700	3.42112500
107.75999935	5.91448700	3.42112500
107.83999934	5.82567800	3.33323200
107.91999934	5.82567800	3.42112500
107.99999934	5.91448700	3.33323200
108.07999934	5.82567800	3.33323200
108.15999934	5.82567800	3.33323200
108.23999934	5.91448700	3.33323200
108.31999934	5.82567800	3.24533800
108.39999934	5.82567800	3.24533800
108.47999934	5.82567800	3.24533800
108.55999934	5.82567800	3.24533800
108.63999934	5.91448700	3.24533800
108.71999934	5.82567800	3.24533800
108.79999934	5.82567800	3.15744500
108.87999934	5.82567800	3.15744500
108.95999934	5.82567800	3.15744500
109.03999934	5.82567800	3.15744500
109.11999934	5.82567800	3.15744500
109.19999934	5.82567800	3.06985700
109.27999934	5.82567800	3.06985700
109.35999934	5.91448700	3.06985700
109.43999933	5.82567800	2.98196400
109.51999933	5.82567800	2.98196400
109.59999933	5.82567800	2.98196400
109.67999933	5.82567800	2.98196400
109.75999933	5.82567800	2.98196400
109.83999933	5.82567800	2.89407000
109.91999933	5.82567800	2.89407000
109.99999933	5.82567800	2.89407000
110.07999933	5.82567800	2.89407000
110.15999933	5.82567800	2.89407000
110.23999933	5.82567800	2.80617700
110.31999933	5.82567800	2.80617700
110.39999933	5.82567800	2.80617700
110.47999933	5.82567800	2.80617700
110.55999933	5.82567800	2.80617700
110.63999933	5.82567800	2.80617700
110.71999933	5.82567800	2.71828400
110.79999933	5.82567800	2.71828400
110.87999933	5.82567800	2.71828400
110.95999933	5.82567800	2.71828400
111.03999933	5.82567800	2.63069600
111.11999932	5.82567800	2.63069600
111.19999932	5.82567800	2.63069600
111.27999932	5.82567800	2.63069600
111.35999932	5.82567800	2.63069600
111.43999932	5.82567800	2.54280200
111.51999932	5.82567800	2.54280200
111.59999932	5.73717500	2.54280200
111.67999932	5.82567800	2.45490900
111.75999932	5.82567800	2.45490900
111.83999932	5.82567800	2.45490900
111.91999932	5.82567800	2.45490900
111.99999932	5.82567800	2.45490900
112.07999932	5.82567800	2.36701600
112.15999932	5.82567800	2.36701600
112.23999932	5.73717500	2.36701600
112.31999932	5.82567800	2.27942800
112.39999932	5.73717500	2.27942800
112.47999932	5.73717500	2.27942800
112.55999932	5.73717500	2.27942800
112.63999932	5.73717500	2.19153400
112.71999931	5.73717500	2.19153400
112.79999931	5.73717500	2.19153400
112.87999931	5.73717500	2.19153400
112.95999931	5.73717500	2.10364100
113.03999931	5.73717500	2.10364100
113.11999931	5.73717500	2.10364100
113.19999931	5.73717500	2.01574800
113.27999931	5.73717500	2.01574800
113.35999931	5.64836500	2.01574800
113.43999931	5.73717500	1.92815900
113.51999931	5.64836500	1.92815900
113.59999931	5.64836500	1.92815900
113.67999931	5.64836500	1.92815900
113.75999931	5.64836500	1.92815900
113.83999931	5.64836500	1.84026600
113.91999931	5.64836500	1.84026600
113.99999931	5.64836500	1.84026600
114.07999931	5.64836500	1.75237300
114.15999931	5.64836500	1.75237300
114.23999931	5.64836500	1.75237300
114.31999931	5.64836500	1.75237300
114.39999930	5.64836500	1.66447900
114.47999930	5.64836500	1.66447900
114.55999930	5.64836500	1.66447900
114.63999930	5.64836500	1.57689100
114.71999930	5.55986200	1.57689100
114.79999930	5.55986200	1.57689100
114.87999930	5.55986200	1.57689100
114.95999930	5.55986200	1.48899800
115.03999930	5.47105300	1.48899800
115.11999930	5.47105300	1.48899800
115.19999930	5.11642800	1.40110500
115.27999930	4.58449000	1.40110500
115.35999930	4.31867400	1.40110500
115.43999930	4.31867400	1.40110500
115.51999930	4.31867400	1.31321100
115.59999930	4.31867400	1.31321100
115.67999930	4.31867400	1.31321100
115.75999930	4.22986600	1.31321100
115.83999930	4.31867400	1.22531800
115.91999930	4.31867400	1.22531800
115.99999930	4.31867400	1.22531800
116.07999929	4.31867400	1.13773000
116.15999929	4.22986600	1.13773000
116.23999929	4.31867400	1.13773000
116.31999929	4.31867400	1.04983700
116.39999929	4.22986600	1.04983700
116.47999929	4.22986600	1.04983700
116.55999929	4.22986600	0.96194340
116.63999929	4.22986600	1.04983700
116.71999929	4.22986600	0.96194340
116.79999929	4.31867400	0.96194340
116.87999929	4.22986600	0.87405010
116.95999929	4.22986600	0.87405010
117.03999929	4.22986600	0.87405010
117.11999929	4.22986600	0.78646200
117.19999929	4.22986600	0.78646200
117.27999929	4.22986600	0.78646200
117.35999929	4.22986600	0.69856870
117.43999929	4.22986600	0.69856870
117.51999929	4.22986600	0.69856870
117.59999929	4.22986600	0.69856870
117.67999928	4.22986600	0.61067540
117.75999928	4.22986600	0.61067540
117.83999928	4.22986600	0.61067540
117.91999928	4.22986600	0.61067540
117.99999928	4.22986600	0.52278210
118.07999928	4.22986600	0.52278210
118.15999928	4.22986600	0.52278210
118.23999928	4.22986600	0.43519400
118.31999928	4.22986600	0.43519400
118.39999928	4.22986600	0.34730060
118.47999928	4.22986600	0.34730060
118.55999928	4.22986600	0.34730060
118.63999928	4.22986600	0.34730060
118.71999928	4.22986600	0.25940730
118.79999928	4.22986600	0.25940730
118.87999928	4.22986600	0.17151400
118.95999928	4.22986600	0.17151400
119.03999928	4.22986600	0.17151400
119.11999928	4.22986600	0.17151400
119.19999928	4.22986600	0.08392590
119.27999928	4.22986600	0.08392590
119.35999927	4.22986600	0.08392590
119.43999927	4.22986600	-0.00366222
119.51999927	4.22986600	0.08392590
119.59999927	4.22986600	-0.00366222
119.67999927	4.22986600	-0.00366222
119.75999927	4.22986600	-0.09155553
119.83999927	4.22986600	-0.00366222
119.91999927	4.22986600	-0.09155553
119.99999927	4.22986600	-0.09155553
120.07999927	4.22986600	-0.09155553
120.15999927	4.22986600	-0.17944880
120.23999927	4.22986600	-0.26734220
120.31999927	4.22986600	-0.17944880
120.39999927	4.22986600	-0.26734220
120.47999927	3.69792800	-0.35493030
120.55999927	1.30405600	-0.35493030
120.63999927	0.68361460	-0.35493030
120.71999927	0.68361460	-0.35493030
120.79999927	0.68361460	-0.44282360
120.87999927	0.68361460	-0.44282360
120.95999926	0.68361460	-0.44282360
121.03999926	0.68361460	-0.44282360
121.11999926	0.68361460	-0.53071690
121.19999926	0.68361460	-0.53071690
121.27999926	0.68361460	-0.61861020
121.35999926	0.68361460	-0.61861020
121.43999926	0.68361460	-0.61861020
121.51999926	0.68361460	-0.70619830
121.59999926	0.68361460	-0.70619830
121.67999926	0.68361460	-0.70619830
121.75999926	0.68361460	-0.79409160
121.83999926	0.77211830	-0.79409160
121.91999926	0.77211830	-0.79409160
121.99999926	0.77211830	-0.88198490
122.07999926	0.68361460	-0.88198490
122.15999926	0.77211830	-0.96987830
122.23999926	0.77211830	-0.96987830
122.31999926	0.77211830	-1.05746600
122.39999926	0.77211830	-1.05746600
122.47999926	0.77211830	-1.05746600
122.55999926	0.77211830	-1.14536000
122.63999925	0.77211830	-1.14536000
122.71999925	0.86092720	-1.14536000
122.79999925	0.77211830	-1.23325300
122.87999925	0.77211830	-1.23325300
122.95999925	0.77211830	-1.32114600
123.03999925	0.86092720	-1.32114600
123.11999925	0.86092720	-1.32114600
123.19999925	0.86092720	-1.40904000
123.27999925	0.77211830	-1.40904000
123.35999925	0.86092720	-1.40904000
123.43999925	0.86092720	-1.49662800
123.51999925	0.86092720	-1.49662800
123.59999925	0.86092720	-1.58452100
123.67999925	0.77211830	-1.58452100
123.75999925	0.86092720	-1.58452100
123.83999925	0.86092720	-1.58452100
123.91999925	0.86092720	-1.67241400
123.99999925	0.86092720	-1.67241400
124.07999925	0.86092720	-1.76030800
124.15999925	0.86092720	-1.76030800
124.23999924	0.86092720	-1.76030800
124.31999924	0.86092720	-1.93578900
124.39999924	0.86092720	-1.93578900
124.47999924	0.86092720	-1.84789600
124.55999924	0.86092720	-1.93578900
124.63999924	0.86092720	-2.02368200
124.71999924	0.86092720	-2.02368200
124.79999924	0.86092720	-2.02368200
124.87999924	0.86092720	-2.11157600
124.95999924	0.86092720	-2.11157600
125.03999924	0.86092720	-2.19916400
125.11999924	0.86092720	-2.19916400
125.19999924	0.86092720	-2.19916400
125.27999924	0.86092720	-2.28705700
125.35999924	0.86092720	-2.28705700
125.43999924	0.86092720	-2.37495000
125.51999924	0.94943080	-2.37495000
125.59999924	0.86092720	-2.37495000
125.67999924	0.86092720	-2.46284400
125.75999924	0.94943080	-2.46284400
125.83999924	0.94943080	-2.46284400
125.91999923	0.94943080	-2.55043200
125.99999923	0.94943080	-2.55043200
126.07999923	0.94943080	-2.63832500
126.15999923	0.86092720	-2.63832500
126.23999923	0.86092720	-2.72621800
126.31999923	0.86092720	-2.72621800
126.39999923	0.94943080	-2.81411200
126.47999923	0.86092720	-2.81411200
126.55999923	0.86092720	-2.81411200
126.63999923	0.94943080	-2.81411200
126.71999923	0.94943080	-2.90200500
126.79999923	0.94943080	-2.90200500
126.87999923	0.94943080	-2.90200500
126.95999923	0.94943080	-2.98959300
127.03999923	0.94943080	-2.98959300
127.11999923	0.94943080	-3.07748700
127.19999923	0.94943080	-3.07748700
127.27999923	0.94943080	-3.16538000
127.35999923	0.94943080	-3.16538000
127.43999923	0.94943080	-3.16538000
127.51999923	0.94943080	-3.25327300
127.59999922	0.94943080	-3.16538000
127.67999922	0.94943080	-3.25327300
127.75999922	0.94943080	-3.25327300
127.83999922	0.94943080	-3.34086100
127.91999922	0.94943080	-3.34086100
127.99999922	0.94943080	-3.42875500
128.07999922	0.94943080	-3.42875500
128.15999922	0.94943080	-3.42875500
128.23999922	0.94943080	-3.42875500
128.31999922	0.94943080	-3.51664800
128.39999922	0.94943080	-3.51664800
128.47999922	0.94943080	-3.51664800
128.55999922	0.94943080	-3.60454100
128.63999922	0.94943080	-3.60454100
128.71999922	0.94943080	-3.69212900
128.79999922	0.94943080	-3.69212900
128.87999922	0.94943080	-3.69212900
128.95999922	0.94943080	-3.69212900
129.03999922	0.94943080	-3.69212900
129.11999922	0.94943080	-3.78002300
129.19999921	0.94943080	-3.78002300
129.27999921	0.94943080	-3.86791600
129.35999921	0.94943080	-3.86791600
129.43999921	0.94943080	-3.86791600
129.51999921	1.03824000	-3.86791600
129.59999921	0.94943080	-3.86791600
129.67999921	0.94943080	-3.95580900
129.75999921	0.94943080	-3.95580900
129.83999921	0.94943080	-4.04339700
129.91999921	0.94943080	-4.04339700
129.99999921	0.94943080	-4.04339700
130.07999921	0.94943080	-4.04339700
130.15999921	0.94943080	-4.04339700
130.23999921	0.94943080	-4.13129000
130.31999921	0.94943080	-4.13129000
130.39999921	0.94943080	-4.13129000
130.47999921	0.94943080	-4.13129000
130.55999921	0.94943080	-4.21918400
130.63999921	0.94943080	-4.21918400
130.71999921	0.94943080	-4.21918400
130.79999921	0.94943080	-4.21918400
130.87999920	0.94943080	-4.21918400
130.95999920	0.94943080	-4.21918400
131.03999920	0.94943080	-4.30707700
131.11999920	0.94943080	-4.21918400
131.19999920	0.94943080	-4.30707700
131.27999920	0.94943080	-4.30707700
131.35999920	0.94943080	-4.30707700
131.43999920	0.94943080	-4.30707700
131.51999920	0.94943080	-4.30707700
131.59999920	0.94943080	-4.30707700
131.67999920	0.94943080	-4.39497000
131.75999920	0.94943080	-4.39497000
131.83999920	0.94943080	-4.39497000
131.91999920	0.94943080	-4.39497000
131.99999920	0.94943080	-4.39497000
132.07999920	0.94943080	-4.39497000
132.15999920	0.94943080	-4.39497000
132.23999920	0.94943080	-4.39497000
132.31999920	0.94943080	-4.39497000
132.39999920	0.86092720	-4.39497000
132.47999919	0.94943080	-4.39497000
132.55999919	0.94943080	-4.48255900
132.63999919	0.94943080	-4.48255900
132.71999919	0.94943080	-4.39497000
132.79999919	0.94943080	-4.39497000
132.87999919	0.94943080	-4.48255900
132.95999919	0.86092720	-4.48255900
133.03999919	0.94943080	-4.39497000
133.11999919	0.94943080	-4.48255900
133.19999919	0.94943080	-4.39497000
133.27999919	0.94943080	-4.48255900
133.35999919	0.86092720	-4.39497000
133.43999919	0.94943080	-4.48255900
133.51999919	0.94943080	-4.39497000
133.59999919	0.86092720	-4.39497000
133.67999919	0.94943080	-4.48255900
133.75999919	0.94943080	-4.39497000
133.83999919	0.94943080	-4.39497000
133.91999919	0.94943080	-4.39497000
133.99999919	0.94943080	-4.39497000
134.07999919	0.94943080	-4.39497000
134.15999918	0.94943080	-4.39497000
134.23999918	0.86092720	-4.39497000
134.31999918	0.94943080	-4.30707700
134.39999918	0.86092720	-4.30707700
134.47999918	0.94943080	-4.30707700
134.55999918	0.94943080	-4.30707700
134.63999918	0.94943080	-4.30707700
134.71999918	0.86092720	-4.30707700
134.79999918	0.86092720	-4.30707700
134.87999918	0.86092720	-4.30707700
134.95999918	0.94943080	-4.21918400
135.03999918	0.86092720	-4.21918400
135.11999918	0.86092720	-4.21918400
135.19999918	0.94943080	-4.21918400
135.27999918	0.86092720	-4.21918400
135.35999918	0.86092720	-4.21918400
135.43999918	0.86092720	-4.13129000
135.51999918	0.86092720	-4.13129000
135.59999918	0.86092720	-4.04339700
135.67999918	0.86092720	-4.04339700
135.75999917	0.86092720	-4.04339700
135.83999917	0.86092720	-4.04339700
135.91999917	0.86092720	-4.04339700
135.99999917	0.86092720	-3.95580900
136.07999917	0.86092720	-3.95580900
136.15999917	0.86092720	-3.95580900
136.23999917	0.86092720	-3.95580900
136.31999917	0.86092720	-3.86791600
136.39999917	0.86092720	-3.86791600
136.47999917	0.86092720	-3.86791600
136.55999917	0.86092720	-3.86791600
136.63999917	0.86092720	-3.78002300
136.71999917	0.86092720	-3.78002300
136.79999917	0.86092720	-3.78002300
136.87999917	0.86092720	-3.69212900
136.95999917	0.86092720	-3.69212900
137.03999917	0.86092720	-3.69212900
137.11999917	0.86092720	-3.60454100
137.19999917	0.86092720	-3.60454100
137.27999917	0.86092720	-3.60454100
137.35999917	0.86092720	-3.51664800
137.43999916	0.86092720	-3.51664800
137.51999916	0.86092720	-3.51664800
137.59999916	0.86092720	-3.42875500
137.67999916	0.86092720	-3.34086100
137.75999916	0.86092720	-3.34086100
137.83999916	0.86092720	-3.34086100
137.91999916	0.86092720	-3.25327300
137.99999916	0.86092720	-3.25327300
138.07999916	0.86092720	-3.16538000
138.15999916	0.86092720	-3.16538000
138.23999916	0.86092720	-3.16538000
138.31999916	0.86092720	-3.07748700
138.39999916	0.77211830	-3.07748700
138.47999916	0.86092720	-3.07748700
138.55999916	0.86092720	-2.98959300
138.63999916	0.86092720	-2.98959300
138.71999916	0.86092720	-2.90200500
138.79999916	0.86092720	-2.81411200
138.87999916	0.86092720	-2.90200500
138.95999916	0.86092720	-2.81411200
139.03999915	0.86092720	-2.81411200
139.11999915	0.77211830	-2.72621800
139.19999915	0.86092720	-2.72621800
139.27999915	0.77211830	-2.63832500
139.35999915	0.86092720	-2.63832500
139.43999915	0.86092720	-2.63832500
139.51999915	0.77211830	-2.46284400
139.59999915	0.86092720	-2.46284400
139.67999915	0.77211830	-2.46284400
139.75999915	0.86092720	-2.46284400
139.83999915	0.77211830	-2.28705700
139.91999915	0.77211830	-2.28705700
139.99999915	0.77211830	-2.28705700
140.07999915	0.77211830	-2.19916400
140.15999915	0.77211830	-2.19916400
140.23999915	0.77211830	-2.11157600
140.31999915	0.86092720	-2.11157600
140.39999915	0.77211830	-2.02368200
140.47999915	0.77211830	-2.02368200
140.55999915	0.86092720	-1.93578900
140.63999915	0.77211830	-1.93578900
140.71999914	0.77211830	-1.93578900
140.79999914	0.77211830	-1.84789600
140.87999914	0.77211830	-1.76030800
140.95999914	0.77211830	-1.76030800
141.03999914	0.77211830	-1.67241400
141.11999914	0.77211830	-1.67241400
141.19999914	0.77211830	-1.58452100
141.27999914	0.77211830	-1.58452100
141.35999914	0.77211830	-1.49662800
141.43999914	0.77211830	-1.49662800
141.51999914	0.77211830	-1.40904000
141.59999914	0.77211830	-1.40904000
141.67999914	0.77211830	-1.40904000
141.75999914	0.77211830	-1.23325300
141.83999914	0.77211830	-1.23325300
141.91999914	0.68361460	-1.23325300
141.99999914	0.77211830	-1.14536000
142.07999914	0.68361460	-1.14536000
142.15999914	0.77211830	-1.05746600
142.23999914	0.77211830	-1.05746600
142.31999914	0.68361460	-0.96987830
142.39999913	0.68361460	-0.88198490
142.47999913	0.77211830	-0.88198490
142.55999913	0.68361460	-0.79409160
142.63999913	0.68361460	-0.70619830
142.71999913	0.68361460	-0.70619830
142.79999913	0.68361460	-0.61861020
142.87999913	0.68361460	-0.61861020
142.95999913	0.68361460	-0.53071690
143.03999913	0.77211830	-0.53071690
143.11999913	0.77211830	-0.53071690
143.19999913	0.68361460	-0.35493030
143.27999913	0.68361460	-0.35493030
143.35999913	0.68361460	-0.35493030
143.43999913	0.68361460	-0.26734220
143.51999913	0.68361460	-0.17944880
143.59999913	0.77211830	-0.17944880
143.67999913	0.68361460	-0.09155553
143.75999913	0.68361460	-0.00366222
143.83999913	0.68361460	-0.00366222
143.91999913	0.68361460	-0.00366222
143.99999912	0.68361460	0.08392590
144.07999912	0.68361460	0.17151400
144.15999912	0.68361460	0.17151400
144.23999912	0.68361460	0.25940730
144.31999912	0.68361460	0.25940730
144.39999912	0.68361460	0.34730060
144.47999912	0.68361460	0.43519400
144.55999912	0.68361460	0.43519400
144.63999912	0.68361460	0.52278210
144.71999912	0.68361460	0.52278210
144.79999912	0.68361460	0.61067540
144.87999912	0.68361460	0.69856870
144.95999912	0.68361460	0.69856870
145.03999912	0.68361460	0.78646200
145.11999912	0.59480580	0.78646200
145.19999912	0.68361460	0.87405010
145.27999912	0.68361460	0.87405010
145.35999912	0.68361460	0.87405010
145.43999912	0.68361460	1.04983700
145.51999912	0.68361460	1.04983700
145.59999912	0.59480580	1.04983700
145.67999911	0.59480580	1.13773000
145.75999911	0.59480580	1.22531800
145.83999911	0.59480580	1.31321100
145.91999911	0.68361460	1.31321100
145.99999911	0.59480580	1.31321100
146.07999911	0.59480580	1.40110500
146.15999911	0.59480580	1.40110500
146.23999911	0.59480580	1.48899800
146.31999911	0.59480580	1.48899800
146.39999911	0.59480580	1.57689100
146.47999911	0.50630210	1.66447900
146.55999911	0.50630210	1.66447900
146.63999911	0.50630210	1.75237300
146.71999911	0.50630210	1.75237300
146.79999911	0.41749320	1.84026600
146.87999911	0.50630210	1.84026600
146.95999911	0.50630210	1.92815900
147.03999911	0.50630210	2.01574800
147.11999911	0.50630210	2.01574800
147.19999911	0.50630210	2.10364100
147.27999910	0.50630210	2.10364100
147.35999910	0.50630210	2.10364100
147.43999910	0.59480580	2.19153400
147.51999910	0.50630210	2.27942800
147.59999910	0.50630210	2.27942800
147.67999910	0.59480580	2.27942800
147.75999910	0.59480580	2.36701600
147.83999910	0.59480580	2.45490900
147.91999910	0.50630210	2.45490900
147.99999910	0.59480580	2.45490900
148.07999910	0.50630210	2.54280200
148.15999910	0.59480580	2.63069600
148.23999910	0.50630210	2.63069600
148.31999910	0.50630210	2.71828400
148.39999910	0.50630210	2.71828400
148.47999910	0.59480580	2.80617700
148.55999910	0.50630210	2.80617700
148.63999910	0.59480580	2.80617700
148.71999910	0.59480580	2.89407000
148.79999910	0.59480580	2.89407000
148.87999910	0.59480580	2.98196400
148.95999909	0.59480580	2.98196400
149.03999909	0.50630210	3.06985700
149.11999909	0.59480580	3.06985700
149.19999909	0.50630210	3.15744500
149.27999909	0.59480580	3.15744500
149.35999909	0.59480580	3.24533800
149.43999909	0.59480580	3.24533800
149.51999909	0.50630210	3.33323200
149.59999909	0.59480580	3.33323200
149.67999909	0.59480580	3.42112500
149.75999909	0.59480580	3.42112500
149.83999909	0.59480580	3.50871300
149.91999909	0.59480580	3.50871300
149.99999909	0.59480580	3.50871300
150.07999909	0.59480580	3.50871300
150.15999909	0.59480580	3.59660600
150.23999909	0.59480580	3.68450000
150.31999909	0.59480580	3.68450000
150.39999909	0.59480580	3.68450000
150.47999909	0.59480580	3.77239300
150.55999908	0.59480580	3.77239300
150.63999908	0.59480580	3.77239300
150.71999908	0.59480580	3.85998100
150.79999908	0.59480580	3.85998100
150.87999908	0.59480580	3.85998100
150.95999908	0.59480580	3.85998100
151.03999908	0.59480580	3.94787400
151.11999908	0.59480580	3.94787400
151.19999908	0.59480580	4.03576800
151.27999908	0.59480580	4.03576800
151.35999908	0.59480580	4.12366100
151.43999908	0.59480580	4.12366100
151.51999908	0.59480580	4.12366100
151.59999908	0.59480580	4.21124900
151.67999908	0.59480580	4.21124900
151.75999908	0.59480580	4.21124900
151.83999908	0.59480580	4.21124900
151.91999908	0.68361460	4.29914200
151.99999908	0.59480580	4.29914200
152.07999908	0.68361460	4.29914200
152.15999908	0.68361460	4.38703600
152.23999907	0.59480580	4.38703600
152.31999907	0.59480580	4.38703600
152.39999907	0.59480580	4.38703600
152.47999907	0.59480580	4.38703600
152.55999907	0.68361460	4.47492900
152.63999907	0.68361460	4.47492900
152.71999907	0.68361460	4.56282200
152.79999907	0.68361460	4.47492900
152.87999907	0.59480580	4.56282200
152.95999907	0.59480580	4.56282200
153.03999907	0.68361460	4.56282200
153.11999907	0.68361460	4.56282200
153.19999907	0.68361460	4.56282200
153.27999907	0.68361460	4.65041100
153.35999907	0.68361460	4.65041100
153.43999907	0.59480580	4.65041100
153.51999907	0.68361460	4.73830400
153.59999907	0.59480580	4.73830400
153.67999907	0.59480580	4.73830400
153.75999907	0.68361460	4.73830400
153.83999907	0.59480580	4.73830400
153.91999906	0.68361460	4.73830400
153.99999906	0.68361460	4.73830400
154.07999906	0.68361460	4.82619700
154.15999906	0.68361460	4.82619700
154.23999906	0.68361460	4.82619700
154.31999906	0.68361460	4.82619700
154.39999906	0.68361460	4.82619700
154.47999906	0.68361460	4.82619700
154.55999906	0.68361460	4.91409000
154.63999906	0.68361460	4.91409000
154.71999906	0.68361460	4.91409000
154.79999906	0.68361460	4.91409000
154.87999906	0.59480580	4.91409000
154.95999906	0.68361460	4.91409000
155.03999906	0.59480580	4.91409000
155.11999906	0.68361460	4.91409000
155.19999906	0.68361460	4.91409000
155.27999906	0.68361460	4.91409000
155.35999906	0.68361460	4.91409000
155.43999906	0.68361460	4.91409000
155.51999905	0.68361460	4.91409000
155.59999905	0.68361460	4.91409000
155.67999905	0.68361460	4.91409000
155.75999905	0.68361460	4.91409000
155.83999905	0.68361460	4.91409000
155.91999905	0.68361460	4.91409000
155.99999905	0.68361460	4.91409000
156.07999905	0.68361460	4.91409000
156.15999905	0.68361460	4.91409000
156.23999905	0.68361460	4.91409000
156.31999905	0.68361460	4.91409000
156.39999905	0.68361460	4.91409000
156.47999905	0.68361460	4.91409000
156.55999905	0.68361460	4.91409000
156.63999905	0.68361460	4.91409000
156.71999905	0.68361460	4.91409000
156.79999905	0.68361460	4.91409000
156.87999905	0.68361460	4.91409000
156.95999905	0.68361460	4.82619700
157.03999905	0.68361460	4.82619700
157.11999905	0.68361460	4.82619700
157.19999904	0.68361460	4.82619700
157.27999904	0.68361460	4.82619700
157.35999904	0.68361460	4.82619700
157.43999904	0.68361460	4.82619700
157.51999904	0.68361460	4.82619700
157.59999904	0.68361460	4.73830400
157.67999904	0.68361460	4.73830400
157.75999904	0.68361460	4.73830400
157.83999904	0.68361460	4.73830400
157.91999904	0.68361460	4.73830400
157.99999904	0.68361460	4.65041100
158.07999904	0.68361460	4.65041100
158.15999904	0.68361460	4.65041100
158.23999904	0.68361460	4.56282200
158.31999904	0.68361460	4.56282200
158.39999904	0.68361460	4.56282200
158.47999904	0.68361460	4.56282200
158.55999904	0.68361460	4.56282200
158.63999904	0.68361460	4.56282200
158.71999904	0.68361460	4.56282200
158.79999903	0.68361460	4.47492900
158.87999903	0.68361460	4.38703600
158.95999903	0.68361460	4.38703600
159.03999903	0.68361460	4.38703600
159.11999903	0.68361460	4.38703600
159.19999903	0.68361460	4.29914200
159.27999903	0.68361460	4.38703600
159.35999903	0.68361460	4.29914200
159.43999903	0.68361460	4.29914200
159.51999903	0.68361460	4.29914200
159.59999903	0.68361460	4.21124900
159.67999903	0.68361460	4.21124900
159.75999903	0.68361460	4.21124900
159.83999903	0.68361460	4.12366100
159.91999903	0.68361460	4.21124900
159.99999903	0.68361460	4.12366100
160.07999903	0.68361460	4.12366100
160.15999903	0.68361460	4.03576800
160.23999903	0.68361460	4.03576800
160.31999903	0.68361460	4.03576800
160.39999903	0.68361460	3.94787400
160.47999902	0.68361460	3.94787400
160.55999902	0.68361460	3.85998100
160.63999902	0.68361460	3.85998100
160.71999902	0.68361460	3.85998100
160.79999902	0.68361460	3.85998100
160.87999902	0.68361460	3.85998100
160.95999902	0.68361460	3.77239300
161.03999902	0.68361460	3.77239300
161.11999902	0.68361460	3.68450000
161.19999902	0.68361460	3.68450000
161.27999902	0.68361460	3.68450000
161.35999902	0.68361460	3.59660600
161.43999902	0.68361460	3.59660600
161.51999902	0.68361460	3.50871300
161.59999902	0.59480580	3.50871300
161.67999902	0.68361460	3.50871300
161.75999902	0.59480580	3.50871300
161.83999902	0.68361460	3.42112500
161.91999902	0.59480580	3.42112500
161.99999902	0.59480580	3.33323200
162.07999901	0.59480580	3.33323200
162.15999901	0.59480580	3.33323200
162.23999901	0.59480580	3.24533800
162.31999901	0.59480580	3.24533800
162.39999901	0.59480580	3.24533800
162.47999901	0.50630210	3.15744500
162.55999901	0.50630210	3.15744500
162.63999901	0.50630210	3.06985700
162.71999901	0.50630210	3.06985700
162.79999901	0.50630210	2.98196400
162.87999901	0.50630210	2.98196400
162.95999901	0.50630210	2.98196400
163.03999901	0.50630210	2.89407000
163.11999901	0.41749320	2.89407000
163.19999901	0.32898950	2.80617700
163.27999901	0.41749320	2.80617700
163.35999901	0.41749320	2.80617700
163.43999901	0.41749320	2.80617700
163.51999901	0.32898950	2.71828400
163.59999901	0.32898950	2.71828400
163.67999901	0.32898950	2.63069600
163.75999900	0.32898950	2.63069600
163.83999900	0.32898950	2.54280200
163.91999900	0.32898950	2.54280200
163.99999900	0.24048580	2.45490900
164.07999900	0.24048580	2.45490900
164.15999900	0.24048580	2.45490900
164.23999900	0.24048580	2.36701600
164.31999900	0.24048580	2.36701600
164.39999900	0.15167700	2.27942800
164.47999900	0.15167700	2.27942800
164.55999900	0.15167700	2.19153400
164.63999900	0.15167700	2.19153400
164.71999900	0.15167700	2.10364100
164.79999900	0.15167700	2.10364100
164.87999900	0.15167700	2.10364100
164.95999900	0.06317332	2.01574800
165.03999900	0.15167700	2.01574800
165.11999900	0.06317332	1.92815900
165.19999900	0.06317332	1.84026600
165.27999900	-0.02563555	1.84026600
165.35999900	-0.02563555	1.84026600
165.43999899	-0.02563555	1.75237300
165.51999899	-0.02563555	1.75237300
165.59999899	-0.02563555	1.75237300
165.67999899	-0.02563555	1.66447900
165.75999899	-0.11413920	1.66447900
165.83999899	-0.11413920	1.57689100
165.91999899	-0.11413920	1.57689100
165.99999899	-0.11413920	1.48899800
166.07999899	-0.11413920	1.48899800
166.15999899	-0.11413920	1.40110500
166.23999899	-0.11413920	1.40110500
166.31999899	-0.20294810	1.40110500
166.39999899	-0.20294810	1.31321100
166.47999899	-0.20294810	1.31321100
166.55999899	-0.20294810	1.22531800
166.63999899	-0.20294810	1.22531800
166.71999899	-0.29145180	1.13773000
166.79999899	-0.29145180	1.13773000
166.87999899	-0.29145180	1.04983700
166.95999899	-0.29145180	1.04983700
167.03999898	-0.38026060	1.04983700
167.11999898	-0.38026060	1.04983700
167.19999898	-0.38026060	0.87405010
167.27999898	-0.38026060	0.87405010
167.35999898	-0.38026060	0.87405010
167.43999898	-0.38026060	0.78646200
167.51999898	-0.38026060	0.78646200
167.59999898	-0.38026060	0.69856870
167.67999898	-0.38026060	0.69856870
167.75999898	-0.38026060	0.69856870
167.83999898	-0.46876430	0.61067540
167.91999898	-0.46876430	0.61067540
167.99999898	-0.46876430	0.52278210
168.07999898	-0.46876430	0.52278210
168.15999898	-0.46876430	0.52278210
168.23999898	-0.46876430	0.43519400
168.31999898	-0.46876430	0.34730060
168.39999898	-0.46876430	0.34730060
168.47999898	-0.46876430	0.25940730
168.55999898	-0.46876430	0.25940730
168.63999898	-0.46876430	0.17151400
168.71999897	-0.46876430	0.17151400
168.79999897	-0.46876430	0.08392590
168.87999897	-0.46876430	0.08392590
168.95999897	-0.46876430	-0.00366222
169.03999897	-0.55757310	-0.00366222
169.11999897	-0.55757310	-0.00366222
169.19999897	-0.55757310	-0.09155553
169.27999897	-0.55757310	-0.09155553
169.35999897	-0.55757310	-0.17944880
169.43999897	-0.55757310	-0.17944880
169.51999897	-0.55757310	-0.26734220
169.59999897	-0.55757310	-0.35493030
169.67999897	-0.55757310	-0.35493030
169.75999897	-0.55757310	-0.35493030
169.83999897	-0.55757310	-0.44282360
169.91999897	-0.55757310	-0.44282360
169.99999897	-0.55757310	-0.53071690
170.07999897	-0.55757310	-0.53071690
170.15999897	-0.55757310	-0.53071690
170.23999897	-0.55757310	-0.61861020
170.31999896	-0.55757310	-0.61861020
170.39999896	-0.55757310	-0.70619830
170.47999896	-0.55757310	-0.79409160
170.55999896	-0.55757310	-0.70619830
170.63999896	-0.55757310	-0.79409160
170.71999896	-0.64607690	-0.88198490
170.79999896	-0.55757310	-0.88198490
170.87999896	-0.64607690	-0.96987830
170.95999896	-0.64607690	-0.96987830
171.03999896	-0.64607690	-1.05746600
171.11999896	-0.64607690	-1.05746600
171.19999896	-0.64607690	-1.05746600
171.27999896	-0.64607690	-1.14536000
171.35999896	-0.64607690	-1.14536000
171.43999896	-0.64607690	-1.23325300
171.51999896	-0.64607690	-1.23325300
171.59999896	-0.64607690	-1.23325300
171.67999896	-0.64607690	-1.32114600
171.75999896	-0.64607690	-1.40904000
171.83999896	-0.64607690	-1.40904000
171.91999896	-0.64607690	-1.40904000
171.99999895	-0.64607690	-1.40904000
172.07999895	-0.64607690	-1.49662800
172.15999895	-0.64607690	-1.49662800
172.23999895	-0.73488570	-1.49662800
172.31999895	-0.73488570	-1.58452100
172.39999895	-0.73488570	-1.67241400
172.47999895	-0.64607690	-1.67241400
172.55999895	-0.64607690	-1.76030800
172.63999895	-0.73488570	-1.67241400
172.71999895	-0.73488570	-1.76030800
172.79999895	-0.64607690	-1.76030800
172.87999895	-0.73488570	-1.84789600
172.95999895	-0.73488570	-1.84789600
173.03999895	-0.73488570	-1.84789600
173.11999895	-0.73488570	-1.93578900
173.19999895	-0.73488570	-1.93578900
173.27999895	-0.73488570	-1.93578900
173.35999895	-0.64607690	-1.93578900
173.43999895	-0.73488570	-2.02368200
173.51999895	-0.73488570	-2.02368200
173.59999894	-0.73488570	-2.11157600
173.67999894	-0.73488570	-2.11157600
173.75999894	-0.73488570	-2.11157600
173.83999894	-0.73488570	-2.19916400
173.91999894	-0.73488570	-2.19916400
173.99999894	-0.73488570	-2.19916400
174.07999894	-0.73488570	-2.28705700
174.15999894	-0.73488570	-2.28705700
174.23999894	-0.73488570	-2.28705700
174.31999894	-0.73488570	-2.37495000
174.39999894	-0.73488570	-2.37495000
174.47999894	-0.73488570	-2.37495000
174.55999894	-0.73488570	-2.46284400
174.63999894	-0.73488570	-2.46284400
174.71999894	-0.73488570	-2.46284400
174.79999894	-0.73488570	-2.55043200
174.87999894	-0.73488570	-2.55043200
174.95999894	-0.73488570	-2.55043200
175.03999894	-0.73488570	-2.55043200
175.11999894	-0.73488570	-2.63832500
175.19999894	-0.73488570	-2.63832500
175.27999893	-0.73488570	-2.63832500
175.35999893	-0.73488570	-2.72621800
175.43999893	-0.73488570	-2.63832500
175.51999893	-0.73488570	-2.72621800
175.59999893	-0.73488570	-2.72621800
175.67999893	-0.73488570	-2.81411200
175.75999893	-0.73488570	-2.81411200
175.83999893	-0.82338940	-2.81411200
175.91999893	-0.73488570	-2.81411200
175.99999893	-0.82338940	-2.81411200
176.07999893	-0.82338940	-2.90200500
176.15999893	-0.73488570	-2.90200500
176.23999893	-0.82338940	-2.90200500
176.31999893	-0.73488570	-2.90200500
176.39999893	-0.73488570	-2.90200500
176.47999893	-0.73488570	-2.98959300
176.55999893	-0.73488570	-2.98959300
176.63999893	-0.73488570	-2.98959300
176.71999893	-0.82338940	-2.98959300
176.79999893	-0.73488570	-3.07748700
176.87999893	-0.73488570	-3.07748700
176.95999892	-0.82338940	-3.07748700
177.03999892	-0.73488570	-3.07748700
177.11999892	-0.82338940	-3.16538000
177.19999892	-0.82338940	-3.16538000
177.27999892	-0.82338940	-3.07748700
177.35999892	-0.82338940	-3.16538000
177.43999892	-0.73488570	-3.16538000
177.51999892	-0.73488570	-3.16538000
177.59999892	-0.82338940	-3.16538000
177.67999892	-0.73488570	-3.16538000
177.75999892	-0.82338940	-3.25327300
177.83999892	-0.82338940	-3.16538000
177.91999892	-0.82338940	-3.25327300
177.99999892	-0.82338940	-3.25327300
178.07999892	-0.82338940	-3.25327300
178.15999892	-0.82338940	-3.25327300
178.23999892	-0.82338940	-3.34086100
178.31999892	-0.82338940	-3.34086100
178.39999892	-0.82338940	-3.34086100
178.47999892	-0.82338940	-3.34086100
178.55999891	-0.82338940	-3.34086100
178.63999891	-0.82338940	-3.34086100
178.71999891	-0.82338940	-3.34086100
178.79999891	-0.82338940	-3.34086100
178.87999891	-0.82338940	-3.34086100
178.95999891	-0.82338940	-3.34086100
179.03999891	-0.82338940	-3.34086100
179.11999891	-0.73488570	-3.34086100
179.19999891	-0.82338940	-3.34086100
179.27999891	-0.82338940	-3.42875500
179.35999891	-0.82338940	-3.34086100
179.43999891	-0.82338940	-3.42875500
179.51999891	-0.82338940	-3.42875500
179.59999891	-0.82338940	-3.42875500
179.67999891	-0.82338940	-3.42875500
179.75999891	-0.82338940	-3.42875500
179.83999891	-0.82338940	-3.42875500
179.91999891	-0.82338940	-3.42875500
179.99999891	-0.82338940	-3.42875500
180.07999891	-0.82338940	-3.34086100
180.15999891	-0.82338940	-3.42875500
180.23999890	-0.82338940	-3.42875500
180.31999890	-0.82338940	-3.42875500
180.39999890	-0.73488570	-3.42875500
180.47999890	-0.82338940	-3.42875500
180.55999890	-0.82338940	-3.34086100
180.63999890	-0.73488570	-3.42875500
180.71999890	-0.82338940	-3.42875500
180.79999890	-0.82338940	-3.42875500
180.87999890	-0.82338940	-3.42875500
180.95999890	-0.82338940	-3.42875500
181.03999890	-0.82338940	-3.42875500
181.11999890	-0.82338940	-3.42875500
181.19999890	-0.82338940	-3.42875500
181.27999890	-0.82338940	-3.34086100
181.35999890	-0.82338940	-3.42875500
181.43999890	-0.82338940	-3.34086100
181.51999890	-0.82338940	-3.34086100
181.59999890	-0.82338940	-3.34086100
181.67999890	-0.82338940	-3.34086100
181.75999890	-0.91219820	-3.34086100
181.83999889	-0.82338940	-3.34086100
181.91999889	-0.82338940	-3.34086100
181.99999889	-0.82338940	-3.34086100
182.07999889	-0.82338940	-3.34086100
182.15999889	-0.82338940	-3.25327300
182.23999889	-0.82338940	-3.34086100
182.31999889	-0.82338940	-3.34086100
182.39999889	-0.82338940	-3.34086100
182.47999889	-0.82338940	-3.34086100
182.55999889	-0.82338940	-3.25327300
182.63999889	-0.82338940	-3.25327300
182.71999889	-0.82338940	-3.16538000
182.79999889	-0.82338940	-3.25327300
182.87999889	-0.82338940	-3.25327300
182.95999889	-0.82338940	-3.16538000
183.03999889	-0.82338940	-3.16538000
183.11999889	-0.82338940	-3.16538000
183.19999889	-0.82338940	-3.16538000
183.27999889	-0.82338940	-3.16538000
183.35999889	-0.82338940	-3.16538000
183.43999889	-0.82338940	-3.16538000
183.51999888	-0.82338940	-3.16538000
183.59999888	-0.82338940	-3.16538000
183.67999888	-0.82338940	-3.07748700
183.75999888	-0.82338940	-3.16538000
183.83999888	-0.82338940	-3.07748700
183.91999888	-0.82338940	-3.07748700
183.99999888	-0.73488570	-3.07748700
184.07999888	-0.82338940	-2.98959300
184.15999888	-0.82338940	-2.98959300
184.23999888	-0.82338940	-2.98959300
184.31999888	-0.82338940	-2.98959300
184.39999888	-0.82338940	-2.98959300
184.47999888	-0.82338940	-2.90200500
184.55999888	-0.82338940	-2.90200500
184.63999888	-0.82338940	-2.90200500
184.71999888	-0.82338940	-2.90200500
184.79999888	-0.82338940	-2.90200500
184.87999888	-0.82338940	-2.90200500
184.95999888	-0.82338940	-2.81411200
185.03999888	-0.82338940	-2.81411200
185.11999887	-0.82338940	-2.81411200
185.19999887	-0.82338940	-2.81411200
185.27999887	-0.82338940	-2.81411200
185.35999887	-0.82338940	-2.81411200
185.43999887	-0.82338940	-2.81411200
185.51999887	-0.82338940	-2.72621800
185.59999887	-0.73488570	-2.72621800
185.67999887	-0.73488570	-2.63832500
185.75999887	-0.82338940	-2.72621800
185.83999887	-0.82338940	-2.63832500
185.91999887	-0.82338940	-2.63832500
185.99999887	-0.82338940	-2.63832500
186.07999887	-0.73488570	-2.55043200
186.15999887	-0.82338940	-2.55043200
186.23999887	-0.73488570	-2.46284400
186.31999887	-0.73488570	-2.46284400
186.39999887	-0.73488570	-2.46284400
186.47999887	-0.82338940	-2.46284400
186.55999887	-0.73488570	-2.46284400
186.63999887	-0.73488570	-2.37495000
186.71999887	-0.73488570	-2.37495000
186.79999886	-0.73488570	-2.37495000
186.87999886	-0.73488570	-2.37495000
186.95999886	-0.82338940	-2.28705700
187.03999886	-0.73488570	-2.28705700
187.11999886	-0.73488570	-2.28705700
187.19999886	-0.73488570	-2.19916400
187.27999886	-0.73488570	-2.19916400
187.35999886	-0.73488570	-2.19916400
187.43999886	-0.73488570	-2.19916400
187.51999886	-0.73488570	-2.19916400
187.59999886	-0.73488570	-2.11157600
187.67999886	-0.73488570	-2.11157600
187.75999886	-0.73488570	-2.11157600
187.83999886	-0.73488570	-2.11157600
187.91999886	-0.73488570	-2.02368200
187.99999886	-0.73488570	-2.02368200
188.07999886	-0.73488570	-2.02368200
188.15999886	-0.73488570	-1.93578900
188.23999886	-0.73488570	-1.93578900
188.31999886	-0.73488570	-1.93578900
188.39999886	-0.73488570	-1.93578900
188.47999885	-0.73488570	-1.84789600
188.55999885	-0.73488570	-1.84789600
188.63999885	-0.73488570	-1.76030800
188.71999885	-0.73488570	-1.84789600
188.79999885	-0.73488570	-1.76030800
188.87999885	-0.73488570	-1.76030800
188.95999885	-0.73488570	-1.76030800
189.03999885	-0.64607690	-1.76030800
189.11999885	-0.64607690	-1.67241400
189.19999885	-0.73488570	-1.76030800
189.27999885	-0.73488570	-1.67241400
189.35999885	-0.64607690	-1.58452100
189.43999885	-0.73488570	-1.58452100
189.51999885	-0.73488570	-1.58452100
189.59999885	-0.73488570	-1.49662800
189.67999885	-0.64607690	-1.49662800
189.75999885	-0.64607690	-1.49662800
189.83999885	-0.64607690	-1.49662800
189.91999885	-0.64607690	-1.49662800
189.99999885	-0.64607690	-1.40904000
190.07999884	-0.64607690	-1.40904000
190.15999884	-0.55757310	-1.40904000
190.23999884	-0.55757310	-1.40904000
190.31999884	-0.55757310	-1.32114600
190.39999884	-0.55757310	-1.32114600
190.47999884	-0.55757310	-1.32114600
190.55999884	-0.55757310	-1.23325300
190.63999884	-0.55757310	-1.23325300
190.71999884	-0.55757310	-1.23325300
190.79999884	-0.55757310	-1.23325300
190.87999884	-0.55757310	-1.14536000
190.95999884	-0.55757310	-1.14536000
191.03999884	-0.55757310	-1.05746600
191.11999884	-0.55757310	-1.05746600
191.19999884	-0.55757310	-1.05746600
191.27999884	-0.55757310	-1.05746600
191.35999884	-0.55757310	-1.05746600
191.43999884	-0.55757310	-0.96987830
191.51999884	-0.55757310	-0.96987830
191.59999884	-0.55757310	-0.88198490
191.67999884	-0.55757310	-0.88198490
191.75999883	-0.55757310	-0.88198490
191.83999883	-0.55757310	-0.79409160
191.91999883	-0.55757310	-0.79409160
191.99999883	-0.55757310	-0.79409160
192.07999883	-0.55757310	-0.70619830
192.15999883	-0.55757310	-0.70619830
192.23999883	-0.55757310	-0.70619830
192.31999883	-0.55757310	-0.70619830
192.39999883	-0.55757310	-0.61861020
192.47999883	-0.46876430	-0.61861020
192.55999883	-0.46876430	-0.53071690
192.63999883	-0.46876430	-0.53071690
192.71999883	-0.46876430	-0.53071690
192.79999883	-0.46876430	-0.53071690
192.87999883	-0.46876430	-0.53071690
192.95999883	-0.46876430	-0.53071690
193.03999883	-0.46876430	-0.44282360
193.11999883	-0.46876430	-0.35493030
193.19999883	-0.46876430	-0.35493030
193.27999883	-0.46876430	-0.35493030
193.35999882	-0.46876430	-0.35493030
193.43999882	-0.46876430	-0.35493030
193.51999882	-0.38026060	-0.26734220
193.59999882	-0.38026060	-0.26734220
193.67999882	-0.38026060	-0.26734220
193.75999882	-0.38026060	-0.17944880
193.83999882	-0.29145180	-0.17944880
193.91999882	-0.29145180	-0.17944880
193.99999882	-0.29145180	-0.09155553
194.07999882	-0.29145180	-0.09155553
194.15999882	-0.20294810	-0.00366222
194.23999882	-0.20294810	-0.00366222
194.31999882	-0.11413920	-0.00366222
194.39999882	-0.11413920	-0.00366222
194.47999882	-0.11413920	-0.00366222
194.55999882	-0.11413920	0.08392590
194.63999882	-0.11413920	0.08392590
194.71999882	-0.02563555	0.08392590
194.79999882	-0.02563555	0.17151400
194.87999882	-0.02563555	0.17151400
194.95999882	0.06317332	0.17151400
195.03999881	0.06317332	0.17151400
195.11999881	0.15167700	0.17151400
195.19999881	0.15167700	0.25940730
195.27999881	0.24048580	0.34730060
195.35999881	0.24048580	0.34730060
195.43999881	0.32898950	0.34730060
195.51999881	0.59480580	0.43519400
195.59999881	0.59480580	0.43519400
195.67999881	0.59480580	0.43519400
195.75999881	0.59480580	0.43519400
195.83999881	0.15167700	0.52278210
195.91999881	1.21555200	0.52278210
195.99999881	1.92480200	0.52278210
196.07999881	2.10211500	0.61067540
196.15999881	1.48136800	0.61067540
196.23999881	0.32898950	0.69856870
196.31999881	2.54524400	0.69856870
196.39999881	4.58449000	0.69856870
196.47999881	4.05255300	0.69856870
196.55999881	4.14136200	0.69856870
196.63999880	4.14136200	0.78646200
196.71999880	4.05255300	0.78646200
196.79999880	4.05255300	0.78646200
196.87999880	4.05255300	0.78646200
196.95999880	4.05255300	0.87405010
197.03999880	4.05255300	0.87405010
197.11999880	4.05255300	0.87405010
197.19999880	3.96404900	0.87405010
197.27999880	3.96404900	0.96194340
197.35999880	3.96404900	1.04983700
197.43999880	3.96404900	1.04983700
197.51999880	3.96404900	1.04983700
197.59999880	3.96404900	1.04983700
197.67999880	3.87524000	1.04983700
197.75999880	3.96404900	1.13773000
197.83999880	3.87524000	1.22531800
197.91999880	3.87524000	1.22531800
197.99999880	3.87524000	1.22531800
198.07999880	3.87524000	1.31321100
198.15999880	3.87524000	1.31321100
198.23999880	3.87524000	1.31321100
198.31999879	3.87524000	1.40110500
198.39999879	3.87524000	1.40110500
198.47999879	3.87524000	1.40110500
198.55999879	3.87524000	1.40110500
198.63999879	3.87524000	1.48899800
198.71999879	3.87524000	1.57689100
198.79999879	3.78673700	1.57689100
198.87999879	3.87524000	1.57689100
198.95999879	3.87524000	1.66447900
199.03999879	3.78673700	1.66447900
199.11999879	3.78673700	1.66447900
199.19999879	3.78673700	1.75237300
199.27999879	3.78673700	1.75237300
199.35999879	3.78673700	1.84026600
199.43999879	3.78673700	1.84026600
199.51999879	3.78673700	1.84026600
199.59999879	3.78673700	1.92815900
199.67999879	3.78673700	1.92815900
199.75999879	3.78673700	2.01574800
199.83999879	3.69792800	2.01574800
199.91999878	3.78673700	2.01574800
199.99999878	3.69792800	2.01574800
200.07999878	3.69792800	2.10364100
200.15999878	3.69792800	2.10364100
200.23999878	3.69792800	2.19153400
