Time	Channel A	Channel B
(us)	(V)	(V)

0.00000000	0.59480580	4.91409000
0.08000000	0.59480580	4.91409000
0.16000000	0.59480580	4.91409000
0.24000000	0.50630210	4.91409000
0.32000000	0.59480580	4.91409000
0.40000000	0.59480580	4.91409000
0.48000000	0.59480580	4.91409000
0.56000000	0.59480580	4.91409000
0.64000000	0.59480580	4.91409000
0.72000000	0.59480580	4.91409000
0.80000000	0.59480580	4.91409000
0.87999999	0.59480580	4.91409000
0.95999999	0.50630210	4.91409000
1.03999999	0.59480580	4.91409000
1.11999999	0.50630210	4.91409000
1.19999999	0.59480580	4.91409000
1.27999999	0.59480580	4.91409000
1.35999999	0.59480580	4.91409000
1.43999999	0.59480580	4.91409000
1.51999999	0.59480580	4.91409000
1.59999999	0.59480580	4.91409000
1.67999999	0.59480580	4.91409000
1.75999999	0.59480580	4.91409000
1.83999999	0.59480580	4.91409000
1.91999999	0.59480580	4.91409000
1.99999999	0.59480580	4.91409000
2.07999999	0.59480580	4.91409000
2.15999999	0.59480580	4.91409000
2.23999999	0.59480580	4.91409000
2.31999999	0.59480580	4.91409000
2.39999999	0.50630210	4.91409000
2.47999998	0.59480580	4.91409000
2.55999998	0.59480580	4.91409000
2.63999998	0.59480580	4.91409000
2.71999998	0.59480580	4.91409000
2.79999998	0.59480580	4.91409000
2.87999998	0.50630210	4.91409000
2.95999998	0.59480580	4.91409000
3.03999998	0.59480580	4.91409000
3.11999998	0.59480580	4.91409000
3.19999998	0.59480580	4.91409000
3.27999998	0.59480580	4.91409000
3.35999998	0.59480580	4.91409000
3.43999998	0.50630210	4.91409000
3.51999998	0.59480580	4.91409000
3.59999998	0.50630210	4.91409000
3.67999998	0.59480580	4.91409000
3.75999998	0.59480580	4.91409000
3.83999998	0.59480580	4.91409000
3.91999998	0.59480580	4.91409000
3.99999998	0.59480580	4.91409000
4.07999998	0.59480580	4.91409000
4.15999997	0.59480580	4.91409000
4.23999997	0.59480580	4.91409000
4.31999997	0.50630210	4.91409000
4.39999997	0.50630210	4.91409000
4.47999997	0.59480580	4.91409000
4.55999997	0.59480580	4.91409000
4.63999997	0.50630210	4.91409000
4.71999997	0.59480580	4.91409000
4.79999997	0.59480580	4.91409000
4.87999997	0.59480580	4.91409000
4.95999997	0.59480580	4.91409000
5.03999997	0.59480580	4.91409000
5.11999997	0.50630210	4.91409000
5.19999997	0.59480580	4.91409000
5.27999997	0.59480580	4.91409000
5.35999997	0.59480580	4.91409000
5.43999997	0.59480580	4.91409000
5.51999997	0.59480580	4.91409000
5.59999997	0.59480580	4.91409000
5.67999997	0.50630210	4.91409000
5.75999996	0.59480580	4.91409000
5.83999996	0.59480580	4.91409000
5.91999996	0.59480580	4.91409000
5.99999996	0.59480580	4.91409000
6.07999996	0.59480580	4.91409000
6.15999996	0.59480580	4.91409000
6.23999996	0.59480580	4.91409000
6.31999996	0.59480580	4.91409000
6.39999996	0.59480580	4.91409000
6.47999996	0.59480580	4.91409000
6.55999996	0.59480580	4.91409000
6.63999996	0.59480580	4.91409000
6.71999996	0.59480580	4.91409000
6.79999996	0.59480580	4.91409000
6.87999996	0.59480580	4.91409000
6.95999996	0.50630210	4.91409000
7.03999996	0.59480580	4.91409000
7.11999996	0.59480580	4.91409000
7.19999996	0.59480580	4.91409000
7.27999996	0.59480580	4.91409000
7.35999996	0.59480580	4.91409000
7.43999995	0.50630210	4.91409000
7.51999995	0.59480580	4.91409000
7.59999995	0.59480580	4.91409000
7.67999995	0.59480580	4.91409000
7.75999995	0.59480580	4.91409000
7.83999995	0.59480580	4.91409000
7.91999995	0.59480580	4.91409000
7.99999995	0.59480580	4.91409000
8.07999995	0.59480580	4.91409000
8.15999995	0.59480580	4.91409000
8.23999995	0.59480580	4.91409000
8.31999995	0.59480580	4.91409000
8.39999995	0.50630210	4.91409000
8.47999995	0.50630210	4.91409000
8.55999995	0.59480580	4.91409000
8.63999995	0.50630210	4.91409000
8.71999995	0.59480580	4.91409000
8.79999995	0.50630210	4.91409000
8.87999995	0.59480580	4.91409000
8.95999995	0.59480580	4.91409000
9.03999995	0.59480580	4.91409000
9.11999994	0.50630210	4.91409000
9.19999994	0.50630210	4.91409000
9.27999994	0.59480580	4.91409000
9.35999994	0.50630210	4.91409000
9.43999994	0.59480580	4.91409000
9.51999994	0.59480580	4.91409000
9.59999994	0.59480580	4.91409000
9.67999994	0.59480580	4.91409000
9.75999994	0.59480580	4.91409000
9.83999994	0.59480580	4.91409000
9.91999994	0.59480580	4.91409000
9.99999994	0.59480580	4.91409000
10.07999994	0.59480580	4.91409000
10.15999994	0.59480580	4.91409000
10.23999994	0.41749320	4.91409000
10.31999994	-0.38026060	4.91409000
10.39999994	-0.38026060	4.91409000
10.47999994	-0.38026060	4.91409000
10.55999994	-0.38026060	4.82619700
10.63999994	-0.29145180	4.47492900
10.71999993	1.30405600	1.75237300
10.79999993	4.93911600	1.48899800
10.87999993	4.76180300	0.52278210
10.95999993	4.93911600	0.61067540
11.03999993	4.93911600	0.69856870
11.11999993	4.93911600	0.69856870
11.19999993	4.93911600	0.69856870
11.27999993	4.93911600	0.69856870
11.35999993	4.93911600	0.69856870
11.43999993	4.93911600	0.69856870
11.51999993	4.93911600	0.69856870
11.59999993	4.93911600	0.69856870
11.67999993	4.93911600	0.69856870
11.75999993	4.85061200	0.69856870
11.83999993	4.93911600	0.69856870
11.91999993	4.85061200	0.69856870
11.99999993	4.93911600	0.69856870
12.07999993	4.93911600	0.69856870
12.15999993	4.93911600	0.69856870
12.23999993	4.93911600	0.69856870
12.31999993	4.93911600	0.61067540
12.39999992	4.93911600	0.69856870
12.47999992	4.93911600	0.69856870
12.55999992	4.93911600	0.69856870
12.63999992	4.93911600	0.69856870
12.71999992	4.93911600	0.69856870
12.79999992	4.93911600	0.69856870
12.87999992	4.93911600	0.69856870
12.95999992	4.93911600	0.69856870
13.03999992	4.93911600	0.69856870
13.11999992	4.93911600	0.69856870
13.19999992	4.93911600	0.61067540
13.27999992	4.93911600	0.61067540
13.35999992	4.93911600	0.61067540
13.43999992	4.93911600	0.61067540
13.51999992	4.93911600	0.61067540
13.59999992	4.93911600	0.69856870
13.67999992	4.93911600	0.61067540
13.75999992	4.93911600	0.69856870
13.83999992	4.93911600	0.69856870
13.91999992	4.93911600	0.61067540
13.99999991	4.93911600	0.69856870
14.07999991	4.93911600	0.61067540
14.15999991	4.93911600	0.69856870
14.23999991	4.93911600	0.61067540
14.31999991	4.93911600	0.61067540
14.39999991	4.93911600	0.69856870
14.47999991	4.93911600	0.61067540
14.55999991	4.93911600	0.61067540
14.63999991	4.93911600	0.61067540
14.71999991	4.93911600	0.61067540
14.79999991	4.93911600	0.61067540
14.87999991	4.93911600	0.69856870
14.95999991	4.93911600	0.61067540
15.03999991	4.93911600	0.61067540
15.11999991	4.93911600	0.61067540
15.19999991	4.93911600	0.61067540
15.27999991	4.93911600	0.61067540
15.35999991	4.93911600	0.61067540
15.43999991	4.93911600	0.61067540
15.51999991	4.93911600	0.69856870
15.59999991	4.93911600	0.61067540
15.67999990	4.93911600	0.61067540
15.75999990	4.93911600	0.61067540
15.83999990	4.93911600	0.69856870
15.91999990	4.93911600	0.61067540
15.99999990	4.93911600	0.61067540
16.07999990	4.93911600	0.61067540
16.15999990	4.93911600	0.61067540
16.23999990	4.93911600	0.69856870
16.31999990	4.93911600	0.69856870
16.39999990	4.93911600	0.61067540
16.47999990	4.93911600	0.61067540
16.55999990	4.85061200	0.61067540
16.63999990	4.93911600	0.61067540
16.71999990	4.93911600	0.61067540
16.79999990	4.93911600	0.61067540
16.87999990	4.93911600	0.61067540
16.95999990	4.93911600	0.69856870
17.03999990	4.93911600	0.61067540
17.11999990	4.93911600	0.61067540
17.19999990	4.93911600	0.61067540
17.27999989	4.93911600	0.61067540
17.35999989	4.93911600	0.61067540
17.43999989	4.93911600	0.61067540
17.51999989	4.93911600	0.61067540
17.59999989	4.93911600	0.61067540
17.67999989	4.93911600	0.61067540
17.75999989	4.93911600	0.61067540
17.83999989	4.93911600	0.61067540
17.91999989	4.93911600	0.61067540
17.99999989	4.93911600	0.61067540
18.07999989	4.93911600	0.61067540
18.15999989	4.93911600	0.61067540
18.23999989	4.93911600	0.61067540
18.31999989	4.93911600	0.61067540
18.39999989	4.93911600	0.61067540
18.47999989	4.93911600	0.61067540
18.55999989	4.93911600	0.61067540
18.63999989	4.93911600	0.61067540
18.71999989	4.93911600	0.61067540
18.79999989	4.93911600	0.61067540
18.87999989	4.93911600	0.61067540
18.95999988	4.93911600	0.61067540
19.03999988	4.93911600	0.61067540
19.11999988	4.93911600	0.61067540
19.19999988	4.93911600	0.61067540
19.27999988	4.93911600	0.61067540
19.35999988	4.93911600	0.61067540
19.43999988	4.93911600	0.61067540
19.51999988	4.93911600	0.61067540
19.59999988	4.93911600	0.61067540
19.67999988	4.93911600	0.61067540
19.75999988	4.93911600	0.61067540
19.83999988	4.93911600	0.61067540
19.91999988	4.93911600	0.61067540
19.99999988	4.93911600	0.61067540
20.07999988	4.93911600	0.61067540
20.15999988	4.93911600	0.61067540
20.23999988	4.93911600	0.61067540
20.31999988	4.93911600	0.61067540
20.39999988	4.93911600	0.61067540
20.47999988	4.93911600	0.61067540
20.55999988	4.93911600	0.61067540
20.63999987	4.93911600	0.61067540
20.71999987	4.93911600	0.61067540
20.79999987	4.93911600	0.61067540
20.87999987	4.93911600	0.61067540
20.95999987	4.93911600	0.61067540
21.03999987	4.93911600	0.61067540
21.11999987	4.93911600	0.61067540
21.19999987	4.93911600	0.61067540
21.27999987	4.93911600	0.61067540
21.35999987	4.93911600	0.61067540
21.43999987	4.93911600	0.61067540
21.51999987	4.93911600	0.61067540
21.59999987	4.93911600	0.61067540
21.67999987	4.93911600	0.61067540
21.75999987	4.93911600	0.61067540
21.83999987	4.85061200	0.61067540
21.91999987	4.93911600	0.61067540
21.99999987	4.93911600	0.61067540
22.07999987	4.93911600	0.61067540
22.15999987	4.93911600	0.61067540
22.23999986	4.93911600	0.61067540
22.31999986	4.93911600	0.61067540
22.39999986	4.93911600	0.61067540
22.47999986	4.93911600	0.61067540
22.55999986	4.93911600	0.61067540
22.63999986	4.85061200	0.61067540
22.71999986	4.93911600	0.61067540
22.79999986	4.93911600	0.61067540
22.87999986	4.93911600	0.61067540
22.95999986	4.93911600	0.61067540
23.03999986	4.85061200	0.61067540
23.11999986	4.93911600	0.61067540
23.19999986	4.85061200	0.61067540
23.27999986	4.85061200	0.61067540
23.35999986	4.93911600	0.61067540
23.43999986	4.93911600	0.61067540
23.51999986	4.93911600	0.61067540
23.59999986	4.93911600	0.61067540
23.67999986	4.93911600	0.61067540
23.75999986	4.93911600	0.61067540
23.83999986	4.93911600	0.61067540
23.91999985	4.93911600	0.61067540
23.99999985	4.93911600	0.61067540
24.07999985	4.93911600	0.61067540
24.15999985	4.93911600	0.61067540
24.23999985	4.93911600	0.61067540
24.31999985	4.93911600	0.61067540
24.39999985	4.93911600	0.61067540
24.47999985	4.93911600	0.61067540
24.55999985	4.93911600	0.61067540
24.63999985	4.93911600	0.61067540
24.71999985	4.93911600	0.61067540
24.79999985	4.93911600	0.61067540
24.87999985	4.93911600	0.61067540
24.95999985	4.93911600	0.61067540
25.03999985	4.93911600	0.61067540
25.11999985	4.93911600	0.61067540
25.19999985	4.93911600	0.61067540
25.27999985	4.93911600	0.61067540
25.35999985	4.93911600	0.61067540
25.43999985	4.93911600	0.61067540
25.51999984	4.85061200	0.61067540
25.59999984	4.93911600	0.61067540
25.67999984	4.93911600	0.61067540
25.75999984	4.93911600	0.61067540
25.83999984	4.93911600	0.61067540
25.91999984	4.93911600	0.61067540
25.99999984	4.93911600	0.61067540
26.07999984	4.93911600	0.61067540
26.15999984	4.93911600	0.61067540
26.23999984	4.93911600	0.61067540
26.31999984	4.93911600	0.61067540
26.39999984	4.93911600	0.61067540
26.47999984	4.93911600	0.61067540
26.55999984	4.93911600	0.61067540
26.63999984	4.93911600	0.61067540
26.71999984	4.93911600	0.61067540
26.79999984	4.93911600	0.61067540
26.87999984	4.93911600	0.61067540
26.95999984	4.93911600	0.61067540
27.03999984	4.93911600	0.61067540
27.11999984	4.93911600	0.61067540
27.19999983	4.93911600	0.61067540
27.27999983	4.93911600	0.61067540
27.35999983	4.93911600	0.61067540
27.43999983	4.93911600	0.61067540
27.51999983	4.93911600	0.61067540
27.59999983	4.93911600	0.61067540
27.67999983	4.93911600	0.61067540
27.75999983	4.93911600	0.61067540
27.83999983	4.93911600	0.61067540
27.91999983	4.85061200	0.61067540
27.99999983	4.93911600	0.61067540
28.07999983	4.93911600	0.61067540
28.15999983	4.93911600	0.61067540
28.23999983	4.93911600	0.61067540
28.31999983	4.93911600	0.61067540
28.39999983	4.93911600	0.61067540
28.47999983	4.93911600	0.61067540
28.55999983	4.93911600	0.61067540
28.63999983	4.93911600	0.61067540
28.71999983	4.93911600	0.61067540
28.79999982	4.93911600	0.61067540
28.87999982	4.93911600	0.61067540
28.95999982	4.93911600	0.61067540
29.03999982	4.93911600	0.61067540
29.11999982	4.93911600	0.61067540
29.19999982	4.93911600	0.61067540
29.27999982	4.93911600	0.61067540
29.35999982	4.93911600	0.61067540
29.43999982	4.93911600	0.61067540
29.51999982	4.93911600	0.61067540
29.59999982	4.93911600	0.61067540
29.67999982	4.93911600	0.61067540
29.75999982	4.93911600	0.61067540
29.83999982	4.93911600	0.61067540
29.91999982	4.93911600	0.61067540
29.99999982	4.93911600	0.61067540
30.07999982	4.93911600	0.61067540
30.15999982	4.93911600	0.61067540
30.23999982	4.93911600	0.61067540
30.31999982	4.93911600	0.61067540
30.39999982	4.93911600	0.61067540
30.47999981	4.93911600	0.61067540
30.55999981	4.93911600	0.61067540
30.63999981	4.93911600	0.61067540
30.71999981	4.85061200	-0.53071690
30.79999981	4.93911600	-0.35493030
30.87999981	4.93911600	-0.26734220
30.95999981	4.76180300	-0.26734220
31.03999981	4.49598700	-0.26734220
31.11999981	2.19061900	0.08392590
31.19999981	1.21555200	4.38703600
31.27999981	0.32898950	4.91409000
31.35999981	0.41749320	4.82619700
31.43999981	0.50630210	4.73830400
31.51999981	0.50630210	4.82619700
31.59999981	0.50630210	4.82619700
31.67999981	0.50630210	4.82619700
31.75999981	0.59480580	4.82619700
31.83999981	0.50630210	4.82619700
31.91999981	0.59480580	4.82619700
31.99999981	0.59480580	4.82619700
32.07999981	0.59480580	4.82619700
32.15999980	0.59480580	4.82619700
32.23999980	0.50630210	4.82619700
32.31999980	0.59480580	4.82619700
32.39999980	0.59480580	4.82619700
32.47999980	0.50630210	4.82619700
32.55999980	0.59480580	4.91409000
32.63999980	0.59480580	4.82619700
32.71999980	0.59480580	4.82619700
32.79999980	0.50630210	4.91409000
32.87999980	0.50630210	4.91409000
32.95999980	0.50630210	4.82619700
33.03999980	0.59480580	4.82619700
33.11999980	0.59480580	4.82619700
33.19999980	0.50630210	4.82619700
33.27999980	0.50630210	4.82619700
33.35999980	0.59480580	4.82619700
33.43999980	0.50630210	4.91409000
33.51999980	0.59480580	4.91409000
33.59999980	0.59480580	4.91409000
33.67999980	0.50630210	4.82619700
33.75999979	0.50630210	4.91409000
33.83999979	0.50630210	4.82619700
33.91999979	0.50630210	4.91409000
33.99999979	0.50630210	4.82619700
34.07999979	0.50630210	4.82619700
34.15999979	0.59480580	4.91409000
34.23999979	0.59480580	4.91409000
34.31999979	0.59480580	4.82619700
34.39999979	0.50630210	4.91409000
34.47999979	0.50630210	4.91409000
34.55999979	0.50630210	4.82619700
34.63999979	0.50630210	4.91409000
34.71999979	0.59480580	4.82619700
34.79999979	0.50630210	4.91409000
34.87999979	0.59480580	4.91409000
34.95999979	0.50630210	4.91409000
35.03999979	0.59480580	4.91409000
35.11999979	0.50630210	4.91409000
35.19999979	0.50630210	4.91409000
35.27999979	0.59480580	4.91409000
35.35999979	0.59480580	4.82619700
35.43999978	0.59480580	4.91409000
35.51999978	0.50630210	4.91409000
35.59999978	0.59480580	4.91409000
35.67999978	0.50630210	4.91409000
35.75999978	0.50630210	4.91409000
35.83999978	0.59480580	4.91409000
35.91999978	0.59480580	4.91409000
35.99999978	0.50630210	4.91409000
36.07999978	0.59480580	4.91409000
36.15999978	0.59480580	4.91409000
36.23999978	0.59480580	4.91409000
36.31999978	0.59480580	4.82619700
36.39999978	0.50630210	4.91409000
36.47999978	0.50630210	4.91409000
36.55999978	0.59480580	4.91409000
36.63999978	0.59480580	4.82619700
36.71999978	0.59480580	4.91409000
36.79999978	0.59480580	4.91409000
36.87999978	0.59480580	4.91409000
36.95999978	0.50630210	4.91409000
37.03999977	0.59480580	4.91409000
37.11999977	0.59480580	4.91409000
37.19999977	0.50630210	4.91409000
37.27999977	0.59480580	4.91409000
37.35999977	0.50630210	4.91409000
37.43999977	0.59480580	4.91409000
37.51999977	0.59480580	4.91409000
37.59999977	0.59480580	4.91409000
37.67999977	0.59480580	4.91409000
37.75999977	0.59480580	4.91409000
37.83999977	0.50630210	4.91409000
37.91999977	0.50630210	4.91409000
37.99999977	0.59480580	4.91409000
38.07999977	0.50630210	4.91409000
38.15999977	0.59480580	4.91409000
38.23999977	0.59480580	4.91409000
38.31999977	0.50630210	4.91409000
38.39999977	0.50630210	4.91409000
38.47999977	0.59480580	4.91409000
38.55999977	0.59480580	4.91409000
38.63999977	0.59480580	4.91409000
38.71999976	0.50630210	4.91409000
38.79999976	0.50630210	4.91409000
38.87999976	0.59480580	4.91409000
38.95999976	0.59480580	4.91409000
39.03999976	0.50630210	4.91409000
39.11999976	0.50630210	4.91409000
39.19999976	0.59480580	4.91409000
39.27999976	0.59480580	4.91409000
39.35999976	0.59480580	4.91409000
39.43999976	0.50630210	4.91409000
39.51999976	0.59480580	4.91409000
39.59999976	0.59480580	4.91409000
39.67999976	0.50630210	4.91409000
39.75999976	0.59480580	4.91409000
39.83999976	0.59480580	4.91409000
39.91999976	0.50630210	4.91409000
39.99999976	0.59480580	4.91409000
40.07999976	0.59480580	4.91409000
40.15999976	0.59480580	4.91409000
40.23999976	0.59480580	4.91409000
40.31999975	0.59480580	4.91409000
40.39999975	0.59480580	4.91409000
40.47999975	0.59480580	4.91409000
40.55999975	0.59480580	4.91409000
40.63999975	0.59480580	4.91409000
40.71999975	0.59480580	4.91409000
40.79999975	0.50630210	4.91409000
40.87999975	0.50630210	4.91409000
40.95999975	0.59480580	4.91409000
41.03999975	0.59480580	4.91409000
41.11999975	0.59480580	4.91409000
41.19999975	0.59480580	4.91409000
41.27999975	0.50630210	4.91409000
41.35999975	0.59480580	4.91409000
41.43999975	0.59480580	4.91409000
41.51999975	0.50630210	4.91409000
41.59999975	0.59480580	4.91409000
41.67999975	0.59480580	4.91409000
41.75999975	0.59480580	4.91409000
41.83999975	0.59480580	4.91409000
41.91999975	0.59480580	4.91409000
41.99999974	0.59480580	4.91409000
42.07999974	0.59480580	4.91409000
42.15999974	0.59480580	4.91409000
42.23999974	0.59480580	4.91409000
42.31999974	0.59480580	4.91409000
42.39999974	0.59480580	4.91409000
42.47999974	0.59480580	4.91409000
42.55999974	0.59480580	4.91409000
42.63999974	0.59480580	4.91409000
42.71999974	0.59480580	4.91409000
42.79999974	0.59480580	4.91409000
42.87999974	0.50630210	4.91409000
42.95999974	0.59480580	4.91409000
43.03999974	0.59480580	4.91409000
43.11999974	0.59480580	4.91409000
43.19999974	0.59480580	4.91409000
43.27999974	0.59480580	4.91409000
43.35999974	0.59480580	4.91409000
43.43999974	0.59480580	4.91409000
43.51999974	0.59480580	4.91409000
43.59999974	0.50630210	4.91409000
43.67999973	0.59480580	4.91409000
43.75999973	0.59480580	4.91409000
43.83999973	0.59480580	4.91409000
43.91999973	0.50630210	4.91409000
43.99999973	0.50630210	4.91409000
44.07999973	0.59480580	4.91409000
44.15999973	0.59480580	4.91409000
44.23999973	0.50630210	4.91409000
44.31999973	0.59480580	4.91409000
44.39999973	0.59480580	4.91409000
44.47999973	0.59480580	4.91409000
44.55999973	0.59480580	4.91409000
44.63999973	0.50630210	4.91409000
44.71999973	0.59480580	4.91409000
44.79999973	0.59480580	4.91409000
44.87999973	0.59480580	4.91409000
44.95999973	0.59480580	4.91409000
45.03999973	0.59480580	4.91409000
45.11999973	0.59480580	4.91409000
45.19999973	0.59480580	4.91409000
45.27999972	0.59480580	4.91409000
45.35999972	0.50630210	4.91409000
45.43999972	0.59480580	4.91409000
45.51999972	0.50630210	4.91409000
45.59999972	0.50630210	4.91409000
45.67999972	0.59480580	4.91409000
45.75999972	0.59480580	4.91409000
45.83999972	0.59480580	4.91409000
45.91999972	0.59480580	4.91409000
45.99999972	0.59480580	4.91409000
46.07999972	0.59480580	4.91409000
46.15999972	0.59480580	4.91409000
46.23999972	0.50630210	4.91409000
46.31999972	0.59480580	5.00167800
46.39999972	0.59480580	4.91409000
46.47999972	0.59480580	4.91409000
46.55999972	0.50630210	4.91409000
46.63999972	0.59480580	4.91409000
46.71999972	0.59480580	4.91409000
46.79999972	0.59480580	4.91409000
46.87999972	0.59480580	4.91409000
46.95999971	0.59480580	4.91409000
47.03999971	0.59480580	4.91409000
47.11999971	0.59480580	4.91409000
47.19999971	0.59480580	4.91409000
47.27999971	0.59480580	4.91409000
47.35999971	0.59480580	4.91409000
47.43999971	0.59480580	4.91409000
47.51999971	0.59480580	4.91409000
47.59999971	0.59480580	4.91409000
47.67999971	0.59480580	4.91409000
47.75999971	0.59480580	4.91409000
47.83999971	0.59480580	4.91409000
47.91999971	0.59480580	4.91409000
47.99999971	0.59480580	4.91409000
48.07999971	0.50630210	4.91409000
48.15999971	0.59480580	4.91409000
48.23999971	0.59480580	4.91409000
48.31999971	0.59480580	4.91409000
48.39999971	0.50630210	4.91409000
48.47999971	0.50630210	4.91409000
48.55999970	0.59480580	4.91409000
48.63999970	0.59480580	4.91409000
48.71999970	0.59480580	4.91409000
48.79999970	0.59480580	4.91409000
48.87999970	0.59480580	4.91409000
48.95999970	0.59480580	4.91409000
49.03999970	0.59480580	4.91409000
49.11999970	0.59480580	4.91409000
49.19999970	0.59480580	4.91409000
49.27999970	0.59480580	4.91409000
49.35999970	0.59480580	4.91409000
49.43999970	0.59480580	4.91409000
49.51999970	0.50630210	4.91409000
49.59999970	0.59480580	4.91409000
49.67999970	0.50630210	5.00167800
49.75999970	0.59480580	4.91409000
49.83999970	0.59480580	4.91409000
49.91999970	0.59480580	4.91409000
49.99999970	0.50630210	4.91409000
50.07999970	0.59480580	4.91409000
50.15999970	0.59480580	4.91409000
50.23999969	0.59480580	4.91409000
50.31999969	0.59480580	4.91409000
50.39999969	0.50630210	4.91409000
50.47999969	0.59480580	4.91409000
50.55999969	0.50630210	4.91409000
50.63999969	0.59480580	4.91409000
50.71999969	0.59480580	4.91409000
50.79999969	0.59480580	4.91409000
50.87999969	0.59480580	4.91409000
50.95999969	0.59480580	4.91409000
51.03999969	0.59480580	4.91409000
51.11999969	0.50630210	4.91409000
51.19999969	-0.38026060	4.91409000
51.27999969	-0.38026060	4.91409000
51.35999969	-0.46876430	4.91409000
51.43999969	-0.38026060	4.82619700
51.51999969	-0.29145180	4.56282200
51.59999969	0.86092720	1.92815900
51.67999969	4.76180300	1.57689100
51.75999969	4.76180300	0.52278210
51.83999968	4.93911600	0.69856870
51.91999968	4.93911600	0.69856870
51.99999968	4.93911600	0.69856870
52.07999968	4.93911600	0.69856870
52.15999968	4.93911600	0.69856870
52.23999968	4.93911600	0.69856870
52.31999968	4.93911600	0.69856870
52.39999968	4.93911600	0.69856870
52.47999968	4.93911600	0.69856870
52.55999968	4.93911600	0.69856870
52.63999968	4.93911600	0.69856870
52.71999968	4.93911600	0.61067540
52.79999968	4.93911600	0.69856870
52.87999968	4.93911600	0.61067540
52.95999968	4.93911600	0.69856870
53.03999968	4.93911600	0.69856870
53.11999968	4.93911600	0.69856870
53.19999968	4.93911600	0.61067540
53.27999968	4.93911600	0.61067540
53.35999968	4.93911600	0.69856870
53.43999968	4.93911600	0.61067540
53.51999967	4.93911600	0.69856870
53.59999967	4.93911600	0.69856870
53.67999967	4.93911600	0.61067540
53.75999967	4.93911600	0.69856870
53.83999967	4.93911600	0.69856870
53.91999967	4.93911600	0.69856870
53.99999967	4.93911600	0.69856870
54.07999967	4.93911600	0.69856870
54.15999967	4.93911600	0.61067540
54.23999967	4.93911600	0.61067540
54.31999967	4.85061200	0.69856870
54.39999967	4.93911600	0.61067540
54.47999967	4.93911600	0.61067540
54.55999967	4.93911600	0.69856870
54.63999967	4.93911600	0.61067540
54.71999967	4.93911600	0.61067540
54.79999967	4.93911600	0.69856870
54.87999967	4.93911600	0.61067540
54.95999967	4.93911600	0.61067540
55.03999967	4.93911600	0.61067540
55.11999967	4.93911600	0.61067540
55.19999966	4.93911600	0.61067540
55.27999966	4.93911600	0.61067540
55.35999966	4.93911600	0.61067540
55.43999966	4.93911600	0.61067540
55.51999966	4.93911600	0.61067540
55.59999966	4.93911600	0.61067540
55.67999966	4.93911600	0.61067540
55.75999966	4.93911600	0.61067540
55.83999966	4.93911600	0.61067540
55.91999966	4.93911600	0.61067540
55.99999966	4.93911600	0.61067540
56.07999966	4.93911600	0.61067540
56.15999966	4.93911600	0.61067540
56.23999966	4.93911600	0.61067540
56.31999966	4.93911600	0.61067540
56.39999966	4.93911600	0.61067540
56.47999966	4.93911600	0.61067540
56.55999966	4.93911600	0.61067540
56.63999966	4.93911600	0.61067540
56.71999966	4.93911600	0.69856870
56.79999965	4.93911600	0.61067540
56.87999965	4.93911600	0.61067540
56.95999965	4.93911600	0.61067540
57.03999965	4.93911600	0.61067540
57.11999965	4.93911600	0.61067540
57.19999965	4.93911600	0.61067540
57.27999965	4.93911600	0.61067540
57.35999965	4.93911600	0.61067540
57.43999965	4.93911600	0.61067540
57.51999965	4.93911600	0.61067540
57.59999965	4.93911600	0.61067540
57.67999965	4.93911600	0.61067540
57.75999965	4.93911600	0.61067540
57.83999965	4.93911600	0.61067540
57.91999965	4.93911600	0.61067540
57.99999965	4.93911600	0.61067540
58.07999965	4.93911600	0.61067540
58.15999965	4.93911600	0.61067540
58.23999965	4.93911600	0.61067540
58.31999965	4.93911600	0.61067540
58.39999965	4.93911600	0.61067540
58.47999964	4.93911600	0.61067540
58.55999964	4.93911600	0.61067540
58.63999964	4.93911600	0.61067540
58.71999964	4.93911600	0.61067540
58.79999964	4.93911600	0.61067540
58.87999964	4.93911600	0.61067540
58.95999964	4.93911600	0.61067540
59.03999964	4.93911600	0.61067540
59.11999964	4.93911600	0.61067540
59.19999964	4.93911600	0.61067540
59.27999964	4.93911600	0.61067540
59.35999964	4.93911600	0.61067540
59.43999964	4.93911600	0.61067540
59.51999964	4.85061200	0.61067540
59.59999964	4.93911600	0.61067540
59.67999964	4.93911600	0.61067540
59.75999964	4.93911600	0.61067540
59.83999964	4.93911600	0.61067540
59.91999964	4.93911600	0.61067540
59.99999964	4.93911600	0.61067540
60.07999963	4.93911600	0.61067540
60.15999963	4.93911600	0.61067540
60.23999963	4.93911600	0.61067540
60.31999963	4.93911600	0.61067540
60.39999963	4.93911600	0.61067540
60.47999963	4.93911600	0.61067540
60.55999963	4.93911600	0.61067540
60.63999963	4.93911600	0.61067540
60.71999963	4.93911600	0.61067540
60.79999963	4.93911600	0.61067540
60.87999963	4.93911600	0.61067540
60.95999963	4.93911600	0.61067540
61.03999963	4.93911600	0.61067540
61.11999963	4.93911600	0.61067540
61.19999963	4.93911600	0.61067540
61.27999963	4.93911600	0.61067540
61.35999963	4.93911600	0.61067540
61.43999963	4.93911600	0.61067540
61.51999963	4.93911600	0.61067540
61.59999963	4.93911600	0.61067540
61.67999963	4.93911600	0.61067540
61.75999962	4.93911600	0.61067540
61.83999962	4.93911600	0.61067540
61.91999962	4.93911600	0.61067540
61.99999962	4.93911600	0.61067540
62.07999962	4.93911600	0.61067540
62.15999962	4.93911600	0.61067540
62.23999962	4.93911600	0.61067540
62.31999962	4.93911600	0.61067540
62.39999962	4.93911600	0.61067540
62.47999962	4.93911600	0.61067540
62.55999962	4.93911600	0.61067540
62.63999962	4.93911600	0.61067540
62.71999962	4.93911600	0.61067540
62.79999962	4.93911600	0.61067540
62.87999962	4.93911600	0.61067540
62.95999962	4.93911600	0.61067540
63.03999962	4.93911600	0.61067540
63.11999962	4.93911600	0.61067540
63.19999962	4.93911600	0.61067540
63.27999962	4.93911600	0.61067540
63.35999961	4.93911600	0.61067540
63.43999961	4.93911600	0.61067540
63.51999961	4.93911600	0.61067540
63.59999961	4.93911600	0.61067540
63.67999961	4.93911600	0.61067540
63.75999961	4.93911600	0.61067540
63.83999961	4.93911600	0.61067540
63.91999961	4.85061200	0.69856870
63.99999961	4.93911600	0.61067540
64.07999961	4.93911600	0.61067540
64.15999961	4.93911600	0.61067540
64.23999961	4.93911600	0.61067540
64.31999961	4.93911600	0.61067540
64.39999961	4.93911600	0.61067540
64.47999961	4.93911600	0.61067540
64.55999961	4.85061200	0.61067540
64.63999961	4.93911600	0.61067540
64.71999961	4.93911600	0.61067540
64.79999961	4.93911600	0.61067540
64.87999961	4.85061200	0.61067540
64.95999961	4.93911600	0.61067540
65.03999960	4.93911600	0.61067540
65.11999960	4.93911600	0.61067540
65.19999960	4.93911600	0.61067540
65.27999960	4.93911600	0.61067540
65.35999960	4.93911600	0.61067540
65.43999960	4.93911600	0.61067540
65.51999960	4.93911600	0.61067540
65.59999960	4.93911600	0.61067540
65.67999960	4.93911600	0.61067540
65.75999960	4.93911600	0.61067540
65.83999960	4.93911600	0.61067540
65.91999960	4.93911600	0.61067540
65.99999960	4.93911600	0.61067540
66.07999960	4.93911600	0.61067540
66.15999960	4.93911600	0.61067540
66.23999960	4.93911600	0.61067540
66.31999960	4.93911600	0.61067540
66.39999960	4.93911600	0.61067540
66.47999960	4.93911600	0.61067540
66.55999960	4.93911600	0.61067540
66.63999959	4.93911600	0.61067540
66.71999959	4.93911600	0.61067540
66.79999959	4.93911600	0.61067540
66.87999959	4.93911600	0.61067540
66.95999959	4.93911600	0.61067540
67.03999959	4.93911600	0.61067540
67.11999959	4.93911600	0.61067540
67.19999959	4.93911600	0.61067540
67.27999959	4.93911600	0.61067540
67.35999959	4.93911600	0.61067540
67.43999959	4.93911600	0.61067540
67.51999959	4.93911600	0.61067540
67.59999959	4.93911600	0.61067540
67.67999959	4.93911600	0.61067540
67.75999959	4.93911600	0.61067540
67.83999959	4.93911600	0.61067540
67.91999959	4.85061200	0.61067540
67.99999959	4.93911600	0.61067540
68.07999959	4.93911600	0.61067540
68.15999959	4.93911600	0.61067540
68.23999959	4.85061200	0.61067540
68.31999958	4.93911600	0.61067540
68.39999958	4.93911600	0.61067540
68.47999958	4.93911600	0.61067540
68.55999958	4.93911600	0.61067540
68.63999958	4.93911600	0.61067540
68.71999958	4.93911600	0.61067540
68.79999958	4.93911600	0.61067540
68.87999958	4.93911600	0.61067540
68.95999958	4.85061200	0.61067540
69.03999958	4.85061200	0.61067540
69.11999958	4.93911600	0.61067540
69.19999958	4.93911600	0.61067540
69.27999958	4.93911600	0.61067540
69.35999958	4.93911600	0.61067540
69.43999958	4.93911600	0.61067540
69.51999958	4.93911600	0.61067540
69.59999958	4.93911600	0.61067540
69.67999958	4.93911600	0.61067540
69.75999958	4.93911600	0.61067540
69.83999958	4.93911600	0.61067540
69.91999958	4.93911600	0.61067540
69.99999957	4.93911600	0.61067540
70.07999957	4.93911600	0.61067540
70.15999957	4.93911600	0.61067540
70.23999957	4.93911600	0.61067540
70.31999957	4.85061200	0.61067540
70.39999957	4.93911600	0.61067540
70.47999957	4.93911600	0.61067540
70.55999957	4.93911600	0.61067540
70.63999957	4.93911600	0.61067540
70.71999957	4.93911600	0.61067540
70.79999957	4.85061200	0.61067540
70.87999957	4.85061200	0.61067540
70.95999957	4.93911600	0.61067540
71.03999957	4.93911600	0.61067540
71.11999957	4.93911600	0.61067540
71.19999957	4.93911600	0.61067540
71.27999957	4.93911600	0.61067540
71.35999957	4.93911600	0.61067540
71.43999957	4.85061200	0.61067540
71.51999957	4.93911600	0.61067540
71.59999956	4.85061200	-0.53071690
71.67999956	4.93911600	-0.35493030
71.75999956	4.93911600	-0.26734220
71.83999956	4.76180300	-0.26734220
71.91999956	4.49598700	-0.35493030
71.99999956	2.01330600	0.17151400
72.07999956	1.03824000	5.00167800
72.15999956	0.41749320	5.00167800
72.23999956	0.50630210	4.91409000
72.31999956	0.50630210	4.73830400
72.39999956	0.50630210	4.82619700
72.47999956	0.50630210	4.82619700
72.55999956	0.59480580	4.82619700
72.63999956	0.59480580	4.82619700
72.71999956	0.50630210	4.82619700
72.79999956	0.50630210	4.82619700
72.87999956	0.59480580	4.82619700
72.95999956	0.59480580	4.82619700
73.03999956	0.59480580	4.82619700
73.11999956	0.50630210	4.82619700
73.19999956	0.50630210	4.82619700
73.27999955	0.50630210	4.82619700
73.35999955	0.50630210	4.91409000
73.43999955	0.59480580	4.82619700
73.51999955	0.59480580	4.82619700
73.59999955	0.50630210	4.82619700
73.67999955	0.59480580	4.82619700
73.75999955	0.59480580	4.91409000
73.83999955	0.50630210	4.91409000
73.91999955	0.59480580	4.82619700
73.99999955	0.50630210	4.91409000
74.07999955	0.50630210	4.82619700
74.15999955	0.50630210	4.91409000
74.23999955	0.50630210	4.82619700
74.31999955	0.59480580	4.91409000
74.39999955	0.59480580	4.91409000
74.47999955	0.50630210	4.82619700
74.55999955	0.50630210	4.91409000
74.63999955	0.59480580	4.91409000
74.71999955	0.50630210	4.82619700
74.79999955	0.50630210	4.82619700
74.87999954	0.59480580	4.82619700
74.95999954	0.59480580	4.91409000
75.03999954	0.50630210	4.91409000
75.11999954	0.59480580	4.82619700
75.19999954	0.50630210	4.91409000
75.27999954	0.50630210	4.91409000
75.35999954	0.59480580	4.91409000
75.43999954	0.59480580	4.91409000
75.51999954	0.59480580	4.82619700
75.59999954	0.59480580	4.91409000
75.67999954	0.50630210	4.91409000
75.75999954	0.59480580	4.91409000
75.83999954	0.50630210	4.91409000
75.91999954	0.50630210	4.91409000
75.99999954	0.50630210	4.91409000
76.07999954	0.59480580	4.91409000
76.15999954	0.50630210	4.91409000
76.23999954	0.59480580	4.91409000
76.31999954	0.59480580	4.91409000
76.39999954	0.50630210	4.91409000
76.47999954	0.50630210	4.91409000
76.55999953	0.59480580	4.91409000
76.63999953	0.59480580	4.91409000
76.71999953	0.59480580	4.91409000
76.79999953	0.50630210	4.91409000
76.87999953	0.50630210	4.91409000
76.95999953	0.59480580	4.91409000
77.03999953	0.59480580	4.91409000
77.11999953	0.59480580	4.91409000
77.19999953	0.59480580	4.91409000
77.27999953	0.59480580	4.91409000
77.35999953	0.59480580	4.91409000
77.43999953	0.59480580	4.91409000
77.51999953	0.59480580	4.91409000
77.59999953	0.59480580	4.91409000
77.67999953	0.59480580	4.91409000
77.75999953	0.50630210	4.91409000
77.83999953	0.59480580	4.91409000
77.91999953	0.59480580	4.91409000
77.99999953	0.50630210	4.91409000
78.07999953	0.50630210	4.91409000
78.15999952	0.50630210	4.91409000
78.23999952	0.59480580	4.91409000
78.31999952	0.50630210	4.91409000
78.39999952	0.59480580	4.91409000
78.47999952	0.59480580	4.91409000
78.55999952	0.59480580	4.91409000
78.63999952	0.59480580	4.91409000
78.71999952	0.59480580	4.91409000
78.79999952	0.59480580	4.91409000
78.87999952	0.50630210	4.91409000
78.95999952	0.59480580	4.91409000
79.03999952	0.59480580	4.91409000
79.11999952	0.59480580	4.91409000
79.19999952	0.59480580	4.91409000
79.27999952	0.59480580	4.91409000
79.35999952	0.59480580	4.91409000
79.43999952	0.59480580	4.91409000
79.51999952	0.59480580	4.91409000
79.59999952	0.59480580	4.91409000
79.67999952	0.59480580	4.91409000
79.75999952	0.50630210	4.91409000
79.83999951	0.50630210	4.91409000
79.91999951	0.59480580	4.91409000
79.99999951	0.50630210	4.91409000
80.07999951	0.59480580	4.91409000
80.15999951	0.59480580	4.91409000
80.23999951	0.59480580	4.91409000
80.31999951	0.50630210	4.91409000
80.39999951	0.59480580	4.91409000
80.47999951	0.50630210	4.91409000
80.55999951	0.59480580	4.91409000
80.63999951	0.59480580	4.91409000
80.71999951	0.59480580	4.91409000
80.79999951	0.50630210	4.91409000
80.87999951	0.50630210	4.91409000
80.95999951	0.59480580	4.91409000
81.03999951	0.59480580	4.91409000
81.11999951	0.59480580	4.91409000
81.19999951	0.59480580	4.91409000
81.27999951	0.59480580	4.91409000
81.35999951	0.50630210	4.91409000
81.43999951	0.59480580	4.91409000
81.51999950	0.59480580	4.91409000
81.59999950	0.50630210	4.91409000
81.67999950	0.59480580	4.91409000
81.75999950	0.59480580	4.91409000
81.83999950	0.59480580	4.91409000
81.91999950	0.59480580	4.91409000
81.99999950	0.59480580	4.91409000
82.07999950	0.59480580	4.91409000
82.15999950	0.59480580	4.91409000
82.23999950	0.50630210	4.91409000
82.31999950	0.59480580	4.91409000
82.39999950	0.59480580	4.91409000
82.47999950	0.59480580	4.91409000
82.55999950	0.59480580	4.91409000
82.63999950	0.59480580	4.91409000
82.71999950	0.59480580	4.91409000
82.79999950	0.59480580	4.91409000
82.87999950	0.59480580	4.91409000
82.95999950	0.59480580	4.91409000
83.03999950	0.59480580	4.91409000
83.11999949	0.59480580	4.91409000
83.19999949	0.59480580	4.91409000
83.27999949	0.59480580	4.91409000
83.35999949	0.59480580	4.91409000
83.43999949	0.59480580	4.91409000
83.51999949	0.59480580	4.91409000
83.59999949	0.59480580	4.91409000
83.67999949	0.59480580	4.91409000
83.75999949	0.50630210	4.91409000
83.83999949	0.59480580	4.91409000
83.91999949	0.59480580	4.91409000
83.99999949	0.59480580	4.91409000
84.07999949	0.50630210	4.91409000
84.15999949	0.50630210	4.91409000
84.23999949	0.59480580	4.91409000
84.31999949	0.59480580	4.91409000
84.39999949	0.50630210	4.91409000
84.47999949	0.59480580	4.91409000
84.55999949	0.50630210	4.91409000
84.63999949	0.59480580	4.91409000
84.71999949	0.59480580	4.91409000
84.79999948	0.59480580	4.91409000
84.87999948	0.59480580	4.91409000
84.95999948	0.59480580	4.91409000
85.03999948	0.50630210	4.91409000
85.11999948	0.59480580	4.91409000
85.19999948	0.50630210	4.91409000
85.27999948	0.59480580	4.91409000
85.35999948	0.59480580	4.91409000
85.43999948	0.59480580	4.91409000
85.51999948	0.50630210	4.91409000
85.59999948	0.59480580	4.91409000
85.67999948	0.59480580	4.91409000
85.75999948	0.59480580	4.91409000
85.83999948	0.59480580	4.91409000
85.91999948	0.59480580	4.91409000
85.99999948	0.50630210	4.91409000
86.07999948	0.59480580	4.91409000
86.15999948	0.50630210	4.91409000
86.23999948	0.59480580	4.91409000
86.31999948	0.59480580	4.91409000
86.39999947	0.59480580	4.91409000
86.47999947	0.59480580	4.82619700
86.55999947	0.50630210	4.91409000
86.63999947	0.59480580	4.91409000
86.71999947	0.59480580	4.91409000
86.79999947	0.59480580	4.91409000
86.87999947	0.59480580	4.91409000
86.95999947	0.59480580	4.91409000
87.03999947	0.59480580	4.91409000
87.11999947	0.59480580	4.91409000
87.19999947	0.59480580	4.91409000
87.27999947	0.59480580	4.91409000
87.35999947	0.59480580	4.91409000
87.43999947	0.59480580	4.91409000
87.51999947	0.59480580	4.91409000
87.59999947	0.50630210	4.91409000
87.67999947	0.59480580	4.91409000
87.75999947	0.59480580	4.91409000
87.83999947	0.59480580	4.91409000
87.91999947	0.59480580	4.91409000
87.99999947	0.59480580	4.91409000
88.07999946	0.59480580	4.91409000
88.15999946	0.59480580	4.91409000
88.23999946	0.50630210	4.91409000
88.31999946	0.59480580	4.91409000
88.39999946	0.59480580	4.91409000
88.47999946	0.59480580	4.91409000
88.55999946	0.59480580	4.91409000
88.63999946	0.59480580	4.91409000
88.71999946	0.59480580	4.91409000
88.79999946	0.59480580	4.91409000
88.87999946	0.50630210	4.91409000
88.95999946	0.59480580	4.91409000
89.03999946	0.59480580	4.91409000
89.11999946	0.59480580	4.91409000
89.19999946	0.59480580	4.91409000
89.27999946	0.50630210	4.91409000
89.35999946	0.59480580	4.91409000
89.43999946	0.59480580	4.91409000
89.51999946	0.59480580	4.91409000
89.59999946	0.59480580	4.91409000
89.67999945	0.59480580	4.91409000
89.75999945	0.59480580	4.91409000
89.83999945	0.59480580	4.91409000
89.91999945	0.59480580	4.91409000
89.99999945	0.59480580	4.91409000
90.07999945	0.59480580	4.91409000
90.15999945	0.59480580	4.91409000
90.23999945	0.59480580	4.91409000
90.31999945	0.59480580	4.91409000
90.39999945	0.59480580	4.91409000
90.47999945	0.59480580	4.91409000
90.55999945	0.59480580	4.91409000
90.63999945	0.59480580	4.91409000
90.71999945	0.59480580	4.91409000
90.79999945	0.59480580	4.91409000
90.87999945	0.59480580	4.91409000
90.95999945	0.59480580	4.91409000
91.03999945	0.59480580	4.91409000
91.11999945	0.59480580	4.82619700
91.19999945	0.59480580	4.91409000
91.27999945	0.59480580	4.91409000
91.35999944	0.59480580	4.91409000
91.43999944	0.59480580	4.91409000
91.51999944	0.59480580	4.91409000
91.59999944	0.59480580	4.91409000
91.67999944	0.59480580	4.91409000
91.75999944	0.59480580	4.91409000
91.83999944	0.59480580	4.91409000
91.91999944	0.59480580	4.91409000
91.99999944	-0.02563555	4.91409000
92.07999944	-0.38026060	4.91409000
92.15999944	-0.38026060	5.00167800
92.23999944	-0.46876430	4.91409000
92.31999944	-0.38026060	4.65041100
92.39999944	-0.11413920	3.85998100
92.47999944	3.16599000	1.48899800
92.55999944	4.85061200	1.13773000
92.63999944	4.85061200	0.61067540
92.71999944	4.93911600	0.61067540
92.79999944	4.93911600	0.69856870
92.87999944	4.93911600	0.69856870
92.95999944	4.93911600	0.69856870
93.03999943	4.93911600	0.69856870
93.11999943	4.93911600	0.69856870
93.19999943	4.93911600	0.69856870
93.27999943	4.93911600	0.69856870
93.35999943	4.93911600	0.69856870
93.43999943	4.93911600	0.69856870
93.51999943	4.93911600	0.69856870
93.59999943	4.93911600	0.69856870
93.67999943	4.93911600	0.69856870
93.75999943	4.93911600	0.69856870
93.83999943	4.93911600	0.69856870
93.91999943	4.93911600	0.69856870
93.99999943	4.93911600	0.69856870
94.07999943	4.93911600	0.61067540
94.15999943	4.93911600	0.61067540
94.23999943	4.93911600	0.69856870
94.31999943	4.93911600	0.69856870
94.39999943	4.93911600	0.69856870
94.47999943	4.93911600	0.69856870
94.55999943	4.93911600	0.69856870
94.63999942	4.93911600	0.69856870
94.71999942	4.93911600	0.69856870
94.79999942	4.93911600	0.61067540
94.87999942	4.93911600	0.61067540
94.95999942	4.93911600	0.69856870
95.03999942	4.93911600	0.61067540
95.11999942	4.93911600	0.61067540
95.19999942	4.93911600	0.61067540
95.27999942	4.93911600	0.61067540
95.35999942	4.93911600	0.61067540
95.43999942	4.93911600	0.69856870
95.51999942	4.93911600	0.61067540
95.59999942	4.93911600	0.61067540
95.67999942	4.93911600	0.61067540
95.75999942	4.93911600	0.61067540
95.83999942	4.93911600	0.69856870
95.91999942	4.93911600	0.61067540
95.99999942	4.93911600	0.61067540
96.07999942	4.93911600	0.61067540
96.15999942	4.93911600	0.69856870
96.23999942	4.93911600	0.61067540
96.31999941	4.93911600	0.69856870
96.39999941	4.93911600	0.61067540
96.47999941	4.93911600	0.69856870
96.55999941	4.93911600	0.69856870
96.63999941	4.93911600	0.61067540
96.71999941	4.93911600	0.61067540
96.79999941	4.93911600	0.61067540
96.87999941	4.93911600	0.61067540
96.95999941	4.93911600	0.61067540
97.03999941	4.93911600	0.61067540
97.11999941	4.93911600	0.61067540
97.19999941	4.93911600	0.61067540
97.27999941	4.93911600	0.61067540
97.35999941	4.93911600	0.61067540
97.43999941	4.93911600	0.61067540
97.51999941	4.93911600	0.61067540
97.59999941	4.93911600	0.61067540
97.67999941	4.93911600	0.61067540
97.75999941	4.93911600	0.61067540
97.83999941	4.93911600	0.61067540
97.91999940	4.93911600	0.61067540
97.99999940	4.93911600	0.61067540
98.07999940	4.93911600	0.61067540
98.15999940	4.93911600	0.61067540
98.23999940	4.93911600	0.61067540
98.31999940	4.93911600	0.61067540
98.39999940	4.93911600	0.61067540
98.47999940	4.85061200	0.69856870
98.55999940	4.93911600	0.61067540
98.63999940	4.93911600	0.61067540
98.71999940	4.93911600	0.61067540
98.79999940	4.93911600	0.61067540
98.87999940	4.93911600	0.61067540
98.95999940	4.93911600	0.61067540
99.03999940	4.93911600	0.61067540
99.11999940	4.93911600	0.61067540
99.19999940	4.93911600	0.61067540
99.27999940	4.93911600	0.61067540
99.35999940	4.93911600	0.61067540
99.43999940	4.93911600	0.61067540
99.51999940	4.93911600	0.61067540
99.59999939	4.93911600	0.61067540
99.67999939	4.93911600	0.61067540
99.75999939	4.93911600	0.61067540
99.83999939	4.93911600	0.61067540
99.91999939	4.93911600	0.61067540
99.99999939	4.93911600	0.61067540
100.07999939	4.93911600	0.61067540
100.15999939	4.93911600	0.61067540
100.23999939	4.93911600	0.61067540
100.31999939	4.93911600	0.61067540
100.39999939	4.93911600	0.61067540
100.47999939	4.93911600	0.61067540
100.55999939	4.93911600	0.61067540
100.63999939	4.93911600	0.61067540
100.71999939	4.93911600	0.61067540
100.79999939	4.93911600	0.61067540
100.87999939	4.93911600	0.61067540
100.95999939	4.93911600	0.61067540
101.03999939	4.93911600	0.61067540
101.11999939	4.93911600	0.61067540
101.19999938	4.93911600	0.61067540
101.27999938	4.93911600	0.61067540
101.35999938	4.93911600	0.61067540
101.43999938	4.93911600	0.61067540
101.51999938	4.93911600	0.61067540
101.59999938	4.85061200	0.61067540
101.67999938	4.93911600	0.61067540
101.75999938	4.93911600	0.61067540
101.83999938	4.93911600	0.61067540
101.91999938	4.93911600	0.61067540
101.99999938	4.85061200	0.61067540
102.07999938	4.93911600	0.61067540
102.15999938	4.93911600	0.61067540
102.23999938	4.93911600	0.61067540
102.31999938	4.93911600	0.61067540
102.39999938	4.93911600	0.61067540
102.47999938	4.93911600	0.61067540
102.55999938	4.93911600	0.61067540
102.63999938	4.93911600	0.61067540
102.71999938	4.93911600	0.61067540
102.79999938	4.93911600	0.61067540
102.87999937	4.93911600	0.61067540
102.95999937	4.93911600	0.61067540
103.03999937	4.93911600	0.61067540
103.11999937	4.93911600	0.61067540
103.19999937	4.93911600	0.61067540
103.27999937	4.93911600	0.61067540
103.35999937	4.93911600	0.61067540
103.43999937	4.93911600	0.61067540
103.51999937	4.93911600	0.61067540
103.59999937	4.93911600	0.61067540
103.67999937	4.93911600	0.61067540
103.75999937	4.93911600	0.61067540
103.83999937	4.93911600	0.61067540
103.91999937	4.93911600	0.61067540
103.99999937	4.93911600	0.61067540
104.07999937	4.93911600	0.61067540
104.15999937	4.93911600	0.61067540
104.23999937	4.93911600	0.61067540
104.31999937	4.93911600	0.61067540
104.39999937	4.85061200	0.61067540
104.47999937	4.93911600	0.61067540
104.55999936	4.93911600	0.61067540
104.63999936	4.93911600	0.61067540
104.71999936	4.93911600	0.61067540
104.79999936	4.93911600	0.61067540
104.87999936	4.93911600	0.69856870
104.95999936	4.93911600	0.61067540
105.03999936	4.93911600	0.61067540
105.11999936	4.93911600	0.61067540
105.19999936	4.93911600	0.61067540
105.27999936	4.93911600	0.61067540
105.35999936	4.93911600	0.61067540
105.43999936	4.93911600	0.61067540
105.51999936	4.93911600	0.61067540
105.59999936	4.93911600	0.61067540
105.67999936	4.93911600	0.61067540
105.75999936	4.93911600	0.61067540
105.83999936	4.93911600	0.61067540
105.91999936	4.93911600	0.61067540
105.99999936	4.93911600	0.61067540
106.07999936	4.85061200	0.61067540
106.15999935	4.93911600	0.61067540
106.23999935	4.93911600	0.61067540
106.31999935	4.93911600	0.61067540
106.39999935	4.93911600	0.61067540
106.47999935	4.93911600	0.61067540
106.55999935	4.93911600	0.61067540
106.63999935	4.93911600	0.61067540
106.71999935	4.93911600	0.61067540
106.79999935	4.93911600	0.61067540
106.87999935	4.93911600	0.61067540
106.95999935	4.93911600	0.61067540
107.03999935	4.93911600	0.61067540
107.11999935	4.93911600	0.61067540
107.19999935	4.93911600	0.61067540
107.27999935	4.93911600	0.61067540
107.35999935	4.93911600	0.61067540
107.43999935	4.93911600	0.61067540
107.51999935	4.93911600	0.61067540
107.59999935	4.93911600	0.61067540
107.67999935	4.93911600	0.61067540
107.75999935	4.93911600	0.61067540
107.83999934	4.93911600	0.61067540
107.91999934	4.93911600	0.61067540
107.99999934	4.93911600	0.61067540
108.07999934	4.93911600	0.61067540
108.15999934	4.93911600	0.61067540
108.23999934	4.93911600	0.61067540
108.31999934	4.93911600	0.61067540
108.39999934	4.93911600	0.61067540
108.47999934	4.93911600	0.61067540
108.55999934	4.93911600	0.61067540
108.63999934	4.93911600	0.61067540
108.71999934	4.93911600	0.61067540
108.79999934	4.93911600	0.61067540
108.87999934	4.93911600	0.61067540
108.95999934	4.93911600	0.61067540
109.03999934	4.93911600	0.61067540
109.11999934	4.93911600	0.61067540
109.19999934	4.93911600	0.69856870
109.27999934	4.93911600	0.61067540
109.35999934	4.93911600	0.61067540
109.43999933	4.93911600	0.61067540
109.51999933	4.93911600	0.61067540
109.59999933	4.93911600	0.61067540
109.67999933	4.93911600	0.61067540
109.75999933	4.93911600	0.61067540
109.83999933	4.93911600	0.61067540
109.91999933	4.93911600	0.61067540
109.99999933	4.85061200	0.61067540
110.07999933	4.93911600	0.61067540
110.15999933	4.93911600	0.61067540
110.23999933	4.93911600	0.61067540
110.31999933	4.93911600	0.61067540
110.39999933	4.93911600	0.61067540
110.47999933	4.93911600	0.61067540
110.55999933	4.93911600	0.61067540
110.63999933	4.93911600	0.61067540
110.71999933	4.93911600	0.61067540
110.79999933	4.93911600	0.61067540
110.87999933	4.93911600	0.61067540
110.95999933	4.93911600	0.61067540
111.03999933	4.93911600	0.61067540
111.11999932	4.93911600	0.61067540
111.19999932	4.93911600	0.61067540
111.27999932	4.93911600	0.61067540
111.35999932	4.93911600	0.61067540
111.43999932	4.93911600	0.61067540
111.51999932	4.93911600	0.61067540
111.59999932	4.93911600	0.61067540
111.67999932	4.93911600	0.61067540
111.75999932	4.93911600	0.61067540
111.83999932	4.85061200	0.61067540
111.91999932	4.93911600	0.61067540
111.99999932	4.93911600	0.61067540
112.07999932	4.93911600	0.61067540
112.15999932	4.93911600	0.61067540
112.23999932	4.93911600	0.61067540
112.31999932	4.93911600	0.61067540
112.39999932	4.93911600	0.61067540
112.47999932	4.93911600	0.61067540
112.55999932	4.93911600	-0.44282360
112.63999932	4.85061200	-0.35493030
112.71999931	4.85061200	-0.35493030
112.79999931	4.76180300	-0.35493030
112.87999931	4.31867400	-0.26734220
112.95999931	1.83599400	0.25940730
113.03999931	0.68361460	5.52873300
113.11999931	0.50630210	5.00167800
113.19999931	0.50630210	5.00167800
113.27999931	0.50630210	4.82619700
113.35999931	0.50630210	4.82619700
113.43999931	0.50630210	4.82619700
113.51999931	0.50630210	4.82619700
113.59999931	0.59480580	4.82619700
113.67999931	0.59480580	4.82619700
113.75999931	0.59480580	4.82619700
113.83999931	0.50630210	4.82619700
113.91999931	0.59480580	4.82619700
113.99999931	0.50630210	4.82619700
114.07999931	0.50630210	4.82619700
114.15999931	0.59480580	4.82619700
114.23999931	0.59480580	4.91409000
114.31999931	0.59480580	4.82619700
114.39999930	0.50630210	4.82619700
114.47999930	0.59480580	4.82619700
114.55999930	0.50630210	4.82619700
114.63999930	0.59480580	4.82619700
114.71999930	0.59480580	4.82619700
114.79999930	0.59480580	4.82619700
114.87999930	0.50630210	4.82619700
114.95999930	0.50630210	4.91409000
115.03999930	0.59480580	4.91409000
115.11999930	0.59480580	4.82619700
115.19999930	0.59480580	4.91409000
115.27999930	0.50630210	4.91409000
115.35999930	0.59480580	4.91409000
115.43999930	0.50630210	4.82619700
115.51999930	0.59480580	4.91409000
115.59999930	0.59480580	4.91409000
115.67999930	0.50630210	4.91409000
115.75999930	0.59480580	4.91409000
115.83999930	0.50630210	4.91409000
115.91999930	0.50630210	4.91409000
115.99999930	0.59480580	4.82619700
116.07999929	0.50630210	4.91409000
116.15999929	0.59480580	4.82619700
116.23999929	0.59480580	4.91409000
116.31999929	0.59480580	4.82619700
116.39999929	0.50630210	4.91409000
116.47999929	0.59480580	4.91409000
116.55999929	0.50630210	4.91409000
116.63999929	0.59480580	4.91409000
116.71999929	0.59480580	4.91409000
116.79999929	0.59480580	4.91409000
116.87999929	0.59480580	4.91409000
116.95999929	0.59480580	4.91409000
117.03999929	0.59480580	4.91409000
117.11999929	0.59480580	4.91409000
117.19999929	0.59480580	4.82619700
117.27999929	0.59480580	4.91409000
117.35999929	0.50630210	4.91409000
117.43999929	0.59480580	4.91409000
117.51999929	0.59480580	4.91409000
117.59999929	0.59480580	4.91409000
117.67999928	0.59480580	4.91409000
117.75999928	0.59480580	4.91409000
117.83999928	0.50630210	4.91409000
117.91999928	0.59480580	4.91409000
117.99999928	0.59480580	4.91409000
118.07999928	0.50630210	4.91409000
118.15999928	0.50630210	4.91409000
118.23999928	0.59480580	4.91409000
118.31999928	0.59480580	4.91409000
118.39999928	0.59480580	4.91409000
118.47999928	0.50630210	4.91409000
118.55999928	0.59480580	4.91409000
118.63999928	0.59480580	4.91409000
118.71999928	0.59480580	4.91409000
118.79999928	0.50630210	4.91409000
118.87999928	0.50630210	4.91409000
118.95999928	0.59480580	4.91409000
119.03999928	0.59480580	4.91409000
119.11999928	0.59480580	4.91409000
119.19999928	0.50630210	4.91409000
119.27999928	0.59480580	4.91409000
119.35999927	0.59480580	4.91409000
119.43999927	0.59480580	4.91409000
119.51999927	0.59480580	4.91409000
119.59999927	0.50630210	4.91409000
119.67999927	0.59480580	4.91409000
119.75999927	0.50630210	4.91409000
119.83999927	0.59480580	4.91409000
119.91999927	0.59480580	4.91409000
119.99999927	0.59480580	4.91409000
120.07999927	0.59480580	4.91409000
120.15999927	0.59480580	4.91409000
120.23999927	0.59480580	4.91409000
120.31999927	0.50630210	4.91409000
120.39999927	0.59480580	4.91409000
120.47999927	0.59480580	4.91409000
120.55999927	0.50630210	4.91409000
120.63999927	0.59480580	4.91409000
120.71999927	0.50630210	4.91409000
120.79999927	0.59480580	4.91409000
120.87999927	0.59480580	4.91409000
120.95999926	0.59480580	4.91409000
121.03999926	0.59480580	4.91409000
121.11999926	0.59480580	4.91409000
121.19999926	0.50630210	4.91409000
121.27999926	0.59480580	4.91409000
121.35999926	0.59480580	4.91409000
121.43999926	0.50630210	4.91409000
121.51999926	0.59480580	4.91409000
121.59999926	0.59480580	4.91409000
121.67999926	0.59480580	4.91409000
121.75999926	0.59480580	4.91409000
121.83999926	0.59480580	4.91409000
121.91999926	0.50630210	4.91409000
121.99999926	0.59480580	4.91409000
122.07999926	0.59480580	4.91409000
122.15999926	0.59480580	4.91409000
122.23999926	0.59480580	4.91409000
122.31999926	0.59480580	4.91409000
122.39999926	0.50630210	4.91409000
122.47999926	0.59480580	4.91409000
122.55999926	0.59480580	4.91409000
122.63999925	0.59480580	4.91409000
122.71999925	0.59480580	4.91409000
122.79999925	0.59480580	4.91409000
122.87999925	0.59480580	4.91409000
122.95999925	0.59480580	4.91409000
123.03999925	0.59480580	4.91409000
123.11999925	0.59480580	4.91409000
123.19999925	0.59480580	4.91409000
123.27999925	0.50630210	4.91409000
123.35999925	0.59480580	4.91409000
123.43999925	0.59480580	4.91409000
123.51999925	0.59480580	4.91409000
123.59999925	0.59480580	4.91409000
123.67999925	0.59480580	4.91409000
123.75999925	0.59480580	4.91409000
123.83999925	0.59480580	4.91409000
123.91999925	0.59480580	4.91409000
123.99999925	0.59480580	4.91409000
124.07999925	0.59480580	4.91409000
124.15999925	0.59480580	4.91409000
124.23999924	0.59480580	4.91409000
124.31999924	0.59480580	4.91409000
124.39999924	0.59480580	4.91409000
124.47999924	0.59480580	4.91409000
124.55999924	0.59480580	4.91409000
124.63999924	0.59480580	4.91409000
124.71999924	0.59480580	4.91409000
124.79999924	0.59480580	4.91409000
124.87999924	0.59480580	4.91409000
124.95999924	0.59480580	4.91409000
125.03999924	0.59480580	4.91409000
125.11999924	0.59480580	4.91409000
125.19999924	0.59480580	4.91409000
125.27999924	0.59480580	4.91409000
125.35999924	0.59480580	4.91409000
125.43999924	0.59480580	4.91409000
125.51999924	0.59480580	4.91409000
125.59999924	0.59480580	4.91409000
125.67999924	0.59480580	4.91409000
125.75999924	0.59480580	4.91409000
125.83999924	0.50630210	4.91409000
125.91999923	0.59480580	4.91409000
125.99999923	0.59480580	4.91409000
126.07999923	0.59480580	4.91409000
126.15999923	0.59480580	4.91409000
126.23999923	0.59480580	4.91409000
126.31999923	0.59480580	4.91409000
126.39999923	0.50630210	4.91409000
126.47999923	0.59480580	5.00167800
126.55999923	0.59480580	4.91409000
126.63999923	0.59480580	4.91409000
126.71999923	0.59480580	4.91409000
126.79999923	0.59480580	4.91409000
126.87999923	0.59480580	4.91409000
126.95999923	0.50630210	4.91409000
127.03999923	0.59480580	4.91409000
127.11999923	0.59480580	4.91409000
127.19999923	0.59480580	4.91409000
127.27999923	0.59480580	4.91409000
127.35999923	0.59480580	4.91409000
127.43999923	0.59480580	4.91409000
127.51999923	0.50630210	4.91409000
127.59999922	0.59480580	4.91409000
127.67999922	0.59480580	4.91409000
127.75999922	0.59480580	4.91409000
127.83999922	0.59480580	4.91409000
127.91999922	0.50630210	4.91409000
127.99999922	0.59480580	4.91409000
128.07999922	0.59480580	4.91409000
128.15999922	0.50630210	4.91409000
128.23999922	0.59480580	4.91409000
128.31999922	0.59480580	4.91409000
128.39999922	0.59480580	4.91409000
128.47999922	0.50630210	4.91409000
128.55999922	0.50630210	4.91409000
128.63999922	0.59480580	4.91409000
128.71999922	0.59480580	4.91409000
128.79999922	0.59480580	4.91409000
128.87999922	0.50630210	4.91409000
128.95999922	0.59480580	4.91409000
129.03999922	0.59480580	4.91409000
129.11999922	0.59480580	4.91409000
129.19999921	0.59480580	4.91409000
129.27999921	0.59480580	4.91409000
129.35999921	0.59480580	4.91409000
129.43999921	0.59480580	4.91409000
129.51999921	0.59480580	4.91409000
129.59999921	0.59480580	4.91409000
129.67999921	0.59480580	4.91409000
129.75999921	0.59480580	4.91409000
129.83999921	0.59480580	4.91409000
129.91999921	0.59480580	4.91409000
129.99999921	0.59480580	4.91409000
130.07999921	0.59480580	4.91409000
130.15999921	0.59480580	4.91409000
130.23999921	0.59480580	4.91409000
130.31999921	0.59480580	4.91409000
130.39999921	0.59480580	4.91409000
130.47999921	0.59480580	4.91409000
130.55999921	0.59480580	4.91409000
130.63999921	0.59480580	4.91409000
130.71999921	0.50630210	4.91409000
130.79999921	0.50630210	4.91409000
130.87999920	0.59480580	4.91409000
130.95999920	0.59480580	4.91409000
131.03999920	0.59480580	4.91409000
131.11999920	0.59480580	4.91409000
131.19999920	0.59480580	4.91409000
131.27999920	0.59480580	4.91409000
131.35999920	0.50630210	4.91409000
131.43999920	0.59480580	4.91409000
131.51999920	0.59480580	4.91409000
131.59999920	0.59480580	4.91409000
131.67999920	0.59480580	4.91409000
131.75999920	0.59480580	4.91409000
131.83999920	0.59480580	4.91409000
131.91999920	0.59480580	4.91409000
131.99999920	0.59480580	4.91409000
132.07999920	0.59480580	4.91409000
132.15999920	0.59480580	4.91409000
132.23999920	0.50630210	4.91409000
132.31999920	0.50630210	4.91409000
132.39999920	0.59480580	4.91409000
132.47999919	0.50630210	4.91409000
132.55999919	0.59480580	4.91409000
132.63999919	0.59480580	4.91409000
132.71999919	0.59480580	4.91409000
132.79999919	0.59480580	4.91409000
132.87999919	0.59480580	4.91409000
132.95999919	0.59480580	4.91409000
133.03999919	-0.38026060	4.91409000
133.11999919	-0.38026060	4.91409000
133.19999919	-0.38026060	4.91409000
133.27999919	-0.38026060	4.91409000
133.35999919	-0.38026060	4.56282200
133.43999919	0.24048580	2.45490900
133.51999919	4.67329900	1.75237300
133.59999919	4.76180300	0.69856870
133.67999919	4.93911600	0.69856870
133.75999919	4.93911600	0.69856870
133.83999919	4.93911600	0.69856870
133.91999919	4.93911600	0.69856870
133.99999919	4.93911600	0.69856870
134.07999919	4.93911600	0.69856870
134.15999918	4.93911600	0.69856870
134.23999918	4.93911600	0.69856870
134.31999918	4.93911600	0.69856870
134.39999918	4.93911600	0.69856870
134.47999918	4.93911600	0.69856870
134.55999918	4.93911600	0.69856870
134.63999918	4.93911600	0.69856870
134.71999918	4.93911600	0.69856870
134.79999918	4.93911600	0.69856870
134.87999918	4.93911600	0.69856870
134.95999918	4.93911600	0.61067540
135.03999918	4.93911600	0.69856870
135.11999918	4.93911600	0.69856870
135.19999918	4.93911600	0.61067540
135.27999918	4.93911600	0.69856870
135.35999918	4.93911600	0.69856870
135.43999918	4.93911600	0.69856870
135.51999918	4.93911600	0.69856870
135.59999918	4.93911600	0.61067540
135.67999918	4.93911600	0.61067540
135.75999917	4.93911600	0.69856870
135.83999917	4.93911600	0.61067540
135.91999917	4.93911600	0.61067540
135.99999917	4.93911600	0.69856870
136.07999917	4.93911600	0.61067540
136.15999917	4.93911600	0.69856870
136.23999917	4.93911600	0.61067540
136.31999917	4.93911600	0.61067540
136.39999917	4.93911600	0.69856870
136.47999917	4.93911600	0.61067540
136.55999917	4.93911600	0.61067540
136.63999917	4.93911600	0.61067540
136.71999917	4.93911600	0.61067540
136.79999917	4.93911600	0.61067540
136.87999917	4.93911600	0.69856870
136.95999917	4.93911600	0.61067540
137.03999917	4.93911600	0.61067540
137.11999917	4.93911600	0.61067540
137.19999917	4.93911600	0.61067540
137.27999917	4.93911600	0.61067540
137.35999917	4.93911600	0.69856870
137.43999916	4.93911600	0.61067540
137.51999916	4.93911600	0.69856870
137.59999916	4.93911600	0.69856870
137.67999916	4.93911600	0.61067540
137.75999916	4.93911600	0.61067540
137.83999916	4.93911600	0.61067540
137.91999916	4.93911600	0.61067540
137.99999916	4.93911600	0.61067540
138.07999916	4.93911600	0.61067540
138.15999916	4.93911600	0.61067540
138.23999916	4.93911600	0.61067540
138.31999916	4.93911600	0.61067540
138.39999916	4.93911600	0.61067540
138.47999916	4.93911600	0.61067540
138.55999916	4.93911600	0.61067540
138.63999916	4.93911600	0.61067540
138.71999916	4.93911600	0.69856870
138.79999916	4.93911600	0.61067540
138.87999916	4.93911600	0.61067540
138.95999916	4.93911600	0.61067540
139.03999915	4.93911600	0.61067540
139.11999915	4.93911600	0.61067540
139.19999915	4.93911600	0.61067540
139.27999915	4.93911600	0.61067540
139.35999915	4.93911600	0.69856870
139.43999915	4.93911600	0.61067540
139.51999915	4.93911600	0.61067540
139.59999915	4.93911600	0.61067540
139.67999915	4.93911600	0.61067540
139.75999915	4.93911600	0.61067540
139.83999915	4.93911600	0.61067540
139.91999915	4.93911600	0.61067540
139.99999915	4.93911600	0.61067540
140.07999915	4.93911600	0.61067540
140.15999915	4.93911600	0.61067540
140.23999915	4.93911600	0.61067540
140.31999915	4.93911600	0.61067540
140.39999915	4.93911600	0.61067540
140.47999915	4.93911600	0.61067540
140.55999915	4.93911600	0.61067540
140.63999915	4.93911600	0.61067540
140.71999914	4.93911600	0.61067540
140.79999914	4.93911600	0.61067540
140.87999914	4.93911600	0.61067540
140.95999914	4.93911600	0.69856870
141.03999914	4.93911600	0.69856870
141.11999914	4.93911600	0.69856870
141.19999914	4.93911600	0.61067540
141.27999914	4.93911600	0.61067540
141.35999914	4.93911600	0.61067540
141.43999914	4.93911600	0.61067540
141.51999914	4.93911600	0.61067540
141.59999914	4.93911600	0.61067540
141.67999914	4.93911600	0.61067540
141.75999914	4.93911600	0.69856870
141.83999914	4.93911600	0.61067540
141.91999914	4.93911600	0.61067540
141.99999914	4.93911600	0.61067540
142.07999914	4.93911600	0.61067540
142.15999914	4.93911600	0.61067540
142.23999914	4.93911600	0.61067540
142.31999914	4.93911600	0.61067540
142.39999913	4.93911600	0.61067540
142.47999913	4.93911600	0.61067540
142.55999913	4.93911600	0.61067540
142.63999913	4.93911600	0.61067540
142.71999913	4.93911600	0.61067540
142.79999913	4.93911600	0.61067540
142.87999913	4.93911600	0.61067540
142.95999913	4.93911600	0.61067540
143.03999913	4.93911600	0.61067540
143.11999913	4.93911600	0.61067540
143.19999913	4.93911600	0.61067540
143.27999913	4.93911600	0.61067540
143.35999913	4.93911600	0.61067540
143.43999913	4.93911600	0.61067540
143.51999913	4.93911600	0.61067540
143.59999913	4.93911600	0.61067540
143.67999913	4.93911600	0.61067540
143.75999913	4.93911600	0.61067540
143.83999913	4.93911600	0.61067540
143.91999913	4.93911600	0.61067540
143.99999912	4.93911600	0.61067540
144.07999912	4.93911600	0.61067540
144.15999912	4.93911600	0.61067540
144.23999912	4.93911600	0.61067540
144.31999912	4.93911600	0.61067540
144.39999912	4.93911600	0.61067540
144.47999912	4.93911600	0.61067540
144.55999912	4.93911600	0.61067540
144.63999912	4.93911600	0.61067540
144.71999912	4.93911600	0.61067540
144.79999912	4.93911600	0.61067540
144.87999912	4.93911600	0.61067540
144.95999912	4.93911600	0.61067540
145.03999912	4.93911600	0.61067540
145.11999912	4.93911600	0.61067540
145.19999912	4.93911600	0.61067540
145.27999912	4.93911600	0.61067540
145.35999912	4.93911600	0.61067540
145.43999912	4.93911600	0.61067540
145.51999912	4.93911600	0.61067540
145.59999912	4.93911600	0.61067540
145.67999911	4.93911600	0.61067540
145.75999911	4.93911600	0.61067540
145.83999911	4.93911600	0.61067540
145.91999911	4.93911600	0.61067540
145.99999911	4.93911600	0.61067540
146.07999911	4.93911600	0.61067540
146.15999911	4.93911600	0.61067540
146.23999911	4.93911600	0.61067540
146.31999911	4.93911600	0.61067540
146.39999911	4.93911600	0.61067540
146.47999911	4.93911600	0.61067540
146.55999911	4.93911600	0.61067540
146.63999911	4.93911600	0.61067540
146.71999911	4.93911600	0.61067540
146.79999911	4.85061200	0.61067540
146.87999911	4.93911600	0.61067540
146.95999911	4.93911600	0.61067540
147.03999911	4.93911600	0.61067540
147.11999911	4.93911600	0.61067540
147.19999911	4.93911600	0.61067540
147.27999910	4.93911600	0.61067540
147.35999910	4.93911600	0.61067540
147.43999910	4.93911600	0.61067540
147.51999910	4.93911600	0.61067540
147.59999910	4.93911600	0.61067540
147.67999910	4.93911600	0.61067540
147.75999910	4.93911600	0.61067540
147.83999910	4.93911600	0.61067540
147.91999910	4.93911600	0.61067540
147.99999910	4.93911600	0.61067540
148.07999910	4.93911600	0.61067540
148.15999910	4.93911600	0.61067540
148.23999910	4.93911600	0.61067540
148.31999910	4.93911600	0.61067540
148.39999910	4.93911600	0.61067540
148.47999910	4.93911600	0.61067540
148.55999910	4.93911600	0.61067540
148.63999910	4.93911600	0.61067540
148.71999910	4.93911600	0.61067540
148.79999910	4.93911600	0.61067540
148.87999910	4.93911600	0.61067540
148.95999909	4.93911600	0.61067540
149.03999909	4.93911600	0.69856870
149.11999909	4.85061200	0.61067540
149.19999909	4.93911600	0.61067540
149.27999909	4.93911600	0.61067540
149.35999909	4.93911600	0.61067540
149.43999909	4.93911600	0.61067540
149.51999909	4.93911600	0.61067540
149.59999909	4.93911600	0.61067540
149.67999909	4.93911600	0.61067540
149.75999909	4.93911600	0.61067540
149.83999909	4.93911600	0.61067540
149.91999909	4.93911600	0.61067540
149.99999909	4.93911600	0.61067540
150.07999909	4.93911600	0.61067540
150.15999909	4.93911600	0.61067540
150.23999909	4.93911600	0.61067540
150.31999909	4.93911600	0.61067540
150.39999909	4.93911600	0.61067540
150.47999909	4.93911600	0.61067540
150.55999908	4.93911600	0.61067540
150.63999908	4.93911600	0.61067540
150.71999908	4.93911600	0.61067540
150.79999908	4.93911600	0.61067540
150.87999908	4.93911600	0.61067540
150.95999908	4.85061200	0.61067540
151.03999908	4.93911600	0.61067540
151.11999908	4.93911600	0.69856870
151.19999908	4.93911600	0.61067540
151.27999908	4.93911600	0.61067540
151.35999908	4.93911600	0.61067540
151.43999908	4.93911600	0.61067540
151.51999908	4.93911600	0.61067540
151.59999908	4.93911600	0.61067540
151.67999908	4.93911600	0.61067540
151.75999908	4.93911600	0.61067540
151.83999908	4.93911600	0.61067540
151.91999908	4.93911600	0.61067540
151.99999908	4.93911600	0.61067540
152.07999908	4.93911600	0.61067540
152.15999908	4.93911600	0.61067540
152.23999907	4.93911600	0.61067540
152.31999907	4.93911600	0.61067540
152.39999907	4.93911600	0.61067540
152.47999907	4.93911600	0.61067540
152.55999907	4.93911600	0.61067540
152.63999907	4.93911600	0.61067540
152.71999907	4.93911600	0.61067540
152.79999907	4.93911600	0.61067540
152.87999907	4.93911600	0.61067540
152.95999907	4.93911600	0.61067540
153.03999907	4.93911600	0.61067540
153.11999907	4.93911600	0.61067540
153.19999907	4.93911600	0.61067540
153.27999907	4.93911600	0.61067540
153.35999907	4.93911600	0.61067540
153.43999907	4.93911600	-0.26734220
153.51999907	4.93911600	-0.26734220
153.59999907	4.85061200	-0.26734220
153.67999907	4.85061200	-0.26734220
153.75999907	4.58449000	-0.35493030
153.83999907	2.54524400	-0.00366222
153.91999906	1.48136800	3.24533800
153.99999906	0.32898950	4.91409000
154.07999906	0.50630210	4.82619700
154.15999906	0.50630210	4.82619700
154.23999906	0.50630210	4.82619700
154.31999906	0.50630210	4.82619700
154.39999906	0.50630210	4.82619700
154.47999906	0.59480580	4.82619700
154.55999906	0.59480580	4.82619700
154.63999906	0.59480580	4.82619700
154.71999906	0.50630210	4.82619700
154.79999906	0.59480580	4.82619700
154.87999906	0.59480580	4.82619700
154.95999906	0.50630210	4.82619700
155.03999906	0.59480580	4.82619700
155.11999906	0.59480580	4.82619700
155.19999906	0.59480580	4.91409000
155.27999906	0.59480580	4.82619700
155.35999906	0.50630210	4.91409000
155.43999906	0.59480580	4.82619700
155.51999905	0.59480580	4.91409000
155.59999905	0.59480580	4.91409000
155.67999905	0.59480580	4.82619700
155.75999905	0.50630210	4.91409000
155.83999905	0.59480580	4.82619700
155.91999905	0.59480580	4.82619700
155.99999905	0.59480580	4.82619700
156.07999905	0.50630210	4.82619700
156.15999905	0.59480580	4.91409000
156.23999905	0.50630210	4.91409000
156.31999905	0.59480580	4.91409000
156.39999905	0.59480580	4.91409000
156.47999905	0.50630210	4.82619700
156.55999905	0.59480580	4.82619700
156.63999905	0.59480580	4.82619700
156.71999905	0.59480580	4.91409000
156.79999905	0.59480580	4.91409000
156.87999905	0.50630210	4.82619700
156.95999905	0.59480580	4.91409000
157.03999905	0.59480580	4.91409000
157.11999905	0.50630210	4.91409000
157.19999904	0.59480580	4.91409000
157.27999904	0.59480580	4.91409000
157.35999904	0.59480580	4.91409000
157.43999904	0.50630210	4.91409000
157.51999904	0.59480580	4.91409000
157.59999904	0.59480580	4.91409000
157.67999904	0.50630210	4.91409000
157.75999904	0.50630210	4.91409000
157.83999904	0.59480580	4.91409000
157.91999904	0.59480580	4.91409000
157.99999904	0.50630210	4.91409000
158.07999904	0.50630210	4.91409000
158.15999904	0.59480580	4.91409000
158.23999904	0.50630210	4.91409000
158.31999904	0.59480580	4.91409000
158.39999904	0.59480580	4.91409000
158.47999904	0.59480580	4.91409000
158.55999904	0.59480580	4.91409000
158.63999904	0.59480580	4.91409000
158.71999904	0.59480580	4.91409000
158.79999903	0.50630210	4.91409000
158.87999903	0.59480580	4.91409000
158.95999903	0.59480580	4.91409000
159.03999903	0.59480580	4.91409000
159.11999903	0.50630210	4.91409000
159.19999903	0.59480580	4.91409000
159.27999903	0.59480580	4.91409000
159.35999903	0.59480580	4.91409000
159.43999903	0.59480580	4.91409000
159.51999903	0.59480580	4.91409000
159.59999903	0.59480580	4.91409000
159.67999903	0.59480580	4.91409000
159.75999903	0.50630210	4.91409000
159.83999903	0.59480580	4.91409000
159.91999903	0.59480580	4.91409000
159.99999903	0.59480580	4.91409000
160.07999903	0.59480580	4.91409000
160.15999903	0.59480580	4.91409000
160.23999903	0.59480580	4.91409000
160.31999903	0.59480580	4.91409000
160.39999903	0.59480580	4.91409000
160.47999902	0.59480580	4.91409000
160.55999902	0.59480580	4.91409000
160.63999902	0.59480580	4.91409000
160.71999902	0.59480580	4.91409000
160.79999902	0.59480580	4.91409000
160.87999902	0.50630210	4.91409000
160.95999902	0.59480580	4.91409000
161.03999902	0.59480580	4.91409000
161.11999902	0.50630210	4.91409000
161.19999902	0.59480580	4.91409000
161.27999902	0.59480580	4.91409000
161.35999902	0.59480580	4.91409000
161.43999902	0.59480580	4.91409000
161.51999902	0.59480580	4.91409000
161.59999902	0.59480580	4.91409000
161.67999902	0.59480580	4.91409000
161.75999902	0.59480580	4.91409000
161.83999902	0.59480580	4.91409000
161.91999902	0.59480580	4.91409000
161.99999902	0.59480580	4.91409000
162.07999901	0.59480580	4.91409000
162.15999901	0.59480580	4.91409000
162.23999901	0.59480580	4.91409000
162.31999901	0.59480580	4.91409000
162.39999901	0.59480580	4.91409000
162.47999901	0.50630210	4.91409000
162.55999901	0.50630210	4.91409000
162.63999901	0.59480580	4.91409000
162.71999901	0.50630210	4.91409000
162.79999901	0.59480580	4.91409000
162.87999901	0.59480580	4.91409000
162.95999901	0.59480580	4.91409000
163.03999901	0.59480580	4.91409000
163.11999901	0.59480580	4.91409000
163.19999901	0.59480580	4.91409000
163.27999901	0.59480580	4.91409000
163.35999901	0.50630210	4.91409000
163.43999901	0.59480580	4.91409000
163.51999901	0.59480580	4.91409000
163.59999901	0.59480580	4.91409000
163.67999901	0.59480580	4.91409000
163.75999900	0.50630210	4.91409000
163.83999900	0.59480580	4.91409000
163.91999900	0.59480580	4.91409000
163.99999900	0.59480580	4.91409000
164.07999900	0.59480580	4.91409000
164.15999900	0.59480580	4.91409000
164.23999900	0.59480580	4.91409000
164.31999900	0.59480580	4.91409000
164.39999900	0.59480580	4.91409000
164.47999900	0.59480580	4.91409000
164.55999900	0.50630210	4.91409000
164.63999900	0.59480580	4.91409000
164.71999900	0.59480580	4.91409000
164.79999900	0.59480580	4.91409000
164.87999900	0.50630210	4.91409000
164.95999900	0.59480580	4.91409000
165.03999900	0.59480580	4.91409000
165.11999900	0.59480580	4.91409000
165.19999900	0.59480580	4.91409000
165.27999900	0.59480580	4.91409000
165.35999900	0.59480580	4.91409000
165.43999899	0.59480580	4.91409000
165.51999899	0.59480580	4.91409000
165.59999899	0.59480580	4.91409000
165.67999899	0.59480580	4.91409000
165.75999899	0.59480580	4.91409000
165.83999899	0.59480580	4.91409000
165.91999899	0.59480580	4.91409000
165.99999899	0.59480580	4.91409000
166.07999899	0.59480580	4.91409000
166.15999899	0.59480580	4.91409000
166.23999899	0.59480580	4.91409000
166.31999899	0.59480580	4.91409000
166.39999899	0.59480580	4.91409000
166.47999899	0.59480580	4.91409000
166.55999899	0.59480580	4.91409000
166.63999899	0.59480580	4.91409000
166.71999899	0.59480580	4.91409000
166.79999899	0.59480580	4.91409000
166.87999899	0.59480580	4.91409000
166.95999899	0.50630210	4.91409000
167.03999898	0.50630210	4.91409000
167.11999898	0.59480580	4.91409000
167.19999898	0.59480580	4.91409000
167.27999898	0.59480580	4.91409000
167.35999898	0.59480580	4.91409000
167.43999898	0.59480580	4.91409000
167.51999898	0.59480580	4.91409000
167.59999898	0.50630210	4.91409000
167.67999898	0.59480580	4.91409000
167.75999898	0.59480580	4.91409000
167.83999898	0.59480580	4.91409000
167.91999898	0.59480580	4.91409000
167.99999898	0.59480580	4.91409000
168.07999898	0.50630210	4.91409000
168.15999898	0.59480580	4.91409000
168.23999898	0.50630210	4.91409000
168.31999898	0.50630210	4.91409000
168.39999898	0.59480580	4.91409000
168.47999898	0.59480580	4.91409000
168.55999898	0.50630210	4.91409000
168.63999898	0.59480580	4.91409000
168.71999897	0.50630210	4.91409000
168.79999897	0.59480580	4.91409000
168.87999897	0.59480580	4.91409000
168.95999897	0.59480580	4.91409000
169.03999897	0.59480580	4.91409000
169.11999897	0.59480580	4.91409000
169.19999897	0.59480580	4.91409000
169.27999897	0.59480580	4.91409000
169.35999897	0.59480580	4.91409000
169.43999897	0.59480580	4.91409000
169.51999897	0.59480580	4.91409000
169.59999897	0.59480580	4.91409000
169.67999897	0.50630210	4.91409000
169.75999897	0.50630210	4.91409000
169.83999897	0.59480580	4.91409000
169.91999897	0.59480580	4.91409000
169.99999897	0.59480580	4.91409000
170.07999897	0.59480580	4.91409000
170.15999897	0.59480580	4.91409000
170.23999897	0.59480580	4.91409000
170.31999896	0.59480580	4.91409000
170.39999896	0.59480580	4.91409000
170.47999896	0.59480580	4.91409000
170.55999896	0.59480580	4.91409000
170.63999896	0.59480580	4.91409000
170.71999896	0.59480580	4.91409000
170.79999896	0.59480580	4.91409000
170.87999896	0.59480580	4.91409000
170.95999896	0.59480580	4.91409000
171.03999896	0.50630210	4.91409000
171.11999896	0.59480580	4.91409000
171.19999896	0.59480580	4.91409000
171.27999896	0.59480580	4.91409000
171.35999896	0.59480580	4.91409000
171.43999896	0.59480580	4.91409000
171.51999896	0.59480580	4.91409000
171.59999896	0.59480580	4.91409000
171.67999896	0.59480580	4.91409000
171.75999896	0.59480580	4.91409000
171.83999896	0.50630210	4.91409000
171.91999896	0.59480580	4.91409000
171.99999895	0.50630210	4.91409000
172.07999895	0.59480580	4.91409000
172.15999895	0.50630210	4.91409000
172.23999895	0.50630210	4.91409000
172.31999895	0.50630210	4.91409000
172.39999895	0.50630210	4.91409000
172.47999895	0.59480580	4.91409000
172.55999895	0.59480580	4.91409000
172.63999895	0.59480580	4.91409000
172.71999895	0.50630210	4.91409000
172.79999895	0.50630210	4.91409000
172.87999895	0.59480580	4.91409000
172.95999895	0.59480580	4.91409000
173.03999895	0.59480580	4.91409000
173.11999895	0.59480580	4.91409000
173.19999895	0.59480580	4.91409000
173.27999895	0.59480580	4.91409000
173.35999895	0.59480580	4.91409000
173.43999895	0.59480580	4.91409000
173.51999895	0.59480580	4.91409000
173.59999894	0.59480580	4.91409000
173.67999894	0.59480580	4.91409000
173.75999894	0.59480580	4.91409000
173.83999894	0.06317332	4.91409000
173.91999894	-0.38026060	4.91409000
173.99999894	-0.38026060	4.91409000
174.07999894	-0.38026060	4.91409000
174.15999894	-0.38026060	4.65041100
174.23999894	-0.11413920	4.12366100
174.31999894	2.63405300	1.48899800
174.39999894	4.85061200	1.22531800
174.47999894	4.76180300	0.61067540
174.55999894	4.93911600	0.61067540
174.63999894	4.93911600	0.69856870
174.71999894	4.93911600	0.69856870
174.79999894	4.93911600	0.69856870
174.87999894	4.93911600	0.69856870
174.95999894	4.93911600	0.69856870
175.03999894	4.93911600	0.69856870
175.11999894	4.93911600	0.69856870
175.19999894	4.93911600	0.69856870
175.27999893	4.93911600	0.69856870
175.35999893	4.93911600	0.69856870
175.43999893	4.93911600	0.69856870
175.51999893	4.93911600	0.69856870
175.59999893	4.93911600	0.69856870
175.67999893	4.93911600	0.69856870
175.75999893	4.93911600	0.69856870
175.83999893	4.93911600	0.69856870
175.91999893	4.93911600	0.69856870
175.99999893	4.93911600	0.61067540
176.07999893	4.93911600	0.69856870
176.15999893	4.93911600	0.69856870
176.23999893	4.93911600	0.61067540
176.31999893	4.93911600	0.61067540
176.39999893	4.93911600	0.61067540
176.47999893	4.93911600	0.61067540
176.55999893	4.93911600	0.61067540
176.63999893	4.93911600	0.61067540
176.71999893	4.93911600	0.61067540
176.79999893	4.85061200	0.69856870
176.87999893	4.93911600	0.61067540
176.95999892	4.93911600	0.69856870
177.03999892	4.93911600	0.69856870
177.11999892	4.93911600	0.61067540
177.19999892	4.93911600	0.69856870
177.27999892	4.93911600	0.61067540
177.35999892	4.93911600	0.61067540
177.43999892	4.93911600	0.61067540
177.51999892	4.93911600	0.69856870
177.59999892	4.93911600	0.61067540
177.67999892	4.93911600	0.61067540
177.75999892	4.93911600	0.61067540
177.83999892	4.93911600	0.61067540
177.91999892	4.93911600	0.69856870
177.99999892	4.93911600	0.61067540
178.07999892	4.93911600	0.69856870
178.15999892	4.93911600	0.69856870
178.23999892	4.93911600	0.61067540
178.31999892	4.93911600	0.69856870
178.39999892	4.93911600	0.69856870
178.47999892	4.93911600	0.61067540
178.55999891	4.93911600	0.61067540
178.63999891	4.93911600	0.61067540
178.71999891	4.93911600	0.61067540
178.79999891	4.93911600	0.69856870
178.87999891	4.93911600	0.61067540
178.95999891	4.93911600	0.61067540
179.03999891	4.93911600	0.61067540
179.11999891	4.93911600	0.61067540
179.19999891	4.93911600	0.61067540
179.27999891	4.93911600	0.61067540
179.35999891	4.93911600	0.69856870
179.43999891	4.93911600	0.61067540
179.51999891	4.93911600	0.61067540
179.59999891	4.93911600	0.61067540
179.67999891	4.93911600	0.61067540
179.75999891	4.93911600	0.61067540
179.83999891	4.93911600	0.61067540
179.91999891	4.93911600	0.61067540
179.99999891	4.93911600	0.61067540
180.07999891	4.93911600	0.61067540
180.15999891	4.93911600	0.61067540
180.23999890	4.93911600	0.61067540
180.31999890	4.93911600	0.61067540
180.39999890	4.93911600	0.61067540
180.47999890	4.93911600	0.69856870
180.55999890	4.93911600	0.61067540
180.63999890	4.93911600	0.61067540
180.71999890	4.93911600	0.61067540
180.79999890	4.93911600	0.61067540
180.87999890	4.93911600	0.61067540
180.95999890	4.93911600	0.61067540
181.03999890	4.93911600	0.61067540
181.11999890	4.93911600	0.61067540
181.19999890	4.93911600	0.61067540
181.27999890	4.93911600	0.61067540
181.35999890	4.85061200	0.61067540
181.43999890	4.93911600	0.61067540
181.51999890	4.93911600	0.61067540
181.59999890	4.93911600	0.61067540
181.67999890	4.93911600	0.61067540
181.75999890	4.93911600	0.61067540
181.83999889	4.93911600	0.61067540
181.91999889	4.93911600	0.61067540
181.99999889	4.93911600	0.61067540
182.07999889	4.93911600	0.61067540
182.15999889	4.93911600	0.61067540
182.23999889	4.93911600	0.61067540
182.31999889	4.93911600	0.61067540
182.39999889	4.93911600	0.61067540
182.47999889	4.93911600	0.61067540
182.55999889	4.93911600	0.61067540
182.63999889	4.93911600	0.61067540
182.71999889	4.93911600	0.61067540
182.79999889	4.85061200	0.61067540
182.87999889	4.85061200	0.61067540
182.95999889	4.93911600	0.61067540
183.03999889	4.93911600	0.61067540
183.11999889	4.93911600	0.61067540
183.19999889	4.93911600	0.61067540
183.27999889	4.93911600	0.61067540
183.35999889	4.93911600	0.61067540
183.43999889	4.93911600	0.61067540
183.51999888	4.93911600	0.61067540
183.59999888	4.93911600	0.61067540
183.67999888	4.93911600	0.61067540
183.75999888	4.93911600	0.61067540
183.83999888	4.93911600	0.61067540
183.91999888	4.93911600	0.61067540
183.99999888	4.93911600	0.61067540
184.07999888	4.93911600	0.61067540
184.15999888	4.93911600	0.61067540
184.23999888	4.93911600	0.61067540
184.31999888	4.93911600	0.61067540
184.39999888	4.85061200	0.61067540
184.47999888	4.93911600	0.61067540
184.55999888	4.93911600	0.61067540
184.63999888	4.93911600	0.61067540
184.71999888	4.93911600	0.61067540
184.79999888	4.93911600	0.61067540
184.87999888	4.93911600	0.61067540
184.95999888	4.93911600	0.61067540
185.03999888	4.93911600	0.61067540
185.11999887	4.93911600	0.61067540
185.19999887	4.93911600	0.61067540
185.27999887	4.93911600	0.61067540
185.35999887	4.93911600	0.61067540
185.43999887	4.93911600	0.61067540
185.51999887	4.93911600	0.61067540
185.59999887	4.93911600	0.61067540
185.67999887	4.93911600	0.61067540
185.75999887	4.93911600	0.61067540
185.83999887	4.93911600	0.61067540
185.91999887	4.93911600	0.61067540
185.99999887	4.93911600	0.61067540
186.07999887	4.93911600	0.61067540
186.15999887	4.93911600	0.61067540
186.23999887	4.85061200	0.61067540
186.31999887	4.93911600	0.61067540
186.39999887	4.93911600	0.61067540
186.47999887	4.93911600	0.61067540
186.55999887	4.93911600	0.61067540
186.63999887	4.93911600	0.61067540
186.71999887	4.93911600	0.61067540
186.79999886	4.93911600	0.61067540
186.87999886	4.93911600	0.61067540
186.95999886	4.93911600	0.61067540
187.03999886	4.93911600	0.61067540
187.11999886	4.93911600	0.61067540
187.19999886	4.93911600	0.61067540
187.27999886	4.93911600	0.61067540
187.35999886	4.93911600	0.61067540
187.43999886	4.93911600	0.61067540
187.51999886	4.93911600	0.61067540
187.59999886	4.93911600	0.61067540
187.67999886	4.93911600	0.61067540
187.75999886	4.93911600	0.61067540
187.83999886	4.93911600	0.61067540
187.91999886	4.93911600	0.61067540
187.99999886	4.93911600	0.61067540
188.07999886	4.93911600	0.61067540
188.15999886	4.93911600	0.61067540
188.23999886	4.85061200	0.61067540
188.31999886	4.93911600	0.61067540
188.39999886	4.93911600	0.61067540
188.47999885	4.93911600	0.61067540
188.55999885	4.93911600	0.61067540
188.63999885	4.93911600	0.61067540
188.71999885	4.93911600	0.61067540
188.79999885	4.93911600	0.61067540
188.87999885	4.93911600	0.61067540
188.95999885	4.93911600	0.61067540
189.03999885	4.93911600	0.61067540
189.11999885	4.93911600	0.61067540
189.19999885	4.93911600	0.61067540
189.27999885	4.93911600	0.61067540
189.35999885	4.93911600	0.61067540
189.43999885	4.93911600	0.61067540
189.51999885	4.93911600	0.61067540
189.59999885	4.93911600	0.61067540
189.67999885	4.93911600	0.61067540
189.75999885	4.93911600	0.61067540
189.83999885	4.93911600	0.61067540
189.91999885	4.93911600	0.61067540
189.99999885	4.93911600	0.61067540
190.07999884	4.93911600	0.61067540
190.15999884	4.93911600	0.61067540
190.23999884	4.93911600	0.61067540
190.31999884	4.93911600	0.61067540
190.39999884	4.93911600	0.61067540
190.47999884	4.85061200	0.61067540
190.55999884	4.93911600	0.61067540
190.63999884	4.93911600	0.61067540
190.71999884	4.93911600	0.61067540
190.79999884	4.93911600	0.61067540
190.87999884	4.93911600	0.61067540
190.95999884	4.93911600	0.61067540
191.03999884	4.93911600	0.61067540
191.11999884	4.93911600	0.61067540
191.19999884	4.93911600	0.61067540
191.27999884	4.93911600	0.61067540
191.35999884	4.93911600	0.61067540
191.43999884	4.93911600	0.61067540
191.51999884	4.93911600	0.61067540
191.59999884	4.93911600	0.61067540
191.67999884	4.93911600	0.61067540
191.75999883	4.93911600	0.61067540
191.83999883	4.93911600	0.61067540
191.91999883	4.93911600	0.61067540
191.99999883	4.93911600	0.61067540
192.07999883	4.93911600	0.61067540
192.15999883	4.93911600	0.61067540
192.23999883	4.93911600	0.61067540
192.31999883	4.93911600	0.61067540
192.39999883	4.93911600	0.61067540
192.47999883	4.93911600	0.61067540
192.55999883	4.93911600	0.61067540
192.63999883	4.93911600	0.61067540
192.71999883	4.93911600	0.61067540
192.79999883	4.93911600	0.69856870
192.87999883	4.93911600	0.61067540
192.95999883	4.93911600	0.61067540
193.03999883	4.93911600	0.61067540
193.11999883	4.93911600	0.61067540
193.19999883	4.93911600	0.61067540
193.27999883	4.93911600	0.61067540
193.35999882	4.93911600	0.61067540
193.43999882	4.93911600	0.61067540
193.51999882	4.93911600	0.61067540
193.59999882	4.93911600	0.61067540
193.67999882	4.93911600	0.61067540
193.75999882	4.93911600	0.61067540
193.83999882	4.93911600	0.61067540
193.91999882	4.93911600	0.61067540
193.99999882	4.93911600	0.61067540
194.07999882	4.93911600	0.61067540
194.15999882	4.85061200	0.61067540
194.23999882	4.93911600	-0.35493030
194.31999882	4.93911600	-0.26734220
194.39999882	4.93911600	-0.26734220
194.47999882	4.85061200	-0.26734220
194.55999882	4.58449000	-0.35493030
194.63999882	2.54524400	-0.00366222
194.71999882	1.48136800	3.33323200
194.79999882	0.32898950	4.91409000
194.87999882	0.50630210	4.82619700
194.95999882	0.50630210	4.82619700
195.03999881	0.50630210	4.82619700
195.11999881	0.50630210	4.82619700
195.19999881	0.59480580	4.82619700
195.27999881	0.59480580	4.82619700
195.35999881	0.59480580	4.82619700
195.43999881	0.50630210	4.82619700
195.51999881	0.50630210	4.82619700
195.59999881	0.50630210	4.82619700
195.67999881	0.59480580	4.82619700
195.75999881	0.59480580	4.82619700
195.83999881	0.50630210	4.82619700
195.91999881	0.50630210	4.82619700
195.99999881	0.59480580	4.82619700
196.07999881	0.50630210	4.91409000
196.15999881	0.59480580	4.82619700
196.23999881	0.50630210	4.82619700
196.31999881	0.59480580	4.82619700
196.39999881	0.50630210	4.91409000
196.47999881	0.50630210	4.82619700
196.55999881	0.50630210	4.91409000
196.63999880	0.50630210	4.82619700
196.71999880	0.50630210	4.82619700
196.79999880	0.59480580	4.82619700
196.87999880	0.50630210	4.91409000
196.95999880	0.59480580	4.91409000
197.03999880	0.50630210	4.91409000
197.11999880	0.59480580	4.91409000
197.19999880	0.50630210	4.91409000
197.27999880	0.59480580	4.91409000
197.35999880	0.59480580	4.91409000
197.43999880	0.59480580	4.91409000
197.51999880	0.50630210	4.91409000
197.59999880	0.59480580	4.91409000
197.67999880	0.59480580	4.82619700
197.75999880	0.59480580	4.91409000
197.83999880	0.50630210	4.82619700
197.91999880	0.50630210	4.91409000
197.99999880	0.50630210	4.82619700
198.07999880	0.50630210	4.91409000
198.15999880	0.59480580	4.82619700
198.23999880	0.59480580	4.91409000
198.31999879	0.59480580	4.91409000
198.39999879	0.59480580	4.91409000
198.47999879	0.59480580	4.91409000
198.55999879	0.50630210	4.91409000
198.63999879	0.50630210	4.91409000
198.71999879	0.50630210	4.91409000
198.79999879	0.59480580	4.91409000
198.87999879	0.59480580	4.91409000
198.95999879	0.59480580	4.91409000
199.03999879	0.50630210	4.82619700
199.11999879	0.59480580	4.91409000
199.19999879	0.50630210	4.91409000
199.27999879	0.59480580	4.91409000
199.35999879	0.50630210	4.91409000
199.43999879	0.59480580	4.91409000
199.51999879	0.59480580	4.91409000
199.59999879	0.59480580	4.82619700
199.67999879	0.59480580	4.91409000
199.75999879	0.59480580	4.91409000
199.83999879	0.59480580	4.82619700
199.91999878	0.59480580	4.91409000
199.99999878	0.59480580	4.91409000
200.07999878	0.59480580	4.91409000
200.15999878	0.59480580	4.91409000
200.23999878	0.59480580	4.91409000
