Time	Channel A	Channel B
(us)	(V)	(V)

0.00000000	4.93911600	0.61067540
0.08000000	4.93911600	0.61067540
0.16000000	4.93911600	0.61067540
0.24000000	4.93911600	0.61067540
0.32000000	4.93911600	0.61067540
0.40000000	4.93911600	0.61067540
0.48000000	4.93911600	0.61067540
0.56000000	4.93911600	0.61067540
0.64000000	4.93911600	0.61067540
0.72000000	4.93911600	0.61067540
0.80000000	4.93911600	0.61067540
0.87999999	4.93911600	0.61067540
0.95999999	4.93911600	0.61067540
1.03999999	4.93911600	0.61067540
1.11999999	4.93911600	0.61067540
1.19999999	4.93911600	0.61067540
1.27999999	4.93911600	0.61067540
1.35999999	4.93911600	0.61067540
1.43999999	4.93911600	0.61067540
1.51999999	4.93911600	0.61067540
1.59999999	4.93911600	0.61067540
1.67999999	4.93911600	0.61067540
1.75999999	4.93911600	0.61067540
1.83999999	4.93911600	0.61067540
1.91999999	4.93911600	0.61067540
1.99999999	4.93911600	0.61067540
2.07999999	4.93911600	0.61067540
2.15999999	4.93911600	0.61067540
2.23999999	4.93911600	0.61067540
2.31999999	4.93911600	0.61067540
2.39999999	4.93911600	0.61067540
2.47999998	4.93911600	0.69856870
2.55999998	4.93911600	0.61067540
2.63999998	4.93911600	0.61067540
2.71999998	4.93911600	0.61067540
2.79999998	4.93911600	0.61067540
2.87999998	4.93911600	0.61067540
2.95999998	4.93911600	0.61067540
3.03999998	4.93911600	0.61067540
3.11999998	4.93911600	0.61067540
3.19999998	4.93911600	0.61067540
3.27999998	4.93911600	0.61067540
3.35999998	4.93911600	0.61067540
3.43999998	4.93911600	0.61067540
3.51999998	4.93911600	0.61067540
3.59999998	4.93911600	0.61067540
3.67999998	4.93911600	0.61067540
3.75999998	4.93911600	0.61067540
3.83999998	4.93911600	0.61067540
3.91999998	4.93911600	0.61067540
3.99999998	4.93911600	0.61067540
4.07999998	4.93911600	0.61067540
4.15999997	4.93911600	0.61067540
4.23999997	4.93911600	0.61067540
4.31999997	4.93911600	0.61067540
4.39999997	4.93911600	0.61067540
4.47999997	4.93911600	0.61067540
4.55999997	4.93911600	0.61067540
4.63999997	4.93911600	0.61067540
4.71999997	4.93911600	0.61067540
4.79999997	4.93911600	0.61067540
4.87999997	4.93911600	0.61067540
4.95999997	4.93911600	0.61067540
5.03999997	4.93911600	0.61067540
5.11999997	4.93911600	0.61067540
5.19999997	4.93911600	0.61067540
5.27999997	4.93911600	0.61067540
5.35999997	4.93911600	0.61067540
5.43999997	4.93911600	0.61067540
5.51999997	4.93911600	0.61067540
5.59999997	4.93911600	0.61067540
5.67999997	4.93911600	0.61067540
5.75999996	4.93911600	0.61067540
5.83999996	4.93911600	0.61067540
5.91999996	4.93911600	0.61067540
5.99999996	4.93911600	0.61067540
6.07999996	4.85061200	0.61067540
6.15999996	4.93911600	0.61067540
6.23999996	4.93911600	0.61067540
6.31999996	4.93911600	0.61067540
6.39999996	4.93911600	0.61067540
6.47999996	4.85061200	-0.53071690
6.55999996	4.93911600	-0.35493030
6.63999996	4.93911600	-0.35493030
6.71999996	4.76180300	-0.26734220
6.79999996	4.49598700	-0.26734220
6.87999996	2.01330600	0.08392590
6.95999996	0.86092720	4.91409000
7.03999996	0.41749320	5.00167800
7.11999996	0.50630210	5.00167800
7.19999996	0.50630210	4.82619700
7.27999996	0.50630210	4.91409000
7.35999996	0.50630210	4.82619700
7.43999995	0.50630210	4.82619700
7.51999995	0.50630210	4.82619700
7.59999995	0.59480580	4.82619700
7.67999995	0.59480580	4.82619700
7.75999995	0.59480580	4.82619700
7.83999995	0.59480580	4.91409000
7.91999995	0.50630210	4.82619700
7.99999995	0.59480580	4.82619700
8.07999995	0.59480580	4.82619700
8.15999995	0.50630210	4.82619700
8.23999995	0.59480580	4.91409000
8.31999995	0.50630210	4.82619700
8.39999995	0.50630210	4.82619700
8.47999995	0.59480580	4.82619700
8.55999995	0.50630210	4.91409000
8.63999995	0.50630210	4.91409000
8.71999995	0.50630210	4.82619700
8.79999995	0.50630210	4.91409000
8.87999995	0.50630210	4.91409000
8.95999995	0.50630210	4.91409000
9.03999995	0.59480580	4.91409000
9.11999994	0.59480580	4.91409000
9.19999994	0.59480580	4.82619700
9.27999994	0.50630210	4.91409000
9.35999994	0.59480580	4.82619700
9.43999994	0.50630210	4.91409000
9.51999994	0.59480580	4.91409000
9.59999994	0.59480580	4.91409000
9.67999994	0.50630210	4.91409000
9.75999994	0.50630210	4.91409000
9.83999994	0.59480580	4.82619700
9.91999994	0.50630210	4.91409000
9.99999994	0.50630210	4.91409000
10.07999994	0.50630210	4.82619700
10.15999994	0.50630210	4.91409000
10.23999994	0.50630210	4.91409000
10.31999994	0.59480580	4.91409000
10.39999994	0.59480580	4.82619700
10.47999994	0.59480580	4.91409000
10.55999994	0.59480580	4.91409000
10.63999994	0.50630210	4.91409000
10.71999993	0.50630210	4.91409000
10.79999993	0.50630210	4.91409000
10.87999993	0.50630210	4.91409000
10.95999993	0.59480580	4.91409000
11.03999993	0.50630210	4.91409000
11.11999993	0.59480580	4.91409000
11.19999993	0.59480580	4.91409000
11.27999993	0.59480580	4.91409000
11.35999993	0.50630210	4.91409000
11.43999993	0.59480580	4.91409000
11.51999993	0.59480580	4.91409000
11.59999993	0.59480580	4.91409000
11.67999993	0.59480580	4.91409000
11.75999993	0.59480580	4.91409000
11.83999993	0.50630210	4.91409000
11.91999993	0.59480580	4.91409000
11.99999993	0.59480580	4.91409000
12.07999993	0.50630210	4.91409000
12.15999993	0.50630210	4.91409000
12.23999993	0.59480580	4.91409000
12.31999993	0.59480580	4.91409000
12.39999992	0.59480580	4.91409000
12.47999992	0.59480580	4.91409000
12.55999992	0.59480580	4.91409000
12.63999992	0.59480580	4.91409000
12.71999992	0.59480580	4.91409000
12.79999992	0.59480580	4.91409000
12.87999992	0.59480580	4.91409000
12.95999992	0.59480580	4.91409000
13.03999992	0.50630210	4.91409000
13.11999992	0.59480580	4.91409000
13.19999992	0.59480580	4.91409000
13.27999992	0.59480580	4.91409000
13.35999992	0.59480580	4.91409000
13.43999992	0.59480580	4.91409000
13.51999992	0.59480580	4.91409000
13.59999992	0.59480580	4.91409000
13.67999992	0.50630210	4.91409000
13.75999992	0.59480580	4.91409000
13.83999992	0.59480580	4.91409000
13.91999992	0.59480580	4.91409000
13.99999991	0.59480580	4.91409000
14.07999991	0.59480580	4.91409000
14.15999991	0.50630210	4.91409000
14.23999991	0.50630210	4.91409000
14.31999991	0.59480580	4.91409000
14.39999991	0.59480580	4.91409000
14.47999991	0.59480580	4.91409000
14.55999991	0.59480580	4.91409000
14.63999991	0.59480580	4.91409000
14.71999991	0.59480580	4.91409000
14.79999991	0.50630210	4.91409000
14.87999991	0.59480580	4.91409000
14.95999991	0.50630210	4.91409000
15.03999991	0.59480580	4.91409000
15.11999991	0.59480580	4.91409000
15.19999991	0.50630210	4.91409000
15.27999991	0.59480580	4.91409000
15.35999991	0.59480580	4.91409000
15.43999991	0.59480580	4.91409000
15.51999991	0.59480580	4.91409000
15.59999991	0.59480580	4.91409000
15.67999990	0.59480580	4.91409000
15.75999990	0.59480580	4.91409000
15.83999990	0.59480580	4.91409000
15.91999990	0.59480580	4.91409000
15.99999990	0.59480580	4.91409000
16.07999990	0.59480580	4.91409000
16.15999990	0.59480580	4.91409000
16.23999990	0.50630210	4.91409000
16.31999990	0.59480580	4.91409000
16.39999990	0.59480580	4.91409000
16.47999990	0.59480580	4.91409000
16.55999990	0.59480580	4.91409000
16.63999990	0.59480580	4.91409000
16.71999990	0.59480580	4.91409000
16.79999990	0.50630210	4.91409000
16.87999990	0.59480580	4.91409000
16.95999990	0.59480580	4.91409000
17.03999990	0.59480580	4.91409000
17.11999990	0.50630210	4.91409000
17.19999990	0.59480580	4.91409000
17.27999989	0.50630210	4.91409000
17.35999989	0.59480580	4.91409000
17.43999989	0.59480580	4.91409000
17.51999989	0.50630210	4.91409000
17.59999989	0.59480580	4.91409000
17.67999989	0.59480580	4.91409000
17.75999989	0.59480580	4.91409000
17.83999989	0.59480580	4.91409000
17.91999989	0.59480580	4.91409000
17.99999989	0.59480580	4.91409000
18.07999989	0.50630210	4.91409000
18.15999989	0.59480580	4.91409000
18.23999989	0.59480580	4.91409000
18.31999989	0.50630210	4.91409000
18.39999989	0.59480580	4.91409000
18.47999989	0.59480580	4.91409000
18.55999989	0.59480580	4.91409000
18.63999989	0.59480580	4.91409000
18.71999989	0.59480580	5.00167800
18.79999989	0.50630210	4.91409000
18.87999989	0.50630210	4.91409000
18.95999988	0.50630210	4.91409000
19.03999988	0.59480580	4.91409000
19.11999988	0.59480580	4.91409000
19.19999988	0.59480580	4.91409000
19.27999988	0.50630210	4.91409000
19.35999988	0.59480580	4.91409000
19.43999988	0.59480580	4.91409000
19.51999988	0.59480580	4.91409000
19.59999988	0.59480580	4.91409000
19.67999988	0.59480580	4.91409000
19.75999988	0.59480580	4.91409000
19.83999988	0.59480580	4.91409000
19.91999988	0.50630210	4.91409000
19.99999988	0.59480580	4.91409000
20.07999988	0.50630210	4.91409000
20.15999988	0.59480580	4.91409000
20.23999988	0.59480580	4.91409000
20.31999988	0.59480580	4.91409000
20.39999988	0.59480580	4.91409000
20.47999988	0.59480580	4.91409000
20.55999988	0.59480580	4.91409000
20.63999987	0.59480580	4.91409000
20.71999987	0.50630210	4.91409000
20.79999987	0.59480580	4.91409000
20.87999987	0.59480580	4.91409000
20.95999987	0.59480580	4.91409000
21.03999987	0.59480580	4.91409000
21.11999987	0.59480580	4.91409000
21.19999987	0.50630210	4.91409000
21.27999987	0.59480580	4.91409000
21.35999987	0.59480580	4.91409000
21.43999987	0.59480580	4.91409000
21.51999987	0.59480580	4.91409000
21.59999987	0.59480580	4.91409000
21.67999987	0.50630210	4.91409000
21.75999987	0.59480580	4.91409000
21.83999987	0.59480580	4.91409000
21.91999987	0.59480580	4.91409000
21.99999987	0.59480580	4.91409000
22.07999987	0.59480580	4.91409000
22.15999987	0.59480580	4.91409000
22.23999986	0.50630210	4.91409000
22.31999986	0.50630210	4.91409000
22.39999986	0.59480580	4.91409000
22.47999986	0.59480580	4.91409000
22.55999986	0.59480580	4.91409000
22.63999986	0.59480580	4.91409000
22.71999986	0.59480580	4.91409000
22.79999986	0.59480580	4.91409000
22.87999986	0.59480580	4.91409000
22.95999986	0.59480580	4.91409000
23.03999986	0.59480580	4.91409000
23.11999986	0.50630210	4.91409000
23.19999986	0.50630210	4.91409000
23.27999986	0.59480580	4.91409000
23.35999986	0.59480580	4.91409000
23.43999986	0.59480580	4.91409000
23.51999986	0.50630210	4.91409000
23.59999986	0.59480580	4.91409000
23.67999986	0.50630210	4.91409000
23.75999986	0.59480580	4.91409000
23.83999986	0.59480580	4.91409000
23.91999985	0.50630210	4.91409000
23.99999985	0.59480580	4.91409000
24.07999985	0.59480580	4.91409000
24.15999985	0.59480580	4.91409000
24.23999985	0.59480580	4.91409000
24.31999985	0.59480580	4.91409000
24.39999985	0.59480580	4.91409000
24.47999985	0.59480580	4.91409000
24.55999985	0.59480580	4.91409000
24.63999985	0.50630210	4.91409000
24.71999985	0.50630210	4.91409000
24.79999985	0.59480580	4.91409000
24.87999985	0.50630210	4.91409000
24.95999985	0.59480580	4.91409000
25.03999985	0.59480580	4.91409000
25.11999985	0.59480580	4.91409000
25.19999985	0.50630210	4.91409000
25.27999985	0.50630210	4.91409000
25.35999985	0.59480580	4.91409000
25.43999985	0.59480580	4.91409000
25.51999984	0.59480580	4.91409000
25.59999984	0.59480580	4.91409000
25.67999984	0.50630210	5.00167800
25.75999984	0.59480580	4.91409000
25.83999984	0.59480580	4.91409000
25.91999984	0.50630210	4.91409000
25.99999984	0.59480580	5.00167800
26.07999984	0.59480580	4.91409000
26.15999984	0.59480580	4.91409000
26.23999984	0.50630210	4.91409000
26.31999984	0.50630210	4.91409000
26.39999984	0.59480580	4.91409000
26.47999984	0.59480580	4.91409000
26.55999984	0.59480580	4.91409000
26.63999984	0.59480580	4.91409000
26.71999984	0.59480580	4.91409000
26.79999984	0.59480580	4.91409000
26.87999984	-0.38026060	4.91409000
26.95999984	-0.46876430	4.91409000
27.03999984	-0.38026060	4.91409000
27.11999984	-0.38026060	4.91409000
27.19999983	-0.38026060	4.56282200
27.27999983	0.15167700	2.63069600
27.35999983	4.76180300	1.75237300
27.43999983	4.76180300	0.69856870
27.51999983	4.93911600	0.69856870
27.59999983	4.93911600	0.69856870
27.67999983	4.93911600	0.61067540
27.75999983	4.93911600	0.69856870
27.83999983	4.93911600	0.69856870
27.91999983	4.93911600	0.69856870
27.99999983	4.93911600	0.69856870
28.07999983	4.93911600	0.69856870
28.15999983	4.93911600	0.69856870
28.23999983	4.93911600	0.69856870
28.31999983	4.93911600	0.69856870
28.39999983	4.93911600	0.61067540
28.47999983	4.93911600	0.69856870
28.55999983	4.93911600	0.61067540
28.63999983	4.93911600	0.61067540
28.71999983	4.93911600	0.69856870
28.79999982	4.93911600	0.69856870
28.87999982	4.93911600	0.69856870
28.95999982	4.93911600	0.69856870
29.03999982	4.93911600	0.61067540
29.11999982	4.93911600	0.61067540
29.19999982	4.93911600	0.69856870
29.27999982	4.93911600	0.61067540
29.35999982	4.93911600	0.69856870
29.43999982	4.93911600	0.69856870
29.51999982	4.93911600	0.69856870
29.59999982	4.93911600	0.69856870
29.67999982	4.93911600	0.61067540
29.75999982	4.93911600	0.61067540
29.83999982	4.93911600	0.69856870
29.91999982	4.93911600	0.69856870
29.99999982	4.93911600	0.69856870
30.07999982	4.93911600	0.61067540
30.15999982	4.93911600	0.69856870
30.23999982	4.93911600	0.69856870
30.31999982	4.93911600	0.69856870
30.39999982	4.93911600	0.69856870
30.47999981	4.93911600	0.61067540
30.55999981	4.93911600	0.69856870
30.63999981	4.93911600	0.69856870
30.71999981	4.93911600	0.61067540
30.79999981	4.93911600	0.61067540
30.87999981	4.93911600	0.61067540
30.95999981	4.93911600	0.61067540
31.03999981	4.93911600	0.69856870
31.11999981	4.93911600	0.69856870
31.19999981	4.93911600	0.69856870
31.27999981	4.93911600	0.61067540
31.35999981	4.93911600	0.69856870
31.43999981	4.93911600	0.69856870
31.51999981	4.93911600	0.69856870
31.59999981	4.93911600	0.69856870
31.67999981	4.93911600	0.69856870
31.75999981	4.93911600	0.61067540
31.83999981	4.93911600	0.61067540
31.91999981	4.93911600	0.61067540
31.99999981	4.93911600	0.69856870
32.07999981	4.93911600	0.61067540
32.15999980	4.93911600	0.61067540
32.23999980	4.93911600	0.61067540
32.31999980	4.93911600	0.61067540
32.39999980	4.93911600	0.69856870
32.47999980	4.93911600	0.61067540
32.55999980	4.93911600	0.61067540
32.63999980	4.93911600	0.61067540
32.71999980	4.93911600	0.61067540
32.79999980	4.93911600	0.61067540
32.87999980	4.93911600	0.61067540
32.95999980	4.93911600	0.61067540
33.03999980	4.93911600	0.61067540
33.11999980	4.85061200	0.61067540
33.19999980	4.93911600	0.61067540
33.27999980	4.93911600	0.61067540
33.35999980	4.93911600	0.61067540
33.43999980	4.93911600	0.61067540
33.51999980	4.93911600	0.61067540
33.59999980	4.93911600	0.61067540
33.67999980	4.93911600	0.61067540
33.75999979	4.93911600	0.61067540
33.83999979	4.93911600	0.61067540
33.91999979	4.93911600	0.61067540
33.99999979	4.93911600	0.61067540
34.07999979	4.93911600	0.61067540
34.15999979	4.93911600	0.61067540
34.23999979	4.93911600	0.69856870
34.31999979	4.93911600	0.61067540
34.39999979	4.93911600	0.61067540
34.47999979	4.93911600	0.61067540
34.55999979	4.93911600	0.61067540
34.63999979	4.93911600	0.61067540
34.71999979	4.93911600	0.61067540
34.79999979	4.93911600	0.61067540
34.87999979	4.93911600	0.61067540
34.95999979	4.93911600	0.61067540
35.03999979	4.93911600	0.61067540
35.11999979	4.93911600	0.61067540
35.19999979	4.93911600	0.61067540
35.27999979	4.93911600	0.61067540
35.35999979	4.93911600	0.61067540
35.43999978	4.93911600	0.61067540
35.51999978	4.93911600	0.61067540
35.59999978	4.93911600	0.61067540
35.67999978	4.93911600	0.61067540
35.75999978	4.93911600	0.61067540
35.83999978	4.93911600	0.61067540
35.91999978	4.93911600	0.61067540
35.99999978	4.93911600	0.61067540
36.07999978	4.93911600	0.61067540
36.15999978	4.93911600	0.61067540
36.23999978	4.93911600	0.61067540
36.31999978	4.93911600	0.61067540
36.39999978	4.85061200	0.61067540
36.47999978	4.93911600	0.61067540
36.55999978	4.93911600	0.61067540
36.63999978	4.93911600	0.61067540
36.71999978	4.93911600	0.61067540
36.79999978	4.93911600	0.61067540
36.87999978	4.93911600	0.61067540
36.95999978	4.93911600	0.61067540
37.03999977	4.93911600	0.61067540
37.11999977	4.93911600	0.61067540
37.19999977	4.93911600	0.61067540
37.27999977	4.93911600	0.61067540
37.35999977	4.93911600	0.61067540
37.43999977	4.93911600	0.61067540
37.51999977	4.93911600	0.61067540
37.59999977	4.93911600	0.61067540
37.67999977	4.93911600	0.61067540
37.75999977	4.93911600	0.61067540
37.83999977	4.93911600	0.61067540
37.91999977	4.93911600	0.61067540
37.99999977	4.93911600	0.61067540
38.07999977	4.93911600	0.61067540
38.15999977	4.93911600	0.61067540
38.23999977	4.93911600	0.61067540
38.31999977	4.93911600	0.61067540
38.39999977	4.85061200	0.61067540
38.47999977	4.93911600	0.61067540
38.55999977	4.93911600	0.61067540
38.63999977	4.93911600	0.61067540
38.71999976	4.93911600	0.61067540
38.79999976	4.93911600	0.61067540
38.87999976	4.93911600	0.61067540
38.95999976	4.85061200	0.61067540
39.03999976	4.93911600	0.61067540
39.11999976	4.93911600	0.61067540
39.19999976	4.93911600	0.61067540
39.27999976	4.93911600	0.61067540
39.35999976	4.93911600	0.61067540
39.43999976	4.93911600	0.61067540
39.51999976	4.93911600	0.61067540
39.59999976	4.93911600	0.61067540
39.67999976	4.93911600	0.61067540
39.75999976	4.93911600	0.61067540
39.83999976	4.93911600	0.61067540
39.91999976	4.93911600	0.61067540
39.99999976	4.93911600	0.61067540
40.07999976	4.93911600	0.61067540
40.15999976	4.93911600	0.61067540
40.23999976	4.93911600	0.61067540
40.31999975	4.93911600	0.61067540
40.39999975	4.93911600	0.61067540
40.47999975	4.93911600	0.61067540
40.55999975	4.93911600	0.61067540
40.63999975	4.93911600	0.61067540
40.71999975	4.93911600	0.61067540
40.79999975	4.93911600	0.61067540
40.87999975	4.85061200	0.61067540
40.95999975	4.93911600	0.61067540
41.03999975	4.93911600	0.61067540
41.11999975	4.93911600	0.61067540
41.19999975	4.93911600	0.61067540
41.27999975	4.93911600	0.61067540
41.35999975	4.93911600	0.61067540
41.43999975	4.93911600	0.61067540
41.51999975	4.93911600	0.61067540
41.59999975	4.93911600	0.61067540
41.67999975	4.93911600	0.61067540
41.75999975	4.93911600	0.61067540
41.83999975	4.93911600	0.61067540
41.91999975	4.93911600	0.61067540
41.99999974	4.93911600	0.61067540
42.07999974	4.93911600	0.61067540
42.15999974	4.93911600	0.61067540
42.23999974	4.93911600	0.61067540
42.31999974	4.85061200	0.61067540
42.39999974	4.93911600	0.61067540
42.47999974	4.93911600	0.61067540
42.55999974	4.93911600	0.61067540
42.63999974	4.93911600	0.61067540
42.71999974	4.93911600	0.61067540
42.79999974	4.93911600	0.61067540
42.87999974	4.93911600	0.61067540
42.95999974	4.93911600	0.61067540
43.03999974	4.93911600	0.61067540
43.11999974	4.93911600	0.61067540
43.19999974	4.85061200	0.61067540
43.27999974	4.93911600	0.61067540
43.35999974	4.93911600	0.61067540
43.43999974	4.93911600	0.61067540
43.51999974	4.93911600	0.61067540
43.59999974	4.85061200	0.61067540
43.67999973	4.93911600	0.61067540
43.75999973	4.93911600	0.61067540
43.83999973	4.93911600	0.61067540
43.91999973	4.93911600	0.61067540
43.99999973	4.93911600	0.61067540
44.07999973	4.93911600	0.61067540
44.15999973	4.93911600	0.61067540
44.23999973	4.93911600	0.61067540
44.31999973	4.93911600	0.61067540
44.39999973	4.93911600	0.69856870
44.47999973	4.85061200	0.61067540
44.55999973	4.93911600	0.61067540
44.63999973	4.93911600	0.61067540
44.71999973	4.93911600	0.61067540
44.79999973	4.85061200	0.61067540
44.87999973	4.93911600	0.61067540
44.95999973	4.93911600	0.61067540
45.03999973	4.93911600	0.61067540
45.11999973	4.93911600	0.61067540
45.19999973	4.93911600	0.61067540
45.27999972	4.85061200	0.61067540
45.35999972	4.93911600	0.61067540
45.43999972	4.93911600	0.61067540
45.51999972	4.93911600	0.61067540
45.59999972	4.93911600	0.61067540
45.67999972	4.93911600	0.61067540
45.75999972	4.93911600	0.61067540
45.83999972	4.93911600	0.61067540
45.91999972	4.93911600	0.61067540
45.99999972	4.93911600	0.61067540
46.07999972	4.93911600	0.61067540
46.15999972	4.93911600	0.61067540
46.23999972	4.93911600	0.61067540
46.31999972	4.93911600	0.61067540
46.39999972	4.93911600	0.61067540
46.47999972	4.93911600	0.61067540
46.55999972	4.93911600	0.61067540
46.63999972	4.93911600	0.61067540
46.71999972	4.93911600	0.61067540
46.79999972	4.93911600	0.61067540
46.87999972	4.93911600	0.61067540
46.95999971	4.93911600	0.61067540
47.03999971	4.93911600	0.61067540
47.11999971	4.93911600	0.61067540
47.19999971	4.93911600	0.61067540
47.27999971	4.93911600	0.61067540
47.35999971	4.93911600	0.43519400
47.43999971	4.93911600	-0.35493030
47.51999971	4.93911600	-0.35493030
47.59999971	4.93911600	-0.35493030
47.67999971	4.67329900	-0.35493030
47.75999971	3.69792800	-0.17944880
47.83999971	1.65868100	0.69856870
47.91999971	0.68361460	5.61662600
47.99999971	0.50630210	5.08957200
48.07999971	0.50630210	5.08957200
48.15999971	0.50630210	4.91409000
48.23999971	0.50630210	4.91409000
48.31999971	0.59480580	4.82619700
48.39999971	0.50630210	4.82619700
48.47999971	0.59480580	4.82619700
48.55999970	0.50630210	4.82619700
48.63999970	0.50630210	4.82619700
48.71999970	0.50630210	4.82619700
48.79999970	0.50630210	4.82619700
48.87999970	0.50630210	4.82619700
48.95999970	0.59480580	4.82619700
49.03999970	0.59480580	4.91409000
49.11999970	0.59480580	4.82619700
49.19999970	0.50630210	4.82619700
49.27999970	0.59480580	4.91409000
49.35999970	0.59480580	4.91409000
49.43999970	0.50630210	4.82619700
49.51999970	0.50630210	4.91409000
49.59999970	0.59480580	4.91409000
49.67999970	0.59480580	4.91409000
49.75999970	0.59480580	4.91409000
49.83999970	0.50630210	4.91409000
49.91999970	0.59480580	4.91409000
49.99999970	0.59480580	4.91409000
50.07999970	0.59480580	4.91409000
50.15999970	0.59480580	4.91409000
50.23999969	0.50630210	4.91409000
50.31999969	0.59480580	4.91409000
50.39999969	0.50630210	4.91409000
50.47999969	0.59480580	4.91409000
50.55999969	0.59480580	4.91409000
50.63999969	0.50630210	4.91409000
50.71999969	0.50630210	4.91409000
50.79999969	0.50630210	4.91409000
50.87999969	0.59480580	4.91409000
50.95999969	0.50630210	4.91409000
51.03999969	0.50630210	4.82619700
51.11999969	0.59480580	4.91409000
51.19999969	0.59480580	4.91409000
51.27999969	0.59480580	4.91409000
51.35999969	0.50630210	4.91409000
51.43999969	0.59480580	4.91409000
51.51999969	0.50630210	4.91409000
51.59999969	0.59480580	4.91409000
51.67999969	0.50630210	4.91409000
51.75999969	0.50630210	4.91409000
51.83999968	0.50630210	4.91409000
51.91999968	0.59480580	4.91409000
51.99999968	0.59480580	4.91409000
52.07999968	0.59480580	4.91409000
52.15999968	0.59480580	4.91409000
52.23999968	0.50630210	4.91409000
52.31999968	0.59480580	4.91409000
52.39999968	0.50630210	4.91409000
52.47999968	0.59480580	4.91409000
52.55999968	0.50630210	4.91409000
52.63999968	0.50630210	4.91409000
52.71999968	0.50630210	4.91409000
52.79999968	0.59480580	4.91409000
52.87999968	0.50630210	4.91409000
52.95999968	0.59480580	4.91409000
53.03999968	0.50630210	4.91409000
53.11999968	0.59480580	4.91409000
53.19999968	0.59480580	4.91409000
53.27999968	0.50630210	4.91409000
53.35999968	0.59480580	4.91409000
53.43999968	0.59480580	4.91409000
53.51999967	0.50630210	4.91409000
53.59999967	0.59480580	4.91409000
53.67999967	0.50630210	4.91409000
53.75999967	0.50630210	4.91409000
53.83999967	0.59480580	4.91409000
53.91999967	0.59480580	4.91409000
53.99999967	0.59480580	4.91409000
54.07999967	0.59480580	4.91409000
54.15999967	0.50630210	4.91409000
54.23999967	0.59480580	4.91409000
54.31999967	0.59480580	4.91409000
54.39999967	0.59480580	4.91409000
54.47999967	0.59480580	4.91409000
54.55999967	0.59480580	4.91409000
54.63999967	0.59480580	4.91409000
54.71999967	0.59480580	4.91409000
54.79999967	0.59480580	4.91409000
54.87999967	0.50630210	4.91409000
54.95999967	0.59480580	4.91409000
55.03999967	0.59480580	4.91409000
55.11999967	0.59480580	4.91409000
55.19999966	0.59480580	4.91409000
55.27999966	0.59480580	4.91409000
55.35999966	0.50630210	4.91409000
55.43999966	0.50630210	4.91409000
55.51999966	0.59480580	4.91409000
55.59999966	0.59480580	4.91409000
55.67999966	0.50630210	4.91409000
55.75999966	0.59480580	4.91409000
55.83999966	0.59480580	4.91409000
55.91999966	0.59480580	4.91409000
55.99999966	0.59480580	4.91409000
56.07999966	0.59480580	4.91409000
56.15999966	0.59480580	4.91409000
56.23999966	0.59480580	4.91409000
56.31999966	0.59480580	4.91409000
56.39999966	0.59480580	4.91409000
56.47999966	0.59480580	4.91409000
56.55999966	0.50630210	4.91409000
56.63999966	0.59480580	4.91409000
56.71999966	0.50630210	4.91409000
56.79999965	0.59480580	4.91409000
56.87999965	0.59480580	4.91409000
56.95999965	0.59480580	4.91409000
57.03999965	0.59480580	4.91409000
57.11999965	0.59480580	4.91409000
57.19999965	0.59480580	4.91409000
57.27999965	0.50630210	4.91409000
57.35999965	0.59480580	4.91409000
57.43999965	0.59480580	4.91409000
57.51999965	0.59480580	4.91409000
57.59999965	0.59480580	4.91409000
57.67999965	0.59480580	4.91409000
57.75999965	0.59480580	4.91409000
57.83999965	0.50630210	4.91409000
57.91999965	0.59480580	4.91409000
57.99999965	0.50630210	4.91409000
58.07999965	0.59480580	4.91409000
58.15999965	0.50630210	4.91409000
58.23999965	0.59480580	4.91409000
58.31999965	0.59480580	4.91409000
58.39999965	0.59480580	4.91409000
58.47999964	0.59480580	4.91409000
58.55999964	0.59480580	4.91409000
58.63999964	0.59480580	4.91409000
58.71999964	0.59480580	4.91409000
58.79999964	0.50630210	4.91409000
58.87999964	0.59480580	4.91409000
58.95999964	0.59480580	4.91409000
59.03999964	0.50630210	4.91409000
59.11999964	0.59480580	4.91409000
59.19999964	0.50630210	4.91409000
59.27999964	0.59480580	4.91409000
59.35999964	0.59480580	4.91409000
59.43999964	0.50630210	4.91409000
59.51999964	0.59480580	4.91409000
59.59999964	0.59480580	4.91409000
59.67999964	0.59480580	4.91409000
59.75999964	0.50630210	4.91409000
59.83999964	0.59480580	4.91409000
59.91999964	0.59480580	4.91409000
59.99999964	0.59480580	4.91409000
60.07999963	0.50630210	4.91409000
60.15999963	0.59480580	4.91409000
60.23999963	0.59480580	4.91409000
60.31999963	0.59480580	4.91409000
60.39999963	0.50630210	4.91409000
60.47999963	0.59480580	4.91409000
60.55999963	0.59480580	4.91409000
60.63999963	0.59480580	4.91409000
60.71999963	0.59480580	4.91409000
60.79999963	0.50630210	4.91409000
60.87999963	0.50630210	4.91409000
60.95999963	0.59480580	4.91409000
61.03999963	0.59480580	4.91409000
61.11999963	0.50630210	4.91409000
61.19999963	0.59480580	4.91409000
61.27999963	0.59480580	4.91409000
61.35999963	0.50630210	4.91409000
61.43999963	0.59480580	4.91409000
61.51999963	0.59480580	4.91409000
61.59999963	0.59480580	4.91409000
61.67999963	0.59480580	4.91409000
61.75999962	0.59480580	4.91409000
61.83999962	0.59480580	4.91409000
61.91999962	0.59480580	4.91409000
61.99999962	0.59480580	4.91409000
62.07999962	0.50630210	4.91409000
62.15999962	0.59480580	4.91409000
62.23999962	0.59480580	4.91409000
62.31999962	0.59480580	4.91409000
62.39999962	0.59480580	4.91409000
62.47999962	0.59480580	4.91409000
62.55999962	0.59480580	4.91409000
62.63999962	0.59480580	4.91409000
62.71999962	0.59480580	4.91409000
62.79999962	0.59480580	4.91409000
62.87999962	0.50630210	4.91409000
62.95999962	0.59480580	4.91409000
63.03999962	0.59480580	4.91409000
63.11999962	0.59480580	4.91409000
63.19999962	0.50630210	4.91409000
63.27999962	0.59480580	4.91409000
63.35999961	0.59480580	4.91409000
63.43999961	0.59480580	4.91409000
63.51999961	0.59480580	4.91409000
63.59999961	0.59480580	4.91409000
63.67999961	0.59480580	4.91409000
63.75999961	0.59480580	4.91409000
63.83999961	0.50630210	4.91409000
63.91999961	0.59480580	4.91409000
63.99999961	0.59480580	4.91409000
64.07999961	0.59480580	5.00167800
64.15999961	0.59480580	4.91409000
64.23999961	0.50630210	4.91409000
64.31999961	0.59480580	4.91409000
64.39999961	0.59480580	4.91409000
64.47999961	0.59480580	4.91409000
64.55999961	0.59480580	4.91409000
64.63999961	0.50630210	4.91409000
64.71999961	0.59480580	4.91409000
64.79999961	0.59480580	4.91409000
64.87999961	0.59480580	4.91409000
64.95999961	0.59480580	4.91409000
65.03999960	0.59480580	4.91409000
65.11999960	0.50630210	4.91409000
65.19999960	0.59480580	4.91409000
65.27999960	0.50630210	4.91409000
65.35999960	0.50630210	4.91409000
65.43999960	0.59480580	4.91409000
65.51999960	0.59480580	4.91409000
65.59999960	0.59480580	4.91409000
65.67999960	0.59480580	4.91409000
65.75999960	0.59480580	4.91409000
65.83999960	0.59480580	4.91409000
65.91999960	0.59480580	4.91409000
65.99999960	0.59480580	4.91409000
66.07999960	0.59480580	4.91409000
66.15999960	0.59480580	4.91409000
66.23999960	0.59480580	4.91409000
66.31999960	0.59480580	4.91409000
66.39999960	0.50630210	4.91409000
66.47999960	0.59480580	4.91409000
66.55999960	0.59480580	4.91409000
66.63999959	0.59480580	4.91409000
66.71999959	0.50630210	4.91409000
66.79999959	0.59480580	4.91409000
66.87999959	0.59480580	4.91409000
66.95999959	0.50630210	4.91409000
67.03999959	0.50630210	4.91409000
67.11999959	0.59480580	4.91409000
67.19999959	0.59480580	4.91409000
67.27999959	0.59480580	4.91409000
67.35999959	0.50630210	4.91409000
67.43999959	0.50630210	4.91409000
67.51999959	0.59480580	4.91409000
67.59999959	0.59480580	4.91409000
67.67999959	0.59480580	4.91409000
67.75999959	0.59480580	4.91409000
67.83999959	-0.38026060	4.82619700
67.91999959	-0.46876430	4.91409000
67.99999959	-0.38026060	4.91409000
68.07999959	-0.38026060	4.91409000
68.15999959	-0.38026060	4.56282200
68.23999959	0.15167700	2.80617700
68.31999958	4.67329900	1.66447900
68.39999958	4.85061200	0.78646200
68.47999958	4.93911600	0.69856870
68.55999958	4.85061200	0.61067540
68.63999958	4.93911600	0.61067540
68.71999958	4.93911600	0.69856870
68.79999958	4.93911600	0.69856870
68.87999958	4.93911600	0.69856870
68.95999958	4.93911600	0.69856870
69.03999958	4.93911600	0.69856870
69.11999958	4.93911600	0.69856870
69.19999958	4.93911600	0.69856870
69.27999958	4.93911600	0.69856870
69.35999958	4.93911600	0.69856870
69.43999958	4.93911600	0.69856870
69.51999958	4.93911600	0.69856870
69.59999958	4.93911600	0.69856870
69.67999958	4.93911600	0.61067540
69.75999958	4.93911600	0.69856870
69.83999958	4.93911600	0.61067540
69.91999958	4.93911600	0.61067540
69.99999957	4.93911600	0.69856870
70.07999957	4.93911600	0.69856870
70.15999957	4.93911600	0.69856870
70.23999957	4.93911600	0.61067540
70.31999957	4.93911600	0.69856870
70.39999957	4.93911600	0.61067540
70.47999957	4.93911600	0.61067540
70.55999957	4.93911600	0.69856870
70.63999957	4.93911600	0.69856870
70.71999957	4.93911600	0.61067540
70.79999957	4.93911600	0.69856870
70.87999957	4.93911600	0.61067540
70.95999957	4.93911600	0.69856870
71.03999957	4.93911600	0.61067540
71.11999957	4.93911600	0.69856870
71.19999957	4.93911600	0.61067540
71.27999957	4.93911600	0.61067540
71.35999957	4.93911600	0.69856870
71.43999957	4.93911600	0.69856870
71.51999957	4.93911600	0.61067540
71.59999956	4.93911600	0.61067540
71.67999956	4.93911600	0.61067540
71.75999956	4.93911600	0.61067540
71.83999956	4.93911600	0.61067540
71.91999956	4.93911600	0.61067540
71.99999956	4.93911600	0.69856870
72.07999956	4.93911600	0.61067540
72.15999956	4.93911600	0.61067540
72.23999956	4.93911600	0.61067540
72.31999956	4.93911600	0.61067540
72.39999956	4.93911600	0.61067540
72.47999956	4.93911600	0.61067540
72.55999956	4.93911600	0.61067540
72.63999956	4.93911600	0.61067540
72.71999956	4.93911600	0.69856870
72.79999956	4.93911600	0.69856870
72.87999956	4.93911600	0.61067540
72.95999956	4.93911600	0.61067540
73.03999956	4.93911600	0.69856870
73.11999956	4.93911600	0.61067540
73.19999956	4.93911600	0.61067540
73.27999955	4.93911600	0.61067540
73.35999955	4.93911600	0.61067540
73.43999955	4.93911600	0.61067540
73.51999955	4.93911600	0.61067540
73.59999955	4.93911600	0.61067540
73.67999955	4.93911600	0.61067540
73.75999955	4.93911600	0.61067540
73.83999955	4.93911600	0.61067540
73.91999955	4.93911600	0.61067540
73.99999955	4.93911600	0.61067540
74.07999955	4.93911600	0.61067540
74.15999955	4.93911600	0.61067540
74.23999955	4.93911600	0.61067540
74.31999955	4.93911600	0.61067540
74.39999955	4.93911600	0.61067540
74.47999955	4.93911600	0.61067540
74.55999955	4.93911600	0.61067540
74.63999955	4.93911600	0.61067540
74.71999955	4.93911600	0.61067540
74.79999955	4.93911600	0.61067540
74.87999954	4.93911600	0.69856870
74.95999954	4.93911600	0.61067540
75.03999954	4.93911600	0.61067540
75.11999954	4.93911600	0.61067540
75.19999954	4.93911600	0.61067540
75.27999954	4.93911600	0.61067540
75.35999954	4.93911600	0.61067540
75.43999954	4.93911600	0.61067540
75.51999954	4.93911600	0.61067540
75.59999954	4.93911600	0.61067540
75.67999954	4.93911600	0.61067540
75.75999954	4.93911600	0.61067540
75.83999954	4.93911600	0.61067540
75.91999954	4.93911600	0.61067540
75.99999954	4.93911600	0.61067540
76.07999954	4.93911600	0.61067540
76.15999954	4.93911600	0.61067540
76.23999954	4.93911600	0.61067540
76.31999954	4.93911600	0.61067540
76.39999954	4.93911600	0.61067540
76.47999954	4.93911600	0.61067540
76.55999953	4.93911600	0.61067540
76.63999953	4.93911600	0.61067540
76.71999953	4.93911600	0.61067540
76.79999953	4.93911600	0.61067540
76.87999953	4.93911600	0.61067540
76.95999953	4.93911600	0.61067540
77.03999953	4.93911600	0.61067540
77.11999953	4.93911600	0.61067540
77.19999953	4.93911600	0.61067540
77.27999953	4.93911600	0.61067540
77.35999953	4.93911600	0.61067540
77.43999953	4.93911600	0.61067540
77.51999953	4.93911600	0.61067540
77.59999953	4.93911600	0.61067540
77.67999953	4.93911600	0.61067540
77.75999953	4.93911600	0.61067540
77.83999953	4.93911600	0.61067540
77.91999953	4.93911600	0.61067540
77.99999953	4.93911600	0.61067540
78.07999953	4.93911600	0.61067540
78.15999952	4.93911600	0.61067540
78.23999952	4.93911600	0.61067540
78.31999952	4.93911600	0.61067540
78.39999952	4.93911600	0.61067540
78.47999952	4.93911600	0.61067540
78.55999952	4.93911600	0.61067540
78.63999952	4.93911600	0.61067540
78.71999952	4.93911600	0.61067540
78.79999952	4.93911600	0.61067540
78.87999952	4.93911600	0.61067540
78.95999952	4.93911600	0.61067540
79.03999952	4.93911600	0.61067540
79.11999952	4.93911600	0.61067540
79.19999952	4.93911600	0.61067540
79.27999952	4.93911600	0.61067540
79.35999952	4.93911600	0.61067540
79.43999952	4.93911600	0.61067540
79.51999952	4.93911600	0.61067540
79.59999952	4.93911600	0.61067540
79.67999952	4.93911600	0.61067540
79.75999952	4.93911600	0.61067540
79.83999951	4.85061200	0.61067540
79.91999951	4.93911600	0.61067540
79.99999951	4.93911600	0.61067540
80.07999951	4.93911600	0.61067540
80.15999951	4.93911600	0.61067540
80.23999951	4.93911600	0.61067540
80.31999951	4.93911600	0.61067540
80.39999951	4.93911600	0.61067540
80.47999951	4.93911600	0.61067540
80.55999951	4.93911600	0.61067540
80.63999951	4.93911600	0.61067540
80.71999951	4.93911600	0.61067540
80.79999951	4.93911600	0.61067540
80.87999951	4.93911600	0.61067540
80.95999951	4.93911600	0.61067540
81.03999951	4.93911600	0.61067540
81.11999951	4.93911600	0.61067540
81.19999951	4.93911600	0.61067540
81.27999951	4.93911600	0.61067540
81.35999951	4.93911600	0.61067540
81.43999951	4.93911600	0.61067540
81.51999950	4.93911600	0.61067540
81.59999950	4.93911600	0.61067540
81.67999950	4.93911600	0.61067540
81.75999950	4.93911600	0.61067540
81.83999950	4.93911600	0.61067540
81.91999950	4.93911600	0.61067540
81.99999950	4.93911600	0.61067540
82.07999950	4.93911600	0.61067540
82.15999950	4.93911600	0.61067540
82.23999950	4.93911600	0.61067540
82.31999950	4.93911600	0.61067540
82.39999950	4.93911600	0.61067540
82.47999950	4.93911600	0.61067540
82.55999950	4.93911600	0.61067540
82.63999950	4.93911600	0.61067540
82.71999950	4.93911600	0.61067540
82.79999950	4.93911600	0.61067540
82.87999950	4.93911600	0.61067540
82.95999950	4.93911600	0.61067540
83.03999950	4.93911600	0.61067540
83.11999949	4.93911600	0.61067540
83.19999949	4.93911600	0.61067540
83.27999949	4.93911600	0.61067540
83.35999949	4.93911600	0.61067540
83.43999949	4.93911600	0.61067540
83.51999949	4.85061200	0.61067540
83.59999949	4.93911600	0.61067540
83.67999949	4.93911600	0.61067540
83.75999949	4.93911600	0.61067540
83.83999949	4.93911600	0.61067540
83.91999949	4.93911600	0.61067540
83.99999949	4.93911600	0.61067540
84.07999949	4.93911600	0.61067540
84.15999949	4.93911600	0.61067540
84.23999949	4.93911600	0.61067540
84.31999949	4.93911600	0.61067540
84.39999949	4.93911600	0.61067540
84.47999949	4.93911600	0.61067540
84.55999949	4.93911600	0.61067540
84.63999949	4.93911600	0.61067540
84.71999949	4.93911600	0.61067540
84.79999948	4.93911600	0.61067540
84.87999948	4.93911600	0.61067540
84.95999948	4.93911600	0.61067540
85.03999948	4.93911600	0.61067540
85.11999948	4.93911600	0.61067540
85.19999948	4.93911600	0.61067540
85.27999948	4.93911600	0.61067540
85.35999948	4.93911600	0.61067540
85.43999948	4.93911600	0.61067540
85.51999948	4.93911600	0.61067540
85.59999948	4.93911600	0.61067540
85.67999948	4.93911600	0.61067540
85.75999948	4.93911600	0.61067540
85.83999948	4.93911600	0.61067540
85.91999948	4.93911600	0.61067540
85.99999948	4.93911600	0.61067540
86.07999948	4.93911600	0.61067540
86.15999948	4.93911600	0.61067540
86.23999948	4.93911600	0.61067540
86.31999948	4.93911600	0.61067540
86.39999947	4.93911600	0.61067540
86.47999947	4.93911600	0.61067540
86.55999947	4.93911600	0.61067540
86.63999947	4.93911600	0.61067540
86.71999947	4.93911600	0.61067540
86.79999947	4.93911600	0.61067540
86.87999947	4.93911600	0.61067540
86.95999947	4.93911600	0.61067540
87.03999947	4.93911600	0.61067540
87.11999947	4.93911600	0.61067540
87.19999947	4.93911600	0.61067540
87.27999947	4.93911600	0.61067540
87.35999947	4.93911600	0.61067540
87.43999947	4.93911600	0.61067540
87.51999947	4.93911600	0.61067540
87.59999947	4.93911600	0.61067540
87.67999947	4.93911600	0.61067540
87.75999947	4.93911600	0.61067540
87.83999947	4.93911600	0.61067540
87.91999947	4.93911600	0.61067540
87.99999947	4.85061200	0.61067540
88.07999946	4.93911600	0.61067540
88.15999946	4.93911600	0.61067540
88.23999946	4.93911600	0.61067540
88.31999946	4.93911600	0.43519400
88.39999946	4.93911600	-0.26734220
88.47999946	4.93911600	-0.35493030
88.55999946	4.85061200	-0.35493030
88.63999946	4.58449000	-0.35493030
88.71999946	3.52061500	-0.17944880
88.79999946	1.65868100	0.78646200
88.87999946	0.68361460	5.61662600
88.95999946	0.50630210	5.00167800
89.03999946	0.50630210	5.08957200
89.11999946	0.50630210	4.91409000
89.19999946	0.50630210	4.91409000
89.27999946	0.59480580	4.82619700
89.35999946	0.59480580	4.82619700
89.43999946	0.59480580	4.82619700
89.51999946	0.59480580	4.82619700
89.59999946	0.50630210	4.82619700
89.67999945	0.50630210	4.82619700
89.75999945	0.50630210	4.82619700
89.83999945	0.50630210	4.82619700
89.91999945	0.50630210	4.91409000
89.99999945	0.59480580	4.91409000
90.07999945	0.59480580	4.82619700
90.15999945	0.50630210	4.82619700
90.23999945	0.50630210	4.91409000
90.31999945	0.50630210	4.82619700
90.39999945	0.50630210	4.82619700
90.47999945	0.50630210	4.91409000
90.55999945	0.59480580	4.82619700
90.63999945	0.50630210	4.82619700
90.71999945	0.50630210	4.82619700
90.79999945	0.50630210	4.91409000
90.87999945	0.50630210	4.91409000
90.95999945	0.50630210	4.91409000
91.03999945	0.59480580	4.91409000
91.11999945	0.59480580	4.91409000
91.19999945	0.50630210	4.91409000
91.27999945	0.50630210	4.91409000
91.35999944	0.59480580	4.91409000
91.43999944	0.50630210	4.91409000
91.51999944	0.59480580	4.91409000
91.59999944	0.50630210	4.91409000
91.67999944	0.50630210	4.91409000
91.75999944	0.59480580	4.91409000
91.83999944	0.50630210	4.82619700
91.91999944	0.59480580	4.91409000
91.99999944	0.50630210	4.91409000
92.07999944	0.59480580	4.91409000
92.15999944	0.59480580	4.91409000
92.23999944	0.50630210	4.91409000
92.31999944	0.59480580	4.91409000
92.39999944	0.50630210	4.91409000
92.47999944	0.50630210	4.91409000
92.55999944	0.59480580	4.91409000
92.63999944	0.59480580	4.91409000
92.71999944	0.59480580	4.91409000
92.79999944	0.50630210	4.91409000
92.87999944	0.50630210	4.91409000
92.95999944	0.59480580	4.91409000
93.03999943	0.59480580	4.91409000
93.11999943	0.59480580	4.91409000
93.19999943	0.59480580	4.91409000
93.27999943	0.50630210	4.91409000
93.35999943	0.59480580	4.82619700
93.43999943	0.59480580	4.91409000
93.51999943	0.59480580	4.91409000
93.59999943	0.59480580	4.91409000
93.67999943	0.50630210	4.91409000
93.75999943	0.59480580	4.91409000
93.83999943	0.59480580	4.91409000
93.91999943	0.59480580	4.91409000
93.99999943	0.59480580	4.91409000
94.07999943	0.59480580	4.91409000
94.15999943	0.50630210	4.91409000
94.23999943	0.50630210	4.91409000
94.31999943	0.50630210	4.91409000
94.39999943	0.59480580	4.91409000
94.47999943	0.50630210	4.91409000
94.55999943	0.59480580	4.91409000
94.63999942	0.59480580	4.91409000
94.71999942	0.59480580	4.91409000
94.79999942	0.59480580	4.91409000
94.87999942	0.50630210	4.91409000
94.95999942	0.50630210	4.91409000
95.03999942	0.59480580	4.91409000
95.11999942	0.59480580	4.91409000
95.19999942	0.59480580	4.91409000
95.27999942	0.59480580	4.91409000
95.35999942	0.50630210	4.91409000
95.43999942	0.59480580	4.91409000
95.51999942	0.50630210	4.91409000
95.59999942	0.50630210	4.91409000
95.67999942	0.59480580	4.91409000
95.75999942	0.59480580	4.91409000
95.83999942	0.59480580	4.91409000
95.91999942	0.59480580	4.91409000
95.99999942	0.50630210	4.91409000
96.07999942	0.59480580	4.91409000
96.15999942	0.59480580	4.91409000
96.23999942	0.59480580	4.91409000
96.31999941	0.59480580	4.91409000
96.39999941	0.59480580	4.91409000
96.47999941	0.59480580	4.91409000
96.55999941	0.59480580	4.91409000
96.63999941	0.59480580	4.91409000
96.71999941	0.59480580	4.91409000
96.79999941	0.59480580	4.91409000
96.87999941	0.50630210	4.91409000
96.95999941	0.59480580	4.91409000
97.03999941	0.59480580	4.91409000
97.11999941	0.59480580	4.91409000
97.19999941	0.50630210	4.91409000
97.27999941	0.59480580	4.91409000
97.35999941	0.59480580	4.91409000
97.43999941	0.59480580	4.91409000
97.51999941	0.59480580	4.91409000
97.59999941	0.59480580	4.91409000
97.67999941	0.50630210	4.91409000
97.75999941	0.59480580	4.91409000
97.83999941	0.59480580	4.91409000
97.91999940	0.59480580	4.91409000
97.99999940	0.50630210	4.91409000
98.07999940	0.50630210	4.91409000
98.15999940	0.59480580	4.91409000
98.23999940	0.59480580	4.91409000
98.31999940	0.50630210	4.91409000
98.39999940	0.59480580	4.91409000
98.47999940	0.50630210	4.91409000
98.55999940	0.59480580	4.91409000
98.63999940	0.59480580	4.91409000
98.71999940	0.59480580	4.91409000
98.79999940	0.59480580	4.91409000
98.87999940	0.50630210	4.91409000
98.95999940	0.59480580	4.91409000
99.03999940	0.59480580	4.91409000
99.11999940	0.59480580	4.91409000
99.19999940	0.59480580	4.91409000
99.27999940	0.59480580	4.91409000
99.35999940	0.59480580	4.91409000
99.43999940	0.50630210	4.91409000
99.51999940	0.50630210	4.91409000
99.59999939	0.50630210	4.91409000
99.67999939	0.59480580	4.91409000
99.75999939	0.59480580	4.91409000
99.83999939	0.59480580	4.91409000
99.91999939	0.59480580	4.91409000
99.99999939	0.59480580	4.91409000
100.07999939	0.50630210	4.91409000
100.15999939	0.59480580	4.91409000
100.23999939	0.59480580	4.91409000
100.31999939	0.50630210	4.91409000
100.39999939	0.50630210	4.91409000
100.47999939	0.59480580	4.91409000
100.55999939	0.59480580	4.91409000
100.63999939	0.59480580	4.91409000
100.71999939	0.59480580	4.91409000
100.79999939	0.50630210	4.91409000
100.87999939	0.59480580	4.91409000
100.95999939	0.50630210	4.91409000
101.03999939	0.59480580	4.91409000
101.11999939	0.59480580	4.91409000
101.19999938	0.50630210	4.91409000
101.27999938	0.50630210	4.91409000
101.35999938	0.59480580	4.91409000
101.43999938	0.59480580	4.91409000
101.51999938	0.59480580	4.91409000
101.59999938	0.59480580	4.91409000
101.67999938	0.59480580	4.91409000
101.75999938	0.59480580	4.91409000
101.83999938	0.59480580	4.91409000
101.91999938	0.59480580	4.91409000
101.99999938	0.59480580	4.91409000
102.07999938	0.59480580	4.91409000
102.15999938	0.59480580	4.91409000
102.23999938	0.59480580	4.91409000
102.31999938	0.59480580	4.91409000
102.39999938	0.59480580	4.91409000
102.47999938	0.59480580	4.91409000
102.55999938	0.50630210	4.91409000
102.63999938	0.59480580	4.91409000
102.71999938	0.59480580	4.91409000
102.79999938	0.59480580	4.91409000
102.87999937	0.50630210	4.91409000
102.95999937	0.50630210	4.91409000
103.03999937	0.59480580	4.91409000
103.11999937	0.50630210	4.91409000
103.19999937	0.59480580	4.91409000
103.27999937	0.59480580	4.91409000
103.35999937	0.59480580	4.91409000
103.43999937	0.59480580	4.91409000
103.51999937	0.59480580	4.91409000
103.59999937	0.59480580	4.91409000
103.67999937	0.59480580	4.91409000
103.75999937	0.59480580	4.91409000
103.83999937	0.59480580	4.91409000
103.91999937	0.59480580	4.91409000
103.99999937	0.59480580	4.91409000
104.07999937	0.59480580	4.91409000
104.15999937	0.50630210	4.91409000
104.23999937	0.59480580	4.91409000
104.31999937	0.59480580	4.91409000
104.39999937	0.59480580	4.91409000
104.47999937	0.59480580	4.91409000
104.55999936	0.59480580	4.91409000
104.63999936	0.50630210	4.91409000
104.71999936	0.59480580	4.91409000
104.79999936	0.59480580	4.91409000
104.87999936	0.59480580	4.91409000
104.95999936	0.59480580	4.91409000
105.03999936	0.59480580	4.91409000
105.11999936	0.59480580	4.91409000
105.19999936	0.59480580	4.91409000
105.27999936	0.59480580	4.91409000
105.35999936	0.50630210	4.91409000
105.43999936	0.50630210	4.91409000
105.51999936	0.59480580	4.91409000
105.59999936	0.50630210	4.91409000
105.67999936	0.59480580	4.91409000
105.75999936	0.59480580	4.91409000
105.83999936	0.59480580	4.91409000
105.91999936	0.59480580	4.91409000
105.99999936	0.59480580	4.91409000
106.07999936	0.50630210	4.91409000
106.15999935	0.59480580	4.91409000
106.23999935	0.59480580	4.91409000
106.31999935	0.50630210	4.91409000
106.39999935	0.59480580	4.91409000
106.47999935	0.59480580	4.91409000
106.55999935	0.59480580	4.91409000
106.63999935	0.59480580	4.91409000
106.71999935	0.59480580	4.91409000
106.79999935	0.59480580	4.91409000
106.87999935	0.59480580	4.91409000
106.95999935	0.59480580	4.91409000
107.03999935	0.59480580	4.91409000
107.11999935	0.59480580	4.91409000
107.19999935	0.59480580	4.91409000
107.27999935	0.59480580	4.91409000
107.35999935	0.50630210	4.91409000
107.43999935	0.50630210	4.91409000
107.51999935	0.59480580	4.91409000
107.59999935	0.59480580	4.91409000
107.67999935	0.59480580	4.91409000
107.75999935	0.59480580	4.91409000
107.83999934	0.50630210	4.91409000
107.91999934	0.59480580	4.91409000
107.99999934	0.59480580	4.91409000
108.07999934	0.59480580	4.91409000
108.15999934	0.59480580	4.91409000
108.23999934	0.59480580	4.91409000
108.31999934	0.59480580	4.91409000
108.39999934	0.59480580	4.91409000
108.47999934	0.59480580	4.91409000
108.55999934	0.59480580	4.91409000
108.63999934	0.59480580	4.91409000
108.71999934	0.24048580	4.91409000
108.79999934	-0.38026060	4.91409000
108.87999934	-0.38026060	4.91409000
108.95999934	-0.38026060	4.91409000
109.03999934	-0.38026060	4.82619700
109.11999934	-0.20294810	4.38703600
109.19999934	1.74749000	1.66447900
109.27999934	4.93911600	1.40110500
109.35999934	4.76180300	0.52278210
109.43999933	4.93911600	0.61067540
109.51999933	4.93911600	0.69856870
109.59999933	4.93911600	0.69856870
109.67999933	4.93911600	0.69856870
109.75999933	4.93911600	0.69856870
109.83999933	4.93911600	0.69856870
109.91999933	4.93911600	0.69856870
109.99999933	4.93911600	0.69856870
110.07999933	4.93911600	0.69856870
110.15999933	4.93911600	0.69856870
110.23999933	4.93911600	0.69856870
110.31999933	4.93911600	0.69856870
110.39999933	4.93911600	0.69856870
110.47999933	4.93911600	0.69856870
110.55999933	4.93911600	0.69856870
110.63999933	4.93911600	0.69856870
110.71999933	4.93911600	0.69856870
110.79999933	4.93911600	0.61067540
110.87999933	4.93911600	0.69856870
110.95999933	4.93911600	0.69856870
111.03999933	4.93911600	0.69856870
111.11999932	4.93911600	0.69856870
111.19999932	4.93911600	0.61067540
111.27999932	4.93911600	0.61067540
111.35999932	4.93911600	0.61067540
111.43999932	4.93911600	0.69856870
111.51999932	4.93911600	0.69856870
111.59999932	4.93911600	0.61067540
111.67999932	4.93911600	0.61067540
111.75999932	4.93911600	0.69856870
111.83999932	4.93911600	0.61067540
111.91999932	4.93911600	0.69856870
111.99999932	4.93911600	0.69856870
112.07999932	4.93911600	0.61067540
112.15999932	4.93911600	0.61067540
112.23999932	4.93911600	0.61067540
112.31999932	4.93911600	0.61067540
112.39999932	4.93911600	0.61067540
112.47999932	4.93911600	0.61067540
112.55999932	4.93911600	0.61067540
112.63999932	4.93911600	0.61067540
112.71999931	4.93911600	0.61067540
112.79999931	4.93911600	0.61067540
112.87999931	4.93911600	0.61067540
112.95999931	4.93911600	0.61067540
113.03999931	4.93911600	0.61067540
113.11999931	4.93911600	0.61067540
113.19999931	4.93911600	0.61067540
113.27999931	4.93911600	0.69856870
113.35999931	4.93911600	0.61067540
113.43999931	4.93911600	0.61067540
113.51999931	4.93911600	0.61067540
113.59999931	4.93911600	0.61067540
113.67999931	4.93911600	0.61067540
113.75999931	4.93911600	0.61067540
113.83999931	4.93911600	0.61067540
113.91999931	4.93911600	0.61067540
113.99999931	4.93911600	0.61067540
114.07999931	4.93911600	0.61067540
114.15999931	4.93911600	0.61067540
114.23999931	4.93911600	0.61067540
114.31999931	4.93911600	0.61067540
114.39999930	4.93911600	0.61067540
114.47999930	4.93911600	0.61067540
114.55999930	4.93911600	0.61067540
114.63999930	4.93911600	0.61067540
114.71999930	4.93911600	0.61067540
114.79999930	4.93911600	0.61067540
114.87999930	4.93911600	0.61067540
114.95999930	4.93911600	0.61067540
115.03999930	4.93911600	0.61067540
115.11999930	4.93911600	0.61067540
115.19999930	4.93911600	0.61067540
115.27999930	4.93911600	0.61067540
115.35999930	4.93911600	0.61067540
115.43999930	4.93911600	0.61067540
115.51999930	4.93911600	0.61067540
115.59999930	4.93911600	0.61067540
115.67999930	4.93911600	0.61067540
115.75999930	4.93911600	0.61067540
115.83999930	4.93911600	0.61067540
115.91999930	4.93911600	0.61067540
115.99999930	4.93911600	0.61067540
116.07999929	4.93911600	0.61067540
116.15999929	4.93911600	0.61067540
116.23999929	4.93911600	0.61067540
116.31999929	4.93911600	0.61067540
116.39999929	4.93911600	0.61067540
116.47999929	4.93911600	0.61067540
116.55999929	4.93911600	0.61067540
116.63999929	4.93911600	0.61067540
116.71999929	4.93911600	0.61067540
116.79999929	4.93911600	0.61067540
116.87999929	4.93911600	0.61067540
116.95999929	4.93911600	0.61067540
117.03999929	4.85061200	0.61067540
117.11999929	4.93911600	0.61067540
117.19999929	4.93911600	0.61067540
117.27999929	4.93911600	0.61067540
117.35999929	4.93911600	0.61067540
117.43999929	4.93911600	0.61067540
117.51999929	4.93911600	0.61067540
117.59999929	4.85061200	0.61067540
117.67999928	4.85061200	0.61067540
117.75999928	4.93911600	0.61067540
117.83999928	4.93911600	0.61067540
117.91999928	4.93911600	0.61067540
117.99999928	4.93911600	0.61067540
118.07999928	4.93911600	0.61067540
118.15999928	4.93911600	0.61067540
118.23999928	4.93911600	0.61067540
118.31999928	4.93911600	0.61067540
118.39999928	4.85061200	0.61067540
118.47999928	4.93911600	0.61067540
118.55999928	4.93911600	0.61067540
118.63999928	4.93911600	0.61067540
118.71999928	4.93911600	0.61067540
118.79999928	4.93911600	0.61067540
118.87999928	4.93911600	0.61067540
118.95999928	4.93911600	0.61067540
119.03999928	4.93911600	0.61067540
119.11999928	4.93911600	0.61067540
119.19999928	4.85061200	0.61067540
119.27999928	4.93911600	0.61067540
119.35999927	4.93911600	0.61067540
119.43999927	4.93911600	0.61067540
119.51999927	4.93911600	0.61067540
119.59999927	4.93911600	0.61067540
119.67999927	4.93911600	0.61067540
119.75999927	4.93911600	0.61067540
119.83999927	4.93911600	0.61067540
119.91999927	4.93911600	0.61067540
119.99999927	4.93911600	0.61067540
120.07999927	4.93911600	0.61067540
120.15999927	4.93911600	0.61067540
120.23999927	4.93911600	0.61067540
120.31999927	4.93911600	0.61067540
120.39999927	4.93911600	0.61067540
120.47999927	4.93911600	0.61067540
120.55999927	4.85061200	0.61067540
120.63999927	4.85061200	0.61067540
120.71999927	4.93911600	0.61067540
120.79999927	4.93911600	0.61067540
120.87999927	4.93911600	0.61067540
120.95999926	4.85061200	0.61067540
121.03999926	4.93911600	0.61067540
121.11999926	4.93911600	0.61067540
121.19999926	4.93911600	0.61067540
121.27999926	4.93911600	0.61067540
121.35999926	4.93911600	0.61067540
121.43999926	4.93911600	0.61067540
121.51999926	4.93911600	0.61067540
121.59999926	4.93911600	0.61067540
121.67999926	4.93911600	0.61067540
121.75999926	4.93911600	0.61067540
121.83999926	4.85061200	0.61067540
121.91999926	4.93911600	0.61067540
121.99999926	4.93911600	0.61067540
122.07999926	4.93911600	0.61067540
122.15999926	4.93911600	0.61067540
122.23999926	4.93911600	0.61067540
122.31999926	4.93911600	0.61067540
122.39999926	4.93911600	0.61067540
122.47999926	4.93911600	0.61067540
122.55999926	4.93911600	0.61067540
122.63999925	4.93911600	0.61067540
122.71999925	4.93911600	0.61067540
122.79999925	4.93911600	0.61067540
122.87999925	4.93911600	0.61067540
122.95999925	4.93911600	0.61067540
123.03999925	4.93911600	0.61067540
123.11999925	4.93911600	0.61067540
123.19999925	4.93911600	0.61067540
123.27999925	4.93911600	0.61067540
123.35999925	4.93911600	0.61067540
123.43999925	4.93911600	0.61067540
123.51999925	4.93911600	0.61067540
123.59999925	4.93911600	0.61067540
123.67999925	4.93911600	0.61067540
123.75999925	4.93911600	0.61067540
123.83999925	4.93911600	0.61067540
123.91999925	4.93911600	0.61067540
123.99999925	4.93911600	0.61067540
124.07999925	4.93911600	0.61067540
124.15999925	4.93911600	0.61067540
124.23999924	4.93911600	0.61067540
124.31999924	4.93911600	0.61067540
124.39999924	4.93911600	0.61067540
124.47999924	4.93911600	0.61067540
124.55999924	4.93911600	0.61067540
124.63999924	4.93911600	0.61067540
124.71999924	4.85061200	0.61067540
124.79999924	4.93911600	0.61067540
124.87999924	4.93911600	0.61067540
124.95999924	4.93911600	0.61067540
125.03999924	4.93911600	0.61067540
125.11999924	4.93911600	0.61067540
125.19999924	4.93911600	0.61067540
125.27999924	4.93911600	0.61067540
125.35999924	4.93911600	0.61067540
125.43999924	4.93911600	0.61067540
125.51999924	4.93911600	0.61067540
125.59999924	4.93911600	0.61067540
125.67999924	4.93911600	0.61067540
125.75999924	4.93911600	0.61067540
125.83999924	4.85061200	0.61067540
125.91999923	4.85061200	0.61067540
125.99999923	4.93911600	0.61067540
126.07999923	4.93911600	0.61067540
126.15999923	4.93911600	0.61067540
126.23999923	4.93911600	0.61067540
126.31999923	4.93911600	0.61067540
126.39999923	4.93911600	0.61067540
126.47999923	4.93911600	0.61067540
126.55999923	4.93911600	0.61067540
126.63999923	4.93911600	0.61067540
126.71999923	4.93911600	0.61067540
126.79999923	4.93911600	0.61067540
126.87999923	4.93911600	0.61067540
126.95999923	4.93911600	0.61067540
127.03999923	4.93911600	0.61067540
127.11999923	4.93911600	0.61067540
127.19999923	4.93911600	0.61067540
127.27999923	4.93911600	0.61067540
127.35999923	4.93911600	0.61067540
127.43999923	4.93911600	0.61067540
127.51999923	4.93911600	0.61067540
127.59999922	4.93911600	0.61067540
127.67999922	4.93911600	0.61067540
127.75999922	4.93911600	0.61067540
127.83999922	4.93911600	0.61067540
127.91999922	4.93911600	0.61067540
127.99999922	4.93911600	0.61067540
128.07999922	4.93911600	0.61067540
128.15999922	4.93911600	0.61067540
128.23999922	4.93911600	0.61067540
128.31999922	4.93911600	0.61067540
128.39999922	4.93911600	0.61067540
128.47999922	4.93911600	0.61067540
128.55999922	4.93911600	0.61067540
128.63999922	4.85061200	0.61067540
128.71999922	4.85061200	0.61067540
128.79999922	4.93911600	0.61067540
128.87999922	4.93911600	0.61067540
128.95999922	4.93911600	0.61067540
129.03999922	4.93911600	0.61067540
129.11999922	4.93911600	-0.09155553
129.19999921	4.93911600	-0.17944880
129.27999921	4.93911600	-0.26734220
129.35999921	4.85061200	-0.26734220
129.43999921	4.58449000	-0.35493030
129.51999921	2.81136500	-0.09155553
129.59999921	1.57017700	2.27942800
129.67999921	0.50630210	5.08957200
129.75999921	0.50630210	4.82619700
129.83999921	0.50630210	4.91409000
129.91999921	0.50630210	4.91409000
129.99999921	0.50630210	4.82619700
130.07999921	0.59480580	4.82619700
130.15999921	0.50630210	4.91409000
130.23999921	0.50630210	4.91409000
130.31999921	0.59480580	4.82619700
130.39999921	0.59480580	4.82619700
130.47999921	0.50630210	4.82619700
130.55999921	0.59480580	4.82619700
130.63999921	0.59480580	4.82619700
130.71999921	0.50630210	4.91409000
130.79999921	0.50630210	4.91409000
130.87999920	0.50630210	4.91409000
130.95999920	0.59480580	4.82619700
131.03999920	0.50630210	4.91409000
131.11999920	0.59480580	4.91409000
131.19999920	0.50630210	4.91409000
131.27999920	0.59480580	4.91409000
131.35999920	0.50630210	4.82619700
131.43999920	0.59480580	4.91409000
131.51999920	0.50630210	4.82619700
131.59999920	0.50630210	4.91409000
131.67999920	0.59480580	4.91409000
131.75999920	0.50630210	4.91409000
131.83999920	0.50630210	4.91409000
131.91999920	0.50630210	4.91409000
131.99999920	0.50630210	4.91409000
132.07999920	0.59480580	4.91409000
132.15999920	0.50630210	4.91409000
132.23999920	0.50630210	4.91409000
132.31999920	0.50630210	4.91409000
132.39999920	0.50630210	4.91409000
132.47999919	0.50630210	4.91409000
132.55999919	0.59480580	4.91409000
132.63999919	0.50630210	4.91409000
132.71999919	0.50630210	4.82619700
132.79999919	0.59480580	4.91409000
132.87999919	0.50630210	4.91409000
132.95999919	0.59480580	4.91409000
133.03999919	0.59480580	4.91409000
133.11999919	0.50630210	4.91409000
133.19999919	0.59480580	4.91409000
133.27999919	0.59480580	4.91409000
133.35999919	0.59480580	4.91409000
133.43999919	0.59480580	4.91409000
133.51999919	0.59480580	4.91409000
133.59999919	0.50630210	4.91409000
133.67999919	0.50630210	4.91409000
133.75999919	0.50630210	4.91409000
133.83999919	0.59480580	4.91409000
133.91999919	0.59480580	4.91409000
133.99999919	0.59480580	4.91409000
134.07999919	0.59480580	4.91409000
134.15999918	0.50630210	4.91409000
134.23999918	0.59480580	4.91409000
134.31999918	0.59480580	4.91409000
134.39999918	0.50630210	4.91409000
134.47999918	0.50630210	4.91409000
134.55999918	0.59480580	4.91409000
134.63999918	0.50630210	4.91409000
134.71999918	0.50630210	4.91409000
134.79999918	0.50630210	4.91409000
134.87999918	0.50630210	4.91409000
134.95999918	0.50630210	4.91409000
135.03999918	0.50630210	4.91409000
135.11999918	0.50630210	4.91409000
135.19999918	0.50630210	4.91409000
135.27999918	0.50630210	4.91409000
135.35999918	0.50630210	4.91409000
135.43999918	0.50630210	4.91409000
135.51999918	0.59480580	4.91409000
135.59999918	0.59480580	4.91409000
135.67999918	0.59480580	4.91409000
135.75999917	0.59480580	4.91409000
135.83999917	0.59480580	4.91409000
135.91999917	0.50630210	4.91409000
135.99999917	0.59480580	4.91409000
136.07999917	0.59480580	4.91409000
136.15999917	0.59480580	4.91409000
136.23999917	0.50630210	4.91409000
136.31999917	0.50630210	4.91409000
136.39999917	0.59480580	4.91409000
136.47999917	0.59480580	4.91409000
136.55999917	0.59480580	4.91409000
136.63999917	0.50630210	4.91409000
136.71999917	0.50630210	4.91409000
136.79999917	0.59480580	4.91409000
136.87999917	0.59480580	4.91409000
136.95999917	0.59480580	4.91409000
137.03999917	0.59480580	4.91409000
137.11999917	0.59480580	4.91409000
137.19999917	0.50630210	4.91409000
137.27999917	0.59480580	4.91409000
137.35999917	0.50630210	4.91409000
137.43999916	0.59480580	4.91409000
137.51999916	0.59480580	4.91409000
137.59999916	0.50630210	4.91409000
137.67999916	0.59480580	4.91409000
137.75999916	0.59480580	4.91409000
137.83999916	0.59480580	4.91409000
137.91999916	0.59480580	4.91409000
137.99999916	0.59480580	4.91409000
138.07999916	0.59480580	4.91409000
138.15999916	0.59480580	4.91409000
138.23999916	0.59480580	4.91409000
138.31999916	0.59480580	4.91409000
138.39999916	0.59480580	4.91409000
138.47999916	0.59480580	4.91409000
138.55999916	0.59480580	4.91409000
138.63999916	0.59480580	4.91409000
138.71999916	0.59480580	4.91409000
138.79999916	0.59480580	4.91409000
138.87999916	0.59480580	4.91409000
138.95999916	0.59480580	4.91409000
139.03999915	0.50630210	4.91409000
139.11999915	0.59480580	4.91409000
139.19999915	0.59480580	4.91409000
139.27999915	0.50630210	4.91409000
139.35999915	0.50630210	4.91409000
139.43999915	0.59480580	4.91409000
139.51999915	0.59480580	4.91409000
139.59999915	0.59480580	4.91409000
139.67999915	0.50630210	4.91409000
139.75999915	0.59480580	4.91409000
139.83999915	0.59480580	4.91409000
139.91999915	0.59480580	4.91409000
139.99999915	0.59480580	4.91409000
140.07999915	0.59480580	4.91409000
140.15999915	0.59480580	4.91409000
140.23999915	0.59480580	4.91409000
140.31999915	0.59480580	4.91409000
140.39999915	0.59480580	4.91409000
140.47999915	0.59480580	4.91409000
140.55999915	0.59480580	4.91409000
140.63999915	0.59480580	4.91409000
140.71999914	0.59480580	4.91409000
140.79999914	0.59480580	4.91409000
140.87999914	0.50630210	4.91409000
140.95999914	0.59480580	4.91409000
141.03999914	0.50630210	4.91409000
141.11999914	0.59480580	4.91409000
141.19999914	0.59480580	4.91409000
141.27999914	0.59480580	4.91409000
141.35999914	0.59480580	4.91409000
141.43999914	0.59480580	4.91409000
141.51999914	0.59480580	4.91409000
141.59999914	0.50630210	4.91409000
141.67999914	0.59480580	4.91409000
141.75999914	0.59480580	4.91409000
141.83999914	0.59480580	4.91409000
141.91999914	0.59480580	4.91409000
141.99999914	0.59480580	4.91409000
142.07999914	0.59480580	4.91409000
142.15999914	0.50630210	4.91409000
142.23999914	0.59480580	4.91409000
142.31999914	0.59480580	4.91409000
142.39999913	0.50630210	4.91409000
142.47999913	0.59480580	4.91409000
142.55999913	0.59480580	4.91409000
142.63999913	0.59480580	4.91409000
142.71999913	0.50630210	4.91409000
142.79999913	0.50630210	4.91409000
142.87999913	0.50630210	5.00167800
142.95999913	0.59480580	4.91409000
143.03999913	0.50630210	4.91409000
143.11999913	0.59480580	4.91409000
143.19999913	0.59480580	4.91409000
143.27999913	0.59480580	4.91409000
143.35999913	0.59480580	4.91409000
143.43999913	0.59480580	4.91409000
143.51999913	0.59480580	4.91409000
143.59999913	0.59480580	4.91409000
143.67999913	0.59480580	4.91409000
143.75999913	0.50630210	4.91409000
143.83999913	0.59480580	4.91409000
143.91999913	0.59480580	4.91409000
143.99999912	0.59480580	4.91409000
144.07999912	0.59480580	4.91409000
144.15999912	0.59480580	4.91409000
144.23999912	0.59480580	4.91409000
144.31999912	0.50630210	4.91409000
144.39999912	0.59480580	4.91409000
144.47999912	0.59480580	4.91409000
144.55999912	0.59480580	4.91409000
144.63999912	0.50630210	4.91409000
144.71999912	0.59480580	4.91409000
144.79999912	0.59480580	4.91409000
144.87999912	0.50630210	4.91409000
144.95999912	0.59480580	4.91409000
145.03999912	0.59480580	4.91409000
145.11999912	0.59480580	4.91409000
145.19999912	0.59480580	4.91409000
145.27999912	0.59480580	4.91409000
145.35999912	0.50630210	4.91409000
145.43999912	0.50630210	4.91409000
145.51999912	0.59480580	4.91409000
145.59999912	0.50630210	4.91409000
145.67999911	0.59480580	4.91409000
145.75999911	0.50630210	4.91409000
145.83999911	0.59480580	4.91409000
145.91999911	0.50630210	4.91409000
145.99999911	0.59480580	4.91409000
146.07999911	0.50630210	4.91409000
146.15999911	0.59480580	4.91409000
146.23999911	0.59480580	4.91409000
146.31999911	0.59480580	4.91409000
146.39999911	0.59480580	4.91409000
146.47999911	0.59480580	4.91409000
146.55999911	0.59480580	4.91409000
146.63999911	0.59480580	4.91409000
146.71999911	0.50630210	4.91409000
146.79999911	0.59480580	4.91409000
146.87999911	0.59480580	4.91409000
146.95999911	0.59480580	4.91409000
147.03999911	0.59480580	4.91409000
147.11999911	0.59480580	4.91409000
147.19999911	0.59480580	4.91409000
147.27999910	0.50630210	4.91409000
147.35999910	0.59480580	4.91409000
147.43999910	0.59480580	4.91409000
147.51999910	0.59480580	4.91409000
147.59999910	0.50630210	4.91409000
147.67999910	0.59480580	4.91409000
147.75999910	0.59480580	4.91409000
147.83999910	0.59480580	4.91409000
147.91999910	0.59480580	4.91409000
147.99999910	0.59480580	4.91409000
148.07999910	0.59480580	4.91409000
148.15999910	0.59480580	4.91409000
148.23999910	0.59480580	4.91409000
148.31999910	0.59480580	4.91409000
148.39999910	0.59480580	4.91409000
148.47999910	0.50630210	4.91409000
148.55999910	0.59480580	4.91409000
148.63999910	0.59480580	4.91409000
148.71999910	0.59480580	4.91409000
148.79999910	0.50630210	4.91409000
148.87999910	0.59480580	4.91409000
148.95999909	0.59480580	4.91409000
149.03999909	0.59480580	4.91409000
149.11999909	0.59480580	4.91409000
149.19999909	0.50630210	4.91409000
149.27999909	0.59480580	4.91409000
149.35999909	0.59480580	4.91409000
149.43999909	0.50630210	4.91409000
149.51999909	-0.38026060	4.91409000
149.59999909	-0.38026060	4.91409000
149.67999909	-0.38026060	4.91409000
149.75999909	-0.38026060	4.91409000
149.83999909	-0.29145180	4.56282200
149.91999909	0.68361460	2.01574800
149.99999909	4.76180300	1.66447900
150.07999909	4.76180300	0.52278210
150.15999909	4.93911600	0.69856870
150.23999909	4.93911600	0.69856870
150.31999909	4.93911600	0.69856870
150.39999909	4.93911600	0.61067540
150.47999909	4.93911600	0.69856870
150.55999908	4.93911600	0.69856870
150.63999908	4.93911600	0.69856870
150.71999908	4.93911600	0.69856870
150.79999908	4.93911600	0.69856870
150.87999908	4.93911600	0.69856870
150.95999908	4.93911600	0.69856870
151.03999908	4.93911600	0.69856870
151.11999908	4.93911600	0.69856870
151.19999908	4.93911600	0.69856870
151.27999908	4.93911600	0.69856870
151.35999908	4.93911600	0.69856870
151.43999908	4.93911600	0.69856870
151.51999908	4.93911600	0.69856870
151.59999908	4.93911600	0.69856870
151.67999908	4.93911600	0.69856870
151.75999908	4.93911600	0.61067540
151.83999908	4.93911600	0.69856870
151.91999908	4.93911600	0.69856870
151.99999908	4.93911600	0.69856870
152.07999908	4.93911600	0.69856870
152.15999908	4.93911600	0.61067540
152.23999907	4.93911600	0.61067540
152.31999907	4.93911600	0.69856870
152.39999907	4.93911600	0.69856870
152.47999907	4.93911600	0.69856870
152.55999907	4.93911600	0.69856870
152.63999907	4.93911600	0.69856870
152.71999907	4.93911600	0.69856870
152.79999907	4.85061200	0.61067540
152.87999907	4.93911600	0.61067540
152.95999907	4.93911600	0.69856870
153.03999907	4.93911600	0.61067540
153.11999907	4.93911600	0.69856870
153.19999907	4.93911600	0.61067540
153.27999907	4.93911600	0.69856870
153.35999907	4.93911600	0.61067540
153.43999907	4.93911600	0.61067540
153.51999907	4.93911600	0.61067540
153.59999907	4.93911600	0.69856870
153.67999907	4.93911600	0.61067540
153.75999907	4.93911600	0.61067540
153.83999907	4.93911600	0.61067540
153.91999906	4.93911600	0.61067540
153.99999906	4.93911600	0.61067540
154.07999906	4.93911600	0.61067540
154.15999906	4.93911600	0.61067540
154.23999906	4.93911600	0.61067540
154.31999906	4.93911600	0.61067540
154.39999906	4.93911600	0.61067540
154.47999906	4.93911600	0.61067540
154.55999906	4.93911600	0.61067540
154.63999906	4.93911600	0.61067540
154.71999906	4.93911600	0.61067540
154.79999906	4.93911600	0.69856870
154.87999906	4.93911600	0.61067540
154.95999906	4.93911600	0.61067540
155.03999906	4.93911600	0.61067540
155.11999906	4.93911600	0.61067540
155.19999906	4.93911600	0.61067540
155.27999906	4.85061200	0.61067540
155.35999906	4.93911600	0.61067540
155.43999906	4.93911600	0.61067540
155.51999905	4.93911600	0.61067540
155.59999905	4.93911600	0.61067540
155.67999905	4.93911600	0.61067540
155.75999905	4.93911600	0.61067540
155.83999905	4.93911600	0.61067540
155.91999905	4.93911600	0.61067540
155.99999905	4.93911600	0.61067540
156.07999905	4.93911600	0.61067540
156.15999905	4.93911600	0.61067540
156.23999905	4.93911600	0.69856870
156.31999905	4.93911600	0.61067540
156.39999905	4.93911600	0.61067540
156.47999905	4.93911600	0.61067540
156.55999905	4.93911600	0.61067540
156.63999905	4.93911600	0.61067540
156.71999905	4.93911600	0.61067540
156.79999905	4.93911600	0.61067540
156.87999905	4.93911600	0.61067540
156.95999905	4.93911600	0.61067540
157.03999905	4.93911600	0.61067540
157.11999905	4.93911600	0.61067540
157.19999904	4.93911600	0.61067540
157.27999904	4.85061200	0.61067540
157.35999904	4.93911600	0.61067540
157.43999904	4.93911600	0.61067540
157.51999904	4.93911600	0.61067540
157.59999904	4.93911600	0.61067540
157.67999904	4.93911600	0.61067540
157.75999904	4.93911600	0.61067540
157.83999904	4.93911600	0.61067540
157.91999904	4.93911600	0.61067540
157.99999904	4.93911600	0.61067540
158.07999904	4.93911600	0.61067540
158.15999904	4.93911600	0.61067540
158.23999904	4.93911600	0.61067540
158.31999904	4.93911600	0.61067540
158.39999904	4.93911600	0.69856870
158.47999904	4.93911600	0.61067540
158.55999904	4.93911600	0.61067540
158.63999904	4.93911600	0.61067540
158.71999904	4.93911600	0.61067540
158.79999903	4.93911600	0.61067540
158.87999903	4.93911600	0.61067540
158.95999903	4.93911600	0.61067540
159.03999903	4.93911600	0.61067540
159.11999903	4.93911600	0.61067540
159.19999903	4.93911600	0.61067540
159.27999903	4.93911600	0.61067540
159.35999903	4.93911600	0.61067540
159.43999903	4.85061200	0.61067540
159.51999903	4.93911600	0.61067540
159.59999903	4.93911600	0.61067540
159.67999903	4.93911600	0.61067540
159.75999903	4.93911600	0.61067540
159.83999903	4.93911600	0.61067540
159.91999903	4.93911600	0.61067540
159.99999903	4.93911600	0.61067540
160.07999903	4.93911600	0.61067540
160.15999903	4.93911600	0.61067540
160.23999903	4.93911600	0.61067540
160.31999903	4.93911600	0.61067540
160.39999903	4.93911600	0.61067540
160.47999902	4.93911600	0.61067540
160.55999902	4.93911600	0.61067540
160.63999902	4.93911600	0.61067540
160.71999902	4.93911600	0.61067540
160.79999902	4.93911600	0.61067540
160.87999902	4.93911600	0.61067540
160.95999902	4.93911600	0.61067540
161.03999902	4.93911600	0.61067540
161.11999902	4.93911600	0.61067540
161.19999902	4.93911600	0.61067540
161.27999902	4.93911600	0.61067540
161.35999902	4.93911600	0.61067540
161.43999902	4.93911600	0.61067540
161.51999902	4.93911600	0.61067540
161.59999902	4.93911600	0.61067540
161.67999902	4.93911600	0.61067540
161.75999902	4.93911600	0.61067540
161.83999902	4.93911600	0.61067540
161.91999902	4.93911600	0.61067540
161.99999902	4.93911600	0.61067540
162.07999901	4.93911600	0.61067540
162.15999901	4.93911600	0.61067540
162.23999901	4.93911600	0.61067540
162.31999901	4.93911600	0.61067540
162.39999901	4.93911600	0.61067540
162.47999901	4.93911600	0.61067540
162.55999901	4.93911600	0.61067540
162.63999901	4.93911600	0.61067540
162.71999901	4.93911600	0.61067540
162.79999901	4.93911600	0.61067540
162.87999901	4.93911600	0.61067540
162.95999901	4.93911600	0.61067540
163.03999901	4.93911600	0.61067540
163.11999901	4.93911600	0.61067540
163.19999901	4.93911600	0.61067540
163.27999901	4.93911600	0.61067540
163.35999901	4.93911600	0.61067540
163.43999901	4.85061200	0.61067540
163.51999901	4.93911600	0.61067540
163.59999901	4.93911600	0.61067540
163.67999901	4.93911600	0.61067540
163.75999900	4.93911600	0.61067540
163.83999900	4.93911600	0.61067540
163.91999900	4.93911600	0.61067540
163.99999900	4.93911600	0.61067540
164.07999900	4.93911600	0.61067540
164.15999900	4.93911600	0.61067540
164.23999900	4.93911600	0.61067540
164.31999900	4.93911600	0.61067540
164.39999900	4.93911600	0.61067540
164.47999900	4.93911600	0.61067540
164.55999900	4.93911600	0.61067540
164.63999900	4.93911600	0.61067540
164.71999900	4.93911600	0.61067540
164.79999900	4.93911600	0.61067540
164.87999900	4.93911600	0.61067540
164.95999900	4.93911600	0.61067540
165.03999900	4.93911600	0.61067540
165.11999900	4.93911600	0.61067540
165.19999900	4.93911600	0.61067540
165.27999900	4.93911600	0.61067540
165.35999900	4.93911600	0.61067540
165.43999899	4.93911600	0.61067540
165.51999899	4.93911600	0.61067540
165.59999899	4.93911600	0.61067540
165.67999899	4.93911600	0.61067540
165.75999899	4.93911600	0.61067540
165.83999899	4.93911600	0.61067540
165.91999899	4.93911600	0.61067540
165.99999899	4.93911600	0.61067540
166.07999899	4.93911600	0.61067540
166.15999899	4.93911600	0.61067540
166.23999899	4.93911600	0.61067540
166.31999899	4.93911600	0.61067540
166.39999899	4.93911600	0.61067540
166.47999899	4.93911600	0.61067540
166.55999899	4.93911600	0.61067540
166.63999899	4.93911600	0.61067540
166.71999899	4.93911600	0.61067540
166.79999899	4.93911600	0.61067540
166.87999899	4.93911600	0.61067540
166.95999899	4.93911600	0.61067540
167.03999898	4.93911600	0.61067540
167.11999898	4.93911600	0.61067540
167.19999898	4.85061200	0.61067540
167.27999898	4.93911600	0.61067540
167.35999898	4.93911600	0.61067540
167.43999898	4.93911600	0.61067540
167.51999898	4.93911600	0.61067540
167.59999898	4.93911600	0.61067540
167.67999898	4.93911600	0.61067540
167.75999898	4.93911600	0.61067540
167.83999898	4.93911600	0.61067540
167.91999898	4.93911600	0.61067540
167.99999898	4.93911600	0.61067540
168.07999898	4.93911600	0.61067540
168.15999898	4.93911600	0.61067540
168.23999898	4.93911600	0.61067540
168.31999898	4.93911600	0.61067540
168.39999898	4.93911600	0.61067540
168.47999898	4.93911600	0.61067540
168.55999898	4.93911600	0.61067540
168.63999898	4.93911600	0.61067540
168.71999897	4.93911600	0.61067540
168.79999897	4.93911600	0.61067540
168.87999897	4.93911600	0.61067540
168.95999897	4.93911600	0.61067540
169.03999897	4.93911600	0.61067540
169.11999897	4.93911600	0.61067540
169.19999897	4.93911600	0.61067540
169.27999897	4.93911600	0.61067540
169.35999897	4.93911600	0.61067540
169.43999897	4.93911600	0.61067540
169.51999897	4.93911600	0.61067540
169.59999897	4.93911600	0.61067540
169.67999897	4.93911600	0.61067540
169.75999897	4.93911600	0.61067540
169.83999897	4.93911600	0.61067540
169.91999897	4.93911600	0.61067540
169.99999897	4.93911600	-0.00366222
170.07999897	4.93911600	-0.17944880
170.15999897	4.93911600	-0.26734220
170.23999897	4.93911600	-0.35493030
170.31999896	4.58449000	-0.35493030
170.39999896	2.98867800	-0.09155553
170.47999896	1.57017700	1.84026600
170.55999896	0.50630210	5.08957200
170.63999896	0.50630210	4.82619700
170.71999896	0.50630210	4.91409000
170.79999896	0.50630210	4.91409000
170.87999896	0.50630210	4.82619700
170.95999896	0.59480580	4.82619700
171.03999896	0.59480580	4.82619700
171.11999896	0.59480580	4.82619700
171.19999896	0.59480580	4.82619700
171.27999896	0.59480580	4.82619700
171.35999896	0.59480580	4.91409000
171.43999896	0.59480580	4.82619700
171.51999896	0.50630210	4.82619700
171.59999896	0.50630210	4.82619700
171.67999896	0.59480580	4.91409000
171.75999896	0.59480580	4.82619700
171.83999896	0.50630210	4.82619700
171.91999896	0.50630210	4.82619700
171.99999895	0.50630210	4.91409000
172.07999895	0.50630210	4.82619700
172.15999895	0.50630210	4.82619700
172.23999895	0.59480580	4.82619700
172.31999895	0.59480580	4.82619700
172.39999895	0.50630210	4.82619700
172.47999895	0.59480580	4.91409000
172.55999895	0.50630210	4.91409000
172.63999895	0.50630210	4.91409000
172.71999895	0.50630210	4.91409000
172.79999895	0.50630210	4.91409000
172.87999895	0.50630210	4.91409000
172.95999895	0.50630210	4.91409000
173.03999895	0.59480580	4.91409000
173.11999895	0.50630210	4.91409000
173.19999895	0.50630210	4.82619700
173.27999895	0.50630210	4.91409000
173.35999895	0.50630210	4.91409000
173.43999895	0.59480580	4.91409000
173.51999895	0.59480580	4.91409000
173.59999894	0.59480580	4.91409000
173.67999894	0.59480580	4.91409000
173.75999894	0.59480580	4.91409000
173.83999894	0.50630210	4.91409000
173.91999894	0.50630210	4.91409000
173.99999894	0.59480580	4.91409000
174.07999894	0.50630210	4.91409000
174.15999894	0.50630210	4.91409000
174.23999894	0.59480580	4.91409000
174.31999894	0.50630210	4.91409000
174.39999894	0.50630210	4.91409000
174.47999894	0.50630210	4.91409000
174.55999894	0.50630210	4.91409000
174.63999894	0.59480580	4.91409000
174.71999894	0.50630210	4.91409000
174.79999894	0.59480580	4.91409000
174.87999894	0.59480580	4.91409000
174.95999894	0.50630210	4.91409000
175.03999894	0.59480580	4.91409000
175.11999894	0.50630210	4.91409000
175.19999894	0.50630210	4.91409000
175.27999893	0.50630210	4.91409000
175.35999893	0.59480580	4.91409000
175.43999893	0.50630210	4.91409000
175.51999893	0.59480580	4.91409000
175.59999893	0.59480580	4.91409000
175.67999893	0.59480580	4.91409000
175.75999893	0.59480580	4.91409000
175.83999893	0.59480580	4.91409000
175.91999893	0.59480580	4.91409000
175.99999893	0.50630210	4.91409000
176.07999893	0.59480580	4.91409000
176.15999893	0.50630210	4.91409000
176.23999893	0.59480580	4.91409000
176.31999893	0.59480580	4.91409000
176.39999893	0.59480580	4.91409000
176.47999893	0.59480580	4.91409000
176.55999893	0.50630210	4.91409000
176.63999893	0.50630210	4.91409000
176.71999893	0.59480580	4.91409000
176.79999893	0.50630210	4.82619700
176.87999893	0.59480580	4.91409000
176.95999892	0.59480580	4.91409000
177.03999892	0.59480580	4.82619700
177.11999892	0.59480580	4.91409000
177.19999892	0.50630210	4.91409000
177.27999892	0.59480580	4.91409000
177.35999892	0.59480580	4.91409000
177.43999892	0.59480580	4.91409000
177.51999892	0.59480580	4.91409000
177.59999892	0.59480580	4.91409000
177.67999892	0.50630210	4.91409000
177.75999892	0.59480580	4.91409000
177.83999892	0.50630210	4.91409000
177.91999892	0.50630210	4.91409000
177.99999892	0.59480580	4.91409000
178.07999892	0.59480580	4.91409000
178.15999892	0.50630210	4.91409000
178.23999892	0.59480580	4.91409000
178.31999892	0.50630210	4.91409000
178.39999892	0.59480580	4.91409000
178.47999892	0.59480580	4.91409000
178.55999891	0.59480580	4.91409000
178.63999891	0.59480580	4.91409000
178.71999891	0.59480580	4.91409000
178.79999891	0.50630210	4.91409000
178.87999891	0.59480580	4.91409000
178.95999891	0.59480580	4.91409000
179.03999891	0.59480580	4.91409000
179.11999891	0.59480580	4.91409000
179.19999891	0.50630210	4.91409000
179.27999891	0.59480580	4.91409000
179.35999891	0.59480580	4.91409000
179.43999891	0.50630210	4.91409000
179.51999891	0.59480580	4.91409000
179.59999891	0.59480580	4.91409000
179.67999891	0.59480580	4.91409000
179.75999891	0.59480580	4.91409000
179.83999891	0.59480580	4.91409000
179.91999891	0.50630210	4.91409000
179.99999891	0.59480580	4.91409000
180.07999891	0.59480580	4.91409000
180.15999891	0.59480580	4.91409000
180.23999890	0.59480580	4.91409000
180.31999890	0.50630210	4.91409000
180.39999890	0.50630210	4.91409000
180.47999890	0.59480580	4.91409000
180.55999890	0.59480580	4.91409000
180.63999890	0.59480580	4.91409000
180.71999890	0.59480580	4.91409000
180.79999890	0.59480580	4.91409000
180.87999890	0.59480580	4.91409000
180.95999890	0.59480580	4.91409000
181.03999890	0.59480580	4.91409000
181.11999890	0.59480580	4.91409000
181.19999890	0.50630210	4.91409000
181.27999890	0.59480580	4.91409000
181.35999890	0.59480580	4.91409000
181.43999890	0.50630210	4.91409000
181.51999890	0.59480580	4.91409000
181.59999890	0.50630210	4.91409000
181.67999890	0.59480580	4.91409000
181.75999890	0.59480580	4.91409000
181.83999889	0.59480580	4.91409000
181.91999889	0.59480580	4.91409000
181.99999889	0.50630210	4.91409000
182.07999889	0.59480580	4.91409000
182.15999889	0.59480580	4.91409000
182.23999889	0.59480580	4.91409000
182.31999889	0.59480580	4.91409000
182.39999889	0.59480580	4.91409000
182.47999889	0.59480580	4.91409000
182.55999889	0.50630210	4.91409000
182.63999889	0.50630210	4.91409000
182.71999889	0.59480580	4.91409000
182.79999889	0.59480580	4.91409000
182.87999889	0.50630210	4.91409000
182.95999889	0.50630210	4.91409000
183.03999889	0.59480580	4.91409000
183.11999889	0.59480580	4.91409000
183.19999889	0.59480580	4.91409000
183.27999889	0.59480580	4.91409000
183.35999889	0.50630210	4.91409000
183.43999889	0.59480580	4.91409000
183.51999888	0.59480580	4.91409000
183.59999888	0.50630210	4.91409000
183.67999888	0.59480580	4.91409000
183.75999888	0.59480580	4.91409000
183.83999888	0.59480580	4.91409000
183.91999888	0.59480580	4.91409000
183.99999888	0.59480580	4.91409000
184.07999888	0.59480580	4.91409000
184.15999888	0.59480580	4.91409000
184.23999888	0.59480580	4.91409000
184.31999888	0.59480580	4.91409000
184.39999888	0.50630210	4.91409000
184.47999888	0.59480580	4.91409000
184.55999888	0.59480580	4.91409000
184.63999888	0.59480580	4.91409000
184.71999888	0.59480580	4.91409000
184.79999888	0.59480580	4.91409000
184.87999888	0.59480580	4.91409000
184.95999888	0.59480580	4.91409000
185.03999888	0.50630210	4.91409000
185.11999887	0.59480580	4.91409000
185.19999887	0.59480580	4.91409000
185.27999887	0.59480580	4.91409000
185.35999887	0.50630210	4.91409000
185.43999887	0.50630210	4.91409000
185.51999887	0.59480580	4.91409000
185.59999887	0.50630210	4.91409000
185.67999887	0.50630210	4.91409000
185.75999887	0.50630210	4.91409000
185.83999887	0.59480580	4.91409000
185.91999887	0.50630210	4.91409000
185.99999887	0.59480580	4.91409000
186.07999887	0.59480580	4.91409000
186.15999887	0.59480580	4.91409000
186.23999887	0.59480580	4.91409000
186.31999887	0.59480580	4.91409000
186.39999887	0.59480580	4.91409000
186.47999887	0.59480580	4.91409000
186.55999887	0.59480580	4.91409000
186.63999887	0.59480580	4.91409000
186.71999887	0.59480580	4.91409000
186.79999886	0.59480580	4.91409000
186.87999886	0.50630210	4.91409000
186.95999886	0.59480580	4.91409000
187.03999886	0.59480580	4.91409000
187.11999886	0.50630210	4.91409000
187.19999886	0.59480580	4.91409000
187.27999886	0.59480580	4.91409000
187.35999886	0.59480580	4.91409000
187.43999886	0.59480580	4.91409000
187.51999886	0.59480580	4.91409000
187.59999886	0.59480580	4.91409000
187.67999886	0.50630210	4.91409000
187.75999886	0.59480580	4.91409000
187.83999886	0.59480580	4.91409000
187.91999886	0.59480580	4.91409000
187.99999886	0.59480580	4.91409000
188.07999886	0.59480580	4.91409000
188.15999886	0.50630210	4.91409000
188.23999886	0.59480580	4.91409000
188.31999886	0.59480580	4.91409000
188.39999886	0.50630210	4.91409000
188.47999885	0.59480580	4.91409000
188.55999885	0.59480580	4.91409000
188.63999885	0.59480580	4.91409000
188.71999885	0.59480580	4.91409000
188.79999885	0.59480580	4.91409000
188.87999885	0.59480580	4.91409000
188.95999885	0.50630210	4.91409000
189.03999885	0.50630210	4.91409000
189.11999885	0.59480580	4.91409000
189.19999885	0.59480580	4.91409000
189.27999885	0.59480580	4.91409000
189.35999885	0.59480580	4.91409000
189.43999885	0.59480580	4.91409000
189.51999885	0.50630210	4.91409000
189.59999885	0.59480580	4.91409000
189.67999885	0.59480580	4.91409000
189.75999885	0.59480580	4.91409000
189.83999885	0.59480580	4.91409000
189.91999885	0.50630210	4.91409000
189.99999885	0.59480580	4.91409000
190.07999884	0.59480580	4.91409000
190.15999884	0.59480580	4.91409000
190.23999884	0.59480580	4.91409000
190.31999884	0.59480580	4.91409000
190.39999884	-0.02563555	4.91409000
190.47999884	-0.38026060	4.91409000
190.55999884	-0.38026060	4.91409000
190.63999884	-0.38026060	4.91409000
190.71999884	-0.38026060	4.65041100
190.79999884	-0.11413920	4.12366100
190.87999884	2.89986900	1.57689100
190.95999884	4.85061200	1.22531800
191.03999884	4.76180300	0.61067540
191.11999884	4.93911600	0.52278210
191.19999884	4.93911600	0.69856870
191.27999884	4.93911600	0.69856870
191.35999884	4.93911600	0.69856870
191.43999884	4.93911600	0.69856870
191.51999884	4.93911600	0.69856870
191.59999884	4.93911600	0.69856870
191.67999884	4.93911600	0.69856870
191.75999883	4.93911600	0.69856870
191.83999883	4.93911600	0.69856870
191.91999883	4.93911600	0.69856870
191.99999883	4.93911600	0.69856870
192.07999883	4.93911600	0.69856870
192.15999883	4.93911600	0.69856870
192.23999883	4.93911600	0.69856870
192.31999883	4.93911600	0.61067540
192.39999883	4.93911600	0.69856870
192.47999883	4.93911600	0.69856870
192.55999883	4.93911600	0.69856870
192.63999883	4.93911600	0.69856870
192.71999883	4.93911600	0.61067540
192.79999883	4.93911600	0.61067540
192.87999883	4.93911600	0.69856870
192.95999883	4.93911600	0.69856870
193.03999883	4.93911600	0.69856870
193.11999883	4.93911600	0.69856870
193.19999883	4.93911600	0.69856870
193.27999883	4.93911600	0.61067540
193.35999882	4.93911600	0.61067540
193.43999882	4.93911600	0.69856870
193.51999882	4.93911600	0.69856870
193.59999882	4.93911600	0.61067540
193.67999882	4.93911600	0.69856870
193.75999882	4.93911600	0.69856870
193.83999882	4.93911600	0.61067540
193.91999882	4.93911600	0.61067540
193.99999882	4.93911600	0.61067540
194.07999882	4.93911600	0.61067540
194.15999882	4.93911600	0.69856870
194.23999882	4.93911600	0.69856870
194.31999882	4.93911600	0.61067540
194.39999882	4.93911600	0.69856870
194.47999882	4.93911600	0.61067540
194.55999882	4.93911600	0.69856870
194.63999882	4.93911600	0.69856870
194.71999882	4.93911600	0.61067540
194.79999882	4.93911600	0.61067540
194.87999882	4.93911600	0.61067540
194.95999882	4.93911600	0.61067540
195.03999881	4.93911600	0.61067540
195.11999881	4.93911600	0.61067540
195.19999881	4.93911600	0.61067540
195.27999881	4.93911600	0.69856870
195.35999881	4.93911600	0.61067540
195.43999881	4.93911600	0.69856870
195.51999881	4.93911600	0.61067540
195.59999881	4.93911600	0.61067540
195.67999881	4.93911600	0.61067540
195.75999881	4.93911600	0.69856870
195.83999881	4.93911600	0.61067540
195.91999881	4.93911600	0.61067540
195.99999881	4.93911600	0.61067540
196.07999881	4.93911600	0.61067540
196.15999881	4.93911600	0.61067540
196.23999881	4.93911600	0.61067540
196.31999881	4.93911600	0.61067540
196.39999881	4.93911600	0.61067540
196.47999881	4.93911600	0.61067540
196.55999881	4.93911600	0.61067540
196.63999880	4.93911600	0.61067540
196.71999880	4.93911600	0.61067540
196.79999880	4.93911600	0.61067540
196.87999880	4.93911600	0.61067540
196.95999880	4.93911600	0.61067540
197.03999880	4.93911600	0.61067540
197.11999880	4.93911600	0.61067540
197.19999880	4.93911600	0.61067540
197.27999880	4.93911600	0.61067540
197.35999880	4.93911600	0.61067540
197.43999880	4.93911600	0.61067540
197.51999880	4.93911600	0.61067540
197.59999880	4.93911600	0.61067540
197.67999880	4.93911600	0.61067540
197.75999880	4.93911600	0.61067540
197.83999880	4.93911600	0.61067540
197.91999880	4.93911600	0.61067540
197.99999880	4.93911600	0.61067540
198.07999880	4.93911600	0.61067540
198.15999880	4.93911600	0.61067540
198.23999880	4.93911600	0.61067540
198.31999879	4.93911600	0.61067540
198.39999879	4.93911600	0.69856870
198.47999879	4.93911600	0.61067540
198.55999879	4.93911600	0.61067540
198.63999879	4.93911600	0.61067540
198.71999879	4.93911600	0.61067540
198.79999879	4.93911600	0.69856870
198.87999879	4.93911600	0.61067540
198.95999879	4.93911600	0.61067540
199.03999879	4.93911600	0.61067540
199.11999879	4.93911600	0.61067540
199.19999879	4.93911600	0.61067540
199.27999879	4.93911600	0.61067540
199.35999879	4.93911600	0.61067540
199.43999879	4.93911600	0.61067540
199.51999879	4.93911600	0.61067540
199.59999879	4.93911600	0.61067540
199.67999879	4.93911600	0.61067540
199.75999879	4.93911600	0.61067540
199.83999879	4.93911600	0.61067540
199.91999878	4.93911600	0.61067540
199.99999878	4.93911600	0.61067540
200.07999878	4.93911600	0.61067540
200.15999878	4.93911600	0.61067540
200.23999878	4.93911600	0.61067540
